0.033179338349969
0.033270065234492
0.033352551682549
0.033422892100281
0.033477582416679
0.033513681160693
0.033528947073241
0.033521946961042
0.033492128786233
0.033439856495423
0.033366404762545
0.033273913582799
0.033165304436209
0.033044161462934
0.032914582683011
0.032781007678874
0.032648029275131
0.032520197541542
0.032401824870214
0.032296800909955
0.032208425770300
0.032139269144412
0.032091061871951
0.032064625016898
0.032059839834275
0.032075660121303
0.032110166480478
0.032160660058801
0.032223791464637
0.032295718893944
0.032372288104806
0.032449225834394
0.032522337609509
0.032587700694592
0.032641843161219
0.032681900739266
0.032705744188655
0.032712071357526
0.032700459795983
0.032671377688643
0.032626152859358
0.032566901589083
0.032496420875595
0.032418049460600
0.032335504375748
0.032252700849070
0.032173564119965
0.032101842006713
0.032040926948492
0.031993695717422
0.031962374097528
0.031948432605741
0.031952517847857
0.031974422432829
0.032013094591393
0.032066686841718
0.032132641296451
0.032207807588019
0.032288587970443
0.032371102993731
0.032451370286224
0.032525488452176
0.032589817913028
0.032641150693049
0.032676861660964
0.032695034562875
0.032694557280540
0.032675182074752
0.032637548069734
0.032583164838883
0.032514357598714
0.032434176139600
0.032346271152883
0.032254742992690
0.032163969081319
0.032078417082450
0.032002451589302
0.031940142380083
0.031895082267893
0.031870222217531
0.031867730731594
0.031888883550030
0.031933988499906
0.032002348925018
0.032092267575676
0.032201091211073
0.032325294526689
0.032460600434128
0.032602132254907
0.032744592102029
0.032882458664823
0.033010196824669
0.033122471041707
0.033214354282281
0.033281524407956
0.033320440410259
0.033328491629776
0.033304114111469
0.033246869478328
0.033157483103601
0.033037839873064
0.032890937395794
0.032720798086027
0.032532343043205
0.032331232048488
0.032123675225626
0.031916222940234
0.031715541300494
0.031528181148741
0.031360348681413
0.031217685798013
0.031105067961023
0.031026426760512
0.030984603540341
0.030981239386534
0.031016705538456
0.031090076901967
0.031199149867431
0.031340504114096
0.031509606567657
0.031700954221321
0.031908251182361
0.032124614112663
0.032342799234781
0.032555443309674
0.032755310486023
0.032935536692240
0.033089863299816
0.033212852129136
0.033300074484816
0.033348267775583
0.033355454363198
0.033321018557315
0.033245739083216
0.033131775846980
0.032982611354416
0.032802948652000
0.032598569096665
0.032376154576721
0.032143079953065
0.031907182429917
0.031676515267051
0.031459093689770
0.031262641027298
0.031094343013581
0.030960617825579
0.030866908831134
0.030817506198353
0.030815402515017
0.030862186419830
0.030957977000903
0.031101400416665
0.031289608886364
0.031518340925774
0.031782020509560
0.032073891760940
0.032386184831914
0.032710307866243
0.033037059348469
0.033356854743627
0.033659961125199
0.033936733467715
0.034177846434300
0.034374515802631
0.034518704126284
0.034603305800936
0.034622307374138
0.034570919680825
0.034445679182671
0.034244516717291
0.033966792704091
0.033613298689914
0.033186225933783
0.032689102511184
0.032126701151219
0.031504920691325
0.030830644631926
0.030111580784974
0.029356086424232
0.028572983650233
0.027771369869117
0.026960428343798
0.026149243702288
0.025346627078977
0.024560955221531
0.023800027424665
0.023070943563280
0.022380005807044
0.021732645827211
0.021133378479406
0.020585782091649
0.020092504636029
0.019655294246759
0.019275051798177
0.018951902602316
0.018685283752352
0.018474043245529
0.018316546780935
0.018210788050825
0.018154498428437
0.018145252192961
0.018180563808832
0.018257974271446
0.018375124119444
0.018529811366310
0.018720033290643
0.018944011714466
0.019200202063029
0.019487287111029
0.019804156856401
0.020149876405850
0.020523644093660
0.020924742280041
0.021352483386248
0.021806153724800
0.022284957583118
0.022787963830388
0.023314057056075
0.023861894932098
0.024429873137915
0.025016098817752
0.025618373170078
0.026234183417774
0.026860704087797
0.027494807252951
0.028133081164202
0.028771856534698
0.029407239627668
0.030035151247699
0.030651370732960
0.031251584086611
0.031831435458090
0.032386581276768
0.032912746438104
0.033405782032499
0.033861724176551
0.034276853544551
0.034647755196135
0.034971378249084
0.035245094852975
0.035466757782812
0.035634755799368
0.035748065726112
0.035806299986581
0.035809748148689
0.035759410853401
0.035657024384497
0.035505074082860
0.035306794839466
0.035066157028894
0.034787836477528
0.034477167399642
0.034140077675599
0.033783006378292
0.033412804058770
0.033036616956547
0.032661756975939
0.032295559935809
0.031945235223188
0.031617710528970
0.031319475785553
0.031056430735674
0.030833740717440
0.030655705238788
0.030525643728441
0.030445802491669
0.030417286377206
0.030440017993866
0.030512726525600
0.030632967311306
0.030797172413948
0.031000731438091
0.031238100901816
0.031502939563264
0.031788266275866
0.032086636228150
0.032390330836987
0.032691556125041
0.032982644135449
0.033256251825091
0.033505551931846
0.033724410525574
0.033907546317141
0.034050667300723
0.034150580925103
0.034205274710756
0.034213965030617
0.034177112632375
0.034096404377041
0.033974701580720
0.033815956252202
0.033625097396885
0.033407890386790
0.033170773156423
0.032920673655608
0.032664813554250
0.032410503633141
0.032164936593902
0.031934983167093
0.031726997380521
0.031546636664047
0.031398702111281
0.031287003696291
0.031214254564294
0.031181997694317
0.031190567290240
0.031239086220701
0.031325499729460
0.031446644511010
0.031598351129137
0.031775576687653
0.031972563681009
0.032183020094154
0.032400315118388
0.032617684330209
0.032828437863948
0.033026165009382
0.033204928787172
0.033359444394305
0.033485235956420
0.033578766754013
0.033637538978055
0.033660160084754
0.033646373922033
0.033597055952144
0.033514173054982
0.033400709525333
0.033260561936725
0.033098406501062
0.032919543377559
0.032729723053472
0.032534960415516
0.032341342444004
0.032154835587417
0.031981098814830
0.031825308104690
0.031691997722612
0.031584923083902
0.031506949307400
0.031459968767084
0.031444850059606
0.031461419853440
0.031508478093282
0.031583846026589
0.031684445522876
0.031806407195646
0.031945203936615
0.032095805656864
0.032252850323823
0.032410825809587
0.032564256646501
0.032707889539183
0.032836871423979
0.032946914008498
0.033034439071165
0.033096699352967
0.033131870622357
0.033139111423541
0.033118588103155
0.033071463917771
0.032999852314333
0.032906735800354
0.032795853129226
0.032671558764013
0.032538659696708
0.032402235637700
0.032267449306609
0.032139354012963
0.032022705886731
0.031921787989995
0.031840253111411
0.031780991328201
0.031746027443827
0.031736452213623
0.031752389907082
0.031793003284007
0.031856535547819
0.031940387350235
0.032041225523383
0.032155118969106
0.032277696093914
0.032404317384355
0.032530256201420
0.032650880650450
0.032761829457043
0.032859175138395
0.032939568379447
0.033000358369612
0.033039684885857
0.033056539072791
0.033050791118357
0.033023184302639
0.032975296157044
0.032909468665671
0.032828710529846
0.032736575467138
0.032637021301636
0.032534255204490
0.032432570851201
0.032336183470309
0.032249068767802
