0.024291493745807
0.024291912664693
0.024292329145911
0.024292743193985
0.024293154813427
0.024293564008743
0.024293970784423
0.024294375144949
0.024294777094791
0.024295176638408
0.024295573780247
0.024295968524744
0.024296360876321
0.024296750839389
0.024297138418348
0.024297523617584
0.024297906441470
0.024298286894366
0.024298664980621
0.024299040704568
0.024299414070527
0.024299785082807
0.024300153745699
0.024300520063484
0.024300884040425
0.024301245680774
0.024301604988767
0.024301961968624
0.024302316624553
0.024302668960745
0.024303018981375
0.024303366690605
0.024303712092579
0.024304055191427
0.024304395991263
0.024304734496184
0.024305070710271
0.024305404637590
0.024305736282187
0.024306065648096
0.024306392739330
0.024306717559888
0.024307040113749
0.024307360404876
0.024307678437216
0.024307994214696
0.024308307741225
0.024308619020696
0.024308928056981
0.024309234853935
0.024309539415395
0.024309841745177
0.024310141847078
0.024310439724877
0.024310735382332
0.024311028823179
0.024311320051136
0.024311609069898
0.024311895883136
0.024312180494504
0.024312462907627
0.024312743126108
0.024313021153527
0.024313296993434
0.024313570649356
0.024313842124789
0.024314111423204
0.024314378548040
0.024314643502708
0.024314906290588
0.024315166915036
0.024315425379379
0.024315681686926
0.024315935840971
0.024316187844807
0.024316437701738
0.024316685415106
0.024316930988318
0.024317174424895
0.024317415728523
0.024317654903139
0.024317891953029
0.024318126882969
0.024318359698401
0.024318590405664
0.024318819012289
0.024319045527382
0.024319269962101
0.024319492330263
0.024319712649104
0.024319930940235
0.024320147230814
0.024320361555012
0.024320573955797
0.024320784487132
0.024320993216636
0.024321200228818
0.024321405628963
0.024321609547792
0.024321812147025
0.024322013625973
0.024322214229312
0.024322414256211
0.024322614070971
0.024322814115363
0.024323014922835
0.024323217134773
0.024323421518964
0.024323628990410
0.024323840634581
0.024324057733164
0.024324281792251
0.024324514572864
0.024324758123507
0.024325014814336
0.024325287372277
0.024325578916177
0.024325892990756
0.024326233597736
0.024326605222080
0.024327012850737
0.024327461980685
0.024327958612339
0.024328509223636
0.024329120719174
0.024329800347843
0.024330555581284
0.024331393944383
0.024332322787787
0.024333348991152
0.024334478584582
0.024335716274417
0.024337064858346
0.024338524513712
0.024340091941939
0.024341759351360
0.024343513260342
0.024345333102714
0.024347189618052
0.024349043010684
0.024350840863188
0.024352515793104
0.024353982845379
0.024355136618081
0.024355848125102
0.024355961407072
0.024355289910579
0.024353612666114
0.024350670306821
0.024346160983244
0.024339736243544
0.024330996964082
0.024319489431476
0.024304701693982
0.024286060316858
0.024262927692758
0.024234600073579
0.024200306503841
0.024159208846846
0.024110403102731
0.024052922221152
0.023985740609863
0.023907780532860
0.023817920577230
0.023715006345566
0.023597863499937
0.023465313243601
0.023316190277426
0.023149363209343
0.022963757327408
0.022758379570774
0.022532345449138
0.022284907571600
0.022015485352228
0.021723695364510
0.021409381723148
0.021072645782675
0.020713874361870
0.020333765634927
0.019933351778898
0.019514017436413
0.019077513047046
0.018625962123779
0.018161861606135
0.017688074511093
0.017207814228705
0.016724619971683
0.016242323086372
0.015765004164151
0.015296941153372
0.014842548956946
0.014406311302264
0.013992705979469
0.013606124850768
0.013250790326037
0.012930670265976
0.012649393500641
0.012410168325546
0.012215706447334
0.012068154885382
0.011969038285205
0.011919213957574
0.011918841719953
0.011967370284123
0.012063541509346
0.012205413332299
0.012390401605515
0.012615340441999
0.012876559995574
0.013169979928573
0.013491216157418
0.013835697851088
0.014198791116540
0.014575925367303
0.014962718063089
0.015355093352052
0.015749390161246
0.016142455476453
0.016531718934040
0.016915245411114
0.017291763033190
0.017660664899634
0.018021983826397
0.018376340485615
0.018724866438837
0.019069104666391
0.019410891238997
0.019752222707930
0.020095114558252
0.020441456632313
0.020792871751741
0.021150583819677
0.021515301456612
0.021887122712199
0.022265465614830
0.022649028297912
0.023035781217297
0.023422992600657
0.023807286808829
0.024184733810015
0.024550966542107
0.024901321637643
0.025230997876795
0.025535225874788
0.025809441947730
0.026049458866929
0.026251626320944
0.026412974353646
0.026531333813606
0.026605428895922
0.026634938127695
0.026620521575645
0.026563813563412
0.026467381697246
0.026334654433249
0.026169820703506
0.025977706188978
0.025763631634166
0.025533259109313
0.025292432326113
0.025047017007170
0.024802746921351
0.024565080566208
0.024339072658071
0.024129263642205
0.023939589426642
0.023773312539942
0.023632974976538
0.023520372174717
0.023436546910055
0.023381801404054
0.023355725649984
0.023357239835419
0.023384648769095
0.023435706362122
0.023507688426347
0.023597472288570
0.023701621932821
0.023816477534717
0.023938248313000
0.024063107577899
0.024187288703152
0.024307180503017
0.024419420185998
0.024520981723499
0.024609257162111
0.024682128173457
0.024738025024219
0.024775970202281
0.024795604182322
0.024797191269186
0.024781604115619
0.024750286349170
0.024705193720023
0.024648715240673
0.024583576861633
0.024512731240738
0.024439238042583
0.024366139880727
0.024296339431450
0.024232483363760
0.024176858525749
0.024131305304346
0.024097152258659
0.024075175061834
0.024065581536084
0.024068023206339
0.024081632413800
0.024105082706291
0.024136669038026
0.024174403336855
0.024216120286762
0.024259587763616
0.024302616268792
0.024343161923759
0.024379418095508
0.024409891477645
0.024433459402124
0.024449406240498
0.024457437905649
0.024457674619920
0.024450623212445
0.024437131193475
0.024418325682571
0.024395540907591
0.024370238420895
0.024343924387885
0.024318068291123
0.024294027170681
0.024272979105873
0.024255869060062
0.024243369489245
0.024235857291898
0.024233407790853
0.024235805529249
0.024242570774820
0.024252999803082
0.024266216312175
0.024281230748583
0.024297003926827
0.024312511132782
0.024326802924914
0.024339059094118
0.024348632701383
0.024355081759960
0.024358186928522
0.024357954485830
0.024354604808279
0.024348547506818
0.024340345235355
0.024330668899055
0.024320247516481
0.024309816286038
0.024300066452529
0.024291600360458
0.024284894632864
0.024280273762152
0.024277895592795
0.024277749276918
0.024279665361662
0.024283336792273
0.024288348852924
0.024294215474638
0.024300418958054
0.024306450012738
0.024311845109272
0.024316218461551
0.024319286472666
0.024320883142270
0.024320965689459
0.024319610430601
0.024316999703669
0.024313401291359
0.024309142316052
0.024304579924638
0.024300071229575
0.024295944920179
0.024292476716555
0.024289870434179
0.024288245898187
0.024287634339586
0.024287981272453
0.024289156243282
0.024290968309281
0.024293185682167
0.024295557698332
0.024297837162920
0.024299801168458
0.024301268698775
0.024302113673562
0.024302272535265
0.024301745987190
0.024300595014771
0.024298931815274
0.024296906682804
0.024294692210222
0.024292466352472
0.024290395934037
0.024288622077108
0.024287248790148
0.024286335613953
