0.007096924463711
0.007130432036870
0.007155015791010
0.007170293413371
0.007175978539284
0.007171882709134
0.007157919392795
0.007134109944809
0.007100591075991
0.007057623181712
0.007005598671004
0.006945049307131
0.006876651507750
0.006801228564844
0.006719748829877
0.006633319062768
0.006543172355272
0.006450650298652
0.006357179358587
0.006264241732710
0.006173341282889
0.006085965440471
0.006003544263592
0.005927408067342
0.005858745237059
0.005798561960538
0.005747645666405
0.005706533925404
0.005675490454080
0.005654489654808
0.005643210835511
0.005641042884527
0.005647099743922
0.005660246546457
0.005679135779858
0.005702252343587
0.005727965896198
0.005754588484471
0.005780435125658
0.005803884804564
0.005823439264766
0.005837777027892
0.005845800267302
0.005846672484836
0.005839845374573
0.005825073781258
0.005802418242694
0.005772235210524
0.005735155636945
0.005692053161587
0.005644003602542
0.005592237823572
0.005538090298221
0.005482945811551
0.005428186730249
0.005375143138413
0.005325047892655
0.005278998314745
0.005237925834982
0.005202574449084
0.005173488380135
0.005151008869116
0.005135279574690
0.005126259665009
0.005123743348199
0.005127384327517
0.005136723492541
0.005151218076336
0.005170270523744
0.005193255427678
0.005219543093796
0.005248518580266
0.005279595414426
0.005312223593461
0.005345891908476
0.005380125064120
0.005414476470168
0.005448517928110
0.005481827697265
0.005513978578123
0.005544527678505
0.005573009422777
0.005598933127230
0.005621786108598
0.005641042840114
0.005656180152835
0.005666697937846
0.005672144280477
0.005672143493710
0.005666425154346
0.005654852014697
0.005637444587137
0.005614400288859
0.005586105286653
0.005553137579981
0.005516260377227
0.005476405417275
0.005434646523367
0.005392164302944
0.005350203482039
0.005310024846970
0.005272854128874
0.005239830387152
0.005211956516346
0.005190054418031
0.005174727155671
0.005166330064459
0.005164952344117
0.005170410148044
0.005182251625836
0.005199773805983
0.005222050647722
0.005247971068825
0.005276285290049
0.005305657444618
0.005334722097463
0.005362142116762
0.005386665249946
0.005407176785475
0.005422745834667
0.005432663044508
0.005436467946841
0.005433964649138
0.005425225156958
0.005410580260588
0.005390598583403
0.005366055037344
0.005337890518675
0.005307165163014
0.005275007824567
0.005242564621408
0.005210949378632
0.005181198601128
0.005154233229757
0.005130828906725
0.005111595839298
0.005096968657197
0.005087205965231
0.005082398656092
0.005082485520349
0.005087274312337
0.005096466227815
0.005109681730200
0.005126485817321
0.005146411123303
0.005168977660470
0.005193708475287
0.005220140968622
0.005247834065111
0.005276371768991
0.005305363886510
0.005334444815849
0.005363271307649
0.005391520000804
0.005418885367793
0.005445078496714
0.005469826929197
0.005492875595898
0.005513988766675
0.005532952870909
0.005549580041859
0.005563712281953
0.005575226209151
0.005584038398546
0.005590111349873
0.005593460068274
0.005594159131654
0.005592349936416
0.005588247583240
0.005582146618562
0.005574424628747
0.005565542540154
0.005556040454315
0.005546527978049
0.005537668311303
0.005530155826818
0.005524687486611
0.005521929138758
0.005522478452169
0.005526826892796
0.005535323635189
0.005548144559331
0.005565269444254
0.005586470104972
0.005611311530798
0.005639167111666
0.005669247861721
0.005700644272998
0.005732378183864
0.005763460960726
0.005792953493511
0.005820023098326
0.005843992471781
0.005864376371829
0.005880902680701
0.005893515857398
0.005902362387765
0.005907759534900
0.005910150310728
0.005910048961987
0.005907982241916
0.005904432211032
0.005899786215216
0.005894299024135
0.005888070934813
0.005881044066295
0.005873017248233
0.005863678023327
0.005852648533803
0.005839540626658
0.005824014540748
0.005805835132731
0.005784919801602
0.005761373062548
0.005735504018493
0.005707824647783
0.005679028697059
0.005649952848019
0.005621523525380
0.005594694062038
0.005570377806351
0.005549383067700
0.005532355531507
0.005519732974991
0.005511715875428
0.005508255961445
0.005509063079016
0.005513629100031
0.005521266154369
0.005531155351150
0.005542401465271
0.005554088846672
0.005565334055910
0.005575331386023
0.005583388403330
0.005588949807122
0.005591609136249
0.005591109008397
0.005587331551553
0.005580281391716
0.005570063947396
0.005556861839998
0.005540911987182
0.005522485462152
0.005501871556107
0.005479366764567
0.005455268721243
0.005429874503604
0.005403482290649
0.005376395098329
0.005348925257263
0.005321398411418
0.005294156065570
0.005267556040984
0.005241970555612
0.005217781973752
0.005195376527894
0.005175136475987
0.005157431212566
0.005142607812372
0.005130981375672
0.005122825401128
0.005118362274048
0.005117753861651
0.005121092180094
0.005128390154353
0.005139572629789
0.005154467995291
0.005172801011003
0.005194187658148
0.005218133000539
0.005244033126387
0.005271182193385
0.005298785412873
0.005325978480148
0.005351853506784
0.005375490972583
0.005395996639001
0.005412541809577
0.005424404845218
0.005431011496884
0.005431971448079
0.005427108491234
0.005416482002961
0.005400397820832
0.005379407227289
0.005354293467975
0.005326046014599
0.005295823564455
0.005264907488992
0.005234648048487
0.005206406136608
0.005181493579944
0.005161115081966
0.005146314772978
0.005137930026172
0.005136554754682
0.005142513852891
0.005155849827967
0.005176322025216
0.005203418220661
0.005236377768137
0.005274224971251
0.005315810921163
0.005359861711089
0.005405030714324
0.005449952496687
0.005493295925961
0.005533814137105
0.005570389207894
0.005602069688108
0.005628099496983
0.005647937145358
0.005661264733935
0.005667986706117
0.005668218867428
0.005662268694772
0.005650608416960
0.005633842722424
0.005612673213429
0.005587861856138
0.005560195659042
0.005530454644867
0.005499384871354
0.005467677823902
0.005435956978565
0.005404771756377
0.005374598503988
0.005345847587479
0.005318875219815
0.005293998295265
0.005271510303941
0.005251696361852
0.005234845518164
0.005221258779712
0.005211251698666
0.005205150867876
0.005203284218349
0.005205965569773
0.005213474404272
0.005226032276217
0.005243777605090
0.005266740801863
0.005294821740750
0.005327771507149
0.005365180138749
0.005406471748570
0.005450908000729
0.005497600430908
0.005545531594296
0.005593584514305
0.005640579423653
0.005685316359817
0.005726621819986
0.005763397412016
0.005794668268907
0.005819628931660
0.005837684451614
0.005848484617092
0.005851949465034
0.005848284587014
0.005837985167570
0.005821828184062
0.005800852730628
0.005776328980319
0.005749716842650
0.005722615880678
0.005696708494738
0.005673698732903
0.005655249329124
0.005642919681913
0.005638107459870
0.005641996353936
0.005655512197384
0.005679289259455
0.005713648011026
0.005758585090979
0.005813775604177
0.005878587292054
0.005952105569505
0.006033167948125
0.006120405991245
0.006212292688393
0.006307193005018
0.006403415358093
0.006499261881819
0.006593075565089
0.006683282643393
0.006768428988351
0.006847209632601
0.006918490971253
0.006981325570383
0.007034959868425
0.007078835362064
0.007112584113245
0.007136019591352
0.007149123971856
0.007152033050576
0.007145019904901
0.007128478345882
0.007102907065969
