0.006649987054767
0.006633239609654
0.006617407783595
0.006603375244145
0.006591933942037
0.006583739961921
0.006579276545390
0.006578826343051
0.006582454459127
0.006590003271812
0.006601099376204
0.006615172338562
0.006631484306325
0.006649168922968
0.006667277482989
0.006684829858472
0.006700867457383
0.006714505350368
0.006724980734873
0.006731695091650
0.006734247719715
0.006732458793944
0.006726380650020
0.006716296634102
0.006702707524842
0.006686306206644
0.006667941908755
0.006648575889994
0.006629230913045
0.006610937189822
0.006594677672429
0.006581335602398
0.006571647112532
0.006566161407698
0.006565210648445
0.006568891146438
0.006577056881810
0.006589325701967
0.006605097894244
0.006623586176602
0.006643855555360
0.006664870987775
0.006685550386171
0.006704820229174
0.006721670917449
0.006735209031276
0.006744703812917
0.006749625498112
0.006749673541372
0.006744793296579
0.006735180300684
0.006721271933915
0.006703726863297
0.006683393285896
0.006661267544247
0.006638445161936
0.006616066719900
0.006595261246210
0.006577089912716
0.006562492815978
0.006552241469010
0.006546899352513
0.006546792483376
0.006551991473335
0.006562305995250
0.006577291975060
0.006596271212627
0.006618362533616
0.006642523015798
0.006667597343247
0.006692372944170
0.006715638281596
0.006736241504800
0.006753146641063
0.006765484613991
0.006772596611466
0.006774067682483
0.006769748901030
0.006759766975167
0.006744520774853
0.006724664874535
0.006701080826037
0.006674837464217
0.006647142073721
0.006619284684582
0.006592578096207
0.006568296437334
0.006547615144028
0.006531555175244
0.006520934089239
0.006516326284054
0.006518034277181
0.006526072384406
0.006540163580706
0.006559749714820
0.006584014632824
0.006611919173873
0.006642246460605
0.006673655442283
0.006704740281154
0.006734092917403
0.006760366015739
0.006782333491169
0.006798945931372
0.006809378470885
0.006813069015495
0.006809745147097
0.006799438539172
0.006782486258341
0.006759518893776
0.006731436019141
0.006699370027520
0.006664639866325
0.006628696617284
0.006593063199892
0.006559270713036
0.006528794060591
0.006502989528721
0.006483036896081
0.006469888467572
0.006464227136640
0.006466435212358
0.006476575311009
0.006494384125245
0.006519279366526
0.006550379649028
0.006586536566180
0.006626377724866
0.006668359066064
0.006710824431409
0.006752070047255
0.006790411402576
0.006824249901901
0.006852136683071
0.006872831101227
0.006885351590211
0.006889016911732
0.006883476178654
0.006868726476034
0.006845117383975
0.006813342210360
0.006774416248450
0.006729642863943
0.006680568668932
0.006628929438939
0.006576588758773
0.006525471631926
0.006477495448427
0.006434500773470
0.006398184393578
0.006370036942190
0.006351287229465
0.006342855132000
0.006345314569563
0.006358867722209
0.006383331237626
0.006418134760992
0.006462331703437
0.006514621764808
0.006573384355076
0.006636721727606
0.006702510355922
0.006768458860640
0.006832170629689
0.006891209175278
0.006943164235913
0.006985716659461
0.007016700190608
0.007034158428224
0.007036395408997
0.007022018505851
0.006989972595148
0.006939564736343
0.006870478912562
0.006782780690684
0.006676911965427
0.006553676244238
0.006414215199603
0.006259977454433
0.006092680767532
0.005914268943720
0.005726864902811
0.005532721400615
0.005334170902626
0.005133576068264
0.004933282213330
0.004735572985535
0.004542630318795
0.004356499534102
0.004179060236617
0.004012003429247
0.003856815031540
0.003714765768005
0.003586907180122
0.003474073328362
0.003376887590243
0.003295773832030
0.003230971137746
0.003182551220777
0.003150437620042
0.003134425792683
0.003134203255650
0.003149368995697
0.003179451456879
0.003223924522116
0.003282221026055
0.003353743465891
0.003437871710609
0.003533967643450
0.003641376803615
0.003759427218131
0.003887425730393
0.004024652235587
0.004170352322435
0.004323728893173
0.004483933387323
0.004650057267650
0.004821124437095
0.004996085242237
0.005173812681212
0.005353101371974
0.005532669751071
0.005711165865378
0.005887176992127
0.006059243179639
0.006225874646978
0.006385572820609
0.006536854625898
0.006678279497328
0.006808478429890
0.006926184271371
0.007030262356783
0.007119740516671
0.007193837454181
0.007251988483893
0.007293867659557
0.007319405387562
0.007328800726393
0.007322527706293
0.007301335163796
0.007266239767304
0.007218512106975
0.007159655928316
0.007091380797918
0.007015568695158
0.006934235219444
0.006849486282818
0.006763471317286
0.006678334160353
0.006596162886737
0.006518939925857
0.006448493840375
0.006386454139061
0.006334210455968
0.006292877347127
0.006263265835936
0.006245862680768
0.006240818145501
0.006247942829486
0.006266713862874
0.006296290502456
0.006335538879612
0.006383065364040
0.006437257723990
0.006496332995527
0.006558390729973
0.006621470079931
0.006683609019389
0.006742903880253
0.006797567332863
0.006845982946043
0.006886754535158
0.006918748644380
0.006941128708750
0.006953379697308
0.006955322342499
0.006947116403069
0.006929252775930
0.006902534653635
0.006868048304257
0.006827124415514
0.006781291281044
0.006732221401226
0.006681673312541
0.006631430638796
0.006583240467687
0.006538753192525
0.006499465919677
0.006466671428313
0.006441414483822
0.006424457055835
0.006416253684510
0.006416937884799
0.006426320089911
0.006443897225258
0.006468873587000
0.006500192289462
0.006536576157701
0.006576576589527
0.006618628608424
0.006661110086997
0.006702402949624
0.006740954070842
0.006775333577604
0.006804288341339
0.006826788608676
0.006842065963666
0.006849641131917
0.006849340517623
0.006841300794569
0.006825961335858
0.006804044746526
0.006776526239154
0.006744593045575
0.006709595468500
0.006672991527387
0.006636287427280
0.006600976264597
0.006568477470630
0.006540079476397
0.006516887960856
0.006499781821944
0.006489378695039
0.006486011448690
0.006489716629377
0.006500235324843
0.006517026390923
0.006539291462338
0.006566010666677
0.006595987504563
0.006627900967946
0.006660362659771
0.006691976465551
0.006721398219985
0.006747392814544
0.006768886304786
0.006785010794272
0.006795140185885
0.006798915287675
0.006796257221887
0.006787368592878
0.006772722400361
0.006753039216053
0.006729253651532
0.006702471611030
0.006673920224733
0.006644892678521
0.006616690380780
0.006590565025708
0.006567663119734
0.006548975432187
0.006535293616940
0.006527175936938
0.006524923621220
0.006528568911223
0.006537875330034
0.006552350157752
0.006571268542530
0.006593708145257
0.006618592730558
0.006644742700676
0.006670930241738
0.006695936530252
0.006718608342964
0.006737911431836
0.006752978168462
0.006763147223430
0.006767993414965
0.006767346321094
0.006761296779560
0.006750190974786
0.006734612404000
0.006715352596436
0.006693372001860
0.006669752940614
0.006645646893142
0.006622218682865
0.006600590258228
0.006581786799366
0.006566687760889
0.006555985219611
0.006550151536593
0.006549417884044
0.006553764652214
0.006562924165905
0.006576395533804
0.006593470856698
0.006613271462488
0.006634792344523
0.006656952579610
0.006678649212705
0.006698811931183
0.006716455820436
0.006730729595801
0.006740956937899
0.006746668907817
0.006747625867383
0.006743827855832
0.006735512951233
0.006723143744366
0.006707382644832
