0.141220381428223
0.141278137648841
0.141335920405334
0.141393672746876
0.141451336868075
0.141508855403761
0.141566171967136
0.141623230987593
0.141679977000756
0.141736353615850
0.141792302425992
0.141847762130944
0.141902668109736
0.141956952617210
0.142010545692784
0.142063376772694
0.142115376901323
0.142166481354758
0.142216632430701
0.142265782130304
0.142313894462498
0.142360947139180
0.142406932495143
0.142451857551878
0.142495743239017
0.142538622879931
0.142580540128072
0.142621546598679
0.142661699470239
0.142701059327831
0.142739688487202
0.142777649977441
0.142815007278485
0.142851824816437
0.142888169124589
0.142924110491702
0.142959724850214
0.142995095613183
0.143030315154505
0.143065485643872
0.143100718994932
0.143136135757792
0.143171862878899
0.143208030354170
0.143244766905770
0.143282194909759
0.143320424882488
0.143359549890694
0.143399640278647
0.143440739102549
0.143482858627443
0.143525978177463
0.143570043541286
0.143614968027631
0.143660635149164
0.143706902796216
0.143753608653659
0.143800576523933
0.143847623153948
0.143894565129153
0.143941225397433
0.143987439019332
0.144033057806880
0.144077953605947
0.144122020088998
0.144165173047276
0.144207349293022
0.144248504393383
0.144288609547753
0.144327647982000
0.144365611260124
0.144402495904283
0.144438300668245
0.144473024731560
0.144506666979189
0.144539226413733
0.144570703625821
0.144601103134529
0.144630436314738
0.144658724561597
0.144686002310242
0.144712319534984
0.144737743395881
0.144762358777752
0.144786267569918
0.144809586654141
0.144832444691646
0.144854977915939
0.144877325234502
0.144899623010503
0.144921999928163
0.144944572339569
0.144967440446966
0.144990685597074
0.145014368860582
0.145038530950333
0.145063193407771
0.145088360870700
0.145114024137488
0.145140163673111
0.145166753167395
0.145193762759040
0.145221161580270
0.145248919352890
0.145277006870112
0.145305395320770
0.145334054542678
0.145362950418189
0.145392041736654
0.145421276935603
0.145450591187090
0.145479904313274
0.145509119993634
0.145538126666647
0.145566800435715
0.145595010169072
0.145622624845466
0.145649523051151
0.145675604389594
0.145700802432481
0.145725098727635
0.145748537291938
0.145771238958874
0.145793414921392
0.145815378808876
0.145837556657667
0.145860494170367
0.145884860702687
0.145911449459279
0.145941173414645
0.145975056496598
0.146014219575275
0.146059860791638
0.146113229741091
0.146175595009453
0.146248204553454
0.146332238441902
0.146428753544344
0.146538619889092
0.146662448627493
0.146800511848332
0.146952654891279
0.147118202310356
0.147295859227375
0.147483610472106
0.147678620601641
0.147877138588604
0.148074411621295
0.148264613018396
0.148440789673539
0.148594834658563
0.148717490580579
0.148798388967114
0.148826130316075
0.148788408479558
0.148672181754468
0.148463891450896
0.148149726842178
0.147715933330079
0.147149158463841
0.146436828228611
0.145567543874773
0.144531487610323
0.143320823841607
0.141930081436746
0.140356501804077
0.138600337510230
0.136665086770552
0.134557650460547
0.132288400318359
0.129871149695327
0.127323021486362
0.124664211618087
0.121917650540814
0.119108569381754
0.116263981572767
0.113412094657239
0.110581670399176
0.107801354069035
0.105098995696293
0.102500987027415
0.100031637826169
0.097712613972529
0.095562457587695
0.093596206226373
0.091825124180763
0.090256554329544
0.088893893973981
0.087736692990509
0.086780867661614
0.086019018982728
0.085440840315357
0.085033596158677
0.084782651684078
0.084672031599069
0.084684986893012
0.084804549016829
0.085014052952091
0.085297613271385
0.085640540483801
0.086029688476915
0.086453727483909
0.086903340506130
0.087371344317228
0.087852738911485
0.088344691428871
0.088846462134769
0.089359280946067
0.089886183316387
0.090431814099337
0.091002207406687
0.091604549591927
0.092246931447595
0.092938094629065
0.093687176313672
0.094503455253704
0.095396101737748
0.096373933560169
0.097445179907596
0.098617255074647
0.099896544070806
0.101288202417890
0.102795972700915
0.104422020666178
0.106166793810530
0.108028905440024
0.110005047075313
0.112089931841648
0.114276271113855
0.116554786212025
0.118914256389618
0.121341603751556
0.123822015113003
0.126339100181086
0.128875084825745
0.131411037606752
0.133927127139079
0.136402907299242
0.138817626689510
0.141150558174244
0.143381343677023
0.145490348780270
0.147459021012872
0.149270245069081
0.150908687608438
0.152361123785467
0.153616737300174
0.154667385598550
0.155507821937153
0.156135866400690
0.156552518657584
0.156762006271698
0.156771763755348
0.156592339226543
0.156237227478555
0.155722630420964
0.155067148130296
0.154291406066728
0.153417626274354
0.152469152489025
0.151469940935071
0.150444030114704
0.149415004008344
0.148405463753330
0.147436523014285
0.146527341882065
0.145694713242019
0.144952714158061
0.144312432967960
0.143781780534718
0.143365391521801
0.143064618740643
0.142877620650974
0.142799539078536
0.142822761253314
0.142937257468640
0.143130983117139
0.143390331668163
0.143700623397571
0.144046613436840
0.144413002031200
0.144784929824006
0.145148441534471
0.145490902562994
0.145801354813600
0.146070800313287
0.146292403956578
0.146461609811987
0.146576168778082
0.146636078838485
0.146643442595631
0.146602250016973
0.146518097261610
0.146397854936581
0.146249301043334
0.146080735121562
0.145900590613584
0.145717062224625
0.145537764044990
0.145369432469211
0.145217685571200
0.145086847683579
0.144979844624026
0.144898171474591
0.144841931230353
0.144809939175536
0.144799884699243
0.144808539595375
0.144831999844710
0.144865946561077
0.144905911267841
0.144947530979864
0.144986779677006
0.145020164597142
0.145044878235965
0.145058899864785
0.145061043585867
0.145050953238720
0.145029047646374
0.144996422552593
0.144954717974055
0.144905961434434
0.144852398560346
0.144796322753058
0.144739915108139
0.144685104494373
0.144633455828469
0.144586092240244
0.144543654190298
0.144506295873400
0.144473716612240
0.144445222603221
0.144419812477681
0.144396278810764
0.144373317022064
0.144349633092663
0.144324042145492
0.144295551125104
0.144263420452389
0.144227201471701
0.144186748586651
0.144142207025805
0.144093979030196
0.144042672772635
0.143989039399260
0.143933904161910
0.143878097666140
0.143822392818020
0.143767452178500
0.143713789224883
0.143661745596562
0.143611484899474
0.143563002193966
0.143516147014588
0.143470656766963
0.143426196686069
0.143382402257115
0.143338920095475
0.143295443721996
0.143251741393203
0.143207674069082
0.143163202628797
0.143118384478209
0.143073360639633
0.143028335195370
0.142983549513829
0.142939253986423
0.142895680036713
0.142853014946676
0.142811381616468
0.142770824787694
0.142731304580700
0.142692697491308
0.142654804327142
0.142617363994212
0.142580071613983
0.142542599186855
0.142504616929724
0.142465813496645
0.142425913521198
0.142384691264822
0.142341979577154
0.142297673829459
0.142251730928663
0.142204163920110
0.142155033011723
0.142104434080704
0.142052485844940
0.141999316894936
0.141945053695932
0.141889810499926
0.141833681873808
0.141776738276792
0.141719024832087
0.141660563157862
0.141601355871621
0.141541393177066
0.141480660795652
0.141419148423428
0.141356857879979
0.141293810167771
