0.011054442275492
0.010987203649729
0.010908014012566
0.010816999057212
0.010714386324876
0.010600504171860
0.010475780659434
0.010340742740796
0.010196016072840
0.010042325704770
0.009880497794622
0.009711462384247
0.009536257131067
0.009356031759985
0.009172052871260
0.008985708629960
0.008798512779436
0.008612107373224
0.008428263612989
0.008248880218001
0.008075978834442
0.007911696117303
0.007758272277300
0.007618036070229
0.007493386404145
0.007386770936460
0.007300662213332
0.007237532052755
0.007199824977077
0.007189931549638
0.007210162456662
0.007262724097096
0.007349696302401
0.007473012613358
0.007634443304994
0.007835581091193
0.008077829178772
0.008362391099489
0.008690261551338
0.009062217349053
0.009478807536515
0.009940341763629
0.010446876183416
0.010998196379686
0.011593797181347
0.012232859637014
0.012914225886298
0.013636373138287
0.014397388415328
0.015194946101079
0.016026290606665
0.016888226602410
0.017777119226815
0.018688906460879
0.019619125438527
0.020562953860532
0.021515266912317
0.022470709192039
0.023423780184004
0.024368930823799
0.025300667762714
0.026213661120097
0.027102850881404
0.027963546718001
0.028791515921798
0.029583054396471
0.030335036240650
0.031044938387495
0.031710837996705
0.032331381772872
0.032905728030994
0.033433464051122
0.033914502952639
0.034348965861742
0.034737056432047
0.035078935705431
0.035374605782600
0.035623810747991
0.035825962728426
0.035980099859436
0.036084881322995
0.036138622576203
0.036139371515856
0.036085023750049
0.035973472527341
0.035802786370548
0.035571405242283
0.035278344289947
0.034923393016808
0.034507297210877
0.034031911204293
0.033500309057798
0.032916845043999
0.032287156266434
0.031618103278855
0.030917647999003
0.030194671848944
0.029458740683136
0.028719826460551
0.027987998558003
0.027273099907596
0.026584424604372
0.025930414148301
0.025318388990124
0.024754330536616
0.024242726294766
0.023786487515688
0.023386944714237
0.023043922013127
0.022755886649856
0.022520165469012
0.022333216082587
0.022190936882042
0.022088997461025
0.022023169441588
0.021989637312778
0.021985269741619
0.022007833879731
0.022056138365198
0.022130094838193
0.022230692617130
0.022359886437657
0.022520402525060
0.022715473424150
0.022948516629145
0.023222775846772
0.023540946442819
0.023904808082157
0.024314887666959
0.024770174382316
0.025267906033776
0.025803442051224
0.026370233756833
0.026959897032269
0.027562386697279
0.028166266078470
0.028759059756346
0.029327672663909
0.029858854864194
0.030339688690440
0.030758073650437
0.031103184650562
0.031365880670471
0.031539043912986
0.031617833480449
0.031599842533413
0.031485153361629
0.031276290498457
0.030978077584741
0.030597408794415
0.030142949963075
0.029624787856850
0.029054048096278
0.028442503003616
0.027802190054653
0.027145059757946
0.026482668808040
0.025825930488698
0.025184929817370
0.024568806139389
0.023985701131121
0.023442765779054
0.022946216160844
0.022501425009443
0.022113034271752
0.021785073280553
0.021521067760745
0.021324126621399
0.021196996198143
0.021142075091185
0.021161386724998
0.021256510934127
0.021428479940446
0.021677647724659
0.022003544733652
0.022404731880841
0.022878668730145
0.023421610524806
0.024028547332418
0.024693196113524
0.025408053147294
0.026164510195268
0.026953033335239
0.027763398865927
0.028584976392925
0.029407045468406
0.030219129247944
0.031011326769740
0.031774624807080
0.032501170864912
0.033184490770135
0.033819637339677
0.034403260617190
0.034933594895778
0.035410362885592
0.035834602604110
0.036208427516560
0.036534734800731
0.036816880057337
0.037058339093481
0.037262378405239
0.037431755593769
0.037568469176446
0.037673574201070
0.037747075922833
0.037787908820526
0.037794002726996
0.037762432182831
0.037689639658370
0.037571718383843
0.037404736502904
0.037185081387778
0.036909801418395
0.036576922440553
0.036185717493256
0.035736911152159
0.035232803803647
0.034677306093212
0.034075879369884
0.033435383820659
0.032763841780501
0.032070129044649
0.031363611559334
0.030653748334255
0.029949683584283
0.029259851832002
0.028591618942366
0.027950979867082
0.027342330392113
0.026768325632289
0.026229832695520
0.025725979186841
0.025254293407403
0.024810926595665
0.024390942705856
0.023988657326953
0.023598004654578
0.023212910100498
0.022827646232536
0.022437151261248
0.022037292116681
0.021625058092908
0.021198675813449
0.020757641567604
0.020302672534860
0.019835583691832
0.019359101938328
0.018876632878197
0.018391998495773
0.017909165502857
0.017431984301768
0.016963957315189
0.016508052962002
0.016066577982989
0.015641116387154
0.015232538301053
0.014841076799266
0.014466465727862
0.014108126949499
0.013765391652629
0.013437737639938
0.013125023035619
0.012827696738142
0.012546967216452
0.012284913833146
0.012044528621472
0.011829681109559
0.011645004078158
0.011495703716094
0.011387303136925
0.011325333277731
0.011314989476859
0.011360775227514
0.011466156498280
0.011633250449101
0.011862571290570
0.012152853468192
0.012500968426927
0.012901946136404
0.013349106618643
0.013834300260403
0.014348249090222
0.014880974849084
0.015422293967331
0.015962354830572
0.016492189272032
0.017004248294780
0.017492891746114
0.017954803085294
0.018389303455143
0.018798543842630
0.019187559961891
0.019564181309008
0.019938793258951
0.020323958702074
0.020733913137796
0.021183953953023
0.021689750440843
0.022266605642190
0.022928704070501
0.023688380641998
0.024555445609116
0.025536598005309
0.026634956173170
0.027849728569064
0.029176041496066
0.030604933052156
0.032123514772462
0.033715294592596
0.035360647262994
0.037037411576776
0.038721588068561
0.040388106472102
0.042011629390545
0.043567357452518
0.045031801731119
0.046383491335216
0.047603587705531
0.048676382050618
0.049589658268718
0.050334910304410
0.050907409840536
0.051306127174086
0.051533514727188
0.051595168586368
0.051499388472438
0.051256660403264
0.050879088870716
0.050379806530307
0.049772389189121
0.049070302336763
0.048286402721930
0.047432514716738
0.046519096659028
0.045555007277731
0.044547376962435
0.043501583311821
0.042421325350272
0.041308786275597
0.040164870794821
0.038989500174848
0.037781946184871
0.036541184187212
0.035266245737941
0.033956552131559
0.032612212262224
0.031234270835759
0.029824896180760
0.028387500483103
0.026926789007100
0.025448738572070
0.023960509040830
0.022470294683672
0.020987124873157
0.019520625540846
0.018080754123447
0.016677521317544
0.015320712861487
0.014019623817087
0.012782816509676
0.011617911504293
0.010531418867556
0.009528614618516
0.008613464840144
0.007788597534321
0.007055320075265
0.006413678150949
0.005862550460897
0.005399772219941
0.005022279734677
0.004726267981035
0.004507353202610
0.004360733033744
0.004281337474760
0.004263965140994
0.004303400495211
0.004394509172614
0.004532309937359
0.004712023191870
0.004929097226230
0.005179214486722
0.005458281015909
0.005762402842142
0.006087853460087
0.006431036646798
0.006788448714914
0.007156643942550
0.007532206374965
0.007911730509685
0.008291812602078
0.008669053511423
0.009040073195814
0.009401536201445
0.009750186815644
0.010082891993807
0.010396689749800
0.010688840430266
0.010956878179234
0.011198659935906
0.011412409482961
0.011596754356768
