0.080506277099232
0.080576169871037
0.080663391942684
0.080762549320772
0.080867325825846
0.080970922636653
0.081066532001145
0.081147811941300
0.081209328633007
0.081246935332168
0.081258061090170
0.081241888751894
0.081199409424005
0.081133349207989
0.081047972916873
0.080948778120489
0.080842100595810
0.080734658560972
0.080633067505503
0.080543359682999
0.080470542241100
0.080418225521634
0.080388348425290
0.080381021204216
0.080394498057066
0.080425282990477
0.080468363180874
0.080517555149613
0.080565941064701
0.080606365958343
0.080631962059980
0.080636664120761
0.080615679727316
0.080565881185925
0.080486090450880
0.080377235462871
0.080242364706333
0.080086516230961
0.079916447182716
0.079740239394416
0.079566805151604
0.079405324291108
0.079264648822276
0.079152713931748
0.079075994346905
0.079039042566725
0.079044140570775
0.079091089599870
0.079177153919459
0.079297164694671
0.079443779862232
0.079607885847135
0.079779117793930
0.079946467258177
0.080098940529926
0.080226227305419
0.080319338500635
0.080371173661285
0.080376982552665
0.080334691838255
0.080245075870144
0.080111760002119
0.079941054909177
0.079741630532505
0.079524047849154
0.079300175116928
0.079082522071602
0.078883530366210
0.078714861079177
0.078586720257631
0.078507261226182
0.078482097939905
0.078513957278439
0.078602490256465
0.078744253134577
0.078932859874743
0.079159297837427
0.079412389593969
0.079679375719217
0.079946586862484
0.080200168609528
0.080426819882503
0.080614505004161
0.080753101086108
0.080834945983446
0.080855257478056
0.080812401304520
0.080707993734865
0.080546833253441
0.080336664911803
0.080087789777565
0.079812540019534
0.079524647182640
0.079238536739920
0.078968585784216
0.078728382551732
0.078530026268209
0.078383503597880
0.078296173882345
0.078272389605795
0.078313271425258
0.078416649039303
0.078577170563987
0.078786574394292
0.079034109207097
0.079307080238713
0.079591493630393
0.079872765796398
0.080136461665412
0.080369024416892
0.080558460018259
0.080694942404497
0.080771309371272
0.080783424933469
0.080730390720906
0.080614596578523
0.080441608515596
0.080219900105110
0.079960440980132
0.079676162851134
0.079381329167627
0.079090838922764
0.078819497975677
0.078581292545023
0.078388699187388
0.078252063669434
0.078179077794053
0.078174378628292
0.078239288932351
0.078371711168085
0.078566180558797
0.078814075577907
0.079103977259152
0.079422162131717
0.079753207655284
0.080080683998978
0.080387902075006
0.080658685060945
0.080878129335729
0.081033320874313
0.081113974702250
0.081112967956276
0.081026741328007
0.080855549028896
0.080603543699799
0.080278689647997
0.079892505142539
0.079459641923733
0.078997317260171
0.078524620493355
0.078061721738874
0.077629014989127
0.077246231058154
0.076931557456728
0.076700802290055
0.076566637614065
0.076537954435145
0.076619356838255
0.076810816800776
0.077107504378623
0.077499800470845
0.077973491642883
0.078510138891409
0.079087605128506
0.079680719881837
0.080262054532503
0.080802777560180
0.081273556876702
0.081645475462977
0.081890927156129
0.081984461462004
0.081903549522638
0.081629247623718
0.081146739620368
0.080445745107056
0.079520785773515
0.078371307902861
0.077001664140271
0.075420962291755
0.073642792853224
0.071684850123433
0.069568464075799
0.067318061656614
0.064960576884625
0.062524829123996
0.060040888285243
0.057539444582761
0.055051198950435
0.052606288389210
0.050233758480976
0.047961093125774
0.045813809302827
0.043815122365846
0.041985685095158
0.040343401474006
0.038903313963981
0.037677560958438
0.036675399133616
0.035903283643131
0.035364997568620
0.035061820808141
0.034992727715722
0.035154602356357
0.035542460255446
0.036149666027092
0.036968137265690
0.037988526556108
0.039200375346683
0.040592235654210
0.042151758022991
0.043865746712069
0.045720185593629
0.047700240564609
0.049790246261474
0.051973686398717
0.054233178022898
0.056550470315533
0.058906468256348
0.061281290479360
0.063654369063433
0.066004596878403
0.068310525570818
0.070550614456701
0.072703527644343
0.074748473795235
0.076665580198857
0.078436290427428
0.080043772869929
0.081473326014777
0.082712765522280
0.083752777935111
0.084587226321173
0.085213394203523
0.085632155757482
0.085848062376341
0.085869338239672
0.085707780367224
0.085378561705546
0.084899938970539
0.084292870154089
0.083580549696909
0.082787872236856
0.081940838472271
0.081065918949358
0.080189393414937
0.079336684703191
0.078531706889707
0.077796247603085
0.077149403902920
0.076607090000651
0.076181633323191
0.075881473028554
0.075710972130853
0.075670350957224
0.075755745842615
0.075959392892850
0.076269932451855
0.076672825748393
0.077150871229002
0.077684804465023
0.078253962400635
0.078836990218613
0.079412567350350
0.079960128227831
0.080460553315937
0.080896806786967
0.081254498883299
0.081522353501844
0.081692564737333
0.081761029925689
0.081727450997202
0.081595300530335
0.081371653629653
0.081066891471957
0.080694286911635
0.080269486755912
0.079809909070881
0.079334077032679
0.078860913285324
0.078409020417846
0.077995973959994
0.077637654173131
0.077347641860846
0.077136701449023
0.077012371722669
0.076978680921750
0.077035998486850
0.077181030735162
0.077406962296501
0.077703739434338
0.078058485629067
0.078456034238953
0.078879557917241
0.079311269990543
0.079733169420936
0.080127798485024
0.080478981073512
0.080772509661498
0.080996750580399
0.081143140227150
0.081206549193503
0.081185496833260
0.081082205285083
0.080902489149010
0.080655484544170
0.080353228789387
0.080010109070600
0.079642204820555
0.079266553797281
0.078900375718372
0.078560289565296
0.078261561175125
0.078017416437066
0.077838452355140
0.077732173568271
0.077702675864825
0.077750491095844
0.077872600044117
0.078062611647266
0.078311098920835
0.078606074392416
0.078933581221084
0.079278370767392
0.079624633459924
0.079956747555637
0.080260009904576
0.080521314104608
0.080729744378518
0.080877057951166
0.080958034404485
0.080970677141841
0.080916259360293
0.080799214447439
0.080626878123813
0.080409096592015
0.080157721110383
0.079886014507431
0.079607998974533
0.079337776863294
0.079088857084206
0.078873519038352
0.078702243866889
0.078583239291557
0.078522079620015
0.078521476828744
0.078581192280134
0.078698091874055
0.078866340588876
0.079077725746619
0.079322092246213
0.079587867728807
0.079862651416409
0.080133837399693
0.080389241587095
0.080617701446451
0.080809619085128
0.080957421067359
0.081055912530912
0.081102508447205
0.081097331019225
0.081043168933486
0.080945301145404
0.080811194734143
0.080650092765142
0.080472513715603
0.080289688554990
0.080112964785057
0.079953208453925
0.079820235263772
0.079722300373225
0.079665673419978
0.079654320807234
0.079689711636344
0.079770757120509
0.079893886224152
0.080053253015807
0.080241064187849
0.080448008764043
0.080663766536742
0.080877567550940
0.081078772218475
0.081257440558509
0.081404859687606
0.081514000998460
0.081579882351728
0.081599815854918
0.081573528132791
0.081503147061195
0.081393056351780
0.081249626728380
0.081080839315394
0.080895822876295
0.080704331352630
0.080516191481312
0.080340751912819
0.080186365110519
0.080059931378238
0.079966530738511
0.079909163265766
0.079888612153753
0.079903436625515
