0.077888562808798
0.078146030764857
0.078431577887503
0.078737600167793
0.079055649452989
0.079376658935607
0.079691192356197
0.079989710233228
0.080262845681287
0.080501681830278
0.080698022545228
0.080844648093071
0.080935547625509
0.080966120851259
0.080933342051185
0.080835880628499
0.080674173654416
0.080450447327332
0.080168685861173
0.079834547999133
0.079455233050220
0.079039300003570
0.078596444825678
0.078137242428492
0.077672860958784
0.077214756956931
0.076774360533871
0.076362759998113
0.075990395324148
0.075666769496031
0.075400186105618
0.075197520665061
0.075064031949099
0.075003218362948
0.075016722889425
0.075104288660030
0.075263765673853
0.075491167707330
0.075780777064153
0.076125293548064
0.076516022934351
0.076943099292543
0.077395734788401
0.077862490075109
0.078331558071429
0.078791053811872
0.079229303129175
0.079635123176985
0.079998088202606
0.080308774516510
0.080558979256761
0.080741908292710
0.080852329433366
0.080886687983095
0.080843182601962
0.080721800362423
0.080524310830241
0.080254219917799
0.079916685144554
0.079518394774524
0.079067414066620
0.078573002553664
0.078045406843973
0.077495633901933
0.076935210099751
0.076375931533823
0.075829611162601
0.075307828249246
0.074821685387705
0.074381578065761
0.073996981287860
0.073676257262800
0.073426487577636
0.073253332652127
0.073160920620128
0.073151767136961
0.073226726983692
0.073384977745559
0.073624035293410
0.073939800300061
0.074326634579407
0.074777465642118
0.075283917511715
0.075836465530112
0.076424612593098
0.077037083984523
0.077662037716162
0.078287287024314
0.078900531423828
0.079489592480060
0.080042650237909
0.080548476057864
0.080996657468056
0.081377810567283
0.081683775525680
0.081907790844982
0.082044642273858
0.082090782636022
0.082044419323635
0.081905566833581
0.081676062468895
0.081359544174427
0.080961390399867
0.080488622853883
0.079949773995199
0.079354722062427
0.078714497336087
0.078041064117138
0.077347083563885
0.076645663026098
0.075950097831935
0.075273611607947
0.074629101142465
0.074028891543948
0.073484507012990
0.073006461961584
0.072604076503769
0.072285319540565
0.072056681803885
0.071923080344587
0.071887795083296
0.071952437220580
0.072116948552467
0.072379630079921
0.072737197752247
0.073184862753501
0.073716433430645
0.074324435769254
0.075000249238685
0.075734254841333
0.076515992294361
0.077334323429841
0.078177599102518
0.079033827126072
0.079890839002758
0.080736453453928
0.081558634989324
0.082345645963352
0.083086190752197
0.083769550845209
0.084385709778485
0.084925466951653
0.085380539465438
0.085743651203885
0.086008608467584
0.086170361549223
0.086225051735762
0.086170043327157
0.086003940382701
0.085726588044551
0.085339058443696
0.084843621365464
0.084243700036810
0.083543812592879
0.082749499981335
0.081867241265199
0.080904357483715
0.079868905421270
0.078769562812130
0.077615506669365
0.076416286565624
0.075181694807468
0.073921635530156
0.072645994792182
0.071364513765314
0.070086667092911
0.068821548424064
0.067577765021314
0.066363343183828
0.065185646025690
0.064051304901612
0.062966165482937
0.061935249160443
0.060962730094537
0.060051927857484
0.059205315228004
0.058424540319183
0.057710461860500
0.057063196128863
0.056482173746099
0.055966204344670
0.055513546960279
0.055121983947493
0.054788896236716
0.054511337857845
0.054286107843354
0.054109817882661
0.053978954417653
0.053889934230164
0.053839152957283
0.053823026359733
0.053838024541831
0.053880699659444
0.053947707937756
0.054035827039520
0.054141969966736
0.054263196738930
0.054396725068621
0.054539941153172
0.054690411530453
0.054845896715647
0.055004367063234
0.055164020998597
0.055323305455806
0.055480938059526
0.055635930316385
0.055787610848984
0.055935647526022
0.056080067223463
0.056221271899702
0.056360049684080
0.056497579761656
0.056635429983192
0.056775546331074
0.056920233620053
0.057072127095632
0.057234154900892
0.057409491702146
0.057601504082698
0.057813688620031
0.058049603843464
0.058312797516272
0.058606730889060
0.058934701722021
0.059299767966327
0.059704674024927
0.060151781478112
0.060643006059118
0.061179762502103
0.061762918663421
0.062392760044423
0.063068965529315
0.063790594806361
0.064556087578405
0.065363274303752
0.066209397856612
0.067091145172848
0.068004687666562
0.068945728979375
0.069909558467872
0.070891108753411
0.071885015656391
0.072885678913979
0.073887322231675
0.074884051436289
0.075869909767969
0.076838929655806
0.077785180646633
0.078702813479701
0.079586100600824
0.080429473668934
0.081227558808947
0.081975210493815
0.082667544986747
0.083299974237724
0.083868241008324
0.084368455802492
0.084797135920395
0.085151246644671
0.085428244232868
0.085626120049161
0.085743444844834
0.085779411912864
0.085733877616487
0.085607397641186
0.085401257255334
0.085117493892858
0.084758910491824
0.084329078230392
0.083832327585018
0.083273726979765
0.082659048680924
0.081994721996685
0.081287774245210
0.080545760334932
0.079776682138730
0.078988899123142
0.078191031902997
0.077391860524193
0.076600219331219
0.075824890254992
0.075074496269004
0.074357396619895
0.073681585257502
0.073054593686171
0.072483399250859
0.071974339674735
0.071533034493976
0.071164313901233
0.070872155419342
0.070659628783795
0.070528849414885
0.070480940901980
0.070516006993341
0.070633113672181
0.070830281988392
0.071104492389395
0.071451701337583
0.071866871001418
0.072344012751064
0.072876245069319
0.073455866300567
0.074074442404956
0.074722909567062
0.075391691137073
0.076070827971079
0.076750120801245
0.077419282824669
0.078068100270494
0.078686598307540
0.079265209307487
0.079794940197600
0.080267535435964
0.080675632031584
0.081012903018751
0.081274185883381
0.081455592628626
0.081554598454991
0.081570106410383
0.081502485829360
0.081353582917775
0.081126702436434
0.080826560081405
0.080459205834134
0.080031919245411
0.079553078306500
0.079032004231077
0.078478785104690
0.077904081936688
0.077318921154580
0.076734477995963
0.076161855562501
0.075611864490394
0.075094808251539
0.074620279022042
0.074196968837024
0.073832500395060
0.073533281389557
0.073304385641005
0.073149463601494
0.073070684024396
0.073068707764315
0.073142693824976
0.073290336936441
0.073507935148142
0.073790485199341
0.074131802798464
0.074524664427328
0.074960966899541
0.075431900651585
0.075928132630518
0.076439994657623
0.076957673280034
0.077471397355107
0.077971619923776
0.078449191296392
0.078895520673985
0.079302724037252
0.079663756435381
0.079972527181294
0.080223996798190
0.080414254858196
0.080540578107026
0.080601468482141
0.080596670813874
0.080527170159599
0.080395168872161
0.080204043657704
0.079958283045842
0.079663405886096
0.079325861704592
0.078952914007176
0.078552507897821
0.078133123689834
0.077703618513414
0.077273058255274
0.076850542491105
0.076445025374769
0.076065135714432
0.075718999680723
0.075414069742141
0.075156963496997
0.074953316059973
0.074807649558724
0.074723263098080
0.074702146255952
0.074744918787991
0.074850798742408
0.075017600629570
0.075241764662834
0.075518417399720
0.075841463379968
0.076203706595587
0.076596999855353
0.077012419342026
0.077440460925640
0.077871254112379
0.078294788898153
0.078701150281265
0.079080754790857
0.079424583126689
