0.011596510301978
0.011608151022249
0.011620978784750
0.011634814729463
0.011649463017895
0.011664713926927
0.011680347205614
0.011696135641916
0.011711848781804
0.011727256739504
0.011742134035181
0.011756263395027
0.011769439448687
0.011781472260097
0.011792190630320
0.011801445114501
0.011809110699791
0.011815089096746
0.011819310603162
0.011821735506443
0.011822354998257
0.011821191583186
0.011818298971268
0.011813761452526
0.011807692759743
0.011800234433680
0.011791553712661
0.011781840975757
0.011771306775798
0.011760178504889
0.011748696741111
0.011737111330499
0.011725677263165
0.011714650406601
0.011704283162488
0.011694820115929
0.011686493747590
0.011679520279881
0.011674095727826
0.011670392223687
0.011668554681591
0.011668697864405
0.011670903909853
0.011675220366417
0.011681658782026
0.011690193879900
0.011700763346472
0.011713268246051
0.011727574066181
0.011743512386571
0.011760883153348
0.011779457529396
0.011798981280974
0.011819178650860
0.011839756659121
0.011860409764554
0.011880824812905
0.011900686192363
0.011919681112625
0.011937504921024
0.011953866367926
0.011968492733726
0.011981134731332
0.011991571100925
0.011999612817988
0.012005106840949
0.012007939331281
0.012008038286362
0.012005375533767
0.011999968044849
0.011991878535285
0.011981215330741
0.011968131486701
0.011952823162751
0.011935527263128
0.011916518366879
0.011896104982492
0.011874625173120
0.011852441609397
0.011829936117121
0.011807503796598
0.011785546799037
0.011764467852785
0.011744663638412
0.011726518116291
0.011710395913530
0.011696635878532
0.011685544911198
0.011677392174719
0.011672403791045
0.011670758116505
0.011672581686724
0.011677945911115
0.011686864586787
0.011699292290108
0.011715123691269
0.011734193823530
0.011756279324324
0.011781100650468
0.011808325254495
0.011837571693879
0.011868414629810
0.011900390657522
0.011933004896097
0.011965738252374
0.011998055261383
0.012029412394603
0.012059266717657
0.012087084770823
0.012112351539222
0.012134579374752
0.012153316729035
0.012168156555721
0.012178744241770
0.012184784930618
0.012186050105608
0.012182383309641
0.012173704886633
0.012160015642005
0.012141399332882
0.012118023913912
0.012090141481262
0.012058086875388
0.012022274922184
0.011983196311930
0.011941412135766
0.011897547119868
0.011852281617866
0.011806342441958
0.011760492632327
0.011715520282616
0.011672226556046
0.011631413041960
0.011593868616058
0.011560355978926
0.011531598056661
0.011508264454180
0.011490958156098
0.011480202671739
0.011476429819923
0.011479968345475
0.011491033553133
0.011509718135508
0.011535984360264
0.011569657767618
0.011610422512935
0.011657818470673
0.011711240195389
0.011769937813298
0.011833019894079
0.011899458327672
0.011968095204899
0.012037651674288
0.012106738720744
0.012173869785143
0.012237475117801
0.012295917733534
0.012347510811976
0.012390536364380
0.012423264967530
0.012443976347092
0.012450980576846
0.012442639647159
0.012417389145924
0.012373759788174
0.012310398526864
0.012226088976911
0.012119770887616
0.011990558405012
0.011837756875468
0.011660877954921
0.011459652804335
0.011234043171169
0.010984250178615
0.010710720668866
0.010414150973469
0.010095488012545
0.009755927655030
0.009396910303711
0.009020113701380
0.008627442987405
0.008221018067150
0.007803158389452
0.007376365259358
0.006943301844255
0.006506771060795
0.006069691557442
0.005635072032490
0.005205984149856
0.004785534334395
0.004376834744703
0.003982973734166
0.003606986120112
0.003251823586255
0.002920325545093
0.002615190784449
0.002338950215986
0.002093941033352
0.001882282573695
0.001705854158815
0.001566275171428
0.001464887598071
0.001402741243475
0.001380581791966
0.001398841860070
0.001457635151335
0.001556753789767
0.001695668872748
0.001873534248122
0.002089193483873
0.002341189962783
0.002627779999163
0.002946948840562
0.003296429384731
0.003673723411396
0.004076125100017
0.004500746578949
0.004944545228675
0.005404352442265
0.005876903530224
0.006358868444578
0.006846882988610
0.007337580174196
0.007827621388182
0.008313727032828
0.008792706312834
0.009261485852846
0.009717136844411
0.010156900439926
0.010578211132980
0.010978717889278
0.011356302819782
0.011709097217427
0.012035494810403
0.012334162118101
0.012604045829992
0.012844377162573
0.013054673184526
0.013234735135094
0.013384643794873
0.013504752001402
0.013595674433679
0.013658274819695
0.013693650748939
0.013703116297192
0.013688182693635
0.013650537279967
0.013592021027744
0.013514604893290
0.013420365299155
0.013311459037135
0.013190097890252
0.013058523269825
0.012918981158913
0.012773697645013
0.012624855313153
0.012474570755598
0.012324873436465
0.012177686128959
0.012034807119976
0.011897894351734
0.011768451643370
0.011647817107329
0.011537153846340
0.011437442987171
0.011349479077594
0.011273867843443
0.011211026273703
0.011161184973583
0.011124392698799
0.011100522959238
0.011089282556956
0.011090221902417
0.011102746934245
0.011126132451604
0.011159536655005
0.011202016680748
0.011252544906607
0.011310025801704
0.011373313091835
0.011441227012780
0.011512571428260
0.011586150596162
0.011660785376227
0.011735328684484
0.011808680014116
0.011879798858866
0.011947716893431
0.012011548785093
0.012070501531966
0.012123882245301
0.012171104315985
0.012211691928389
0.012245282907732
0.012271629909806
0.012290599983970
0.012302172561445
0.012306435940892
0.012303582361768
0.012293901772806
0.012277774418008
0.012255662375516
0.012228100195682
0.012195684793284
0.012159064755250
0.012118929229316
0.012075996560780
0.012031002843963
0.011984690552173
0.011937797404953
0.011891045624375
0.011845131723070
0.011800716955938
0.011758418554992
0.011718801852965
0.011682373386211
0.011649575051364
0.011620779373400
0.011596285925425
0.011576318922968
0.011561025998015
0.011550478140794
0.011544670780576
0.011543525960866
0.011546895549410
0.011554565409726
0.011566260448588
0.011581650443092
0.011600356541903
0.011621958327942
0.011646001324343
0.011672004821892
0.011699469904450
0.011727887548955
0.011756746678462
0.011785542050260
0.011813781866229
0.011840994999202
0.011866737737054
0.011890599955334
0.011912210639405
0.011931242688142
0.011947416942942
0.011960505398171
0.011970333561901
0.011976781948752
0.011979786699732
0.011979339336892
0.011975485673334
0.011968323911349
0.011958001973125
0.011944714119311
0.011928696920687
0.011910224657018
0.011889604224761
0.011867169641583
0.011843276240412
0.011818294649018
0.011792604652814
0.011766589038622
0.011740627515660
0.011715090806967
0.011690334999973
0.011666696239040
0.011644485835760
0.011623985864607
0.011605445302529
0.011589076761303
0.011575053851216
0.011563509204051
0.011554533172615
0.011548173213394
0.011544433948391
0.011543277892131
0.011544626820137
0.011548363746148
0.011554335466995
0.011562355626469
0.011572208242753
0.011583651638111
0.011596422704624
0.011610241435721
0.011624815650354
0.011639845834636
0.011655030024941
0.011670068656566
0.011684669303376
0.011698551236182
0.011711449731026
0.011723120063059
0.011733341127203
0.011741918633208
0.011748687830047
0.011753515722629
0.011756302752430
0.011756983922767
0.011755529358778
0.011751944301613
0.011746268545694
0.011738575336931
0.011728969758356
