0.345587537219805
0.345942796343472
0.346305586299392
0.346675222498972
0.347050976567121
0.347432108623478
0.347817902387294
0.348207699745191
0.348600931299464
0.348997139650665
0.349395992755299
0.349797285594269
0.350200929513635
0.350606929850880
0.351015353714831
0.351426290915366
0.351839811916715
0.352255927210772
0.352674552600362
0.353095484512596
0.353518388639764
0.353942803987762
0.354368162899813
0.354793825953721
0.355219128964034
0.355643437827035
0.356066205790194
0.356487027048375
0.356905680469546
0.357322157783648
0.357736671722239
0.358149641304650
0.358561653599783
0.358973403673305
0.359385616842043
0.359798959567769
0.360213947099399
0.360630857109255
0.361049658903869
0.361469967224324
0.361891028163907
0.362311742384638
0.362730727754625
0.363146419978873
0.363557206040548
0.363961581632707
0.364358320580893
0.364746641858324
0.365126358457629
0.365497992314371
0.365862840791505
0.366222982933940
0.366581217673823
0.366940931178688
0.367305896251443
0.367680012694374
0.368067003366680
0.368470085806128
0.368891643279135
0.369332921560222
0.369793778306450
0.370272510398388
0.370765781028418
0.371268662752684
0.371774805467980
0.372276729759030
0.372766236836755
0.373234916991790
0.373674729798761
0.374078621898305
0.374441142670352
0.374759015002561
0.375031618014623
0.375261341203628
0.375453775009682
0.375617711040236
0.375764935713228
0.375909813286919
0.376068667403386
0.376258983557728
0.376498467454000
0.376804005183211
0.377190579797377
0.377670204530350
0.378250935180761
0.378936022783927
0.379723262646093
0.380604587314394
0.381565939545431
0.382587447443288
0.383643908441033
0.384705572579009
0.385739199511282
0.386709348760346
0.387579849779442
0.388315388091732
0.388883136713417
0.389254358596962
0.389405906104532
0.389321547480307
0.388993057669461
0.388421021186966
0.387615307478826
0.386595193641904
0.385389124714905
0.384034117244035
0.382574826713431
0.381062313031826
0.379552550003638
0.378104734131518
0.376779454886260
0.375636792573733
0.374734411105631
0.374125711452046
0.373858107545125
0.373971480232766
0.374496856935715
0.375455355370231
0.376857419508433
0.378702365303152
0.380978243023846
0.383662012717310
0.386720019655668
0.390108747942686
0.393775822937410
0.397661226982365
0.401698688195124
0.405817198847227
0.409942618113805
0.413999313687935
0.417911797833223
0.421606315780838
0.425012347817911
0.428063990794805
0.430701189911299
0.432870797326348
0.434527440164487
0.435634186655662
0.436163005240319
0.436095017307496
0.435420549637640
0.434138997446629
0.432258513055679
0.429795538559959
0.426774203388982
0.423225609333420
0.419187026478915
0.414701023592857
0.409814555935408
0.404578032311723
0.399044381561395
0.393268136711226
0.387304552814645
0.381208772172673
0.375035048271752
0.368836037460123
0.362662165176317
0.356561071480781
0.350577138748869
0.344751102669965
0.339119746162001
0.333715674446032
0.328567168320425
0.323698111619045
0.319127987924477
0.314871940832655
0.310940891430520
0.307341706157944
0.304077407886499
0.301147422867613
0.298547856185983
0.296271788501258
0.294309587166182
0.292649225259156
0.291276602643566
0.290175863837727
0.289329708216177
0.288719688829909
0.288326496895454
0.288130229727776
0.288110640552540
0.288247369209610
0.288520153240097
0.288909019231416
0.289394454584441
0.289957560077509
0.290580183750976
0.291245036744945
0.291935791811102
0.292637165306234
0.293334983572093
0.294016234721735
0.294669106985509
0.295283014914706
0.295848614885354
0.296357811472588
0.296803756360304
0.297180841494653
0.297484688169001
0.297712133634129
0.297861216657292
0.297931163211729
0.297922373175128
0.297836408567746
0.297675983488743
0.297444955535796
0.297148318140220
0.296792192938001
0.296383821041855
0.295931551891355
0.295444828240979
0.294934165797880
0.294411126034341
0.293888280763522
0.293379167166432
0.292898232080163
0.292460764489032
0.292082815292981
0.291781103556105
0.291572908563219
0.291475947138458
0.291508235815999
0.291687937610606
0.292033193326567
0.292561937579164
0.293291699990923
0.294239392369424
0.295421083072471
0.296851760212900
0.298545085835806
0.300513143698287
0.302766183775460
0.305312367084327
0.308157514838004
0.311304866298339
0.314754849969665
0.318504872961132
0.322549133434602
0.326878461050152
0.331480190226022
0.336338070851623
0.341432220838526
0.346739124572596
0.352231680944925
0.357879304190904
0.363648080252165
0.369500980787591
0.375398136286583
0.381297168966798
0.387153585258406
0.392921226676834
0.398552776762323
0.404000320519999
0.409215951441031
0.414152419746467
0.418763814003036
0.423006266758648
0.426838673384325
0.430223411947274
0.433127050735894
0.435521029072825
0.437382296341850
0.438693893770734
0.439445463494528
0.439633669804649
0.439262518286538
0.438343559769619
0.436895967653156
0.434946479213401
0.432529193915315
0.429685224510535
0.426462199757970
0.422913620904210
0.419098077548019
0.415078332121520
0.410920285875488
0.406691842875287
0.402461692005735
0.398298030247603
0.394267253417320
0.390432643040769
0.386853079944586
0.383581816378434
0.380665338920014
0.378142353965095
0.376042926191295
0.374387797957594
0.373187914146209
0.372444172492511
0.372147414049408
0.372278662206496
0.372809611788090
0.373703362385969
0.374915382477116
0.376394683295911
0.378085174154828
0.379927164224138
0.381858969970017
0.383818582772273
0.385745347927700
0.387581604478471
0.389274235220830
0.390776077921095
0.392047152201227
0.393055661695769
0.393778737798289
0.394202899417098
0.394324212395934
0.394148142323065
0.393689105006427
0.392969729558002
0.392019859411211
0.390875326292727
0.389576540792510
0.388166950357573
0.386691420948237
0.385194601967504
0.383719335198987
0.382305167242690
0.380987021287055
0.379794078067105
0.378748907701121
0.377866884045910
0.377155901635260
0.376616402627581
0.376241708019948
0.376018634271248
0.375928364026026
0.375947528449398
0.376049449341283
0.376205482196548
0.376386397118223
0.376563733247372
0.376711064270622
0.376805117564961
0.376826697430486
0.376761373271296
0.376599905988750
0.376338399601443
0.375978179463097
0.375525412625697
0.374990499099791
0.374387274252326
0.373732071703011
0.373042702315653
0.372337407884383
0.371633847733234
0.370948172734103
0.370294234460981
0.369682967785278
0.369121973786897
0.368615317140751
0.368163538944333
0.367763873106927
0.367410642718597
0.367095802966623
0.366809589743295
0.366541228499439
0.366279656353285
0.366014211970483
0.365735252089552
0.365434660395001
0.365106223197725
0.364745856415556
0.364351678934450
0.363923937837259
0.363464800513624
0.362978036697902
0.362468619535012
0.361942278516606
0.361405038406940
0.360862777114945
0.360320832065099
0.359783679323984
0.359254703024066
0.358736065043492
0.358228677042234
0.357732269404720
0.357245544932026
0.356766399709507
0.356292189778648
0.355820020257911
0.355347033434615
0.354870673993810
0.354388912737344
0.353900414547967
0.353404641564185
0.352901888106126
0.352393249380080
0.351880530969845
0.351366110238713
0.350852763745069
0.350343476451288
0.349841248823173
0.349348916933546
0.348868998553993
0.348403575185012
0.347954216335963
0.347521948456275
0.347107267074000
0.346710187230778
