0.011157974312892
0.011144528110151
0.011130463927294
0.011116100952598
0.011101768062785
0.011087797127090
0.011074516180640
0.011062242604195
0.011051276448613
0.011041894040870
0.011034342004241
0.011028831818265
0.011025535034587
0.011024579252790
0.011026044946149
0.011029963211105
0.011036314496482
0.011045028349368
0.011055984194572
0.011069013143948
0.011083900811179
0.011100391087109
0.011118190810927
0.011136975253762
0.011156394313985
0.011176079308054
0.011195650227405
0.011214723321023
0.011232918855095
0.011249868895816
0.011265224959027
0.011278665371163
0.011289902189760
0.011298687538709
0.011304819223311
0.011308145502812
0.011308568913387
0.011306049052062
0.011300604251648
0.011292312097906
0.011281308762613
0.011267787149385
0.011251993872719
0.011234225114165
0.011214821422485
0.011194161546497
0.011172655409772
0.011150736354857
0.011128852800970
0.011107459472767
0.011087008368479
0.011067939643288
0.011050672587993
0.011035596883724
0.011023064310615
0.011013381082002
0.011006800965824
0.011003519341824
0.011003668326840
0.011007313081440
0.011014449389560
0.011025002579150
0.011038827826464
0.011055711860076
0.011075376053433
0.011097480867314
0.011121631576438
0.011147385188234
0.011174258436942
0.011201736713268
0.011229283769239
0.011256352020115
0.011282393250651
0.011306869521894
0.011329264067435
0.011349091964715
0.011365910367756
0.011379328092681
0.011389014356395
0.011394706481920
0.011396216400766
0.011393435803156
0.011386339810639
0.011374989072109
0.011359530213099
0.011340194598947
0.011317295404413
0.011291223015007
0.011262438818095
0.011231467474072
0.011198887788970
0.011165322339216
0.011131426026179
0.011097873762205
0.011065347510499
0.011034522917944
0.011006055792520
0.010980568684892
0.010958637836978
0.010940780758484
0.010927444685675
0.010918996164934
0.010915711987129
0.010917771677662
0.010925251721659
0.010938121674433
0.010956242274590
0.010979365641544
0.011007137601297
0.011039102144863
0.011074707983294
0.011113317122702
0.011154215342657
0.011196624422674
0.011239715924861
0.011282626306978
0.011324473109729
0.011364371935817
0.011401453916587
0.011434883345520
0.011463875146830
0.011487711842211
0.011505759679639
0.011517483595175
0.011522460691889
0.011520391939246
0.011511111821352
0.011494595693019
0.011470964638173
0.011440487665319
0.011403581118758
0.011360805231548
0.011312857795843
0.011260564977550
0.011204869354256
0.011146815307230
0.011087531949093
0.011028213817536
0.010970099611362
0.010914449287340
0.010862519873951
0.010815540390470
0.010774686286215
0.010741053834647
0.010715634929866
0.010699292738564
0.010692738658353
0.010696511023610
0.010710955982425
0.010736210943160
0.010772190956778
0.010818578361823
0.010874815973360
0.010940104045855
0.011013401183698
0.011093429312675
0.011178682762092
0.011267441441454
0.011357788028631
0.011447629019419
0.011534719422361
0.011616690818807
0.011691082447474
0.011755374916298
0.011807026093144
0.011843508681834
0.011862348951844
0.011861166059598
0.011837711377193
0.011789907231085
0.011715884449127
0.011614018119532
0.011482960979982
0.011321673879024
0.011129452784921
0.010905951858818
0.010651202158938
0.010365625599862
0.010050043854897
0.009705681959374
0.009334166447153
0.008937517930813
0.008518138116607
0.008078791327149
0.007622580686654
0.007152919204198
0.006673496068498
0.006188238542083
0.005701269912102
0.005216864018367
0.004739396935524
0.004273296434505
0.003822989887912
0.003392851313972
0.002987148273690
0.002609989345437
0.002265272900176
0.001956637888855
0.001687417331242
0.001460595162937
0.001278767054879
0.001144105768003
0.001058331545469
0.001022687976980
0.001037923695130
0.001104280183512
0.001221485891751
0.001388756764848
0.001604803204633
0.001867843391008
0.002175622801386
0.002525439679651
0.002914176122319
0.003338334370720
0.003794077825083
0.004277276230409
0.004783554426130
0.005308344002410
0.005846937166491
0.006394542093107
0.006946339014289
0.007497536295938
0.008043425751640
0.008579436458059
0.009101186360837
0.009604530994660
0.010085608685612
0.010540881657346
0.010967172524114
0.011361695722422
0.011722083507870
0.012046406223493
0.012333186629388
0.012581408169358
0.012790517137349
0.012960418793367
0.013091467563984
0.013184451545181
0.013240571603987
0.013261415448928
0.013248927106612
0.013205372302038
0.013133300292336
0.013035502747140
0.012914970302959
0.012774847443328
0.012618386370989
0.012448900542680
0.012269718531370
0.012084138865209
0.011895386467338
0.011706571286586
0.011520649666590
0.011340388950718
0.011168335763307
0.011006788345007
0.010857773252609
0.010723026662618
0.010603980444254
0.010501753092648
0.010417145537963
0.010350641772149
0.010302414163182
0.010272333258104
0.010259981811816
0.010264672719593
0.010285470478234
0.010321215754643
0.010370552601870
0.010431957831854
0.010503772031603
0.010584231695514
0.010671501941139
0.010763709278829
0.010858973917098
0.010955441105072
0.011051311040346
0.011144866904639
0.011234500629935
0.011318736043702
0.011396249092399
0.011465884896870
0.011526671450508
0.011577829830220
0.011618780850216
0.011649148148528
0.011668757754956
0.011677634245830
0.011675993644783
0.011664233278677
0.011642918843333
0.011612768973914
0.011574637649342
0.011529494788326
0.011478405416275
0.011422507797186
0.011362990932486
0.011301071829789
0.011237972938636
0.011174900137866
0.011113021640550
0.011053448157910
0.010997214633853
0.010945263827290
0.010898431980934
0.010857436773563
0.010822867708508
0.010795179045251
0.010774685334274
0.010761559568503
0.010755833918693
0.010757402975609
0.010766029379691
0.010781351679686
0.010802894226083
0.010830078873749
0.010862238241277
0.010898630252712
0.010938453670690
0.010980864318952
0.011024991686571
0.011069955606248
0.011114882704439
0.011158922331741
0.011201261697594
0.011241139953566
0.011277860993841
0.011310804769520
0.011339436944420
0.011363316753552
0.011382102960839
0.011395557849096
0.011403549212326
0.011406050357134
0.011403138156083
0.011394989230263
0.011381874370807
0.011364151338927
0.011342256210759
0.011316693456556
0.011288024963107
0.011256858223450
0.011223833928800
0.011189613203977
0.011154864729474
0.011120251990700
0.011086420887996
0.011053987929908
0.011023529217284
0.010995570407259
0.010970577824574
0.010948950863404
0.010931015796354
0.010917021079110
0.010907134209968
0.010901440173527
0.010899941467981
0.010902559686051
0.010909138591263
0.010919448604565
0.010933192591484
0.010950012817797
0.010969498922174
0.010991196737943
0.011014617783163
0.011039249228807
0.011064564149153
0.011090031856515
0.011115128124184
0.011139345106829
0.011162200776398
0.011183247703684
0.011202081030743
0.011218345497055
0.011231741402329
0.011242029410687
0.011249034124295
0.011252646378769
0.011252824237539
0.011249592687170
0.011243042060144
0.011233325235133
0.011220653687146
0.011205292480509
0.011187554316185
0.011167792761183
0.011146394801282
0.011123772869074
0.011100356506962
0.011076583829342
0.011052892949614
0.011029713535920
0.011007458654747
0.010986517053743
0.010967246024694
0.010949964974534
0.010934949817095
0.010922428281094
0.010912576211176
0.010905514918853
0.010901309619478
