0.037070502444683
0.037100448640490
0.037142794046560
0.037195478014824
0.037255732158145
0.037320250669642
0.037385398408408
0.037447443422650
0.037502798873480
0.037548258577821
0.037581210659210
0.037599815068521
0.037603132937955
0.037591198726986
0.037565029723992
0.037526571457629
0.037478581697318
0.037424459721332
0.037368031147843
0.037313301624353
0.037264194855639
0.037224291670446
0.037196586992678
0.037183280669546
0.037185616161478
0.037203778227530
0.037236857117359
0.037282882628872
0.037338926969163
0.037401270945556
0.037465623897295
0.037527384224689
0.037581924616473
0.037624884303989
0.037652450006786
0.037661607732173
0.037650349229720
0.037617819585133
0.037564396002149
0.037491692043541
0.037402486216712
0.037300578502727
0.037190582939879
0.037077668396193
0.036967262943398
0.036864739569575
0.036775102192260
0.036702690982575
0.036650924883282
0.036622096973929
0.036617235147734
0.036636036620138
0.036676880336113
0.036736916659459
0.036812229100611
0.036898058551028
0.036989076798530
0.037079693215593
0.037164376605945
0.037237973366849
0.037296003412450
0.037334916677873
0.037352295391621
0.037346990516116
0.037319184617497
0.037270377706638
0.037203297044303
0.037121736269109
0.037030333241114
0.036934299471607
0.036839116740410
0.036750218338269
0.036672673216893
0.036610891141259
0.036568365732593
0.036547470136125
0.036549317066354
0.036573691340053
0.036619058905091
0.036682652038284
0.036760626058077
0.036848278818836
0.036940320651707
0.037031179496338
0.037115323896550
0.037187585433469
0.037243462110868
0.037279385200731
0.037292934053795
0.037282986273948
0.037249794287696
0.037194983507183
0.037121471750720
0.037033314092007
0.036935481597039
0.036833586225383
0.036733567295805
0.036641357160231
0.036562544961761
0.036502057498580
0.036463875267783
0.036450799778219
0.036464285318454
0.036504344718157
0.036569534465355
0.036657020084622
0.036762718202966
0.036881507489421
0.037007496891642
0.037134336516131
0.037255554271573
0.037364900127381
0.037456679583562
0.037526058695568
0.037569324683612
0.037584088664127
0.037569420213398
0.037525907121166
0.037455637607958
0.037362106251236
0.037250048686090
0.037125213627675
0.036994083743152
0.036863559252224
0.036740619766834
0.036631980741035
0.036543760979015
0.036481176966784
0.036448278407289
0.036447737333046
0.036480700649665
0.036546713048391
0.036643714046562
0.036768109607056
0.036914915486945
0.037077966303091
0.037250181402276
0.037423876098616
0.037591104790463
0.037744020975369
0.037875238307900
0.037978176632639
0.038047377390838
0.038078773935380
0.038069904059737
0.038020054389831
0.037930329114596
0.037803638728867
0.037644607898294
0.037459405081996
0.037255500008022
0.037041358330752
0.036826085656439
0.036619035465820
0.036429397176303
0.036265781584725
0.036135821163920
0.036045802138632
0.036000343964441
0.036002139840786
0.036051769304069
0.036147590896358
0.036285719538228
0.036460089712994
0.036662602060001
0.036883347637894
0.037110901101870
0.037332671467952
0.037535297111086
0.037705070230232
0.037828375247779
0.037892125494978
0.037884183041886
0.037793747604895
0.037611702031240
0.037330903825592
0.036946414446931
0.036455660558000
0.035858523949789
0.035157359390150
0.034356942068817
0.033464348552104
0.032488777154248
0.031441315326975
0.030334663026617
0.029182822014033
0.028000761664153
0.026804072107800
0.025608615407736
0.024430185002505
0.023284182863389
0.022185322738205
0.021147366544946
0.020182899479905
0.019303147776429
0.018517841354172
0.017835121899546
0.017261495281721
0.016801825698370
0.016459367619736
0.016235830509001
0.016131470480966
0.016145202546390
0.016274726887910
0.016516662721631
0.016866683697298
0.017319649445989
0.017869728752119
0.018510510851213
0.019235102475660
0.020036209424615
0.020906202560334
0.021837169175439
0.022820951586592
0.023849175552335
0.024913271661297
0.026004493178118
0.027113933966597
0.028232550041141
0.029351188045252
0.030460623542191
0.031551611454549
0.032614950334095
0.033641561408949
0.034622582568290
0.035549476630428
0.036414152421012
0.037209096386451
0.037927511704704
0.038563461153595
0.039112009379131
0.039569359698230
0.039932980198537
0.040201713690213
0.040375866047599
0.040457267676477
0.040449303273892
0.040356905722758
0.040186510882446
0.039945971186320
0.039644427310140
0.039292138689315
0.038900275281814
0.038480674628788
0.038045569879295
0.037607295936895
0.037177982172299
0.036769241151270
0.036391863484603
0.036055529166920
0.035768545601996
0.035537621905091
0.035367688041377
0.035261765940562
0.035220897978731
0.035244136214180
0.035328593592551
0.035469556093359
0.035660652572924
0.035894076961953
0.036160855585538
0.036451150762543
0.036754590567940
0.037060613746167
0.037358818268599
0.037639301939181
0.037892983759230
0.038111895442119
0.038289433487568
0.038420563542278
0.038501970342437
0.038532148304714
0.038511429754909
0.038441949805367
0.038327548961313
0.038173616598940
0.037986880459817
0.037775149190730
0.037547016667511
0.037311538316848
0.037077890832768
0.036855027518023
0.036651341913858
0.036474352372118
0.036330419741329
0.036224509369771
0.036160007179826
0.036138597667735
0.036160209384062
0.036223030829083
0.036323596853026
0.036456942701056
0.036616819918582
0.036795965572461
0.036986413786207
0.037179836562345
0.037367899386051
0.037542616260729
0.037696688677779
0.037823813594094
0.037918946769383
0.037978509750936
0.038000531300437
0.037984717018821
0.037932444199163
0.037846682364924
0.037731843363947
0.037593568120422
0.037438460040599
0.037273777484111
0.037107099537606
0.036945980477699
0.036797608736977
0.036668485876855
0.036564140046771
0.036488886726278
0.036445647290409
0.036435833219290
0.036459300719313
0.036514377276552
0.036597958370980
0.036705669389228
0.036832084824544
0.036970994273671
0.037115702643169
0.037259350452977
0.037395239239231
0.037517146851626
0.037619617924376
0.037698215957019
0.037749725225603
0.037772293082462
0.037765505994392
0.037730395793038
0.037669375927991
0.037586110870503
0.037485325055351
0.037372560712955
0.037253896484379
0.037135640695608
0.037024014485614
0.036924840556570
0.036843253101335
0.036783443460229
0.036748454304256
0.036740032714918
0.036758549548732
0.036802989087336
0.036871009356735
0.036959069842210
0.037062619824722
0.037176337409913
0.037294406684838
0.037410818465538
0.037519678899824
0.037615509830567
0.037693525325042
0.037749870107252
0.037781807717737
0.037787848952984
0.037767814352454
0.037722828028490
0.037655243779922
0.037568507996892
0.037466967161761
0.037355630605264
0.037239901441411
0.037125290165364
0.037017126181372
0.036920282500535
0.036838928021234
0.036776320230268
0.036734648929480
0.036714938822540
0.036717015636885
0.036739537071453
0.036780086426553
0.036835323463458
0.036901184026626
0.036973117394068
0.037046348332477
0.037116149526130
0.037178109491948
0.037228381320418
0.037263898587441
0.037282546520689
0.037283278892910
0.037266174036264
0.037232426679017
0.037184275827792
0.037124872469253
0.037058094252070
0.036988317344908
0.036920158174623
0.036858199580744
0.036806716961328
0.036769420156412
0.036749226091222
0.036748075605335
0.036766805500981
0.036805083776958
