0.030258195611761
0.030491554886100
0.030704600811927
0.030898118086965
0.031072996230576
0.031230222661824
0.031370876054032
0.031496119925428
0.031607196367796
0.031705419763316
0.031792170296950
0.031868887040130
0.031937060363159
0.031998223430170
0.032053942542431
0.032105806123649
0.032155412183973
0.032204354156775
0.032254205071912
0.032306500108917
0.032362717660319
0.032424259125902
0.032492427749453
0.032568406896721
0.032653238253098
0.032747800488189
0.032852788988707
0.032968697297760
0.033095800915284
0.033234144109159
0.033383530358191
0.033543516996448
0.033713414553592
0.033892291189361
0.034078982504042
0.034272106873644
0.034470086311950
0.034671172705763
0.034873479109132
0.035075015621891
0.035273729222702
0.035467546781872
0.035654420349614
0.035832373705634
0.035999549070247
0.036154252819074
0.036294999015717
0.036420549581520
0.036529949959733
0.036622559203203
0.036698073519137
0.036756542439728
0.036798376950559
0.036824349095987
0.036835582787619
0.036833535763238
0.036819972873424
0.036796931105373
0.036766676981762
0.036731657190481
0.036694443502351
0.036657673212714
0.036623986493485
0.036595962160204
0.036576053439752
0.036566525365753
0.036569395428194
0.036586379060562
0.036618841462052
0.036667757125509
0.036733678276262
0.036816713226416
0.036916515418128
0.037032283673342
0.037162773892603
0.037306322158718
0.037460878909479
0.037624053554753
0.037793168634622
0.037965322354221
0.038137458094448
0.038306439292411
0.038469127916946
0.038622464637892
0.038763548706758
0.038889715533951
0.038998609965358
0.039088253329203
0.039157102441797
0.039204098926006
0.039228707405446
0.039230941386226
0.039211375920817
0.039171146458912
0.039111933620673
0.039035933970765
0.038945817218734
0.038844670614198
0.038735931635520
0.038623310379868
0.038510703342984
0.038402100521350
0.038301487971267
0.038212748113140
0.038139560170524
0.038085303179030
0.038052963987994
0.038045052607333
0.038063527123982
0.038109730228852
0.038184339159885
0.038287330584185
0.038417961618290
0.038574767827409
0.038755578659620
0.038957550368192
0.039177216063473
0.039410552124478
0.039653059798977
0.039899860438914
0.040145802464448
0.040385577833328
0.040613845520578
0.040825359293368
0.041015096903475
0.041178387719323
0.041311035784683
0.041409435323471
0.041470675810144
0.041492633891823
0.041474049678938
0.041414585211759
0.041314863255352
0.041176484968535
0.041002025425520
0.040795006433366
0.040559846574534
0.040301788901571
0.040026807209734
0.039741492302476
0.039452920133528
0.039168504147466
0.038895834538413
0.038642507494684
0.038415947787701
0.038223228289271
0.038070890156592
0.037964767504774
0.037909820389305
0.037909979844580
0.037968008569574
0.038085380620026
0.038262183161608
0.038497042965676
0.038787079894767
0.039127889137080
0.039513553416635
0.039936685838865
0.040388503440837
0.040858930912649
0.041336733353595
0.041809676335422
0.042264710977293
0.042688181204339
0.043066049875001
0.043384140031708
0.043628387163990
0.043785098080844
0.043841211776513
0.043784557545933
0.043604105566372
0.043290205211981
0.042834806508130
0.042231660360806
0.041476493509553
0.040567154545353
0.039503727800834
0.038288612451105
0.036926564749945
0.035424701957536
0.033792467180925
0.032041555034737
0.030185798724814
0.028241019848429
0.026224842878710
0.024156476945377
0.022056468126561
0.019946426016174
0.017848728817478
0.015786211626896
0.013781842904848
0.011858394375965
0.010038109754530
0.008342377749426
0.006791414764617
0.005403962576885
0.004197006044138
0.003185515579271
0.002382218721615
0.001797404657892
0.001438764995661
0.001311273484492
0.001417106724418
0.001755607209419
0.002323289338273
0.003113888298874
0.004118451008296
0.005325467582260
0.006721041127128
0.008289093007106
0.010011600150448
0.011868860431488
0.013839781709462
0.015902189728349
0.018033149790559
0.020209296916283
0.022407169092613
0.024603538203764
0.026775733315380
0.028901951160056
0.030961548934085
0.032935314861651
0.034805712405523
0.036557094494448
0.038175884687636
0.039650722795457
0.040972573111638
0.042134794074012
0.043133168846000
0.043965896987307
0.044633548047451
0.045138978557853
0.045487214505952
0.045685301937488
0.045742128841065
0.045668221913816
0.045475522181051
0.045177143740337
0.044787120117031
0.044320142851030
0.043791296982032
0.043215798063381
0.042608735214307
0.041984824520574
0.041358176819136
0.040742083559336
0.040148824029199
0.039589496778535
0.039073877570539
0.038610305660139
0.038205599641073
0.037865003535394
0.037592163229575
0.037389132801396
0.037256409741719
0.037192997564870
0.037196493829879
0.037263201170437
0.037388258561341
0.037565789739538
0.037789065453306
0.038050676037251
0.038342710705591
0.038656939922423
0.038984997244542
0.039318557137874
0.039649505439240
0.039970099366536
0.040273114266560
0.040551974624219
0.040800867231968
0.041014834826032
0.041189848927451
0.041322861072371
0.041411832068004
0.041455739359365
0.041454563028238
0.041409251361539
0.041321667313288
0.041194517535726
0.041031265964292
0.040836034202972
0.040613491166466
0.040368734590735
0.040107167121579
0.039834369731292
0.039555975196456
0.039277544297127
0.039004447271731
0.038741752886580
0.038494127258723
0.038265744311335
0.038060209448217
0.037880497715037
0.037728907376759
0.037607029490937
0.037515733702497
0.037455170135046
0.037424786913717
0.037423362532170
0.037449051977937
0.037499445261752
0.037571636762767
0.037662303607049
0.037767791144613
0.037884203483017
0.038007496974470
0.038133574538932
0.038258378737126
0.038377981583143
0.038488669203889
0.038587019608598
0.038669972021901
0.038734886453645
0.038779592422541
0.038802426012900
0.038802254718245
0.038778489806138
0.038731086218999
0.038660530299852
0.038567815893928
0.038454409621498
0.038322206339029
0.038173476000542
0.038010803294972
0.037837021565539
0.037655142611346
0.037468284028329
0.037279595765726
0.037092187555797
0.036909058819726
0.036733032563435
0.036566694656102
0.036412339734816
0.036271924804928
0.036147031411599
0.036038837048596
0.035948096250427
0.035875131588682
0.035819834567980
0.035781676196346
0.035759726793895
0.035752684407063
0.035758911017155
0.035776475575610
0.035803202766821
0.035836726295335
0.035874545419264
0.035914083407015
0.035952746580253
0.035987982621955
0.036017336873596
0.036038505418056
0.036049383842696
0.036048110697249
0.036033104800580
0.036003095705346
0.035957146796235
0.035894670671750
0.035815436637288
0.035719570314394
0.035607545543615
0.035480168922433
0.035338557471936
0.035184110062930
0.035018473351469
0.034843503073075
0.034661221622407
0.034473772899863
0.034283375437799
0.034092274826848
0.033902696447650
0.033716799476309
0.033536633074544
0.033364095599859
0.033200897579372
0.033048529085977
0.032908232040085
0.032780977837374
0.032667450575906
0.032568036027726
0.032482816373739
0.032411570599056
0.032353780331934
0.032308640805087
0.032275076525761
0.032251761162129
0.032237141089555
0.032229461992023
0.032226797881890
0.032227081885185
0.032228138139465
0.032227714166050
0.032223513107097
0.032213225259063
0.032194558385871
0.032165266355741
0.032123175713074
0.032066209868820
0.031992410667429
0.031899957163489
