0.013851141388783
0.013820740629677
0.013792350650486
0.013766060015675
0.013741954670147
0.013720117778984
0.013700629569674
0.013683567177090
0.013669004491454
0.013657012009544
0.013647656689384
0.013641001808663
0.013637106827116
0.013636027253122
0.013637814514730
0.013642515835358
0.013650174114395
0.013660827812906
0.013674510844691
0.013691252472869
0.013711077212235
0.013734004737547
0.013760049797980
0.013789222137893
0.013821526424120
0.013856962179936
0.013895523725874
0.013937200127541
0.013981975150592
0.014029827222979
0.014080729404627
0.014134649364644
0.014191549366176
0.014251386259006
0.014314111479990
0.014379671061405
0.014448005647278
0.014519050517751
0.014592735621523
0.014668985616419
0.014747719918078
0.014828852756804
0.014912293242549
0.014997945438027
0.015085708439937
0.015175476468234
0.015267138963427
0.015360580691806
0.015455681858554
0.015552318228623
0.015650361255294
0.015749678216297
0.015850132357368
0.015951583043088
0.016053885914882
0.016156893055973
0.016260453163156
0.016364411725169
0.016468611207481
0.016572891243275
0.016677088830411
0.016781038534121
0.016884572695206
0.016987521643468
0.017089713916113
0.017190976480852
0.017291134963409
0.017390013879148
0.017487436868505
0.017583226935919
0.017677206691944
0.017769198598207
0.017859025214879
0.017946509450322
0.018031474812554
0.018113745662191
0.018193147466495
0.018269507054171
0.018342652870542
0.018412415232742
0.018478626584527
0.018541121750362
0.018599738188371
0.018654316241803
0.018704699388604
0.018750734488735
0.018792272028853
0.018829166363963
0.018861275955687
0.018888463606749
0.018910596691334
0.018927547380926
0.018939192865280
0.018945415568160
0.018946103357495
0.018941149749605
0.018930454107149
0.018913921830477
0.018891464542046
0.018863000263594
0.018828453585750
0.018787755829804
0.018740845201320
0.018687666935342
0.018628173432904
0.018562324388604
0.018490086908987
0.018411435621517
0.018326352773911
0.018234828323634
0.018136860017367
0.018032453460264
0.017921622174846
0.017804387649376
0.017680779375581
0.017550834875616
0.017414599718155
0.017272127523536
0.017123479957878
0.016968726716127
0.016807945493994
0.016641221948758
0.016468649648936
0.016290330012838
0.016106372236027
0.015916893207741
0.015722017416336
0.015521876843834
0.015316610849676
0.015106366043784
0.014891296149078
0.014671561853587
0.014447330652325
0.014218776679093
0.013986080528439
0.013749429067945
0.013509015241107
0.013265037861018
0.013017701395139
0.012767215741400
0.012513795995949
0.012257662212815
0.011999039155821
0.011738156043061
0.011475246284278
0.011210547211492
0.010944299803244
0.010676748402817
0.010408140430818
0.010138726092513
0.009868758080313
0.009598491271819
0.009328182423838
0.009058089862794
0.008788473171969
0.008519592875992
0.008251710123036
0.007985086365153
0.007719983037199
0.007456661234800
0.007195381391815
0.006936402957744
0.006679984075542
0.006426381260299
0.006175849079228
0.005928639833432
0.005685003241894
0.005445186128133
0.005209432109992
0.004977981292980
0.004751069967619
0.004528930311224
0.004311790094540
0.004099872393665
0.003893395307658
0.003692571682245
0.003497608840019
0.003308708317514
0.003126065609534
0.002949869921104
0.002780303927389
0.002617543541939
0.002461757693571
0.002313108112228
0.002171749124100
0.002037827456311
0.001911482051444
0.001792843892171
0.001682035836226
0.001579172461962
0.001484359924709
0.001397695824124
0.001319269082732
0.001249159835805
0.001187439332755
0.001134169850152
0.001089404616495
0.001053187748835
0.001025554201323
0.001006529725762
0.000996130844187
0.000994364833526
0.001001229722327
0.001016714299566
0.001040798135498
0.001073451614504
0.001114635979889
0.001164303390535
0.001222396989327
0.001288850983232
0.001363590734902
0.001446532865656
0.001537585369675
0.001636647739238
0.001743611100792
0.001858358361658
0.001980764367137
0.002110696067782
0.002248012696574
0.002392565955743
0.002544200212937
0.002702752706465
0.002868053759274
0.003039927001377
0.003218189600367
0.003402652499696
0.003593120664355
0.003789393333598
0.003991264280331
0.004198522076794
0.004410950366136
0.004628328139497
0.004850430018191
0.005077026540571
0.005307884453183
0.005542767005758
0.005781434249658
0.006023643339308
0.006269148836214
0.006517703015124
0.006769056171893
0.007022956932632
0.007279152563691
0.007537389282053
0.007797412565704
0.008058967463545
0.008321798904420
0.008585652004842
0.008850272374978
0.009115406422497
0.009380801653858
0.009646206972632
0.009911372974466
0.010176052238283
0.010439999613356
0.010702972501846
0.010964731136469
0.011225038852908
0.011483662356636
0.011740371983796
0.011994941955825
0.012247150627486
0.012496780728018
0.012743619595095
0.012987459401321
0.013228097372985
0.013465336000821
0.013698983242529
0.013928852716825
0.014154763888805
0.014376542246420
0.014594019467868
0.014807033579743
0.015015429105767
0.015219057205964
0.015417775806155
0.015611449717652
0.015799950747046
0.015983157796024
0.016160956951121
0.016333241563373
0.016499912317828
0.016660877292879
0.016816052009427
0.016965359469873
0.017108730186961
0.017246102202504
0.017377421096051
0.017502639983555
0.017621719506122
0.017734627808934
0.017841340510455
0.017941840662028
0.018036118698022
0.018124172376639
0.018206006711575
0.018281633894679
0.018351073209801
0.018414350938033
0.018471500254527
0.018522561117122
0.018567580146997
0.018606610501584
0.018639711739999
0.018666949681214
0.018688396255272
0.018704129347774
0.018714232637944
0.018718795430543
0.018717912481920
0.018711683820502
0.018700214562021
0.018683614719785
0.018661999010303
0.018635486654575
0.018604201175374
0.018568270190828
0.018527825204636
0.018483001393231
0.018433937390229
0.018380775068480
0.018323659320048
0.018262737834453
0.018198160875498
0.018130081057002
0.018058653117761
0.017984033696068
0.017906381104091
0.017825855102447
0.017742616675260
0.017656827806025
0.017568651254577
0.017478250335456
0.017385788697970
0.017291430108242
0.017195338233506
0.017097676428955
0.016998607527374
0.016898293631856
0.016796895911813
0.016694574402574
0.016591487808756
0.016487793311689
0.016383646381074
0.016279200591108
0.016174607441279
0.016070016182016
0.015965573645383
0.015861424080994
0.015757708997317
0.015654567008518
0.015552133686987
0.015450541421702
0.015349919282528
0.015250392890600
0.015152084294864
0.015055111854901
0.014959590130097
0.014865629775250
0.014773337442671
0.014682815690842
0.014594162899669
0.014507473192374
0.014422836364039
0.014340337816840
0.014260058501952
0.014182074868143
0.014106458817031
0.014033277664993
0.013962594111685
0.013894466215147
0.013828947373428
0.013766086312696
0.013705927081743
0.013648509052839
0.013593866928834
0.013542030756428
0.013493025945521
0.013446873294523
0.013403589021536
0.013363184801271
0.013325667807601
0.013291040761600
0.013259301984955
0.013230445458592
0.013204460886394
0.013181333763840
0.013161045451430
0.013143573252728
0.013128890496868
0.013116966625350
0.013107767282967
0.013101254412686
0.013097386354306
0.013096117946730
0.013097400633651
0.013101182572492
0.013107408746403
0.013116021079142
0.013126958552646
0.013140157327111
