0.002958515497113
0.002959161659024
0.002959798890736
0.002960426136350
0.002961043227162
0.002961650883989
0.002962250654675
0.002962844790902
0.002963436072709
0.002964027592971
0.002964622517032
0.002965223834732
0.002965834122829
0.002966455335406
0.002967088638143
0.002967734299477
0.002968391647851
0.002969059099615
0.002969734257128
0.002970414071470
0.002971095059257
0.002971773558784
0.002972446007396
0.002973109219822
0.002973760646496
0.002974398591672
0.002975022373443
0.002975632411482
0.002976230233263
0.002976818395323
0.002977400322511
0.002977980074528
0.002978562055131
0.002979150684488
0.002979750059015
0.002980363625213
0.002980993894212
0.002981642221935
0.002982308675836
0.002982992003401
0.002983689710161
0.002984398246493
0.002985113293444
0.002985830128921
0.002986544047605
0.002987250801501
0.002987947023901
0.002988630598115
0.002989300934118
0.002989959121293
0.002990607933714
0.002991251675485
0.002991895866839
0.002992546786217
0.002993210898076
0.002993894209717
0.002994601611314
0.002995336260682
0.002996099076636
0.002996888401615
0.002997699884821
0.002998526621865
0.002999359566173
0.003000188202697
0.003001001447503
0.003001788709888
0.003002541029584
0.003003252182998
0.003003919642073
0.003004545269421
0.003005135645375
0.003005701947024
0.003006259335390
0.003006825852567
0.003007420882394
0.003008063281493
0.003008769336637
0.003009550743606
0.003010412826135
0.003011353216464
0.003012361198089
0.003013417865482
0.003014497186485
0.003015567965137
0.003016596603255
0.003017550457770
0.003018401498825
0.003019129902773
0.003019727175310
0.003020198401816
0.003020563269609
0.003020855600724
0.003021121269158
0.003021414542833
0.003021793072512
0.003022311928490
0.003023017239901
0.003023940100313
0.003025091448807
0.003026458605548
0.003028004029588
0.003029666678239
0.003031366094900
0.003033009058222
0.003034498319192
0.003035742668599
0.003036667350250
0.003037223697495
0.003037396846876
0.003037210487022
0.003036727833722
0.003036048368880
0.003035300312608
0.003034629272460
0.003034183981108
0.003034100439790
0.003034486077640
0.003035405673737
0.003036870740501
0.003038833824254
0.003041188752882
0.003043777285348
0.003046401946245
0.003048844129103
0.003050885900999
0.003052333414919
0.003053039503151
0.003052922935808
0.003051982010525
0.003050300591030
0.003048045402075
0.003045454255830
0.003042815846568
0.003040442706517
0.003038639761216
0.003037671558031
0.003037731584396
0.003038917087817
0.003041212437079
0.003044483341946
0.003048483234249
0.003052871898729
0.003057245146000
0.003061173076535
0.003064243429031
0.003066105761419
0.003066511874317
0.003065348012559
0.003062654982669
0.003058633364952
0.003053632392804
0.003048122692121
0.003042654763525
0.003037806677854
0.003034125770914
0.003032070016684
0.003031955114042
0.003033913075251
0.003037867246968
0.003043527280087
0.003050405705663
0.003057855633068
0.003065126862454
0.003071435614187
0.003076041338797
0.003078322874878
0.003077845719515
0.003074412457206
0.003068089480060
0.003059204969517
0.003048315569887
0.003036142073222
0.003023477510003
0.003011074027416
0.002999517556742
0.002989101262350
0.002979709908425
0.002970727421499
0.002960978992871
0.002948717071205
0.002931657650226
0.002907069554695
0.002871915238170
0.002823037250350
0.002757380360413
0.002672235685915
0.002565490396084
0.002435864898781
0.002283119067318
0.002108210104687
0.001913387059183
0.001702210668682
0.001479491890913
0.001251147858088
0.001023979696524
0.000805382260944
0.000603000930317
0.000424354807654
0.000276448629175
0.000165397173385
0.000096085828063
0.000071889200751
0.000094466344857
0.000163646532270
0.000277413847841
0.000431992601368
0.000622029087699
0.000840859029673
0.001080844548403
0.001333760107008
0.001591203873882
0.001845009555115
0.002087634040526
0.002312498159333
0.002514261295318
0.002689015305920
0.002834388776644
0.002949558712963
0.003035172889149
0.003093191803686
0.003126664136765
0.003139453435033
0.003135936219236
0.003120692684395
0.003098210616148
0.003072621170435
0.003047481950203
0.003025618642228
0.003009031692588
0.002998869479065
0.002995464566249
0.002998425263264
0.003006771152109
0.003019098749785
0.003033762153107
0.003049053436265
0.003063368674362
0.003075347606656
0.003083977910273
0.003088658551967
0.003089220413861
0.003085906035508
0.003079313586006
0.003070312827145
0.003059942665143
0.003049300804053
0.003039435979784
0.003031252323070
0.003025433699162
0.003022393588212
0.003022253431518
0.003024849623558
0.003029766724565
0.003036392226241
0.003043986505064
0.003051760567993
0.003058953893549
0.003064905088784
0.003069109146430
0.003071256668425
0.003071252351949
0.003069212118070
0.003065440300776
0.003060390118695
0.003054612065432
0.003048695762923
0.003043211163156
0.003038654750644
0.003035405639075
0.003033695266394
0.003033592905694
0.003035007580147
0.003037705361349
0.003041339595658
0.003045490473076
0.003049709623729
0.003053565150846
0.003056682693128
0.003058778714775
0.003059683170137
0.003059349873359
0.003057854194341
0.003055378968633
0.003052190626300
0.003048608409369
0.003044970084915
0.003041597732874
0.003038766994328
0.003036682643929
0.003035462567702
0.003035131275938
0.003035623064720
0.003036793964836
0.003038440780253
0.003040324898075
0.003042198200199
0.003043828345705
0.003045020913487
0.003045636359167
0.003045600388028
0.003044907099744
0.003043615037409
0.003041836990853
0.003039724991560
0.003037452339919
0.003035194693820
0.003033112213773
0.003031334520759
0.003029949816455
0.003028998994465
0.003028474997863
0.003028327116463
0.003028469425555
0.003028792193677
0.003029174862310
0.003029499138642
0.003029660839237
0.003029579355829
0.003029203949973
0.003028516477386
0.003027530548993
0.003026287509370
0.003024849916755
0.003023293414891
0.003021697981194
0.003020139516964
0.003018682624979
0.003017375219366
0.003016245360760
0.003015300438236
0.003014528559694
0.003013901791406
0.003013380725955
0.003012919767790
0.003012472510121
0.003011996630445
0.003011457841804
0.003010832585415
0.003010109317220
0.003009288405995
0.003008380806108
0.003007405779830
0.003006388013897
0.003005354499739
0.003004331528928
0.003003342101900
0.003002403968930
0.003001528429458
0.003000719921091
0.002999976343417
0.002999289992565
0.002998648935441
0.002998038629893
0.002997443597841
0.002996848979248
0.002996241830585
0.002995612076105
0.002994953067780
0.002994261754542
0.002993538499373
0.002992786610848
0.002992011672749
0.002991220761406
0.002990421636869
0.002989621982878
0.002988828754454
0.002988047673247
0.002987282891879
0.002986536831187
0.002985810179764
0.002985102034169
0.002984410150861
0.002983731276969
0.002983061526127
0.002982396767004
0.002981732995401
0.002981066665201
0.002980394958633
0.002979715981920
0.002979028878150
0.002978333854861
0.002977632129329
0.002976925799542
0.002976217653231
0.002975510930909
0.002974809061337
0.002974115389199
0.002973432914710
0.002972764063593
0.002972110503245
0.002971473017262
0.002970851446030
0.002970244696155
0.002969650816476
0.002969067133683
0.002968490436470
0.002967917193963
0.002967343792152
0.002966766771239
0.002966183047247
0.002965590102867
