0.002786587392036
0.002786936347311
0.002787450177102
0.002788108076078
0.002788881775377
0.002789736759903
0.002790633809333
0.002791530794342
0.002792384646110
0.002793153407466
0.002793798268534
0.002794285488803
0.002794588111308
0.002794687382941
0.002794573807495
0.002794247774377
0.002793719725248
0.002793009842351
0.002792147264870
0.002791168862414
0.002790117616425
0.002789040679974
0.002787987203070
0.002787006023376
0.002786143330463
0.002785440414923
0.002784931611646
0.002784642539210
0.002784588725066
0.002784774689343
0.002785193539539
0.002785827104853
0.002786646613683
0.002787613891866
0.002788683033973
0.002789802476417
0.002790917380614
0.002791972217880
0.002792913436037
0.002793692081515
0.002794266250428
0.002794603247853
0.002794681346119
0.002794491049947
0.002794035798047
0.002793332056279
0.002792408785693
0.002791306298252
0.002790074542585
0.002788770890155
0.002787457517540
0.002786198501790
0.002785056761906
0.002784090989630
0.002783352716254
0.002782883658747
0.002782713478253
0.002782858067181
0.002783318458433
0.002784080422694
0.002785114788374
0.002786378485130
0.002787816277494
0.002789363121522
0.002790947046254
0.002792492434628
0.002793923556629
0.002795168192178
0.002796161173248
0.002796847674642
0.002797186090867
0.002797150352411
0.002796731557893
0.002795938828150
0.002794799322959
0.002793357399408
0.002791672931095
0.002789818847538
0.002787877991528
0.002785939426811
0.002784094357701
0.002782431844535
0.002781034513029
0.002779974460781
0.002779309559867
0.002779080340727
0.002779307619693
0.002779991001513
0.002781108350191
0.002782616278174
0.002784451657122
0.002786534105387
0.002788769360114
0.002791053397742
0.002793277127878
0.002795331453828
0.002797112470374
0.002798526556733
0.002799495121129
0.002799958763179
0.002799880641355
0.002799248864350
0.002798077766080
0.002796407972673
0.002794305223984
0.002791857969690
0.002789173818102
0.002786374971989
0.002783592837075
0.002780962033111
0.002778614072141
0.002776670991943
0.002775239243287
0.002774404126640
0.002774225057092
0.002774731905949
0.002775922624620
0.002777762302750
0.002780183750207
0.002783089624083
0.002786356050358
0.002789837618498
0.002793373559263
0.002796794854705
0.002799931977706
0.002802622919170
0.002804721136258
0.002806103046559
0.002806674701555
0.002806377298512
0.002805191232189
0.002803138445250
0.002800282906754
0.002796729128858
0.002792618719437
0.002788125059043
0.002783446280371
0.002778796813046
0.002774397832096
0.002770467011116
0.002767208027601
0.002764800295502
0.002763389406812
0.002763078748938
0.002763922727503
0.002765921966085
0.002769020776952
0.002773107102988
0.002778015024232
0.002783529807208
0.002789395356278
0.002795323808893
0.002801006906110
0.002806128671411
0.002810378849537
0.002813466497094
0.002815133081713
0.002815164439126
0.002813400959157
0.002809745422735
0.002804167991503
0.002796707957349
0.002787471987661
0.002776628748789
0.002764399949577
0.002751048012480
0.002736860745007
0.002722133541846
0.002707149790932
0.002692160278267
0.002677362480176
0.002662880692842
0.002648747973125
0.002634890849166
0.002621117702913
0.002607111629759
0.002592428445127
0.002576500337692
0.002558645469315
0.002538083599246
0.002513957572649
0.002485360269709
0.002451366370786
0.002411068064955
0.002363613623154
0.002308247582066
0.002244351148830
0.002171481346569
0.002089407381910
0.001998142731670
0.001897971518357
0.001789467872582
0.001673507162252
0.001551268198878
0.001424225803727
0.001294133422491
0.001162995806582
0.001033032121062
0.000906630181509
0.000786292852658
0.000674577948131
0.000574033241382
0.000487128422397
0.000416186003551
0.000363313283681
0.000330337516655
0.000318746396280
0.000329635862882
0.000363667060121
0.000421034028248
0.000501443418929
0.000604107166105
0.000727748658245
0.000870622542330
0.001030547862730
0.001204953813202
0.001390936971953
0.001585328512296
0.001784769547945
0.001985792494466
0.002184906116607
0.002378681793262
0.002563838472722
0.002737323813606
0.002896389110923
0.003038655789395
0.003162171501574
0.003265454188157
0.003347522831766
0.003407914050820
0.003446684123105
0.003464396484391
0.003462095200583
0.003441265347269
0.003403781633485
0.003351846963640
0.003287922931004
0.003214654468196
0.003134791037231
0.003051106819267
0.002966322360080
0.002883030042482
0.002803625595001
0.002730247613412
0.002664726777041
0.002608546095701
0.002562813138419
0.002528244785229
0.002505164622828
0.002493512688284
0.002492866866642
0.002502474881518
0.002521295494822
0.002548047262935
0.002581262990308
0.002619347883566
0.002660639343136
0.002703466336024
0.002746206370893
0.002787338240632
0.002825488901660
0.002859473114616
0.002888324767515
0.002911319128410
0.002927985617666
0.002938111037353
0.002941733534518
0.002939127894044
0.002930783044531
0.002917372907540
0.002899721918749
0.002878766693190
0.002855515392101
0.002831006374547
0.002806267683630
0.002782278827780
0.002759936177356
0.002740023112193
0.002723185835235
0.002709915520150
0.002700537197166
0.002695205511543
0.002693907223669
0.002696470068560
0.002702577364735
0.002711787565940
0.002723557790516
0.002737270247325
0.002752260406962
0.002767845743945
0.002783353898819
0.002798149176438
0.002811656403839
0.002823381312760
0.002832926781188
0.002840004457849
0.002844441495118
0.002846182321062
0.002845285582019
0.002841916575403
0.002836335661270
0.002828883284414
0.002819962351642
0.002810018787676
0.002799521136050
0.002788940077619
0.002778728710065
0.002769304369237
0.002761032681044
0.002754214415624
0.002749075579185
0.002745761029499
0.002744331745052
0.002744765721917
0.002746962322895
0.002750749766406
0.002755895323099
0.002762117690728
0.002769100945670
0.002776509424856
0.002784002875695
0.002791251223685
0.002797948346248
0.002803824304646
0.002808655569946
0.002812272879972
0.002814566477061
0.002815488596181
0.002815053194324
0.002813333029866
0.002810454309896
0.002806589220085
0.002801946731687
0.002796762140920
0.002791285835286
0.002785771798270
0.002780466358371
0.002775597661352
0.002771366297899
0.002767937455022
0.002765434881823
0.002763936872429
0.002763474375040
0.002764031240331
0.002765546529110
0.002767918712099
0.002771011517520
0.002774661117962
0.002778684299037
0.002782887220484
0.002787074366313
0.002791057284593
0.002794662738767
0.002797739929551
0.002800166497465
0.002801853078274
0.002802746253965
0.002802829817176
0.002802124343696
0.002800685142398
0.002798598721604
0.002795977972348
0.002792956319997
0.002789681134130
0.002786306711164
0.002782987154246
0.002779869470337
0.002777087185791
0.002774754750310
0.002772962956587
0.002771775551493
0.002771227156775
0.002771322555672
0.002772037339392
0.002773319846916
0.002775094275629
0.002777264791251
0.002779720425470
0.002782340520026
0.002785000457947
0.002787577416581
0.002789955883036
0.002792032690080
0.002793721358330
0.002794955567244
0.002795691621157
0.002795909825182
0.002795614737036
0.002794834312301
0.002793618010044
0.002792033970901
0.002790165418774
0.002788106468573
0.002785957544756
0.002783820627988
0.002781794549700
0.002779970546839
0.002778428272205
0.002777232430464
0.002776430177532
0.002776049383190
