2.067650713385353741e-19
2.077989099657969762e-19
2.087213056516903273e-19
2.095155200277624297e-19
2.101675270055308729e-19
2.106664210318206594e-19
2.110045644414179707e-19
2.111779482186899355e-19
2.111860242711474230e-19
2.110316566423700932e-19
2.107209617045781077e-19
2.102628747322760654e-19
2.096687995737561088e-19
2.089521979972739583e-19
2.081280765542619625e-19
2.072123806881145573e-19
2.062216881298310330e-19
2.051726479578058871e-19
2.040814977330904568e-19
2.029639572972096366e-19
2.018345051848190582e-19
2.007065658607476971e-19
1.995920720200949594e-19
1.985014741434691151e-19
1.974436948082147592e-19
1.964259953423140643e-19
1.954542332981746671e-19
1.945328306525624247e-19
1.936648242052079241e-19
1.928522122608891738e-19
1.920958984741690218e-19
1.913960757962762153e-19
1.907520625824008938e-19
1.901628186598928991e-19
1.896268444936039372e-19
1.891424879759174339e-19
1.887078928994504449e-19
1.883212317232357870e-19
1.879807339201141954e-19
1.876847012055860070e-19
1.874316664836507343e-19
1.872202622979397514e-19
1.870493865357559637e-19
1.869179404964760147e-19
1.868252147296325124e-19
1.867705014908801803e-19
1.867532700054906397e-19
1.867730482084316843e-19
1.868294925524716937e-19
1.869223408067709556e-19
1.870514100380176805e-19
1.872166039235858224e-19
1.874178927438724619e-19
1.876553349193911771e-19
1.879291180978200660e-19
1.882394216081555716e-19
1.885865047702951900e-19
1.889706010984926146e-19
1.893918434058985162e-19
1.898501852710012657e-19
1.903453555897319459e-19
1.908765600845761710e-19
1.914425144646023105e-19
1.920411842463532964e-19
1.926697201949118431e-19
1.933242296536040016e-19
1.939998485427340518e-19
1.946904110458847371e-19
1.953887170664228499e-19
1.960863480116508447e-19
1.967738341960985423e-19
1.974408759361499443e-19
1.980763236866161109e-19
1.986687428461397146e-19
1.992064123912238584e-19
1.996778449939922805e-19
2.000720472163431996e-19
2.003788805466500667e-19
2.005894216489628019e-19
2.006962713586883121e-19
2.006938109757154085e-19
2.005784770880533866e-19
2.003488908744325983e-19
2.000060066419946134e-19
1.995531381430745072e-19
1.989959548735198617e-19
1.983423882752870783e-19
1.976024939607240532e-19
1.967882409808234306e-19
1.959132746376595304e-19
1.949926419243561811e-19
1.940424551631334585e-19
1.930795538012139155e-19
1.921211701126325105e-19
1.911845635253288639e-19
1.902866546444525947e-19
1.894437095079802388e-19
1.886709863088913923e-19
1.879824458807855145e-19
1.873904701634553864e-19
1.869056136877067813e-19
1.865363971037517104e-19
1.862891394613985342e-19
1.861678263679232712e-19
1.861740451604170350e-19
1.863069505245843737e-19
1.865632963927568584e-19
1.869375315568783189e-19
1.874219303102538101e-19
1.880068034294034469e-19
1.886807499050454565e-19
1.894309533192637986e-19
1.902435327781782142e-19
1.911039072914782342e-19
1.919971824759831754e-19
1.929085538329084546e-19
1.938236803505789154e-19
1.947290331707932430e-19
1.956122218314600319e-19
1.964622610178570042e-19
1.972697755573285394e-19
1.980271313571395804e-19
1.987284978453548021e-19
1.993699046220496050e-19
1.999491359256569837e-19
2.004656308216138529e-19
2.009203741783049951e-19
2.013156760871147815e-19
2.016549880300794410e-19
2.019426953248146877e-19
2.021838724102367144e-19
2.023841239961176116e-19
2.025492996836876037e-19
2.026853647965762442e-19
2.027981723655841596e-19
2.028932497329432035e-19
2.029756988335793817e-19
2.030499187096868689e-19
2.031195438028935991e-19
2.031872234952310789e-19
2.032545212187920644e-19
2.033218515294417189e-19
2.033883446037730224e-19
2.034519355239875296e-19
2.035093838245156117e-19
2.035563770851659384e-19
2.035877312982611551e-19
2.035976870365250468e-19
2.035801469277376807e-19
2.035291168440672253e-19
2.034390825514301532e-19
2.033053545320420611e-19
2.031245566802204157e-19
2.028948856296902351e-19
2.026164487926101114e-19
2.022915328198859165e-19
2.019245111779670500e-19
2.015220579473205768e-19
2.010929612646458404e-19
2.006478562220594645e-19
2.001988938165451673e-19
1.997594097048534255e-19
1.993432688860496653e-19
1.989644312887175595e-19
1.986363379180399653e-19
1.983712786414081285e-19
1.981798474325901961e-19
1.980704518351369559e-19
1.980488198471155806e-19
1.981175655776132055e-19
1.982760873736868052e-19
1.985201226193807607e-19
1.988420510076089437e-19
1.992306835639538950e-19
1.996717798757526308e-19
2.001481475831064888e-19
2.006402756172968678e-19
2.011270083420086339e-19
2.015860275765054732e-19
2.019948806467343565e-19
2.023316925594942401e-19
2.025758758275982561e-19
2.027092632967448219e-19
2.027164818725813548e-19
2.025859775068951618e-19
2.023103028591877528e-19
2.018866667106785986e-19
2.013169626554304286e-19
2.006078787979758098e-19
1.997706672296060634e-19
1.988208111379257954e-19
1.977772658579841457e-19
1.966618962161502264e-19
1.954986073770825688e-19
1.943123459938723449e-19
1.931282413695075523e-19
1.919706060041014591e-19
1.908622039246126189e-19
1.898233257174733538e-19
1.888713045561564862e-19
