0.020128665527183
0.020129842342843
0.020131017903974
0.020132189978492
0.020133356446450
0.020134515365175
0.020135665025579
0.020136803996189
0.020137931151896
0.020139045685270
0.020140147099508
0.020141235183555
0.020142309971421
0.020143371689136
0.020144420693834
0.020145457410115
0.020146482268880
0.020147495653386
0.020148497856292
0.020149489050194
0.020150469272609
0.020151438424985
0.020152396284023
0.020153342522749
0.020154276738328
0.020155198483610
0.020156107299807
0.020157002748344
0.020157884440697
0.020158752065737
0.020159605414635
0.020160444403583
0.020161269094569
0.020162079714029
0.020162876668743
0.020163660557718
0.020164432178374
0.020165192525120
0.020165942778514
0.020166684283693
0.020167418517558
0.020168147045268
0.020168871467710
0.020169593362709
0.020170314223531
0.020171035398684
0.020171758037024
0.020172483041703
0.020173211035620
0.020173942339956
0.020174676966094
0.020175414620105
0.020176154718070
0.020176896409885
0.020177638609100
0.020178380026478
0.020179119205529
0.020179854558920
0.020180584405360
0.020181307007114
0.020182020608574
0.020182723476308
0.020183413940632
0.020184090438181
0.020184751554194
0.020185396062579
0.020186022961285
0.020186631500320
0.020187221200000
0.020187791857578
0.020188343541403
0.020188876572899
0.020189391497907
0.020189889049976
0.020190370108956
0.020190835658605
0.020191286746689
0.020191724450493
0.020192149849589
0.020192564006557
0.020192967955093
0.020193362693927
0.020193749184294
0.020194128348466
0.020194501067099
0.020194868173861
0.020195230446729
0.020195588596477
0.020195943253838
0.020196294957579
0.020196644146019
0.020196991154388
0.020197336219776
0.020197679494473
0.020198021067289
0.020198360991267
0.020198699315217
0.020199036115861
0.020199371527196
0.020199705764057
0.020200039137581
0.020200372061361
0.020200705048299
0.020201038699244
0.020201373685400
0.020201710726970
0.020202050570495
0.020202393966995
0.020202741652233
0.020203094329565
0.020203452654923
0.020203817222766
0.020204188551516
0.020204567067011
0.020204953082979
0.020205346778345
0.020205748172088
0.020206157097320
0.020206573176902
0.020206995803240
0.020207424124613
0.020207857039651
0.020208293200313
0.020208731022145
0.020209168698862
0.020209604216692
0.020210035362525
0.020210459718987
0.020210874639046
0.020211277192676
0.020211664078272
0.020212031491708
0.020212374945862
0.020212689032911
0.020212967120328
0.020213200969379
0.020213380261705
0.020213492015598
0.020213519868832
0.020213443199724
0.020213236052789
0.020212865830140
0.020212291705055
0.020211462710044
0.020210315448527
0.020208771377000
0.020206733603468
0.020204083148142
0.020200674614136
0.020196331219615
0.020190839148988
0.020183941190057
0.020175329637415
0.020164638460661
0.020151434760344
0.020135209565714
0.020115368067278
0.020091219424174
0.020061966341735
0.020026694677821
0.019984363406651
0.019933795344447
0.019873669119809
0.019802512950639
0.019718700864802
0.019620452069408
0.019505834228586
0.019372771446517
0.019219057765369
0.019042376970461
0.018840329441403
0.018610466692125
0.018350334099486
0.018057522125522
0.017729726089760
0.017364814245459
0.016960903559426
0.016516442195277
0.016030297264084
0.015501845947847
0.014931067637650
0.014318634281072
0.013665995726938
0.012975456517002
0.012250240331837
0.011494538180416
0.010713536455767
0.009913421185322
0.009101355201010
0.008285425549923
0.007474559261530
0.006678406570876
0.005907191846501
0.005171533752142
0.004482237536297
0.003850063736266
0.003285478937867
0.002798395476938
0.002397908030348
0.002092035850388
0.001887479881550
0.001789404108090
0.001801250175320
0.001924593587691
0.002159048615372
0.002502227465982
0.002949757351981
0.003495356883924
0.004130970842914
0.004846959946693
0.005632339847534
0.006475061414458
0.007362322480412
0.008280899787139
0.009217488925900
0.010159039713050
0.011093074685157
0.012007979242808
0.012893253373313
0.013739716763906
0.014539661372865
0.015286948027401
0.015977046221176
0.016607018842885
0.017175455937981
0.017682363660607
0.018129016207688
0.018517779667697
0.018851917322432
0.019135386007122
0.019372632692451
0.019568399563085
0.019727544617337
0.019854883305607
0.019955055074075
0.020032416997970
0.020090965080957
0.020134282354071
0.020165511699552
0.020187350398445
0.020202062778199
0.020211507016060
0.020217172113372
0.020220221255835
0.020221538164442
0.020221773564350
0.020221389496494
0.020220699815412
0.020219905810146
0.020219126417055
0.020218422939082
0.020217818532170
0.020217312963335
0.020216893292340
0.020216541192378
0.020216237621249
0.020215965501276
0.020215710981542
0.020215463755807
0.020215216806490
0.020214965848932
0.020214708666624
0.020214444460064
0.020214173279833
0.020213895576952
0.020213611878212
0.020213322578404
0.020213027832411
0.020212727526034
0.020212421303358
0.020212108629501
0.020211788869940
0.020211461370882
0.020211125529092
0.020210780843830
0.020210426947845
0.020210063618290
0.020209690771527
0.020209308447877
0.020208916793107
0.020208516042901
0.020208106514911
0.020207688610525
0.020207262825821
0.020206829768664
0.020206390177114
0.020205944933551
0.020205495069220
0.020205041755346
0.020204586279121
0.020204130005407
0.020203674327466
0.020203220611920
0.020202770144160
0.020202324080431
0.020201883411728
0.020201448942800
0.020201021287174
0.020200600876692
0.020200187982010
0.020199782739092
0.020199385176331
0.020198995237335
0.020198612795776
0.020198237660495
0.020197869571124
0.020197508186330
0.020197153068128
0.020196803666365
0.020196459307241
0.020196119188877
0.020195782385438
0.020195447859688
0.020195114482224
0.020194781054507
0.020194446332183
0.020194109045404
0.020193767913602
0.020193421653572
0.020193068981217
0.020192708608868
0.020192339241171
0.020191959573136
0.020191568293755
0.020191164097748
0.020190745706588
0.020190311898250
0.020189861543357
0.020189393643993
0.020188907370542
0.020188402091774
0.020187877393984
0.020187333086309
0.020186769191083
0.020186185920118
0.020185583639640
0.020184962828103
0.020184324031966
0.020183667824650
0.020182994773279
0.020182305416576
0.020181600255689
0.020180879757911
0.020180144371662
0.020179394549824
0.020178630777778
0.020177853602387
0.020177063658523
0.020176261690615
0.020175448567685
0.020174625291417
0.020173792997631
0.020172952952062
0.020172106541441
0.020171255260653
0.020170400696182
0.020169544505503
0.020168688391511
0.020167834070867
0.020166983235241
0.020166137505025
0.020165298375995
0.020164467160634
0.020163644927031
0.020162832439388
0.020162030104845
0.020161237931499
0.020160455502012
0.020159681966134
0.020158916053847
0.020158156108975
0.020157400141151
0.020156645892282
0.020155890912405
0.020155132639129
0.020154368474935
0.020153595857310
0.020152812317966
0.020152015529027
0.020151203335814
0.020150373777419
0.020149525097528
0.020148655748656
0.020147764393121
0.020146849903725
0.020145911366310
0.020144948085355
0.020143959592698
0.020142945658579
0.020141906303575
0.020140841809781
0.020139752729722
0.020138639891922
0.020137504402698
0.020136347644329
0.020135171270282
0.020133977198334
0.020132767602336
0.020131544902899
0.020130311756581
0.020129071042341
