0.010714012648462
0.010388184648897
0.010043213825674
0.009689603974263
0.009338775047778
0.009002710806218
0.008693576006723
0.008423316647013
0.008203257444450
0.008043710838776
0.007953611355829
0.007940188193945
0.008008687447004
0.008162153528555
0.008401277194508
0.008724315171356
0.009127083881734
0.009603027219016
0.010143355853547
0.010737253243838
0.011372141454686
0.012033998115833
0.012707714439518
0.013377483187289
0.014027204853403
0.014640900115968
0.015203116784452
0.015699320016714
0.016116255452286
0.016442276063789
0.016667624911179
0.016784667535391
0.016788069388814
0.016674915410073
0.016444770552746
0.016099681719221
0.015644123085226
0.015084888187915
0.014430933359111
0.013693178091740
0.012884268716654
0.012018312331760
0.011110588266398
0.010177244488596
0.009234986284850
0.008300764279837
0.007391468439426
0.006523634139841
0.005713165715674
0.004975082147457
0.004323288742985
0.003770377831987
0.003327460655504
0.003004031811768
0.002807866838824
0.002744952787019
0.002819450974848
0.003033690539479
0.003388190895181
0.003881710802535
0.004511321429701
0.005272500552443
0.006159244888462
0.007164197488345
0.008278787103190
0.009493376509834
0.010797416890043
0.012179605520930
0.013628044231482
0.015130396305405
0.016674039755276
0.018246215149471
0.019834166434408
0.021425273454137
0.023007175121925
0.024567882439703
0.026095880787650
0.027580221115011
0.029010599852694
0.030377427537106
0.031671886282625
0.032885976367172
0.034012552302109
0.035045348845189
0.035978997484677
0.036809033975694
0.037531897547822
0.038144922427758
0.038646322334151
0.039035168605212
0.039311362614965
0.039475603122555
0.039529349182263
0.039474779220840
0.039314746864814
0.039052734074133
0.038692802110851
0.038239540843107
0.037698016855798
0.037073720810555
0.036372514469114
0.035600577766130
0.034764356289967
0.033870509503118
0.032925860007644
0.031937344135319
0.030911964117067
0.029856742061625
0.028778675949223
0.027684697822338
0.026581634332217
0.025476169776938
0.024374811744201
0.023283859449917
0.022209374841977
0.021157156517432
0.020132716480737
0.019141259750820
0.018187666805584
0.017276478834167
0.016411885749937
0.015597716900891
0.014837434398940
0.014134128975609
0.013490518258974
0.012908947355297
0.012391391608880
0.011939461405077
0.011554408874321
0.011237136349335
0.010988206423454
0.010807853455152
0.010695996362390
0.010652252550221
0.010675952816172
0.010766157080167
0.010921670789088
0.011141061850390
0.011422677954421
0.011764664151104
0.012164980553381
0.012621420047098
0.013131625894817
0.013693109129215
0.014303265640198
0.014959392868470
0.015658706027097
0.016398353781304
0.017175433325475
0.017987004804838
0.018830105037676
0.019701760501969
0.020598999558143
0.021518863886970
0.022458419128699
0.023414764716042
0.024385042899786
0.025366446971433
0.026356228692489
0.027351704944686
0.028350263619664
0.029349368770390
0.030346565049838
0.031339481465323
0.032325834479221
0.033303430488832
0.034270167719643
0.035224037567525
0.036163125426166
0.037085611036614
0.037989768396011
0.038873965262514
0.039736662293148
0.040576411850766
0.041391856515581
0.042181727335857
0.042944841851265
0.043680101921262
0.044386491389562
0.045063073614397
0.045708988892825
0.046323451805876
0.046905748509762
0.047455233996880
0.047971329348740
0.048453519001422
0.048901348042605
0.049314419557718
0.049692392041229
0.050034976887678
0.050341935975582
0.050613079356020
0.050848263056330
0.051047387008079
0.051210393107244
0.051337263413322
0.051428018492991
0.051482715912809
0.051501448884423
0.051484345064757
0.051431565512672
0.051343303802702
0.051219785295561
0.051061266564302
0.050868034974165
0.050640408413399
0.050378735171548
0.050083393960997
0.049754794076830
0.049393375689355
0.048999610263008
0.048574001094615
0.048117083963410
0.047629427884495
0.047111635956850
0.046564346296321
0.045988233043437
0.045384007435274
0.044752418929991
0.044094256372067
0.043410349185691
0.042701568583188
0.041968828774824
0.041213088165780
0.040435350525608
0.039636666114957
0.038818132753960
0.037980896816200
0.037126154131832
0.036255150783111
0.035369183775269
0.034469601565498
0.033557804432617
0.032635244669938
0.031703426583823
0.030763906280515
0.029818291224008
0.028868239547965
0.027915459105106
0.026961706237954
0.026008784255437
0.025058541600606
0.024112869695549
0.023173700450620
0.022243003426216
0.021322782636627
0.020415072986902
0.019521936335253
0.018645457175232
0.017787737933786
0.016950893883295
0.016137047667858
0.015348323446373
0.014586840657369
0.013854707413095
0.013154013533020
0.012486823229634
0.011855167462322
0.011261035977957
0.010706369059883
0.010193049009948
0.009722891391310
0.009297636062822
0.008918938038784
0.008588358210925
0.008307353972376
0.008077269786270
0.007899327744387
0.007774618163855
0.007704090272410
0.007688543035018
0.007728616176725
0.007824781458502
0.007977334264436
0.008186385559992
0.008451854282103
0.008773460222630
0.009150717467125
0.009582928450963
0.010069178694616
0.010608332279252
0.011199028122862
0.011839677115749
0.012528460172518
0.013263327255594
0.014041997422858
0.014861959949127
0.015720476568082
0.016614584877650
0.017541102948034
0.018496635167361
0.019477579355397
0.020480135170980
0.021500313833690
0.022533949174872
0.023576710027463
0.024624113958104
0.025671542338819
0.026714256749050
0.027747416692077
0.028766098602855
0.029765316116956
0.030740041562727
0.031685228630866
0.032595836167362
0.033466853027161
0.034293323916986
0.035070376146354
0.035793247196100
0.036457313003498
0.037058116852453
0.037591398746109
0.038053125127692
0.038439518803402
0.038747088908738
0.038972660746869
0.039113405314531
0.039166868317599
0.039130998464978
0.039004174816012
0.038785232943266
0.038473489659599
0.038068766046091
0.037571408505816
0.036982307558129
0.036302914079177
0.035535252687247
0.034681931966713
0.033746151222054
0.032731703454242
0.031642974256102
0.030484936331530
0.029263139356165
0.027983694914669
0.026653256272650
0.025278992769783
0.023868558655264
0.022430056227569
0.020971993187864
0.019503234170367
0.018032946473539
0.016570540083060
0.015125602150824
0.013707826173347
0.012326936197344
0.010992606469151
0.009714377037178
0.008501565911583
0.007363178481594
0.006307814986869
0.005343576933409
0.004477973434944
0.003717828545538
0.003069190726295
0.002537245656420
0.002126233654214
0.001839373014698
0.001678790595311
0.001645460987337
0.001739155596418
0.001958402919022
0.002300461241345
0.002761304901711
0.003335625146243
0.004016846469809
0.004797159170240
0.005667568653920
0.006617961816323
0.007637190583606
0.008713172443258
0.009833007516143
0.010983111432629
0.012149362976118
0.013317265153095
0.014472118045118
0.015599201500843
0.016683965441570
0.017712225288291
0.018670359778654
0.019545508235319
0.020325764179513
0.021000362061500
0.021559853809136
0.021996271881924
0.022303275565497
0.022476277353825
0.022512546445950
0.022411286631989
0.022173686158964
0.021802937549176
0.021304225788632
0.020684683805596
0.019953314712720
0.019120880882199
0.018199760551817
0.017203773309390
0.016147976461099
0.015048434941843
0.013921968058404
0.012785876953781
0.011657657228168
