0.014326693307364
0.014309178461660
0.014289769471118
0.014268597688275
0.014245790868000
0.014221471034504
0.014195752669058
0.014168741246913
0.014140532140469
0.014111209897036
0.014080847893507
0.014049508366626
0.014017242815591
0.013984092772531
0.013950090934949
0.013915262651447
0.013879627747165
0.013843202667789
0.013806002910492
0.013768045697148
0.013729352830123
0.013689953655147
0.013649888040459
0.013609209268271
0.013567986725039
0.013526308272652
0.013484282184427
0.013442038538509
0.013399729977022
0.013357531761672
0.013315641084440
0.013274275624019
0.013233671372769
0.013194079792978
0.013155764392943
0.013118996840568
0.013084052753044
0.013051207314355
0.013020730876973
0.012992884700151
0.012967916965059
0.012946059187907
0.012927523127661
0.012912498257054
0.012901149836446
0.012893617601746
0.012890015052148
0.012890429302181
0.012894921446707
0.012903527377416
0.012916258984860
0.012933105680591
0.012954036178197
0.012979000478706
0.013007932013264
0.013040749902723
0.013077361298555
0.013117663771365
0.013161547711908
0.013208898704967
0.013259599829424
0.013313533829523
0.013370585094061
0.013430641373730
0.013493595163764
0.013559344680633
0.013627794369018
0.013698854888961
0.013772442552907
0.013848478207397
0.013926885583111
0.014007589167662
0.014090511685927
0.014175571299970
0.014262678662737
0.014351733974269
0.014442624194841
0.014535220565254
0.014629376570355
0.014724926458608
0.014821684399570
0.014919444324834
0.015017980458847
0.015117048507144
0.015216387433694
0.015315721728989
0.015414764048258
0.015513218086277
0.015610781552122
0.015707149113773
0.015802015197412
0.015895076547955
0.015986034483252
0.016074596802049
0.016160479332407
0.016243407130570
0.016323115358201
0.016399349877344
0.016471867606843
0.016540436681696
0.016604836449008
0.016664857322536
0.016720300504539
0.016770977570954
0.016816709906158
0.016857327968489
0.016892670368666
0.016922582750750
0.016946916478999
0.016965527152850
0.016978272994398
0.016985013175776
0.016985606175132
0.016979908266652
0.016967772260046
0.016949046606022
0.016923574975708
0.016891196403320
0.016851746053707
0.016805056641334
0.016750960487429
0.016689292160655
0.016619891607042
0.016542607640594
0.016457301639860
0.016363851280251
0.016262154128371
0.016152130933526
0.016033728472096
0.015906921830836
0.015771716052727
0.015628147110409
0.015476282213903
0.015316219497666
0.015148087163839
0.014972042181341
0.014788268652742
0.014596975961988
0.014398396806886
0.014192785202331
0.013980414516124
0.013761575572057
0.013536574828034
0.013305732613560
0.013069381393880
0.012827864019195
0.012581531917955
0.012330743203061
0.012075860677708
0.011817249751543
0.011555276304722
0.011290304564165
0.011022695079146
0.010752802899380
0.010480976065263
0.010207554515432
0.009932869500729
0.009657243566894
0.009380991132627
0.009104419648172
0.008827831275796
0.008551524991696
0.008275798972942
0.008000953106645
0.007727291444611
0.007455124426831
0.007184770711798
0.006916558479882
0.006650826115416
0.006387922220556
0.006128204965000
0.005872040825785
0.005619802816042
0.005371868336681
0.005128616807344
0.004890427240567
0.004657675915472
0.004430734285290
0.004209967218955
0.003995731634468
0.003788375534979
0.003588237412371
0.003395645942316
0.003210919863365
0.003034367913957
0.002866288697179
0.002706970354113
0.002556689951541
0.002415712526179
0.002284289771584
0.002162658400938
0.002051038264070
0.001949630335432
0.001858614717234
0.001778148815231
0.001708365842183
0.001649373785473
0.001601254942347
0.001564066081676
0.001537839239241
0.001522583099367
0.001518284864580
0.001524912471975
0.001542416984545
0.001570734970965
0.001609790690002
0.001659497915602
0.001719761274140
0.001790477012821
0.001871533173218
0.001962809200943
0.002064175075930
0.002175490092193
0.002296601447017
0.002427342813909
0.002567533070097
0.002716975328053
0.002875456383835
0.003042746646705
0.003218600559564
0.003402757464169
0.003594942814638
0.003794869603069
0.004002239836546
0.004216745898281
0.004438071638329
0.004665893070102
0.004899878595147
0.005139688735601
0.005384975415772
0.005635380894854
0.005890536505488
0.006150061391781
0.006413561461111
0.006680628763447
0.006950841489598
0.007223764736811
0.007498952130299
0.007775948317640
0.008054292276238
0.008333521299318
0.008613175460400
0.008892802306260
0.009171961498995
0.009450229122026
0.009727201383534
0.010002497492486
0.010275761543235
0.010546663319293
0.010814898008321
0.011080184901198
0.011342265220803
0.011600899284458
0.011855863242512
0.012106945651485
0.012353944132512
0.012596662336127
0.012834907386452
0.013068487916958
0.013297212742981
0.013520890150095
0.013739327719404
0.013952332566617
0.014159711845863
0.014361273363920
0.014556826165836
0.014746180986610
0.014929150511316
0.015105549441886
0.015275194425824
0.015437903953298
0.015593498367809
0.015741800156556
0.015882634686424
0.016015831528856
0.016141226473144
0.016258664266407
0.016368002045466
0.016469113348052
0.016561892516332
0.016646259242461
0.016722162960892
0.016789586771044
0.016848550579941
0.016899113188423
0.016941373104592
0.016975467949735
0.017001572418601
0.017019894859128
0.017030672637777
0.017034166546387
0.017030654576986
0.017020425435932
0.017003772184053
0.016980986373836
0.016952353009604
0.016918146586313
0.016878628373426
0.016834045010562
0.016784628380087
0.016730596627692
0.016672156123284
0.016609504097820
0.016542831661272
0.016472326904468
0.016398177812002
0.016320574761174
0.016239712447202
0.016155791150410
0.016069017338555
0.015979603668929
0.015887768512999
0.015793735165625
0.015697730917730
0.015599986164762
0.015500733694829
0.015400208253962
0.015298646427358
0.015196286811791
0.015093370393325
0.014990140993392
0.014886845611581
0.014783734479629
0.014681060650617
0.014579078979939
0.014478044407758
0.014378209521329
0.014279821453100
0.014183118249027
0.014088324912929
0.013995649389109
0.013905278780635
0.013817376109942
0.013732077909737
0.013649492886214
0.013569701826384
0.013492758832635
0.013418693867825
0.013347516491966
0.013279220575921
0.013213789696978
0.013151202863061
0.013091440181920
0.013034488091789
0.012980343800829
0.012929018641574
0.012880540128435
0.012834952604036
0.012792316465237
0.012752706063159
0.012716206464688
0.012682909338034
0.012652908276163
0.012626293895667
0.012603149043787
0.012583544414516
0.012567534819892
0.012555156290757
0.012546424099706
0.012541331715768
0.012539850623312
0.012541930873788
0.012547502193733
0.012556475449254
0.012568744267266
0.012584186635690
0.012602666345285
0.012624034189459
0.012648128898846
0.012674777847521
0.012703797620579
0.012734994572383
0.012768165526394
0.012803098768663
0.012839575467088
0.012877371609406
0.012916260498261
0.012956015777212
0.012996414893809
0.013037242842041
0.013078295973445
0.013119385629995
0.013160341336956
0.013201013302819
0.013241274006345
0.013281018705676
0.013320164777204
0.013358649876416
0.013396429002123
0.013433470631491
0.013469752168518
0.013505255006222
0.013539959537523
0.013573840458254
0.013606862686857
0.013638978180454
0.013670123859756
0.013700220771270
0.013729174521518
0.013756876922373
0.013783208697228
