0.038181210652237
0.038130316905336
0.038097452897995
0.038081188534151
0.038079295478256
0.038088777081197
0.038105943321566
0.038126529277231
0.038145852585772
0.038159002500729
0.038161050728020
0.038147272429306
0.038113364757716
0.038055650138906
0.037971252253738
0.037858234274532
0.037715691245382
0.037543791409872
0.037343764563421
0.037117838900505
0.036869131088778
0.036601497193368
0.036319354386579
0.036027484949108
0.035730834796282
0.035434318611333
0.035142642670682
0.034860154701884
0.034590727777266
0.034337682511447
0.034103748920128
0.033891066438732
0.033701218008467
0.033535292000785
0.033393964211946
0.033277591306790
0.033186306954773
0.033120112452588
0.033078954782322
0.033062786682780
0.033071605252683
0.033105467678698
0.033164484708078
0.033248794298698
0.033358519339706
0.033493714343731
0.033654306511810
0.033840036558187
0.034050404193645
0.034284622283195
0.034541582528814
0.034819834211993
0.035117576203078
0.035432661237187
0.035762610484354
0.036104635790589
0.036455666687401
0.036812379371682
0.037171225317931
0.037528457937543
0.037880156652922
0.038222248795846
0.038550530748988
0.038860690609084
0.039148335255676
0.039409024980666
0.039638318721826
0.039831832435386
0.039985312263477
0.040094722962675
0.040156350651724
0.040166917425392
0.040123703896202
0.040024674398476
0.039868598543482
0.039655162154870
0.039385060416921
0.039060066375866
0.038683068749791
0.038258074288418
0.037790171606136
0.037285455384003
0.036750911968644
0.036194269543954
0.035623818067744
0.035048205910927
0.034476221491129
0.033916569063340
0.033377648159696
0.032867345939838
0.032392850943551
0.031960495487085
0.031575632305074
0.031242549127653
0.030964422829430
0.030743312731036
0.030580190707498
0.030475004078349
0.030426765916363
0.030433666480188
0.030493198982634
0.030602292849329
0.030757447968329
0.030954864119605
0.031190560723317
0.031460483164202
0.031760593139452
0.032086941647144
0.032435724301920
0.032803319572904
0.033186311246560
0.033581496908785
0.033985884523068
0.034396679281830
0.034811262867241
0.035227167125725
0.035642043988329
0.036053633303674
0.036459730127213
0.036858152951116
0.037246714367159
0.037623195717253
0.037985327373797
0.038330776364835
0.038657143070652
0.038961968622993
0.039242754396393
0.039496994566969
0.039722222119023
0.039916067916656
0.040076331561041
0.040201061779350
0.040288643111118
0.040337884755788
0.040348106709026
0.040319217828814
0.040251780306233
0.040147055221086
0.040007024463151
0.039834385289254
0.039632515125348
0.039405405840701
0.039157568520258
0.038893911622232
0.038619597199970
0.038339881456798
0.038059947165117
0.037784736310533
0.037518791640413
0.037266115561169
0.037030054036934
0.036813211832051
0.036617403688593
0.036443643949567
0.036292174866668
0.036162531522983
0.036053639115100
0.035963936427676
0.035891517829838
0.035834285130814
0.035790100218714
0.035756929595994
0.035732972698061
0.035716767175342
0.035707266033834
0.035703883534718
0.035706508900193
0.035715489002626
0.035731583173676
0.035755894921676
0.035789786578123
0.035834783631094
0.035892475708605
0.035964420854259
0.036052058938113
0.036156638850968
0.036279162652949
0.036420348219117
0.036580610286200
0.036760058292011
0.036958508134920
0.037175504062328
0.037410346390079
0.037662120687518
0.037929724425037
0.038211887825238
0.038507186704983
0.038814046338763
0.039130736693059
0.039455360650830
0.039785837945041
0.040119888346395
0.040455018124580
0.040788513877359
0.041117447486226
0.041438695236021
0.041748973087488
0.042044888803734
0.042323010212340
0.042579947454560
0.042812445753184
0.043017484133616
0.043192374752996
0.043334857097471
0.043443181334803
0.043516175560094
0.043553292514688
0.043554632528917
0.043520940849589
0.043453579056520
0.043354471833625
0.043226031824384
0.043071066564450
0.042892672459201
0.042694121399596
0.042478745852835
0.042249828122937
0.042010498977802
0.041763650037210
0.041511863284923
0.041257359895571
0.041001969347024
0.040747118612900
0.040493840179195
0.040242796768964
0.039994320033982
0.039748460103392
0.039505042763714
0.039263731157633
0.039024089187926
0.038785644241798
0.038547947347415
0.038310629375633
0.038073452349270
0.037836355274603
0.037599494135576
0.037363275779068
0.037128385376723
0.036895806999715
0.036666836626316
0.036443086666702
0.036226480888253
0.036019238509297
0.035823846244365
0.035643017262117
0.035479636374461
0.035336691310119
0.035217190616667
0.035124069542737
0.035060086122088
0.035027710548173
0.035029011720643
0.035065545493262
0.035138249592075
0.035247350351480
0.035392286299673
0.035571653199751
0.035783174427102
0.036023699568745
0.036289232917827
0.036574992175853
0.036875496247908
0.037184679610465
0.037496029435226
0.037802740547636
0.038097882454080
0.038374572138584
0.038626146138152
0.038846325561876
0.039029368205716
0.039170202692862
0.039264540581063
0.039308963551089
0.039300984044352
0.039239078970290
0.039122697277199
0.038952243205835
0.038729037869865
0.038455262396118
0.038133886195705
0.037768584029603
0.037363645403169
0.036923879512529
0.036454518522271
0.035961121434730
0.035449480273139
0.034925529796048
0.034395261531200
0.033864642593012
0.033339539543543
0.032825647470946
0.032328424476378
0.031853031852118
0.031404280364147
0.030986583181711
0.030603916085418
0.030259785601266
0.029957205627491
0.029698682934026
0.029486211625142
0.029321276283413
0.029204863089600
0.029137477780259
0.029119168910541
0.029149554582021
0.029227850617861
0.029352898153831
0.029523188783014
0.029736885746380
0.029991840184170
0.030285602118754
0.030615426577052
0.030978276015760
0.031370820914819
0.031789440982505
0.032230229803926
0.032689005910966
0.033161333121683
0.033642552579099
0.034127828226650
0.034612206529029
0.035090690144810
0.035558324062306
0.036010291517029
0.036442015917860
0.036849264117230
0.037228245754564
0.037575703149820
0.037888986367331
0.038166108622058
0.038405778140716
0.038607403867618
0.038771073938745
0.038897507533350
0.038987982430274
0.039044242218834
0.039068388517540
0.039062764626318
0.039029837689839
0.038972086620706
0.038891902696103
0.038791508912535
0.038672902909898
0.038537826642691
0.038387764095267
0.038223966342922
0.038047501295135
0.037859323664978
0.037660359222236
0.037451596318271
0.037234177099448
0.037009480797964
0.036779192009122
0.036545347896759
0.036310359739913
0.036077006037497
0.035848396392588
0.035627907458236
0.035419094192818
0.035225581403071
0.035050941923472
0.034898568695683
0.034771548410133
0.034672544231450
0.034603694468733
0.034566532927527
0.034561935183535
0.034590093265705
0.034650519362147
0.034742077306782
0.034863038903005
0.035011160713425
0.035183775887800
0.035377894979507
0.035590309543208
0.035817692604960
0.036056690807312
0.036304004081598
0.036556449989064
0.036811011287822
0.037064866704319
0.037315406200991
0.037560233134680
0.037797156513584
0.038024177032229
0.038239470673227
0.038441373422531
0.038628370092145
0.038799089446651
0.038952306871862
0.039086954800363
0.039202140116363
0.039297166891310
0.039371562127492
0.039425101764463
0.039457834062399
0.039470097620832
0.039462531697801
0.039436077117294
0.039391966827749
0.039331706025234
