0.002270253330683
0.002281775133867
0.002296957404360
0.002315605862602
0.002337504388716
0.002362417704141
0.002390094312237
0.002420269647551
0.002452669379295
0.002487012811288
0.002523016318568
0.002560396759965
0.002598874806260
0.002638178125239
0.002678044367893
0.002718223904314
0.002758482263309
0.002798602236471
0.002838385615068
0.002877654536688
0.002916252427688
0.002954044537043
0.002990918066866
0.003026781914317
0.003061566048734
0.003095220556079
0.003127714390247
0.003159033876893
0.003189181020306
0.003218171667152
0.003246033582621
0.003272804494662
0.003298530160439
0.003323262506139
0.003347057886783
0.003369975506935
0.003392076036369
0.003413420447009
0.003434069089068
0.003454081015518
0.003473513555071
0.003492422124989
0.003510860266609
0.003528879878556
0.003546531615675
0.003563865415731
0.003580931111286
0.003597779080894
0.003614460892023
0.003631029888009
0.003647541672798
0.003664054450402
0.003680629180534
0.003697329517957
0.003714221510270
0.003731373037120
0.003748852982824
0.003766730143855
0.003785071882421
0.003803942546933
0.003823401689487
0.003843502119116
0.003864287837324
0.003885791909081
0.003908034327783
0.003931019936550
0.003954736470477
0.003979152785020
0.004004217334489
0.004029856961635
0.004055976054624
0.004082456121275
0.004109155822482
0.004135911497358
0.004162538201987
0.004188831272089
0.004214568407448
0.004239512263194
0.004263413519956
0.004286014392156
0.004307052521380
0.004326265190316
0.004343393782457
0.004358188403912
0.004370412576549
0.004379847906475
0.004386298628741
0.004389595928302
0.004389601938576
0.004386213322675
0.004379364348238
0.004369029374826
0.004355224682891
0.004338009585128
0.004317486774429
0.004293801877377
0.004267142197982
0.004237734652814
0.004205842915592
0.004171763806202
0.004135822975811
0.004098369955709
0.004059772652603
0.004020411386768
0.003980672581546
0.003940942222814
0.003901599214966
0.003863008765404
0.003825515932405
0.003789439471309
0.003755066111190
0.003722645388594
0.003692385156468
0.003664447875300
0.003638947779789
0.003615948998415
0.003595464685232
0.003577457203500
0.003561839379680
0.003548476824324
0.003537191293832
0.003527765044445
0.003519946107647
0.003513454394749
0.003507988518413
0.003503233200572
0.003498867120131
0.003494571040393
0.003490036045621
0.003484971708997
0.003479114010610
0.003472232824236
0.003464138795698
0.003454689443571
0.003443794324790
0.003431419123321
0.003417588539105
0.003402387876754
0.003385963258520
0.003368520413406
0.003350322023363
0.003331683637833
0.003312968198614
0.003294579247771
0.003276952921116
0.003260548858276
0.003245840186706
0.003233302760733
0.003223403857234
0.003216590546406
0.003213277968845
0.003213837758537
0.003218586855075
0.003227776947327
0.003241584784858
0.003260103582637
0.003283335729106
0.003311186987775
0.003343462358444
0.003379863736331
0.003419989476325
0.003463335935801
0.003509301033569
0.003557189825210
0.003606222057043
0.003655541622899
0.003704227810556
0.003751308188754
0.003795772951934
0.003836590508794
0.003872724073120
0.003903148991611
0.003926870524059
0.003942941776743
0.003950481480412
0.003948691300143
0.003936872365749
0.003914440718229
0.003880941380141
0.003836060775373
0.003779637246542
0.003711669445679
0.003632322405664
0.003541931135529
0.003441001621583
0.003330209157940
0.003210393973420
0.003082554166563
0.002947836005612
0.002807521695129
0.002663014754646
0.002515823196522
0.002367540729403
0.002219826249511
0.002074381913866
0.001932930116857
0.001797189713816
0.001668851852026
0.001549555780539
0.001440865015106
0.001344244233281
0.001261037267337
0.001192446549118
0.001139514341460
0.001103106065750
0.001083896004786
0.001082355624908
0.001098744721939
0.001133105552319
0.001185260064807
0.001254810299799
0.001341141973650
0.001443431215035
0.001560654370358
0.001691600746167
0.001834888109474
0.001988980722440
0.002152209646988
0.002322795018102
0.002498869952612
0.002678505733633
0.002859737890025
0.003040592775590
0.003219114244536
0.003393390018117
0.003561577342363
0.003721927548363
0.003872809144496
0.004012729093944
0.004140351960508
0.004254516640528
0.004354250438112
0.004438780284175
0.004507540946263
0.004560180124980
0.004596560383207
0.004616757905329
0.004621058134527
0.004609948385845
0.004584107580564
0.004544393292342
0.004491826337038
0.004427573175386
0.004352926430015
0.004269283845399
0.004178126040572
0.004080993419674
0.003979462614366
0.003875122834832
0.003769552502428
0.003664296527311
0.003560844578717
0.003460610674382
0.003364914389284
0.003274963952981
0.003191841469883
0.003116490458452
0.003049705864279
0.002992126658894
0.002944231091874
0.002906334618923
0.002878590484016
0.002860992890026
0.002853382650331
0.002855455174307
0.002866770603072
0.002886765878882
0.002914768502764
0.002950011710705
0.002991650779396
0.003038780158418
0.003090451117044
0.003145689590660
0.003203513914025
0.003262952136379
0.003323058626205
0.003382929691411
0.003441717963012
0.003498645317049
0.003553014139623
0.003604216773194
0.003651743018001
0.003695185599926
0.003734243554646
0.003768723516873
0.003798538941991
0.003823707324920
0.003844345516761
0.003860663273122
0.003872955198333
0.003881591276569
0.003887006203629
0.003889687751514
0.003890164411612
0.003888992571038
0.003886743480506
0.003883990270866
0.003881295269314
0.003879197855504
0.003878203082536
0.003878771268519
0.003881308741517
0.003886159894681
0.003893600679806
0.003903833637045
0.003916984526647
0.003933100596025
0.003952150482857
0.003974025722889
0.003998543800272
0.004025452649186
0.004054436488796
0.004085122849617
0.004117090628689
0.004149878993840
0.004182996944103
0.004215933324193
0.004248167085959
0.004279177589017
0.004308454736129
0.004335508746349
0.004359879380107
0.004381144445122
0.004398927429822
0.004412904131413
0.004422808168480
0.004428435292398
0.004429646437424
0.004426369475578
0.004418599668715
0.004406398836059
0.004389893280367
0.004369270539346
0.004344775050496
0.004316702836902
0.004285395338121
0.004251232524184
0.004214625441420
0.004176008346342
0.004135830588029
0.004094548400372
0.004052616763259
0.004010481486384
0.003968571661079
0.003927292614639
0.003887019488314
0.003848091544807
0.003810807294138
0.003775420508429
0.003742137177016
0.003711113433594
0.003682454467397
0.003656214410903
0.003632397177788
0.003610958207095
0.003591807053095
0.003574810745552
0.003559797832128
0.003546563003841
0.003534872195849
0.003524468049660
0.003515075619091
0.003506408201012
0.003498173173143
0.003490077724746
0.003481834371965
0.003473166157545
0.003463811444626
0.003453528225886
0.003442097882282
0.003429328339720
0.003415056586778
0.003399150531773
0.003381510192720
0.003362068228612
0.003340789834678
0.003317672037536
0.003292742438133
0.003266057460747
0.003237700175042
0.003207777764841
0.003176418722045
0.003143769846627
0.003109993134163
0.003075262630723
0.003039761331377
0.003003678193185
0.002967205326519
0.002930535420137
0.002893859445893
0.002857364678583
0.002821233055465
0.002785639888866
0.002750752934187
0.002716731804909
0.002683727716188
0.002651883529469
0.002621334062604
0.002592206623266
0.002564621718320
0.002538693888168
