0.003615516662555
0.003590587527074
0.003568017257136
0.003547732771075
0.003529523623592
0.003513060316231
0.003497917324665
0.003483599886653
0.003469573430086
0.003455294402716
0.003440241199861
0.003423943877282
0.003406011384799
0.003386155160549
0.003364208082277
0.003340137973981
0.003314055104827
0.003286213381625
0.003257005213930
0.003226950308721
0.003196678915931
0.003166910283888
0.003138427282942
0.003112048306355
0.003088597652452
0.003068875626928
0.003053629578068
0.003043526993242
0.003039131648367
0.003040883622226
0.003049083776046
0.003063883068811
0.003085276844363
0.003113104001110
0.003147050751828
0.003186658510020
0.003231335308723
0.003280370071915
0.003332949019426
0.003388173491212
0.003445078521139
0.003502651566587
0.003559850898986
0.003615623271915
0.003668920597601
0.003718715470456
0.003764015470070
0.003803876250431
0.003837413473807
0.003863813676159
0.003882344157566
0.003892361979362
0.003893322124262
0.003884784842087
0.003866422167197
0.003838023559521
0.003799500592931
0.003750890595340
0.003692359135558
0.003624201252204
0.003546841328614
0.003460831532208
0.003366848754666
0.003265690007677
0.003158266245915
0.003045594602713
0.002928789034422
0.002809049377263
0.002687648827347
0.002565919862939
0.002445238640744
0.002327007917959
0.002212638581285
0.002103529904593
0.002001048708738
0.001906507658911
0.001821143004410
0.001746092138697
0.001682371429230
0.001630854830932
0.001592253848568
0.001567099446063
0.001555726510311
0.001558261460008
0.001574613544677
0.001604470305758
0.001647297572362
0.001702344243058
0.001768651967194
0.001845069691221
0.001930272884350
0.002022787110544
0.002121015477054
0.002223269368888
0.002327801778159
0.002432842459972
0.002536634093714
0.002637468600030
0.002733722758201
0.002823892283699
0.002906623558861
0.002980742258066
0.003045278170140
0.003099485593266
0.003142858760281
0.003175141844894
0.003196333202372
0.003206683612718
0.003206688421099
0.003197073609969
0.003178775989665
0.003152917857647
0.003120776647969
0.003083750267070
0.003043318982896
0.003001004893629
0.002958330140509
0.002916775136554
0.002877738149837
0.002842497597677
0.002812178369882
0.002787723400989
0.002769871552367
0.002759142647951
0.002755830239100
0.002760002365056
0.002771510239784
0.002790004450092
0.002814957912259
0.002845694523816
0.002881422182008
0.002921268636973
0.002964318519357
0.003009649837879
0.003056368286843
0.003103637835632
0.003150706285780
0.003196924764746
0.003241760463494
0.003284802298004
0.003325759561712
0.003364454013973
0.003400806197427
0.003434817074509
0.003466546303631
0.003496088626269
0.003523549899552
0.003549024282887
0.003572573974595
0.003594212703833
0.003613893926897
0.003631504371585
0.003646863237593
0.003659727014954
0.003669799546581
0.003676746654116
0.003680214385393
0.003679849740679
0.003675322603304
0.003666347544243
0.003652704190698
0.003634254943009
0.003610958984978
0.003582881749676
0.003550199262572
0.003513197071191
0.003472263769189
0.003427879416178
0.003380599427162
0.003331034742751
0.003279829281481
0.003227635809449
0.003175091434155
0.003122793936569
0.003071280099180
0.003021007072632
0.002972337657255
0.002925530168464
0.002880733318908
0.002837986298739
0.002797223982212
0.002758286947476
0.002720935778986
0.002684868938801
0.002649743352046
0.002615196757940
0.002580870833256
0.002546434098795
0.002511603667951
0.002476164983638
0.002439988808125
0.002403044870954
0.002365411733824
0.002327282589477
0.002288966866119
0.002250887653346
0.002213575095052
0.002177656006306
0.002143840063603
0.002112902991398
0.002085667224080
0.002062980563774
0.002045693383262
0.002034634942338
0.002030589397142
0.002034272086604
0.002046306678558
0.002067203749759
0.002097341357775
0.002136948136878
0.002186089412737
0.002244656780389
0.002312361525534
0.002388732190485
0.002473116493846
0.002564687709048
0.002662455494087
0.002765281046788
0.002871896340924
0.002980927082829
0.003090918920207
0.003200366338235
0.003307743596056
0.003411536991481
0.003510277694340
0.003602574359959
0.003687144723183
0.003762845379405
0.003828698981218
0.003883918116400
0.003927925184601
0.003960367655810
0.003981128174089
0.003990329065733
0.003988330923129
0.003975725064985
0.003953319820793
0.003922120751916
0.003883305101613
0.003838190958294
0.003788201814695
0.003734827403248
0.003679581875484
0.003623960560223
0.003569396670426
0.003517219420356
0.003468615052856
0.003424592252427
0.003385953327568
0.003353272383325
0.003326881474106
0.003306865434003
0.003293065738102
0.003285093368653
0.003282350263086
0.003284058527632
0.003289296232885
0.003297038287778
0.003306200636049
0.003315685851037
0.003324428132535
0.003331435740021
0.003335829029966
0.003336872495031
0.003333999517417
0.003326828929618
0.003315172901230
0.003299036115349
0.003278606636088
0.003254239274302
0.003226432608226
0.003195801089853
0.003163043851997
0.003128911916659
0.003094175490574
0.003059592923148
0.003025882705978
0.002993699627530
0.002963615881001
0.002936107580132
0.002911546789877
0.002890198848864
0.002872224468724
0.002857685858481
0.002846555952554
0.002838729725860
0.002834036560704
0.002832252684302
0.002833112814571
0.002836320323029
0.002841555432008
0.002848481191934
0.002856747215419
0.002865991361669
0.002875839751932
0.002885905642250
0.002895787774723
0.002905068868020
0.002913314891210
0.002920075695389
0.002924887461861
0.002927277273714
0.002926769941525
0.002922897027046
0.002915207824891
0.002903281894572
0.002886742595519
0.002865270975551
0.002838619305422
0.002806623542160
0.002769214042362
0.002726423930329
0.002678394649039
0.002625378375780
0.002567737158296
0.002505938809621
0.002440549778023
0.002372225370598
0.002301697844136
0.002229762975707
0.002157265781433
0.002085086061322
0.002014124410187
0.001945289252492
0.001879485338067
0.001817603984855
0.001760515185082
0.001709061514892
0.001664053617831
0.001626266882546
0.001596438816526
0.001575266540572
0.001563403799884
0.001561456911065
0.001569979139788
0.001589463127745
0.001620331152103
0.001662923195742
0.001717483018718
0.001784142636317
0.001862905811500
0.001953631345053
0.002056017082347
0.002169585640920
0.002293672890995
0.002427420187978
0.002569771262533
0.002719474524125
0.002875091335636
0.003035010580154
0.003197469578782
0.003360581143726
0.003522366277832
0.003680791773265
0.003833811730026
0.003979411819466
0.004115654966820
0.004240727025520
0.004352980967957
0.004450978123597
0.004533525055128
0.004599704774314
0.004648901157740
0.004680815623782
0.004695475370112
0.004693232739017
0.004674755568084
0.004641008687697
0.004593227034698
0.004532881153023
0.004461636135913
0.004381305318896
0.004293800246493
0.004201078597616
0.004105091855147
0.004007734536536
0.003910796759280
0.003815921796242
0.003724570082780
0.003637990876701
0.003557202453120
0.003482981352967
0.003415860813080
0.003356138106357
0.003303890132650
0.003258996245012
0.003221166990522
0.003189977206582
0.003164901755201
0.003145352107858
0.003130712015451
0.003120370609970
0.003113751479737
0.003110336526737
0.003109683736862
0.003111438352901
0.003115337315101
0.003121207203592
0.003128956260214
0.003138561365434
0.003150051083373
