0.001640068032277
0.001722073353133
0.001810637625942
0.001905074184013
0.002004647856686
0.002108599896066
0.002216172012064
0.002326628754480
0.002439277610262
0.002553486326951
0.002668697121719
0.002784437582206
0.002900328203827
0.003016086632900
0.003131528791096
0.003246567141016
0.003361206412888
0.003475537147544
0.003589727421410
0.003704013106972
0.003818686990065
0.003934087017816
0.004050583893332
0.004168568171537
0.004288436951536
0.004410580211149
0.004535366795019
0.004663130054213
0.004794153146102
0.004928654040411
0.005066770339932
0.005208544109573
0.005353907009452
0.005502666138925
0.005654491108895
0.005808902958712
0.005965265610024
0.006122780592296
0.006280485773985
0.006437258782508
0.006591825691235
0.006742775392601
0.006888579866864
0.007027620303920
0.007158218752691
0.007278674673758
0.007387305473407
0.007482489819709
0.007562712302168
0.007626607813345
0.007673003918566
0.007700959449778
0.007709797618545
0.007699132092982
0.007668884720116
0.007619293889835
0.007550912914797
0.007464598224246
0.007361487616693
0.007242969263396
0.007110642577228
0.006966272436593
0.006811738560650
0.006648982052980
0.006479951253484
0.006306549055879
0.006130583759615
0.005953725335622
0.005777468705805
0.005603105282557
0.005431703606732
0.005264099483238
0.005100895566675
0.004942469919363
0.004788992672810
0.004640449590783
0.004496671073031
0.004357364964004
0.004222151446070
0.004090598301788
0.003962254919727
0.003836683583625
0.003713486812149
0.003592329790315
0.003472957236411
0.003355204362235
0.003239001892668
0.003124375397528
0.003011439441285
0.002900387264531
0.002791476867990
0.002685014471934
0.002581336370457
0.002480790193718
0.002383716536736
0.002290431817415
0.002201213097451
0.002116285446565
0.002035812262681
0.001959888787407
0.001888538886334
0.001821715005073
0.001759301071412
0.001701117996706
0.001646931339559
0.001596460633995
0.001549389853275
0.001505378478100
0.001464072661603
0.001425116029386
0.001388159716191
0.001352871316000
0.001318942503981
0.001286095171018
0.001254085989867
0.001222709402067
0.001191799073900
0.001161227916356
0.001130906798048
0.001100782102493
0.001070832294073
0.001041063663238
0.001011505423919
0.000982204337647
0.000953219041602
0.000924614263139
0.000896455111266
0.000868801645080
0.000841703928033
0.000815197782051
0.000789301453415
0.000764013389421
0.000739311298184
0.000715152621685
0.000691476493789
0.000668207181945
0.000645258926746
0.000622542002548
0.000599969731227
0.000577466097365
0.000554973544141
0.000532460482201
0.000509928024659
0.000487415474181
0.000465004134497
0.000442819097571
0.000421028765341
0.000399841994895
0.000379502899908
0.000360283489110
0.000342474464117
0.000326374623861
0.000312279422132
0.000300469291205
0.000291198373581
0.000284684293643
0.000281099552696
0.000280565048079
0.000283146105982
0.000288851285764
0.000297634069703
0.000309397404585
0.000324000918727
0.000341270506531
0.000361009858044
0.000383013416747
0.000407080176992
0.000433027683746
0.000460705571314
0.000490007973531
0.000520884154875
0.000553346749283
0.000587477051315
0.000623426883045
0.000661416660537
0.000701729406656
0.000744700602232
0.000790703934132
0.000840133183449
0.000893380694609
0.000950813068951
0.001012744924251
0.001079411742713
0.001150942981039
0.001227336723867
0.001308437213959
0.001393916578703
0.001483261986343
0.001575769304457
0.001670544100418
0.001766510527010
0.001862428289157
0.001956917507428
0.002048490901315
0.002135592332977
0.002216640402897
0.002290075494160
0.002354408440073
0.002408268854727
0.002450451126381
0.002479956132343
0.002496026888272
0.002498176586194
0.002486207790937
0.002460221937397
0.002420618681907
0.002368085089501
0.002303575064897
0.002228279838908
0.002143590686609
0.002051055363674
0.001952329990930
0.001849128285302
0.001743170122056
0.001636131416027
0.001529597228626
0.001425019846591
0.001323683344010
0.001226675840851
0.001134870321268
0.001048914488438
0.000969229726791
0.000896018836140
0.000829281815182
0.000768838623703
0.000714357562022
0.000665387688436
0.000621393562904
0.000581790565158
0.000545979089605
0.000513376063615
0.000483442459936
0.000455705762610
0.000429776679274
0.000405359748488
0.000382257845199
0.000360370917822
0.000339689576369
0.000320284376647
0.000302291799983
0.000285898006667
0.000271321445834
0.000258795342105
0.000248550961873
0.000240802404954
0.000235733487236
0.000233487093799
0.000234157204792
0.000237783640273
0.000244349443361
0.000253780727232
0.000265948750436
0.000280673952483
0.000297731671262
0.000316859267143
0.000337764387603
0.000360134113436
0.000383644728038
0.000407971842347
0.000432800590314
0.000457835586432
0.000482810313376
0.000507495590928
0.000531706774062
0.000555309344703
0.000578222602464
0.000600421226702
0.000621934574072
0.000642843688383
0.000663276125675
0.000683398827984
0.000703409403691
0.000723526279987
0.000743978274188
0.000764994177516
0.000786792952504
0.000809575111646
0.000833515771916
0.000858759772428
0.000885419108627
0.000913572785921
0.000943269039826
0.000974529719756
0.001007356500163
0.001041738474644
0.001077660612543
0.001115112517277
0.001154096922082
0.001194637390384
0.001236784750278
0.001280621879736
0.001326266563799
0.001373872259519
0.001423626721133
0.001475748550020
0.001530481835769
0.001588089141791
0.001648843158632
0.001713017399192
0.001780876342344
0.001852665445914
0.001928601448309
0.002008863362027
0.002093584533951
0.002182846108455
0.002276672181287
0.002375026876316
0.002477813514081
0.002584875971671
0.002696002258231
0.002810930250475
0.002929355449169
0.003050940532521
0.003175326398123
0.003302144304667
0.003431028651434
0.003561629871566
0.003693626868345
0.003826738395970
0.003960732781381
0.004095435404176
0.004230733399875
0.004366577128311
0.004502978053522
0.004640002812196
0.004777763401188
0.004916403586046
0.005056081815651
0.005196951115616
0.005339136616454
0.005482711542732
0.005627672636889
0.005773916106850
0.005921215261195
0.006069201021904
0.006217346476606
0.006364956546155
0.006511163698189
0.006654930435201
0.006795059031933
0.006930208700302
0.007058920032633
0.007179646230376
0.007290790282768
0.007390746936265
0.007477948009709
0.007550909379653
0.007608277800991
0.007648875652139
0.007671741710146
0.007676166172119
0.007661718343349
0.007628265701361
0.007575983405837
0.007505353738854
0.007417155406701
0.007312443089639
0.007192518064458
0.007058891122362
0.006913239339719
0.006757358513205
0.006593113230560
0.006422386605869
0.006247031662540
0.006068826202663
0.005889432768748
0.005710364998573
0.005532961315445
0.005358366506751
0.005187521346464
0.005021160035048
0.004859814884004
0.004703827380000
0.004553364538860
0.004408439311613
0.004268933737011
0.004134623545836
0.004005203005624
0.003880308939258
0.003759543043288
0.003642491855331
0.003528743957023
0.003417904232406
0.003309605215190
0.003203515738427
0.003099347236195
0.002996858132367
0.002895856783908
0.002796203427155
0.002697811510958
0.002600648699343
0.002504737700375
0.002410156940342
0.002317040967395
0.002225580349642
0.002136020741503
0.002048660738207
0.001963848128061
0.001881974188169
0.001803465750424
0.001728774886083
