1.884319849607732067e+01
1.926964057621539439e+01
1.970985296051897251e+01
2.016390824670724058e+01
2.063164327704856049e+01
2.111271015129385376e+01
2.160666893440963321e+01
2.211312108225179074e+01
2.263187667831777361e+01
2.316314037399547843e+01
2.370769146027625496e+01
2.426702497327294594e+01
2.484341621862342464e+01
2.543987375385986383e+01
2.605995789392228801e+01
2.670746340096250293e+01
2.738599370491653673e+01
2.809848460907608469e+01
2.884676090985077579e+01
2.963122227960813859e+01
3.045074925718775205e+01
3.130289378695658087e+01
3.218437358755291910e+01
3.309183267302962861e+01
3.402277234385108784e+01
3.497651035788015150e+01
3.595500216816699179e+01
3.696336464002416022e+01
3.800998119282911603e+01
3.910613275340025297e+01
4.026518006433519759e+01
4.150140456813915790e+01
4.282868118277731639e+01
4.425919319343243785e+01
4.580239906416926488e+01
4.746442237782751050e+01
4.924796610577272560e+01
5.115276406969623224e+01
5.317649257190612389e+01
5.531599087259995429e+01
5.756859455478630139e+01
5.993337907979959311e+01
6.241214280418102334e+01
6.501002261510555513e+01
6.773571804129548468e+01
7.060138422049442397e+01
7.362232271722204757e+01
7.681663669442630749e+01
8.020501360816946601e+01
8.381075218391961812e+01
8.766006711631513326e+01
9.178259884124280177e+01
9.621194717534750396e+01
1.009859601632497288e+02
1.061464661307079353e+02
1.117381560057891221e+02
1.178064140296004041e+02
1.243940557778248319e+02
1.315371471936762191e+02
1.392603181840141247e+02
1.475722098846426888e+02
1.564618611238122412e+02
1.658969034778566254e+02
1.758243615025523923e+02
1.861746281588931708e+02
1.968688112468173586e+02
2.078291573367783656e+02
2.189917133717083289e+02
2.303198611737747115e+02
2.418169454459472263e+02
2.535359979114273301e+02
2.655846082223500844e+02
2.781233442760817525e+02
2.913567766641066328e+02
3.055170626697076841e+02
3.208410969475961565e+02
3.375433040720912459e+02
3.557870767121405606e+02
3.756584965293791925e+02
3.971461809300407708e+02
4.201307917421991078e+02
4.443869002142666886e+02
4.695985793955675263e+02
4.953884176008286886e+02
5.213578069017214602e+02
5.471345931488644965e+02
5.724227278675849675e+02
5.970476674326240527e+02
6.209910988694973639e+02
6.444092312137501040e+02
6.676303727356784066e+02
6.911297054799530315e+02
7.154818555668312001e+02
7.412947448536033335e+02
7.691309513448537700e+02
7.994250471326105298e+02
8.324068029385703085e+02
8.680405031528521249e+02
9.059897714113214988e+02
9.456152652254077111e+02
9.860095021657474490e+02
1.026069206394284720e+03
1.064601298590312581e+03
1.100454450519449892e+03
1.132664465724885531e+03
1.160599077460667104e+03
1.184086439306465991e+03
1.203511861776899877e+03
1.219869300098650001e+03
1.234757630161109546e+03
1.250316595143385484e+03
1.269103046376664679e+03
1.293914205787748415e+03
1.327570546364639085e+03
1.372675917741849844e+03
1.431376186765259490e+03
1.505139479476961242e+03
1.594580821631748904e+03
1.699351491497051029e+03
1.818108840010293989e+03
1.948576020565049475e+03
2.087693503617188981e+03
2.231856067123233970e+03
2.377220871876350429e+03
2.520064988505612746e+03
2.657165028613634149e+03
2.786167921495684823e+03
2.905920777162351897e+03
3.016729383846775363e+03
3.120519169497674739e+03
3.220879142706256062e+03
3.322977932991540001e+03
3.433350907914988056e+03
3.559567664176709968e+03
3.709799121007919894e+03
3.892312148479129519e+03
4.114926386899785939e+03
4.384472052841239929e+03
4.706288683547816618e+03
5.083802787613737564e+03
5.518217348033355847e+03
6.008338421047244992e+03
6.550554276124576063e+03
7.138971397109046848e+03
7.765700100867045876e+03
8.421271464283805471e+03
9.095157589483460470e+03
9.776359780341015721e+03
1.045402457517855510e+04
1.111804617561594750e+04
1.175961575852724127e+04
1.237168330529350169e+04
1.294930550705883070e+04
1.348986334394970254e+04
1.399314424037500976e+04
1.446129529913202350e+04
1.489866500664664090e+04
1.531156001794908843e+04
1.570795033749471622e+04
1.609715977477963861e+04
1.648957859290931083e+04
1.689643169909781864e+04
1.732962877172349545e+04
1.780171289902720309e+04
1.832591240089595885e+04
1.891628750196856708e+04
1.958795053420341719e+04
2.035732652357925326e+04
2.124241146064504210e+04
2.226297922801839741e+04
2.344068579618586955e+04
2.479902134981361087e+04
2.636306758472542788e+04
2.815902828240274539e+04
3.021351584025609191e+04
3.255259381595654486e+04
3.520059458283444110e+04
3.817875056529962603e+04
4.150369582060225366e+04
4.518591056692793063e+04
4.922819335900293663e+04
5.362425292723419989e+04
5.835751346676870162e+04
6.340022298705959111e+04
6.871294420171342790e+04
7.424449174561174004e+04
7.993235902754790732e+04
8.570365387508278945e+04
9.147653568491898477e+04
9.716211961717580562e+04
1.026667871042421611e+05
1.078948181947185076e+05
1.127512414970884856e+05
1.171447829729796358e+05
1.209907864919544518e+05
1.242139774630422762e+05
1.267509461597417539e+05
1.285522392956778640e+05
1.295839663297430961e+05
1.298288498696603638e+05
1.292866760994907381e+05
1.279741298717715981e+05
1.259240283600805124e+05
1.231839953341374057e+05
1.198146436576270207e+05
1.158873551603432134e+05
1.114817635020895104e+05
1.066830562468781427e+05
1.015792166818872211e+05
9.625832390011272219e+04
9.080602163852666854e+04
8.530325298025087977e+04
7.982434023053217970e+04
7.443546822210318351e+04
6.919360629767473438e+04
6.414588061640663364e+04
5.932938557298493106e+04
5.477140223459119443e+04
5.048997385213750385e+04
4.649477451900730375e+04
4.278819749721208791e+04
3.936658488308668893e+04
3.622152012755122269e+04
3.334110916973953135e+04
3.071118405435375462e+04
2.831637415117773344e+04
2.614100360522515257e+04
2.416978846106799028e+04
2.238832204835735320e+04
2.078335175164717657e+04
1.934286337619338155e+04
1.805600026367075770e+04
1.691285258491638524e+04
1.590415751572372938e+04
1.502095316716629713e+04
1.425422827571227754e+04
1.359460602620837926e+04
1.303209440480489866e+04
1.255592770208550792e+04
1.215451483197990819e+04
1.181550065878484020e+04
1.152593718526800512e+04
1.127255285473763070e+04
1.104210088237634045e+04
1.082176186932356359e+04
1.059957225076332907e+04
1.036484853066475989e+04
1.010857776394605207e+04
9.823747231492769060e+03
9.505590466505891527e+03
9.151732387688291055e+03
8.762222861528527574e+03
8.339455097414194825e+03
7.887972409794067971e+03
7.414173613688351907e+03
6.925933250700909412e+03
6.432157636306951645e+03
5.942301123381706930e+03
5.465868834426786634e+03
5.011932368258143470e+03
4.588683677058566900e+03
4.203049569149685340e+03
3.860385333501862988e+03
3.564261079106498983e+03
3.316348855472334890e+03
3.116412813002976691e+03
2.962398919937274968e+03
2.850615404541455973e+03
2.775990430346373614e+03
2.732389780440768845e+03
2.712974703405834134e+03
2.710578667176260296e+03
2.718081612835118904e+03
2.728761360023916495e+03
2.736603983201141091e+03
2.736558087916446766e+03
2.724721755243773259e+03
2.698455243180872003e+03
2.656417070046256413e+03
2.598525587557338440e+03
2.525852323652669384e+03
2.440457007207472998e+03
2.345177087588943323e+03
2.243386589333061238e+03
2.138740209534152200e+03
2.034918645331055359e+03
1.935390262747851011e+03
1.843202473417935153e+03
1.760813708898263940e+03
1.689973849810098955e+03
1.631657583854592758e+03
1.586051653309340054e+03
1.552593531209218781e+03
1.530055946533620272e+03
1.516669048261034277e+03
1.510270006288305240e+03
1.508468599578353178e+03
1.508816893621861482e+03
1.508971462273657380e+03
1.506837712635350272e+03
1.500687626883381199e+03
1.489244501641480838e+03
1.471730872379358516e+03
1.447878566994035509e+03
1.417902543012767865e+03
1.382442638445939110e+03
1.342479439892179698e+03
1.299232008301146834e+03
1.254046109884249972e+03
1.208281832090472335e+03
1.163209028077060793e+03
1.119917983047278540e+03
1.079251132345129008e+03
1.041759721050644202e+03
1.007687140407845732e+03
9.769784828380543331e+02
9.493137984387630013e+02
9.241607706717736619e+02
9.008411888515227020e+02
8.786047737832420808e+02
8.567036593765121779e+02
8.344611480028688675e+02
8.113291940298299778e+02
7.869303388388970006e+02
7.610813977915581745e+02
7.337979379528310346e+02
7.052803278593785308e+02
6.758837341768845590e+02
6.460757491764882161e+02
6.163862513149783808e+02
5.873545608869841317e+02
5.594789295212153775e+02
5.331729170537801110e+02
5.087323250060792930e+02
4.863151708031423937e+02
4.659358244789223136e+02
4.474730262582967271e+02
4.306901948339071851e+02
4.152653443969173850e+02
4.008271502615352233e+02
3.869933008114383028e+02
3.734072706237474790e+02
3.597700284928133669e+02
3.458638995107197616e+02
3.315667462803011176e+02
3.168557135431681218e+02
3.018008764577263037e+02
2.865501320298321843e+02
2.713074772675506665e+02
2.563073527994445158e+02
2.417879550214863684e+02
2.279663264436472900e+02
2.150176503531514527e+02
2.030605597966963387e+02
1.921495022639413151e+02
1.822743730065161856e+02
1.733668360444524410e+02
1.653120780081890189e+02
1.579642532112167146e+02
1.511636208880597678e+02
1.447533608753623469e+02
1.385942669451925155e+02
1.325759168790914941e+02
1.266234453108952209e+02
1.206996284265042334e+02
1.148025559364750166e+02
1.089596494818127042e+02
1.032191365454078920e+02
9.764027376297300975e+01
9.228362459097363057e+01
8.720254712862950441e+01
8.243677105294557350e+01
7.800858423194267743e+01
7.392176246467826672e+01
7.016301218322392685e+01
6.670540068166863534e+01
6.351305359953892093e+01
6.054632101006097145e+01
5.776665059155983784e+01
5.514054250208481278e+01
5.264216718680165741e+01
5.025446872584686986e+01
4.796881517581562804e+01
4.578346014030326216e+01
4.370122120757868345e+01
4.172684675196266824e+01
3.986453100548110484e+01
3.811595786621679594e+01
3.647912533702695725e+01
3.494804907647496606e+01
3.351329106845325612e+01
3.216313114399481776e+01
3.088511247808488491e+01
2.966765673732482256e+01
2.850146104661261504e+01
2.738045005451059666e+01
2.630214851422791966e+01
2.526744573273290229e+01
2.427982509465042682e+01
2.334421393992693439e+01
