0.013311160129501
0.013348062559517
0.013379997744185
0.013405470430521
0.013423270139764
0.013432527727483
0.013432756582085
0.013423876553962
0.013406219497430
0.013380516147803
0.013347864907245
0.013309683936092
0.013267648703379
0.013223617806672
0.013179550397576
0.013137418921974
0.013099121087281
0.013066394994542
0.013040741221359
0.013023355320590
0.013015073725447
0.013016335446688
0.013027161240299
0.013047151146937
0.013075500492603
0.013111033629819
0.013152253925585
0.013197407800120
0.013244560018646
0.013291676962367
0.013336714273379
0.013377705094340
0.013412845112860
0.013440570771563
0.013459627309357
0.013469123743189
0.013468572462362
0.013457911764564
0.013437510385867
0.013408153835435
0.013371013107943
0.013327597081257
0.013279690583947
0.013229280709397
0.013178474437015
0.013129410977496
0.013084172474280
0.013044696759441
0.013012695777084
0.012989583054916
0.012976413234855
0.012973836181438
0.012982067592556
0.013000877364598
0.013029596240638
0.013067140524978
0.013112053910162
0.013162564763345
0.013216656585817
0.013272148818297
0.013326784737359
0.013378322892529
0.013424628381468
0.013463760258644
0.013494051521406
0.013514178410508
0.013523216188278
0.013520679099461
0.013506542855331
0.013481248684997
0.013445688740211
0.013401173391055
0.013349381678847
0.013292296869783
0.013232129650574
0.013171232001482
0.013112005152897
0.013056805264311
0.013007850550432
0.012967133515624
0.012936341748342
0.012916790381231
0.012909368855284
0.012914504057440
0.012932141254356
0.012961743547012
0.013002309849948
0.013052410683701
0.013110240387743
0.013173683739872
0.013240394430030
0.013307882401422
0.013373606754779
0.013435070722743
0.013489915165933
0.013536007119915
0.013571520128019
0.013595003418803
0.013605437415022
0.013602273575665
0.013585457153908
0.013555432079524
0.013513127821314
0.013459928730259
0.013397626984536
0.013328360832192
0.013254540336773
0.013178763259045
0.013103724040621
0.013032119082703
0.012966551628971
0.012909439563207
0.012862929320729
0.012828818893048
0.012808492585500
0.012802869779625
0.012812369469802
0.012836891803765
0.012875817277395
0.012928023635151
0.012991919928646
0.013065496607406
0.013146389976854
0.013231958877195
0.013319371029022
0.013405696170723
0.013488002889639
0.013563455930680
0.013629410756292
0.013683502230196
0.013723724500201
0.013748499455193
0.013756731517131
0.013747846986767
0.013721816675498
0.013679161107221
0.013620938143973
0.013548713457905
0.013464514820378
0.013370771688502
0.013270242023566
0.013165928660478
0.013060987850893
0.012958632816962
0.012862035272606
0.012774227893285
0.012698010645342
0.012635863727045
0.012589869633257
0.012561646544512
0.012552294871296
0.012562358369056
0.012591800793349
0.012639998602213
0.012705749748787
0.012787298155166
0.012882373031127
0.012988241809965
0.013101775127803
0.013219521980204
0.013337792956544
0.013452749282444
0.013560495295597
0.013657171940980
0.013739048896284
0.013802613024621
0.013844650994928
0.013862324105628
0.013853233587597
0.013815474941070
0.013747680169848
0.013649047106624
0.013519355366571
0.013358968813613
0.013168824766066
0.012950410496839
0.012705727889847
0.012437247390985
0.012147852632140
0.011840777304402
0.011519536007379
0.011187850902002
0.010849576042835
0.010508621262478
0.010168877426598
0.009834144776564
0.009508065931872
0.009194064942431
0.008895293567955
0.008614585725866
0.008354420798234
0.008116896230639
0.007903709599505
0.007716150077016
0.007555098991141
0.007421038968377
0.007314070963445
0.007233938326786
0.007180056939562
0.007151550357873
0.007147288852833
0.007165931209651
0.007205968154762
0.007265766312460
0.007343611648071
0.007437751429822
0.007546433832678
0.007667944410818
0.007800638778002
0.007942970953652
0.008093516954553
0.008250993335388
0.008414270503871
0.008582380756422
0.008754521096762
0.008930051010956
0.009108485477264
0.009289483586162
0.009472833233845
0.009658432429980
0.009846267826027
0.010036391122688
0.010228894052689
0.010423882656997
0.010621451578001
0.010821659081550
0.011024503491228
0.011229901673248
0.011437670150068
0.011647509346841
0.011858991389230
0.012071551776543
0.012284485153371
0.012496945299042
0.012707949350236
0.012916386171046
0.013121028689285
0.013320549930233
0.013513542401130
0.013698540412866
0.013874044870222
0.014038550018873
0.014190571605957
0.014328675890636
0.014451508930817
0.014557825570984
0.014646517562795
0.014716640263795
0.014767437379300
0.014798363237955
0.014809102122131
0.014799584210493
0.014769997731947
0.014720796978274
0.014652705877750
0.014566716894367
0.014464085087417
0.014346317244164
0.014215156083924
0.014072559624206
0.013920675897447
0.013761813308344
0.013598407024654
0.013432981895705
0.013268112489726
0.013106380930300
0.012950333290345
0.012802435366145
0.012665028701185
0.012540287757667
0.012430179140914
0.012336423767351
0.012260462830201
0.012203428358822
0.012166119089078
0.012148982264923
0.012152101878074
0.012175193725860
0.012217607530280
0.012278336217203
0.012356032306694
0.012449031217001
0.012555381138700
0.012672878994790
0.012799111869686
0.012931503167457
0.013067362649404
0.013203939404999
0.013338476730206
0.013468267824750
0.013590711176592
0.013703364479085
0.013803995925378
0.013890631746702
0.013961598907137
0.014015561938023
0.014051552990409
0.014068994303620
0.014067712431145
0.014047943729921
0.014010330803252
0.013955909787735
0.013886088586513
0.013802616370072
0.013707544886074
0.013603182335301
0.013492040775359
0.013376778200825
0.013260136611855
0.013144877516965
0.013033716414716
0.012929257859034
0.012833932730966
0.012749939313804
0.012679189698488
0.012623262932904
0.012583366174642
0.012560304915695
0.012554463124457
0.012565793901221
0.012593820974986
0.012637651089140
0.012695997039208
0.012767210845123
0.012849326271040
0.012940109654778
0.013037117783302
0.013137761356134
0.013239372420425
0.013339274043784
0.013434850417017
0.013523615550914
0.013603278750167
0.013671805113515
0.013727469421216
0.013768901926951
0.013795124768142
0.013805577942342
0.013800134062822
0.013779101397723
0.013743215007400
0.013693616116302
0.013631820180682
0.013559674433036
0.013479305989370
0.013393061887367
0.013303442673253
0.013213031364621
0.013124419777858
0.013040134315981
0.012962563360363
0.012893888394818
0.012836020911154
0.012790547002194
0.012758681344052
0.012741232008920
0.012738577239610
0.012750654966447
0.012776965466184
0.012816587163188
0.012868205167938
0.012930151750035
0.013000457565588
0.013076912114829
0.013157131606734
0.013238632163723
0.013318906119714
0.013395499055373
0.013466085179371
0.013528538705567
0.013580998992178
0.013621927396846
0.013650154055199
0.013664913102038
0.013665865213899
0.013653106747947
0.013627165172647
0.013588980916973
0.013539876193720
0.013481511765245
0.013415833003796
0.013345006941457
0.013271352295957
0.013197264688698
0.013125139433184
0.013057294359832
0.012995895153885
0.012942885615609
0.012899925107564
0.012868335236094
0.012849057529131
0.012842623528059
0.012849138317729
0.012868278087484
0.012899301860499
0.012941077063132
0.012992118145293
0.013050637022313
0.013114603703445
0.013181815116092
0.013249969841253
