0.013429818925392
0.013419377205070
0.013400150504348
0.013372902567613
0.013338744655265
0.013299089398586
0.013255591793066
0.013210079829573
0.013164477690305
0.013120724739910
0.013080693709870
0.013046111500558
0.013018485910130
0.012999041348346
0.012988666217543
0.012987874158315
0.012996780784084
0.013015096890339
0.013042138446760
0.013076852991314
0.013117861372323
0.013163513154678
0.013211953444986
0.013261198420132
0.013309216483336
0.013354011736028
0.013393706352183
0.013426618478675
0.013451332459317
0.013466758484994
0.013472179195536
0.013467281283992
0.013452170759699
0.013427371188598
0.013393804920868
0.013352758008967
0.013305830185285
0.013254871880452
0.013201910795742
0.013149070973782
0.013098487623171
0.013052221131433
0.013012173739575
0.012980012248522
0.012957099887228
0.012944440104012
0.012942634562202
0.012951857048154
0.012971844358186
0.013001904547342
0.013040942225508
0.013087499903866
0.013139813754911
0.013195881578103
0.013253540283577
0.013310549836901
0.013364680362824
0.013413798993894
0.013455953074092
0.013489446485609
0.013512906150845
0.013525336158717
0.013526157457331
0.013515231623143
0.013492867836829
0.013459812843081
0.013417224320246
0.013366628711034
0.013309865144158
0.013249017587441
0.013186337797803
0.013124161958080
0.013064824104722
0.013010569547945
0.012963471465552
0.012925353715885
0.012897722671226
0.012881710530791
0.012878032145910
0.012886956895321
0.012908296603986
0.012941409923945
0.012985223010698
0.013038265753652
0.013098722273671
0.013164493903191
0.013233272430925
0.013302621038286
0.013370060089663
0.013433154772113
0.013489601517185
0.013537310180173
0.013574479098612
0.013599660397126
0.013611813241549
0.013610343160168
0.013595126029933
0.013566515854207
0.013525336018018
0.013472854277584
0.013410742303354
0.013341021130390
0.013265994357830
0.013188171363310
0.013110183143546
0.013034693646583
0.012964309615514
0.012901492012386
0.012848472033016
0.012807174560879
0.012779151647360
0.012765528256259
0.012766962085517
0.012783618794440
0.012815163438001
0.012860768360150
0.012919137245347
0.012988544491007
0.013066888562046
0.013151757538907
0.013240504687124
0.013330331571383
0.013418376018961
0.013501802111645
0.013577889353609
0.013644118223903
0.013698249471346
0.013738394739378
0.013763076408834
0.013771274905793
0.013762462126455
0.013736620067295
0.013694244202157
0.013636331604250
0.013564354256669
0.013480218417531
0.013386211293772
0.013284936621479
0.013179241042299
0.013072133398698
0.012966699241216
0.012866012945756
0.012773049877233
0.012690601008473
0.012621192312023
0.012567011091265
0.012529841210685
0.012511008929458
0.012511340744669
0.012531134318633
0.012570143207604
0.012627575736152
0.012702107982490
0.012791910465043
0.012894687759785
0.013007729940927
0.013127974433846
0.013252076606921
0.013376487215643
0.013497534653706
0.013611509866148
0.013714751741379
0.013803730822596
0.013875129263196
0.013925915091793
0.013953409045084
0.013955342464034
0.013929905022237
0.013875781355467
0.013792175978142
0.013678826195285
0.013536003037411
0.013364500550716
0.013165614057473
0.012941108253899
0.012693176229116
0.012424390664663
0.012137648606768
0.011836111292266
0.011523140554253
0.011202233337475
0.010876955819166
0.010550878562919
0.010227514035851
0.009910257698075
0.009602333733403
0.009306746336481
0.009026237308687
0.008763250547503
0.008519903845191
0.008297968245653
0.008098855045809
0.007923610371803
0.007772917112586
0.007647103855374
0.007546160340556
0.007469758839131
0.007417280754981
0.007387847668743
0.007380355971059
0.007393514182043
0.007425882022215
0.007475910289020
0.007541980603128
0.007622444120286
0.007715658357289
0.007820021353609
0.007934002481738
0.008056169326811
0.008185210176543
0.008319951792161
0.008459372265629
0.008602608903790
0.008748961211438
0.008897889168634
0.009049007108959
0.009202073601501
0.009356977817818
0.009513722924348
0.009672407080053
0.009833202638915
0.009996334158432
0.010162055800469
0.010330628682362
0.010502298696958
0.010677275273483
0.010855711499865
0.011037685974149
0.011223186700362
0.011412097294298
0.011604185718374
0.011799095722258
0.011996341127295
0.012195303056823
0.012395230180337
0.012595242005351
0.012794335215528
0.012991393015530
0.013185197401305
0.013374444228442
0.013557760900828
0.013733726447918
0.013900893702499
0.014057813234000
0.014203058637232
0.014335252725682
0.014453094134666
0.014555383805510
0.014641050799626
0.014709176882831
0.014759019326643
0.014790031395128
0.014801880022890
0.014794460240925
0.014767905970691
0.014722596880484
0.014659161079485
0.014578473510640
0.014481649990973
0.014370036934193
0.014245196873049
0.014108889975877
0.013963051821643
0.013809767759732
0.013651244234444
0.013489777499949
0.013327720189845
0.013167446237544
0.013011314670317
0.012861632821987
0.012720619527660
0.012590368878807
0.012472815128430
0.012369699343218
0.012282538401565
0.012212596931450
0.012160862768653
0.012128026491732
0.012114465553540
0.012120233478277
0.012145054526871
0.012188324151261
0.012249115460170
0.012326191806187
0.012418025478511
0.012522822350299
0.012638552187983
0.012762984186411
0.012893727153055
0.013028273631789
0.013164047136730
0.013298451564191
0.013428921769760
0.013552974241473
0.013668256771174
0.013772596026041
0.013864041950960
0.013940907989371
0.014001806193422
0.014045676401234
0.014071808786358
0.014079859228333
0.014069857109403
0.014042205306775
0.013997672318145
0.013937376626655
0.013862763576553
0.013775575189385
0.013677813499952
0.013571698129294
0.013459618936592
0.013344084701654
0.013227668882943
0.013112953571709
0.013002472819244
0.012898656550282
0.012803776289682
0.012719893920350
0.012648814656565
0.012592045357294
0.012550759217951
0.012525767766014
0.012517500946411
0.012525995917680
0.012550894991848
0.012591452942881
0.012646553684592
0.012714736084405
0.012794228440402
0.012882990912587
0.012978764972575
0.013079128726653
0.013181556782698
0.013283483178883
0.013382365777614
0.013475750456837
0.013561333406424
0.013637019861974
0.013700977682392
0.013751684299685
0.013787965736433
0.013809026593567
0.013814470152275
0.013804308001627
0.013778958889725
0.013739236791931
0.013686328486204
0.013621761213768
0.013547361275051
0.013465204658325
0.013377561015040
0.013286832476003
0.013195488941750
0.013106001575753
0.013020776278470
0.012942088923097
0.012872024090629
0.012812418953944
0.012764813830521
0.012730410754267
0.012710041212721
0.012704143961233
0.012712753565733
0.012735500046197
0.012771619700026
0.012819976885015
0.012879096242431
0.012947204549363
0.013022281113443
0.013102115370118
0.013184370120200
0.013266648660915
0.013346563923596
0.013421807641466
0.013490217536309
0.013549840536542
0.013598990122953
0.013636296041955
0.013660744827420
0.013671709826682
0.013668969727792
0.013652714925185
0.013623541429575
0.013582432413502
0.013530727873991
0.013470083275056
0.013402418392005
0.013329857903839
0.013254665557703
0.013179173949919
0.013105712123191
0.013036533263041
0.012973744784729
0.012919243034191
0.012874654684599
0.012841286698870
0.012820086454827
0.012811613303116
0.012816022459642
0.012833061736658
0.012862081203247
