0.021200031370907
0.021272956386484
0.021345396138823
0.021416891676764
0.021487000607152
0.021555305368059
0.021621421146543
0.021685003284874
0.021745754024906
0.021803428449095
0.021857839488581
0.021908861883563
0.021956434998756
0.022000564416786
0.022041322254636
0.022078846172321
0.022113337068429
0.022145055483597
0.022174316759741
0.022201485029631
0.022226966137327
0.022251199614781
0.022274649862799
0.022297796705080
0.022321125501622
0.022345117021975
0.022370237289127
0.022396927610883
0.022425595017144
0.022456603318305
0.022490264991897
0.022526834091704
0.022566500355831
0.022609384667945
0.022655535999395
0.022704929929595
0.022757468808500
0.022812983588854
0.022871237317887
0.022931930239099
0.022994706415637
0.023059161748382
0.023124853225297
0.023191309204687
0.023258040504842
0.023324552046847
0.023390354777091
0.023454977581811
0.023517978898517
0.023578957728841
0.023637563764476
0.023693506352642
0.023746562049799
0.023796580541989
0.023843488746677
0.023887292953847
0.023928078912398
0.023966009820803
0.024001322237249
0.024034319982868
0.024065366170714
0.024094873551183
0.024123293420042
0.024151103386085
0.024178794339954
0.024206857001769
0.024235768451023
0.024265979055886
0.024297900218917
0.024331893340963
0.024368260373713
0.024407236283767
0.024448983687485
0.024493589837680
0.024541066052606
0.024591349577951
0.024644307768003
0.024699744368039
0.024757407582233
0.024816999526447
0.024878186599577
0.024940610266760
0.025003897737688
0.025067672047139
0.025131561103895
0.025195205367497
0.025258263935567
0.025320418970854
0.025381378556613
0.025440878229136
0.025498681582839
0.025554580461432
0.025608395323557
0.025659976390251
0.025709206134990
0.025756003560046
0.025800330516307
0.025842200074959
0.025881686663049
0.025918937351844
0.025954183363992
0.025987750573717
0.026020067546531
0.026051669533497
0.026083196828284
0.026115386034881
0.026149053091624
0.026185067352974
0.026224316630114
0.026267663806341
0.026315896430881
0.026369671500431
0.026429458397753
0.026495483602365
0.026567681251583
0.026645653848670
0.026728647338262
0.026815544364598
0.026904878784448
0.026994873438334
0.027083501831925
0.027168572812114
0.027247835630789
0.027319101084461
0.027380372822686
0.027429981560009
0.027466713927002
0.027489927163166
0.027499640871315
0.027496597670414
0.027482285813910
0.027458918653125
0.027429368146052
0.027397052325460
0.027365779594510
0.027339555733205
0.027322362377624
0.027317918274053
0.027329436618930
0.027359393102719
0.027409319747064
0.027479639172144
0.027569552522622
0.027676991943875
0.027798645324564
0.027930057155078
0.028065804993786
0.028199746425307
0.028325326806160
0.028435933803657
0.028525281019458
0.028587800102651
0.028619018912810
0.028615902651948
0.028577135541789
0.028503322602785
0.028397094341148
0.028263101542043
0.028107892703156
0.027939672665289
0.027767947400400
0.027603066366986
0.027455679989539
0.027336135321035
0.027253837488661
0.027216607829674
0.027230071481566
0.027297107454603
0.027417392820865
0.027587069621668
0.027798558528364
0.028040537372987
0.028298095649512
0.028553068286523
0.028784543765086
0.028969533384607
0.029083780555804
0.029102681803428
0.029002285042490
0.028760325954550
0.028357260178211
0.027777247711004
0.027009046488463
0.026046774565558
0.024890504595974
0.023546660224410
0.022028191340462
0.020354513590202
0.018551206753478
0.016649476186483
0.014685391097603
0.012698922566719
0.010732812547866
0.008831312259686
0.007038834063178
0.005398564908819
0.003951091533397
0.002733087707294
0.001776111963783
0.001105560453461
0.000739814008288
0.000689611392151
0.000957672342567
0.001538584706092
0.002418960110084
0.003577852589022
0.004987424793423
0.006613837241112
0.008418327885404
0.010358442392304
0.012389370204903
0.014465337928915
0.016541009927365
0.018572846316357
0.020520370779986
0.022347304665919
0.024022529506335
0.025520847189120
0.026823515184165
0.027918543169741
0.028800746736806
0.029471563194578
0.029938643481910
0.030215242447680
0.030319436975033
0.030273207311133
0.030101421306539
0.029830763913956
0.029488655165229
0.029102198934329
0.028697202174025
0.028297300128109
0.027923217477210
0.027592188737458
0.027317553803931
0.027108536650573
0.026970207215258
0.026903618761595
0.026906105849909
0.026971721768864
0.027091789132193
0.027255533531699
0.027450767793796
0.027664593578226
0.027884087778451
0.028096943357095
0.028292037734394
0.028459906442251
0.028593105212670
0.028686449703373
0.028737128370648
0.028744690269388
0.028710915491980
0.028639581274189
0.028536141258116
0.028407338818847
0.028260777599161
0.028104473385109
0.027946411189105
0.027794129945329
0.027654354683121
0.027532692598389
0.027433405303425
0.027359264944263
0.027311497090361
0.027289808584052
0.027292494135166
0.027316611581900
0.027358212598378
0.027412613352008
0.027474688287022
0.027539169866031
0.027600937714653
0.027655282108406
0.027698128992440
0.027726216571818
0.027737216764099
0.027729798262506
0.027703631409792
0.027659338332076
0.027598394651109
0.027522991435863
0.027435867761109
0.027340125245913
0.027239036228047
0.027135856814937
0.027033655002824
0.026935162473276
0.026842656687447
0.026757877648957
0.026681981349394
0.026615529597726
0.026558513806003
0.026510408478692
0.026470248724897
0.026436725143817
0.026408288952634
0.026383260227795
0.026359932579496
0.026336668412200
0.026311980057548
0.026284593402049
0.026253492066363
0.026217941622313
0.026177494662961
0.026131978689003
0.026081469679186
0.026026254832846
0.025966788291839
0.025903643672307
0.025837466989792
0.025768933087263
0.025698708030463
0.025627419181885
0.025555633869579
0.025483846792808
0.025412475609267
0.025341863573224
0.025272287672239
0.025203970459377
0.025137093700373
0.025071812039997
0.025008265116176
0.024946586882690
0.024886911304443
0.024829374024133
0.024774110027486
0.024721247722015
0.024670900163813
0.024623154398418
0.024578060014559
0.024535618041441
0.024495771257471
0.024458396834045
0.024423302030436
0.024390223406636
0.024358829752692
0.024328728667797
0.024299476479461
0.024270590988389
0.024241566369388
0.024211889458880
0.024181056616879
0.024148590362374
0.024114055039376
0.024077070867018
0.024037325850177
0.023994585165756
0.023948697783149
0.023899600215996
0.023847317428345
0.023791961026394
0.023733724953778
0.023672878972876
0.023609760257637
0.023544763447084
0.023478329516185
0.023410933815637
0.023343073618025
0.023275255487897
0.023207982770258
0.023141743467733
0.023076998752211
0.023014172332763
0.022953640877672
0.022895725664238
0.022840685604792
0.022788711770430
0.022739923504991
0.022694366190326
0.022652010690354
0.022612754466042
0.022576424317288
0.022542780671666
0.022511523305391
0.022482298349898
0.022454706409202
0.022428311589824
0.022402651227159
0.022377246080303
0.022351610761684
0.022325264168302
0.022297739687634
0.022268594962808
0.022237421017765
0.022203850563163
0.022167565326867
0.022128302278278
0.022085858642701
0.022040095629864
0.021990940828785
0.021938389249120
0.021882503016186
0.021823409752874
0.021761299706004
0.021696421697240
0.021629077998936
0.021559618253187
0.021488432567443
0.021415943932333
0.021342600116531
