0.015515942602271
0.015507895560057
0.015496428354369
0.015481736919842
0.015464041372101
0.015443583357611
0.015420623511891
0.015395439043750
0.015368321436449
0.015339574233128
0.015309510855632
0.015278452394322
0.015246725302619
0.015214658934262
0.015182582873160
0.015150824024495
0.015119703459794
0.015089533036159
0.015060611838504
0.015033222521009
0.015007627647944
0.014984066152178
0.014962750040564
0.014943861477693
0.014927550372649
0.014913932577609
0.014903088783048
0.014895064163573
0.014889868792844
0.014887478808111
0.014887838267259
0.014890861606547
0.014896436577945
0.014904427523378
0.014914678830873
0.014927018415568
0.014941261077163
0.014957211603983
0.014974667521327
0.014993421416055
0.015013262808054
0.015033979579370
0.015055359010377
0.015077188506380
0.015099256124756
0.015121351029963
0.015143264009894
0.015164788181306
0.015185719994728
0.015205860621082
0.015225017765425
0.015243007910009
0.015259658942674
0.015274813080671
0.015288329958060
0.015300089710130
0.015309995863779
0.015317977830789
0.015323992802840
0.015328026863445
0.015330095162216
0.015330241039549
0.015328534042482
0.015325066832035
0.015319951045212
0.015313312236962
0.015305284084934
0.015296002089123
0.015285597036226
0.015274188522335
0.015261878835819
0.015248747494206
0.015234846705005
0.015220197981869
0.015204790096471
0.015188578485834
0.015171486167778
0.015153406147437
0.015134205228948
0.015113729082039
0.015091808356480
0.015068265590832
0.015042922627663
0.015015608226721
0.014986165560984
0.014954459287902
0.014920381908731
0.014883859161202
0.014844854232967
0.014803370633280
0.014759453615568
0.014713190101663
0.014664707116850
0.014614168801332
0.014561772116033
0.014507741407047
0.014452322031977
0.014395773281751
0.014338360852445
0.014280349132810
0.014221993574539
0.014163533404079
0.014105184917705
0.014047135576415
0.013989539085237
0.013932511604025
0.013876129195343
0.013820426571130
0.013765397155191
0.013710994434785
0.013657134533214
0.013603699897764
0.013550543964897
0.013497496638088
0.013444370394036
0.013390966820428
0.013337083383195
0.013282520223060
0.013227086789672
0.013170608135981
0.013112930714881
0.013053927543282
0.012993502624641
0.012931594548150
0.012868179210175
0.012803271629933
0.012736926855829
0.012669239980529
0.012600345301161
0.012530414675640
0.012459655136993
0.012388305834821
0.012316634377157
0.012244932647516
0.012173512171637
0.012102699107118
0.012032828927708
0.011964240873164
0.011897272236032
0.011832252558900
0.011769497819764
0.011709304689238
0.011651944950810
0.011597660183820
0.011546656817160
0.011499101668903
0.011455118091828
0.011414782845912
0.011378123815048
0.011345118675657
0.011315694608665
0.011289729123453
0.011267052032838
0.011247448582923
0.011230663701775
0.011216407288289
0.011204360419343
0.011194182311886
0.011185517839537
0.011178005373046
0.011171284692996
0.011165004713077
0.011158830754670
0.011152451128663
0.011145582808411
0.011137976017284
0.011129417603614
0.011119733132490
0.011108787684511
0.011096485412989
0.011082767969395
0.011067611958572
0.011051025627257
0.011033045019032
0.011013729844180
0.010993159313084
0.010971428166788
0.010948643109224
0.010924919804290
0.010900380550335
0.010875152687976
0.010849367738394
0.010823161212280
0.010796672978260
0.010770048037225
0.010743437518563
0.010716999697546
0.010690900831372
0.010665315624453
0.010640427160675
0.010616426179483
0.010593509621201
0.010571878421602
0.010551734592677
0.010533277681988
0.010516700753162
0.010502186071549
0.010489900709054
0.010479992298499
0.010472585169442
0.010467777083839
0.010465636762123
0.010466202349712
0.010469480923247
0.010475449078073
0.010484054577241
0.010495218981573
0.010508841123885
0.010524801242010
0.010542965547979
0.010563190987039
0.010585329931890
0.010609234565081
0.010634760725861
0.010661771035273
0.010690137162868
0.010719741156749
0.010750475822159
0.010782244198238
0.010814958243639
0.010848536895363
0.010882903707697
0.010917984306558
0.010953703906858
0.010989985135614
0.011026746381732
0.011063900855890
0.011101356493322
0.011139016771815
0.011176782451025
0.011214554171811
0.011252235790267
0.011289738265023
0.011326983871883
0.011363910490273
0.011400475693015
0.011436660375703
0.011472471683818
0.011507945033092
0.011543145068864
0.011578165469503
0.011613127563432
0.011648177794190
0.011683484129215
0.011719231561356
0.011755616894586
0.011792843034323
0.011831113017251
0.011870624015170
0.011911561533413
0.011954093998602
0.011998367895744
0.012044503574277
0.012092591799960
0.012142691088090
0.012194825816280
0.012248985084482
0.012305122267639
0.012363155193186
0.012422966871198
0.012484406708611
0.012547292148672
0.012611410690590
0.012676522259831
0.012742361914098
0.012808642881761
0.012875059936468
0.012941293112855
0.013007011763305
0.013071878944777
0.013135556108933
0.013197708049646
0.013258008041280
0.013316143081156
0.013371819132260
0.013424766249368
0.013474743464802
0.013521543309723
0.013564995853502
0.013604972156864
0.013641387053080
0.013674201194147
0.013703422323652
0.013729105763132
0.013751354122096
0.013770316261957
0.013786185559627
0.013799197526597
0.013809626843941
0.013817783873038
0.013824010697047
0.013828676740457
0.013832174005227
0.013834911953771
0.013837312063152
0.013839802072828
0.013842809951192
0.013846757614644
0.013852054446954
0.013859090685651
0.013868230764847
0.013879806728622
0.013894111853615
0.013911394641612
0.013931853360210
0.013955631319849
0.013982813076866
0.014013421743205
0.014047417563498
0.014084697889165
0.014125098638026
0.014168397277910
0.014214317316354
0.014262534218291
0.014312682612911
0.014364364593009
0.014417158858473
0.014470630413314
0.014524340495503
0.014577856403004
0.014630760879122
0.014682660736101
0.014733194427350
0.014782038324396
0.014828911512392
0.014873578984866
0.014915853190677
0.014955593960159
0.014992706908939
0.015027140483177
0.015058881865319
0.015087952002005
0.015114400043271
0.015138297493453
0.015159732368830
0.015178803635901
0.015195616168888
0.015210276418135
0.015222888925808
0.015233553765297
0.015242364919879
0.015249409558389
0.015254768114334
0.015258515033083
0.015260720021725
0.015261449619234
0.015260768901247
0.015258743143325
0.015255439287833
0.015250927090111
0.015245279856804
0.015238574729835
0.015230892510270
0.015222317054152
0.015212934304408
0.015202831047068
0.015192093494684
0.015180805804426
0.015169048633046
0.015156897816753
0.015144423242780
0.015131687953382
0.015118747494812
0.015105649496309
0.015092433440038
0.015079130564492
0.015065763833151
0.015052347898082
0.015038888995276
0.015025384724148
0.015011823686690
0.014998184990101
0.014984437647955
0.014970539946057
0.014956438867137
0.014942069690541
0.014927355896493
0.014912209507453
0.014896531990293
0.014880215822233
0.014863146791281
0.014845207059932
0.014826278971486
0.014806249524669
0.014785015387921
0.014762488273638
0.014738600448551
0.014713310123042
0.014686606442277
0.014658513797907
0.014629095191861
0.014598454413579
0.014566736837812
0.014534128709754
0.014500854854664
0.014467174826400
0.014433377588866
0.014399774901769
0.014366693652376
0.014334467434082
0.014303427716644
