0.006174010872453
0.006096588531427
0.006019476597533
0.005943102696647
0.005867924563202
0.005794430787738
0.005723139844283
0.005654597215977
0.005589370531859
0.005528042730615
0.005471203372739
0.005419438325276
0.005373318137443
0.005333385505615
0.005300142288007
0.005274036569112
0.005255450289243
0.005244687944097
0.005241966823373
0.005247409197673
0.005261036782047
0.005282767706729
0.005312416115834
0.005349694398920
0.005394217944522
0.005445512195492
0.005503021689249
0.005566120687460
0.005634124943656
0.005706304127282
0.005781894420224
0.005860110827178
0.005940158792479
0.006021244789694
0.006102585641480
0.006183416429389
0.006262996959345
0.006340616850735
0.006415599407861
0.006487304505158
0.006555130766439
0.006618517339682
0.006676945560728
0.006729940762337
0.006777074422221
0.006817966760152
0.006852289797042
0.006879770786438
0.006900195830431
0.006913413406644
0.006919337469380
0.006917949752977
0.006909300904074
0.006893510103938
0.006870762911774
0.006841307161379
0.006805446870339
0.006763534264315
0.006715960168410
0.006663143161362
0.006605518014868
0.006543524038478
0.006477594010994
0.006408144395175
0.006335567499713
0.006260226170546
0.006182451465339
0.006102543597062
0.006020776234350
0.005937404029814
0.005852673026410
0.005766833380852
0.005680153656325
0.005592935787589
0.005505529721318
0.005418346691490
0.005331870108963
0.005246663127126
0.005163372089112
0.005082725259724
0.005005526486985
0.004932643710899
0.004864992525368
0.004803515286557
0.004749156530483
0.004702835697758
0.004665418349811
0.004637687186276
0.004620314228985
0.004613835519306
0.004618629581866
0.004634900743052
0.004662668165191
0.004701761179124
0.004751821184342
0.004812310054671
0.004882524657654
0.004961616786682
0.005048617534753
0.005142464923639
0.005242033455312
0.005346164182379
0.005453693905461
0.005563482196817
0.005674435115308
0.005785524707130
0.005895803664963
0.006004414827068
0.006110595517455
0.006213677037769
0.006313079900817
0.006408305626843
0.006498926091953
0.006584571513294
0.006664918172451
0.006739676917356
0.006808583349657
0.006871390409743
0.006927863830761
0.006977780664366
0.007020930804913
0.007057121176134
0.007086182014564
0.007107974504304
0.007122398901332
0.007129402241095
0.007128984753655
0.007121204213727
0.007106177620677
0.007084079823113
0.007055138957522
0.007019628841152
0.006977858725360
0.006930161056722
0.006876878090651
0.006818348340568
0.006754893913470
0.006686809773656
0.006614355889399
0.006537753057080
0.006457182973334
0.006372792852284
0.006284704579584
0.006193028077722
0.006097878248758
0.005999394581883
0.005897762282722
0.005793233614954
0.005686148054605
0.005576949850599
0.005466201664111
0.005354593121104
0.005242943349302
0.005132196870454
0.005023412564932
0.004917745799603
0.004816424190715
0.004720717839869
0.004631905212106
0.004551236101455
0.004479893334410
0.004418954982688
0.004369358884716
0.004331871206739
0.004307060610772
0.004295279344416
0.004296652238649
0.004311074210298
0.004338216436213
0.004377540919185
0.004428322726069
0.004489678771585
0.004560601670736
0.004639996910373
0.004726721413665
0.004819621502588
0.004917568309455
0.005019488848418
0.005124391224449
0.005231382816149
0.005339680699362
0.005448614055329
0.005557618800896
0.005666225157942
0.005774039314208
0.005880720689491
0.005985956585899
0.006089436150422
0.006190825602184
0.006289746573196
0.006385759186807
0.006478351167205
0.006566933858324
0.006650845559437
0.006729362089294
0.006801714004349
0.006867109452081
0.006924761267013
0.006973916639266
0.007013887520578
0.007044079890190
0.007064020083577
0.007073376583088
0.007071975965826
0.007059812078705
0.007037047937235
0.007004010293908
0.006961177264571
0.006909159808502
0.006848678205432
0.006780534940410
0.006705585581403
0.006624709307406
0.006538780716028
0.006448644414593
0.006355093689012
0.006258854265651
0.006160573852117
0.006060817784026
0.005960070737847
0.005858744115464
0.005757188383187
0.005655709373129
0.005554587341282
0.005454097434227
0.005354530150984
0.005256210400287
0.005159513844798
0.005064879387301
0.004972816880992
0.004883909425085
0.004798809923760
0.004718231924626
0.004642935094555
0.004573706017288
0.004511335290098
0.004456592138487
0.004410197942918
0.004372800167491
0.004344948188836
0.004327072440809
0.004319468118600
0.004322284432268
0.004335520077739
0.004359025221151
0.004392509892887
0.004435558285950
0.004487648076340
0.004548173556917
0.004616471124431
0.004691845501354
0.004773595023068
0.004861034383009
0.004953513401687
0.005050430660207
0.005151241197484
0.005255457888888
0.005362646573666
0.005472415447667
0.005584399654608
0.005698242363308
0.005813573884229
0.005929990536764
0.006047035017238
0.006164179933409
0.006280815970207
0.006396245847638
0.006509684846860
0.006620268241391
0.006727065508023
0.006829100738157
0.006925378255608
0.007014912098957
0.007096757767188
0.007170044472187
0.007234006098427
0.007288009138961
0.007331576050156
0.007364402731486
0.007386369171841
0.007397542687309
0.007398173582508
0.007388683473426
0.007369646891139
0.007341767122435
0.007305847518875
0.007262759708582
0.007213410268050
0.007158707452620
0.007099529546029
0.007036696277628
0.006970944579296
0.006902909723721
0.006833112613856
0.006761953693038
0.006689713629644
0.006616560612145
0.006542563782570
0.006467712050461
0.006391937276480
0.006315140605097
0.006237220568290
0.006158101484758
0.006077760647786
0.005996252833588
0.005913730772085
0.005830460401879
0.005746829975555
0.005663352381557
0.005580660392144
0.005499494917428
0.005420686724364
0.005345132445951
0.005273766038216
0.005207527119617
0.005147327830265
0.005094019961301
0.005048364117128
0.005011002580435
0.004982437354031
0.004963014563551
0.004952916036905
0.004952158451692
0.004960599987089
0.004977953961364
0.005003808510351
0.005037650995032
0.005078895543306
0.005126911952187
0.005181054115320
0.005240686201608
0.005305204990425
0.005374057055052
0.005446749858876
0.005522856262283
0.005602012401690
0.005683909363175
0.005768279499309
0.005854878599708
0.005943465398774
0.006033780070172
0.006125523406954
0.006218338317457
0.006311795087411
0.006405381583187
0.006498499221215
0.006590465130759
0.006680520520243
0.006767844850548
0.006851575049576
0.006930828694639
0.007004729861037
0.007072436198487
0.007133165756354
0.007186222131857
0.007231016653776
0.007267086523655
0.007294108099220
0.007311904800440
0.007320449426498
0.007319860972128
0.007310396306776
0.007292437315801
0.007266474289385
0.007233086476288
0.007192920794422
0.007146669710588
0.007095049272666
0.007038778206149
0.006978558881566
0.006915060828620
0.006848907324997
0.006780665430299
0.006710839674526
0.006639869451191
0.006568130011497
0.006495936811436
0.006423552831064
0.006351198367596
0.006279062704321
0.006207316979140
0.006136127523519
0.006065668918344
0.005996136021101
0.005927754261283
0.005860787579202
0.005795543496548
0.005732374952192
0.005671678708265
0.005613890321677
0.005559475874782
0.005508920854314
0.005462716747366
0.005421346074754
0.005385266694059
0.005354896267793
0.005330597800026
0.005312667094672
0.005301322881836
0.005296700200519
0.005298847426008
