0.007539172876247
0.007604891515161
0.007668669836742
0.007730335669876
0.007789751699657
0.007846816486678
0.007901463763130
0.007953660035925
0.008003400629151
0.008050704393300
0.008095607391115
0.008138155934694
0.008178399391815
0.008216383198656
0.008252142509954
0.008285696886269
0.008317046362963
0.008346169169583
0.008373021275573
0.008397537833649
0.008419636481463
0.008439222351525
0.008456194535085
0.008470453653848
0.008481910119541
0.008490492610045
0.008496156265571
0.008498890111021
0.008498723241791
0.008495729368411
0.008490029397724
0.008481791830330
0.008471230870030
0.008458602264424
0.008444197019409
0.008428333246921
0.008411346507930
0.008393579095418
0.008375368759939
0.008357037410129
0.008338880320462
0.008321156348939
0.008304079610158
0.008287812967974
0.008272463611752
0.008258080867071
0.008244656272391
0.008232125834590
0.008220374265248
0.008209240902245
0.008198526942933
0.008188003559972
0.008177420441392
0.008166514293954
0.008155016872725
0.008142662148432
0.008129192294134
0.008114362259893
0.008097942803164
0.008079721947754
0.008059504949317
0.008037112944419
0.008012380547527
0.007985152730682
0.007955281370079
0.007922621869064
0.007887030266632
0.007848361213805
0.007806467148589
0.007761198925994
0.007712408066766
0.007659950682074
0.007603693017306
0.007543518443014
0.007479335611538
0.007411087400803
0.007338760188142
0.007262392942175
0.007182085593600
0.007098006148789
0.007010396044009
0.006919573301895
0.006825933142526
0.006729945814707
0.006632151542707
0.006533152622852
0.006433602845199
0.006334194550105
0.006235643750279
0.006138673848817
0.006043998557288
0.005952304660781
0.005864235286820
0.005780374311667
0.005701232482478
0.005627235750390
0.005558716203052
0.005495905861726
0.005438933474966
0.005387824305858
0.005342502780218
0.005302797746164
0.005268449996995
0.005239121634252
0.005214406799219
0.005193843280659
0.005176924513959
0.005163111520307
0.005151844390819
0.005142552995066
0.005134666680934
0.005127622827142
0.005120874204902
0.005113895194979
0.005106186985356
0.005097281937702
0.005086747354215
0.005074188897215
0.005059253910728
0.005041634866189
0.005021073104529
0.004997362977197
0.004970356403070
0.004939967762106
0.004906178946185
0.004869044290078
0.004828695018176
0.004785342773181
0.004739281748424
0.004690888932068
0.004640621994006
0.004589014407646
0.004536667499638
0.004484239258805
0.004432429906224
0.004381964423686
0.004333572447244
0.004287966143347
0.004245816882960
0.004207731698747
0.004174230637196
0.004145726187805
0.004122505974368
0.004104719821549
0.004092372160667
0.004085320514320
0.004083280508265
0.004085837514334
0.004092464648722
0.004102546458341
0.004115407249576
0.004130342675305
0.004146652923279
0.004163675665100
0.004180816848767
0.004197577461286
0.004213574556042
0.004228555128610
0.004242401822123
0.004255129928106
0.004266875692805
0.004277876508174
0.004288444123335
0.004298932517526
0.004309702492119
0.004321085334331
0.004333348052848
0.004346662668817
0.004361081858609
0.004376522892821
0.004392761316702
0.004409435198888
0.004426060075982
0.004442053985230
0.004456771255763
0.004469543070916
0.004479722267918
0.004486729448454
0.004490097267013
0.004489509764276
0.004484833827400
0.004476140280404
0.004463712714173
0.004448042921312
0.004429812659464
0.004409862372415
0.004389148391117
0.004368690955645
0.004349516086382
0.004332594838223
0.004318783756098
0.004308770388815
0.004303027502062
0.004301779168775
0.004304981231074
0.004312317763295
0.004323214174024
0.004336866529762
0.004352285632709
0.004368353409648
0.004383888333809
0.004397715964072
0.004408740290890
0.004416011455145
0.004418785566329
0.004416572783077
0.004409170506532
0.004396679433427
0.004379501264716
0.004358318000746
0.004334053902701
0.004307822288790
0.004280860292370
0.004254455476239
0.004229868723286
0.004208258074813
0.004190608148008
0.004177669435729
0.004169911196107
0.004167490814256
0.004170241516012
0.004177679197443
0.004189027973798
0.004203262920193
0.004219167443488
0.004235401853915
0.004250579048709
0.004263342816964
0.004272444147989
0.004276811079776
0.004275608047798
0.004268281358473
0.004254588273335
0.004234608194228
0.004208735524074
0.004177654874710
0.004142300336137
0.004103801447403
0.004063419263344
0.004022476449987
0.003982285634557
0.003944080269248
0.003908952042802
0.003877798407697
0.003851283115399
0.003829811811715
0.003813523792688
0.003802300018485
0.003795786490481
0.003793431176027
0.003794531871558
0.003798291774684
0.003803879125144
0.003810487095116
0.003817390168685
0.003823993540899
0.003829872566938
0.003834799967118
0.003838759298875
0.003841944090321
0.003844742935105
0.003847711718564
0.003851534926789
0.003856978636469
0.003864838256326
0.003875884364683
0.003890810049190
0.003910183004495
0.003934405295731
0.003963683176069
0.003998008691540
0.004037154059826
0.004080679020219
0.004127950569445
0.004178173770671
0.004230431693922
0.004283732051129
0.004337057754263
0.004389418465738
0.004439900230267
0.004487710469152
0.004532215963559
0.004572971926068
0.004609740826157
0.004642500257594
0.004671439774471
0.004696947239258
0.004719585785410
0.004740062968637
0.004759194041720
0.004777861522274
0.004796973324215
0.004817421692867
0.004840045029732
0.004865594431117
0.004894706415953
0.004927882906455
0.004965479077161
0.005007699230161
0.005054600412382
0.005106103088049
0.005162007835166
0.005222016764690
0.005285758175225
0.005352812860237
0.005422740479463
0.005495104487277
0.005569494270048
0.005645543370073
0.005722942950935
0.005801449971312
0.005880889863657
0.005961153842485
0.006042191276864
0.006123997836793
0.006206600349595
0.006290039468985
0.006374351358451
0.006459549617776
0.006545608637111
0.006632449450700
0.006719928990026
0.006807833414666
0.006895875942373
0.006983699323479
0.007070882825174
0.007156953325349
0.007241399878854
0.007323690924947
0.007403293164014
0.007479691051623
0.007552405841943
0.007621013159908
0.007685158187500
0.007744567706153
0.007799058433423
0.007848541314520
0.007893021663858
0.007932595283652
0.007967440902143
0.007997809460864
0.008024010928662
0.008046399422744
0.008065357470024
0.008081280244705
0.008094560572792
0.008105575406303
0.008114674346766
0.008122170648343
0.008128334965870
0.008133391942676
0.008137519567570
0.008140851079155
0.008143479066576
0.008145461315085
0.008146827876618
0.008147588811869
0.008147742051130
0.008147280854264
0.008146200411926
0.008144503215166
0.008142202922630
0.008139326566763
0.008135915055476
0.008132022036795
0.008127711294562
0.008123052927914
0.008118118631707
0.008112976436432
0.008107685283156
0.008102289801747
0.008096815630847
0.008091265568650
0.008085616778637
0.008079819198812
0.008073795222082
0.008067440634520
0.008060626722664
0.008053203395215
0.008045003112425
0.008035845380627
0.008025541551545
0.008013899666234
0.008000729101045
0.007985844805697
0.007969070968478
0.007950243997105
0.007929214761758
0.007905850105015
0.007880033677801
0.007851666207239
0.007820665338510
0.007786965216134
0.007750515979258
0.007711283340219
0.007669248396594
0.007624407795737
0.007576774329940
0.007526377992922
0.007473267477849
0.007417512047251
