0.163263480207327
0.163811409100124
0.164503373995886
0.165329499343743
0.166277411409287
0.167332438325501
0.168477853361307
0.169695157640853
0.170964397756706
0.172264512981506
0.173573706114400
0.174869831420518
0.176130792653050
0.177334943805872
0.178461485045835
0.179490846229960
0.180405050532116
0.181188050990255
0.181826033237141
0.182307678288714
0.182624380022630
0.182770412868800
0.182743046233155
0.182542603260749
0.182172462687899
0.181639003706417
0.180951494936777
0.180121929752169
0.179164811284246
0.178096891448289
0.176936869227994
0.175705054238984
0.174423002230129
0.173113129671632
0.171798314911525
0.170501493554390
0.169245255728637
0.168051452765447
0.166940820520629
0.165932626140269
0.165044344513901
0.164291369989379
0.163686768157237
0.163241071665777
0.162962123119630
0.162854967162529
0.162921792868614
0.163161926585527
0.163571874405971
0.164145412511737
0.164873722754493
0.165745570027910
0.166747517263625
0.167864173262809
0.169078468069390
0.170371950209548
0.171725099872586
0.173117651994107
0.174528923223955
0.175938136914785
0.177324740545532
0.178668710386049
0.179950838701268
0.181152999367967
0.182258388415777
0.183251736685679
0.184119492502633
0.184849972962721
0.185433483119229
0.185862402997671
0.186131242960680
0.186236668467039
0.186177495714867
0.185954660021384
0.185571159068168
0.185031973332956
0.184343966141156
0.183515765810130
0.182557632336349
0.181481311001282
0.180299875158479
0.179027560324050
0.177679591537660
0.176272005801870
0.174821471253654
0.173345104580173
0.171860288067214
0.170384487565597
0.168935072579979
0.167529139624757
0.166183339951061
0.164913712723895
0.163735524714950
0.162663117570342
0.161709763709003
0.160887531902583
0.160207163578195
0.159677960868235
0.159307687404930
0.159102482819741
0.159066791858621
0.159203308962870
0.159512939091812
0.159994775477443
0.160646094902195
0.161462370978118
0.162437305778292
0.163562880027339
0.164829421896310
0.166225694266003
0.167739000120921
0.169355305512804
0.171059379288201
0.172834948510588
0.174664868227125
0.176531303938083
0.178415924830168
0.180300105541671
0.182165133947762
0.183992422199737
0.185763718034391
0.187461313201685
0.189068245751758
0.190568492887152
0.191947151131201
0.193190600695113
0.194286651147240
0.195224665797510
0.195995662603697
0.196592389875454
0.197009375584602
0.197242949670698
0.197291239340794
0.197154137981447
0.196833248907784
0.196331805747566
0.195654571776915
0.194807720970070
0.193798703882771
0.192636101745143
0.191329472287677
0.189889190859828
0.188326290326231
0.186652303046779
0.184879107974157
0.183018785549732
0.181083482662879
0.179085289478724
0.177036129454478
0.174947663374909
0.172831207761829
0.170697667567356
0.168557482660842
0.166420587275608
0.164296381301802
0.162193712100244
0.160120865369393
0.158085563521475
0.156094970009240
0.154155698084505
0.152273822554997
0.150454893227990
0.148703948877865
0.147025530741796
0.145423694724722
0.143902021675455
0.142463625274908
0.141111157251557
0.139846809806085
0.138672315286015
0.137588943301376
0.136597495614835
0.135698299273873
0.134891198578657
0.134175546595969
0.133550197034998
0.133013497391828
0.132563284341888
0.132196882408603
0.131911106956313
0.131702272540784
0.131566207596237
0.131498276339499
0.131493408627471
0.131546138312784
0.131650650406748
0.131800837082990
0.131990362247273
0.132212734069032
0.132461384531105
0.132729754720008
0.133011384266128
0.133300003066959
0.133589623202887
0.133874628797793
0.134149861497745
0.134410699248813
0.134653126154077
0.134873791380803
0.135070055367223
0.135240021935745
0.135382555342840
0.135497281768714
0.135584575252576
0.135645528590597
0.135681910210765
0.135696108500160
0.135691065464666
0.135670201930904
0.135637336740571
0.135596602528021
0.135552360707309
0.135509118224704
0.135471448461205
0.135443918406612
0.135431023885498
0.135437134213198
0.135466447216111
0.135522955086243
0.135610421075955
0.135732366595981
0.135892067876283
0.136092561001028
0.136336653848362
0.136626943261201
0.136965835651182
0.137355569194765
0.137798235814587
0.138295801243647
0.138850121635329
0.139462955397022
0.140135969176462
0.140870737205160
0.141668733489549
0.142531316626680
0.143459707297471
0.144454958748894
0.145517920811563
0.146649198207353
0.147849104081399
0.149117609844272
0.150454292534421
0.151858281010110
0.153328202356142
0.154862129945457
0.156457534630271
0.158111240551846
0.159819387051476
0.161577398135265
0.163379960889311
0.165221014155784
0.167093748660824
0.168990619628345
0.170903372717497
0.172823083884493
0.174740213492792
0.176644674682361
0.178525915664782
0.180373015244652
0.182174790489920
0.183919915097307
0.185597046638401
0.187194960542616
0.188702688390342
0.190109657867966
0.191405831588606
0.192581841918839
0.193629118979080
0.194540009106730
0.195307881285344
0.195927219344042
0.196393698109417
0.196704242132800
0.196857066101947
0.196851696558110
0.196688975055395
0.196371043398016
0.195901312050976
0.195284413222169
0.194526140442180
0.193633376709895
0.192614013419263
0.191476862331569
0.190231562810440
0.188888486399540
0.187458640606518
0.185953573475780
0.184385280204431
0.182766112699422
0.181108692609787
0.179425828015404
0.177730433631112
0.176035454108534
0.174353789800059
0.172698224199363
0.171081352195808
0.169515508276742
0.168012693879380
0.166584503225962
0.165242047162490
0.163995874751099
0.162855892625210
0.161831282391413
0.160930416638531
0.160160774379681
0.159528856995978
0.159040105961441
0.158698823800565
0.158508099858166
0.158469742543293
0.158584219744619
0.158850609105727
0.159266559797459
0.159828267334961
0.160530462863088
0.161366418179454
0.162327967583132
0.163405547431603
0.164588254061395
0.165863920479965
0.167219211968941
0.168639740452088
0.170110197176109
0.171614502929611
0.173135974687218
0.174657507215298
0.176161767817670
0.177631402040905
0.179049247807458
0.180398555111360
0.181663208106657
0.182827946156087
0.183878580199140
0.184802200657551
0.185587373033628
0.186224317382745
0.186705067962709
0.187023609583938
0.187175987505731
0.187160388141993
0.186977188347045
0.186628971637168
0.186120510351132
0.185458713445211
0.184652540334447
0.183712881910466
0.182652410564632
0.181485401701739
0.180227529823992
0.178895642779220
0.177507518187192
0.176081606372347
0.174636764333863
0.173191985372531
0.171766128970761
0.170377655393036
0.169044369249546
0.167783175957580
0.166609854658879
0.165538850721938
0.164583090493223
0.163753820475708
0.163060472622633
0.162510556951358
0.162109582218099
0.161861004957362
0.161766206786183
0.161824499506298
0.162033157208435
0.162387474291764
0.162880848055771
0.163504884299233
0.164249524167770
0.165103190324590
0.166052950375617
0.167084695357853
0.168183330996960
0.169332979356356
0.170517188435217
0.171719147227809
0.172921903732398
0.174108583395825
0.175262605500776
0.176367895047402
0.177409087749066
0.178371725853114
0.179242442609671
0.180009133342617
0.180661111223798
0.181189246011271
0.181586084181147
0.181845949057790
0.181965019725830
0.181941387688153
0.181775090416127
0.181468121122349
0.181024414273824
0.180449806557731
0.179751973216226
0.178940339885242
0.178025970309243
