0.006039499526788
0.006039511242852
0.006039522897189
0.006039534489841
0.006039546020851
0.006039557490261
0.006039568898114
0.006039580244451
0.006039591529313
0.006039602752744
0.006039613914783
0.006039625015472
0.006039636054853
0.006039647032965
0.006039657949850
0.006039668805547
0.006039679600097
0.006039690333540
0.006039701005915
0.006039711617263
0.006039722167622
0.006039732657032
0.006039743085532
0.006039753453161
0.006039763759956
0.006039774005957
0.006039784191201
0.006039794315727
0.006039804379573
0.006039814382775
0.006039824325372
0.006039834207400
0.006039844028897
0.006039853789899
0.006039863490443
0.006039873130565
0.006039882710302
0.006039892229689
0.006039901688762
0.006039911087557
0.006039920426109
0.006039929704454
0.006039938922627
0.006039948080661
0.006039957178593
0.006039966216457
0.006039975194287
0.006039984112118
0.006039992969983
0.006040001767917
0.006040010505955
0.006040019184130
0.006040027802476
0.006040036361027
0.006040044859819
0.006040053298885
0.006040061678260
0.006040069997980
0.006040078258080
0.006040086458597
0.006040094599568
0.006040102681031
0.006040110703026
0.006040118665592
0.006040126568773
0.006040134412613
0.006040142197157
0.006040149922455
0.006040157588558
0.006040165195521
0.006040172743401
0.006040180232259
0.006040187662159
0.006040195033170
0.006040202345360
0.006040209598801
0.006040216793565
0.006040223929721
0.006040231007335
0.006040238026459
0.006040244987133
0.006040251889368
0.006040258733140
0.006040265518372
0.006040272244914
0.006040278912515
0.006040285520788
0.006040292069168
0.006040298556850
0.006040304982721
0.006040311345260
0.006040317642430
0.006040323871522
0.006040330028979
0.006040336110161
0.006040342109065
0.006040348017971
0.006040353827012
0.006040359523637
0.006040365091962
0.006040370511971
0.006040375758548
0.006040380800297
0.006040385598116
0.006040390103471
0.006040394256325
0.006040397982644
0.006040401191409
0.006040403771052
0.006040405585204
0.006040406467639
0.006040406216293
0.006040404586173
0.006040401281008
0.006040395943425
0.006040388143415
0.006040377364845
0.006040362989706
0.006040344279777
0.006040320355337
0.006040290170502
0.006040252484756
0.006040205830142
0.006040148473587
0.006040078373741
0.006039993131678
0.006039889934745
0.006039765492801
0.006039615966022
0.006039436883411
0.006039223051110
0.006038968449563
0.006038666118552
0.006038308029135
0.006037884941472
0.006037386247574
0.006036799798043
0.006036111711914
0.006035306168829
0.006034365182884
0.006033268357662
0.006031992622182
0.006030511947743
0.006028797045975
0.006026815048770
0.006024529171214
0.006021898359154
0.006018876923609
0.006015414164890
0.006011453990035
0.006006934527958
0.006001787747619
0.005995939085447
0.005989307089275
0.005981803087125
0.005973330890283
0.005963786541240
0.005953058118224
0.005941025609174
0.005927560869096
0.005912527675717
0.005895781899286
0.005877171803078
0.005856538491699
0.005833716524606
0.005808534712226
0.005780817111729
0.005750384238757
0.005717054510176
0.005680645931260
0.005640978038385
0.005597874105491
0.005551163619040
0.005500685022057
0.005446288722990
0.005387840359618
0.005325224302078
0.005258347372266
0.005187142749563
0.005111574024935
0.005031639357319
0.004947375677701
0.004858862877798
0.004766227911815
0.004669648731670
0.004569357968518
0.004465646266716
0.004358865170742
0.004249429461373
0.004137818834876
0.004024578818443
0.003910320816803
0.003795721189217
0.003681519263087
0.003568514200412
0.003457560646440
0.003349563106135
0.003245469013592
0.003146260482073
0.003052944747863
0.002966543349258
0.002888080112371
0.002818568047523
0.002758995293230
0.002710310278365
0.002673406306264
0.002649105796393
0.002638144448679
0.002641155621829
0.002658655238743
0.002691027548532
0.002738512084622
0.002801192161128
0.002878985244177
0.002971635520719
0.003078708963908
0.003199591161303
0.003333488129920
0.003479430290846
0.003636279716385
0.003802740695474
0.003977373589604
0.004158611873366
0.004344782172722
0.004534127032446
0.004724830064048
0.004915043049381
0.005102914505595
0.005286619156580
0.005464387706932
0.005634536279140
0.005795494854879
0.005945834058691
0.006084289638078
0.006209784028571
0.006321444445796
0.006418617018180
0.006500876562463
0.006568031707615
0.006620125188462
0.006657429255207
0.006680436275270
0.006689844735567
0.006686540982079
0.006671577154891
0.006646145886634
0.006611552426047
0.006569184922815
0.006520483661563
0.006466910059720
0.006409916244324
0.006350915996280
0.006291257797601
0.006232200639424
0.006174893148697
0.006120356473046
0.006069471230907
0.006022968692714
0.005981426214380
0.005945266802380
0.005914762556244
0.005890041614777
0.005871098131694
0.005857804728859
0.005849926823868
0.005847138205267
0.005849037233659
0.005855163079479
0.005865011465837
0.005878049464081
0.005893728985733
0.005911498721518
0.005930814390127
0.005951147269525
0.005971991085549
0.005992867420368
0.006013329871850
0.006032967240142
0.006051406037267
0.006068312608471
0.006083395121184
0.006096405621644
0.006107142284485
0.006115451892791
0.006121232491981
0.006124436067797
0.006125071014444
0.006123204090765
0.006118961516960
0.006112528846833
0.006104149264542
0.006094120001615
0.006082786648818
0.006070535244983
0.006057782155662
0.006044961900831
0.006032513243653
0.006020864001118
0.006010415171470
0.006001525082046
0.005994494335010
0.005989552359492
0.005986846361427
0.005986433394198
0.005988276154768
0.005992242945291
0.005998112036662
0.006005580438569
0.006014276833343
0.006023778183055
0.006033629286629
0.006043364361881
0.006052529570804
0.006060705307442
0.006067527035423
0.006072703502012
0.006076031268036
0.006077404674405
0.006076820607386
0.006074377713474
0.006070270033809
0.006064775358430
0.006058238921375
0.006051053347843
0.006043636004670
0.006036405078345
0.006029755797708
0.006024038223298
0.006019537939803
0.006016460815832
0.006014922746042
0.006014944979639
0.006016455286052
0.006019294836260
0.006023230311502
0.006027970414741
0.006033185677496
0.006038530245078
0.006043664201980
0.006048274974868
0.006052096425643
0.006054924416406
0.006056627880317
0.006057154749701
0.006056532452924
0.006054863068878
0.006052313595603
0.006049102121193
0.006045480957091
0.006041717986843
0.006038077583900
0.006034802453528
0.006032097657223
0.006030117891275
0.006028958829362
0.006028653022506
0.006029170503173
0.006030423889955
0.006032277461979
0.006034559392290
0.006037076117513
0.006039627692184
0.006042022938417
0.006044093256167
0.006045704099939
0.006046763341371
0.006047226005242
0.006047095166434
0.006046419102741
0.006045285088289
0.006043810462089
0.006042131796843
0.006040393110972
0.006038734104493
0.006037279356346
0.006036129303180
0.006035353639573
0.006034987554212
0.006035030966039
0.006035450670432
0.006036185069723
0.006037150963620
0.006038251729015
0.006039386135276
0.006040457025171
0.006041379141568
0.006042085488906
0.006042531774373
0.006042698661056
0.006042591766629
0.006042239538107
0.006041689308945
0.006041001984950
0.006040245899390
0.006039490419488
0.006038799874932
0.006038228317954
0.006037815521802
0.006037584491481
0.006037540610819
0.006037672397619
