0.005029862544857
0.005029869853238
0.005029877123325
0.005029884355138
0.005029891548700
0.005029898704035
0.005029905821163
0.005029912900108
0.005029919940891
0.005029926943534
0.005029933908059
0.005029940834488
0.005029947722842
0.005029954573143
0.005029961385412
0.005029968159671
0.005029974895940
0.005029981594242
0.005029988254595
0.005029994877023
0.005030001461545
0.005030008008181
0.005030014516954
0.005030020987882
0.005030027420987
0.005030033816288
0.005030040173806
0.005030046493560
0.005030052775571
0.005030059019859
0.005030065226442
0.005030071395342
0.005030077526576
0.005030083620165
0.005030089676127
0.005030095694482
0.005030101675250
0.005030107618448
0.005030113524095
0.005030119392211
0.005030125222814
0.005030131015923
0.005030136771555
0.005030142489729
0.005030148170464
0.005030153813776
0.005030159419685
0.005030164988209
0.005030170519364
0.005030176013168
0.005030181469639
0.005030186888795
0.005030192270652
0.005030197615228
0.005030202922540
0.005030208192604
0.005030213425438
0.005030218621057
0.005030223779478
0.005030228900718
0.005030233984790
0.005030239031712
0.005030244041498
0.005030249014161
0.005030253949716
0.005030258848174
0.005030263709547
0.005030268533844
0.005030273321071
0.005030278071233
0.005030282784331
0.005030287460359
0.005030292099308
0.005030296701158
0.005030301265881
0.005030305793433
0.005030310283756
0.005030314736769
0.005030319152362
0.005030323530391
0.005030327870668
0.005030332172946
0.005030336436907
0.005030340662142
0.005030344848129
0.005030348994199
0.005030353099507
0.005030357162977
0.005030361183254
0.005030365158629
0.005030369086958
0.005030372965548
0.005030376791035
0.005030380559218
0.005030384264865
0.005030387901473
0.005030391460977
0.005030394933391
0.005030398306374
0.005030401564711
0.005030404689673
0.005030407658246
0.005030410442215
0.005030413007040
0.005030415310526
0.005030417301218
0.005030418916482
0.005030420080224
0.005030420700161
0.005030420664589
0.005030419838538
0.005030418059234
0.005030415130733
0.005030410817597
0.005030404837462
0.005030396852316
0.005030386458294
0.005030373173751
0.005030356425373
0.005030335532029
0.005030309686037
0.005030277931499
0.005030239139288
0.005030191978263
0.005030134882201
0.005030066011935
0.005029983212094
0.005029883961830
0.005029765318831
0.005029623855905
0.005029455589346
0.005029255898264
0.005029019434022
0.005028740018888
0.005028410532992
0.005028022788673
0.005027567391302
0.005027033585701
0.005026409087307
0.005025679897350
0.005024830101360
0.005023841650508
0.005022694125457
0.005021364482609
0.005019826782944
0.005018051903960
0.005016007235629
0.005013656361750
0.005010958728604
0.005007869303426
0.005004338225882
0.005000310456507
0.004995725426865
0.004990516697122
0.004984611627659
0.004977931072401
0.004970389102606
0.004961892770939
0.004952341926826
0.004941629095141
0.004929639431404
0.004916250767661
0.004901333764144
0.004884752182581
0.004866363297643
0.004846018463352
0.004823563851388
0.004798841377981
0.004771689835423
0.004741946243172
0.004709447431929
0.004674031871950
0.004635541754102
0.004593825328831
0.004548739504143
0.004500152698994
0.004447947943039
0.004392026207589
0.004332309945872
0.004268746813307
0.004201313530653
0.004130019844571
0.004054912531579
0.003976079382670
0.003893653097261
0.003807815006793
0.003718798540550
0.003626892339276
0.003532442916343
0.003435856761800
0.003337601781921
0.003238207966294
0.003138267176206
0.003038431952504
0.002939413248472
0.002841977003709
0.002746939488818
0.002655161367889
0.002567540446345
0.002485003095674
0.002408494373599
0.002338966888163
0.002277368486504
0.002224628883253
0.002181645378878
0.002149267854027
0.002128283261164
0.002119399868549
0.002123231542696
0.002140282382862
0.002170932043588
0.002215422097721
0.002273843801609
0.002346127625155
0.002432034901408
0.002531151932448
0.002642886860135
0.002766469571564
0.002900954859773
0.003045229000914
0.003198019840358
0.003357910403192
0.003523355960786
0.003692704396378
0.003864219621061
0.004036107699720
0.004206545256941
0.004373709648625
0.004535810308913
0.004691120617001
0.004838009577299
0.004974972571796
0.005100660427646
0.005213906047779
0.005313747878919
0.005399449540546
0.005470515009802
0.005526698850433
0.005568011086796
0.005594716454385
0.005607327902930
0.005606594383141
0.005593483108825
0.005569156647729
0.005534945351373
0.005492315781184
0.005442835919841
0.005388138067795
0.005329880410897
0.005269708301881
0.005209216323169
0.005149912189074
0.005093183501163
0.005040268291860
0.004992230180112
0.004949938822232
0.004914056175322
0.004885028905400
0.004863087073945
0.004848249032206
0.004840332249766
0.004838969610210
0.004843630529771
0.004853646101376
0.004868237342719
0.004886545537703
0.004907663609390
0.004930667451501
0.004954646174689
0.004978730292007
0.005002116971981
0.005024091622887
0.005044045232226
0.005061487063849
0.005076052503983
0.005087506038240
0.005095739526460
0.005100766113121
0.005102710261126
0.005101794520151
0.005098323733014
0.005092667441851
0.005085241279176
0.005076488117723
0.005066859709711
0.005056799474495
0.005046726998576
0.005037024699548
0.005028026982238
0.005020012087732
0.005013196710657
0.005007733342784
0.005003710196857
0.005001153477227
0.005000031696113
0.005000261687144
0.005001715941289
0.005004230882897
0.005007615713069
0.005011661470806
0.005016149995824
0.005020862516880
0.005025587632471
0.005030128493759
0.005034309040225
0.005037979175312
0.005041018801502
0.005043340662055
0.005044891960889
0.005045654754231
0.005045645129321
0.005044911208340
0.005043530041190
0.005041603479604
0.005039253157400
0.005036614736809
0.005033831616920
0.005031048335101
0.005028403922552
0.005026025497610
0.005024022391482
0.005022481097797
0.005021461317194
0.005020993330075
0.005021076874482
0.005021681633715
0.005022749352781
0.005024197508834
0.005025924364360
0.005027815139579
0.005029748959566
0.005031606168631
0.005033275565568
0.005034661102998
0.005035687614802
0.005036305187925
0.005036491876489
0.005036254562620
0.005035627892781
0.005034671352148
0.005033464672798
0.005032101893979
0.005030684494596
0.005029314090676
0.005028085227418
0.005027078792453
0.005026356533416
0.005025957081278
0.005025893766807
0.005026154379564
0.005026702867733
0.005027482824934
0.005028422469459
0.005029440703857
0.005030453758511
0.005031381879141
0.005032155519107
0.005032720543138
0.005033042036045
0.005033106430912
0.005032921815713
0.005032516433028
0.005031935540762
0.005031236939276
0.005030485579935
0.005029747742196
0.005029085294736
0.005028550538492
0.005028182067672
0.005028001984829
0.005028014677350
0.005028207217242
0.005028551297609
0.005029006481264
0.005029524422488
0.005030053642179
0.005030544396812
0.005030953185845
0.005031246489270
0.005031403411852
0.005031417024191
0.005031294321752
0.005031054858225
0.005030728235771
0.005030350739712
0.005029961479048
0.005029598430262
0.005029294777540
0.005029075899064
0.005028957271899
0.005028943465808
0.005029028280125
0.005029195959907
0.005029423320042
0.005029682519766
0.005029944173298
0.005030180460212
0.005030367912985
0.005030489606214
0.005030536546460
0.005030508154580
