0.032408034566554
0.032358288109573
0.032298473055389
0.032230144964419
0.032155168349625
0.032075648627824
0.031993856344547
0.031912146530397
0.031832876165042
0.031758322720558
0.031690606633977
0.031631620330825
0.031582966102527
0.031545904749881
0.031521316463304
0.031509674939672
0.031511035256267
0.031525035553373
0.031550912134741
0.031587527192339
0.031633408007884
0.031686796184663
0.031745705222011
0.031807984561979
0.031871388111871
0.031933645174954
0.031992531701859
0.032045939803967
0.032091943544851
0.032128859144387
0.032155297890558
0.032170210254468
0.032172919942417
0.032163146892175
0.032141018524664
0.032107068891340
0.032062225704302
0.032007785591294
0.031945378270581
0.031876920679298
0.031804562400863
0.031730624010092
0.031657530177404
0.031587739536220
0.031523673413046
0.031467645543295
0.031421794846584
0.031388023215199
0.031367940084312
0.031362815310900
0.031373541601126
0.031400607406207
0.031444080868119
0.031503605053223
0.031578404377313
0.031667301812000
0.031768746180086
0.031880848604586
0.032001426977841
0.032128057166511
0.032258129565356
0.032388909555648
0.032517600408768
0.032641407196680
0.032757600322156
0.032863577356128
0.032956921960684
0.033035458778037
0.033097303273040
0.033140905625746
0.033165087878648
0.033169073649618
0.033152509826673
0.033115479766293
0.033058507625713
0.032982553574802
0.032888999758272
0.032779627017236
0.032656582533077
0.032522338727481
0.032379643940072
0.032231465607284
0.032080926878880
0.031931237825744
0.031785622606277
0.031647244159506
0.031519128170017
0.031404088192134
0.031304653917114
0.031223004607585
0.031160909699360
0.031119678476135
0.031100120554131
0.031102518671858
0.031126614968804
0.031171611563899
0.031236185821425
0.031318520233526
0.031416346371726
0.031527001884380
0.031647499062446
0.031774603082576
0.031904917682702
0.032034975747478
0.032161332092344
0.032280655644719
0.032389818233766
0.032485977316093
0.032566650178854
0.032629777464528
0.032673774239629
0.032697567265902
0.032700617608035
0.032682928205848
0.032645036530619
0.032587992914631
0.032513325572079
0.032422993702853
0.032319330376474
0.032204977123570
0.032082812312830
0.031955875462420
0.031827289630173
0.031700183953539
0.031577618277714
0.031462511629825
0.031357576080676
0.031265257295284
0.031187682820919
0.031126618906417
0.031083436397670
0.031059086017531
0.031054083118292
0.031068501793573
0.031101978054796
0.031153721614956
0.031222535678096
0.031306844005687
0.031404724420099
0.031513947810477
0.031632021628274
0.031756236800294
0.031883716948654
0.032011468792793
0.032136432621429
0.032255531764879
0.032365720072090
0.032464026502091
0.032547596074792
0.032613726587136
0.032659900681628
0.032683813047106
0.032683392726730
0.032656820694841
0.032602543031760
0.032519280163291
0.032406032730936
0.032262084712854
0.032087004420663
0.031880643953068
0.031643137597044
0.031374899537832
0.031076621080118
0.030749267406903
0.030394073723768
0.030012540469201
0.029606427130483
0.029177744101919
0.028728741968008
0.028261897594919
0.027779896472160
0.027285610860900
0.026782073470354
0.026272446589465
0.025759986835203
0.025248005926335
0.024739828136554
0.024238745307527
0.023747970495618
0.023270591473390
0.022809525398387
0.022367475991190
0.021946894529938
0.021549945871162
0.021178480552315
0.020834013828442
0.020517712255390
0.020230388167636
0.019972502124180
0.019744173124692
0.019545196143023
0.019375066297466
0.019233008785773
0.019118013564112
0.019028873646619
0.018964225846684
0.018922592771056
0.018902424909324
0.018902141729058
0.018920170784041
0.018954983962703
0.019005130138662
0.019069263628611
0.019146168008633
0.019234774983491
0.019334178140799
0.019443641550694
0.019562603290128
0.019690674078606
0.019827631308933
0.019973408842648
0.020128083015488
0.020291855363529
0.020465032635260
0.020648004697934
0.020841220976917
0.021045166082802
0.021260335281043
0.021487210441266
0.021726237066935
0.021977802950385
0.022242218923733
0.022519702084687
0.022810361770676
0.023114188439249
0.023431045492715
0.023760663966594
0.024102639891272
0.024456434040821
0.024821373708343
0.025196656098398
0.025581352907562
0.025974415675707
0.026374681532585
0.026780879034297
0.027191633877486
0.027605474389126
0.028020836808795
0.028436070499561
0.028849443334173
0.029259147596587
0.029663306807585
0.030059983921335
0.030447191343458
0.030822903188739
0.031185070128997
0.031531637081737
0.031860563863254
0.032169848782699
0.032457554994201
0.032721839261313
0.032960982630451
0.033173422366193
0.033357784378667
0.033512915278083
0.033637913128441
0.033732155944518
0.033795326984751
0.033827435937139
0.033828835173824
0.033800230359385
0.033742684833646
0.033657617346862
0.033546792897643
0.033412306605914
0.033256560738352
0.033082235186060
0.032892251867974
0.032689733693437
0.032477958858871
0.032260311372687
0.032040228796627
0.031821148258529
0.031606451830241
0.031399412374949
0.031203140951792
0.031020536823914
0.030854241051972
0.030706594571411
0.030579601552210
0.030474898727589
0.030393731256792
0.030336935559432
0.030304929427505
0.030297709587976
0.030314856755141
0.030355548078859
0.030418576762759
0.030502378496353
0.030605064217463
0.030724458597667
0.030858143525396
0.031003505751421
0.031157787762924
0.031318140868900
0.031481679415531
0.031645535009451
0.031806909613450
0.031963126396036
0.032111677265423
0.032250266100097
0.032376846800872
0.032489655429913
0.032587235865618
0.032668458581957
0.032732532349227
0.032779008841908
0.032807780320305
0.032819070718108
0.032813420611741
0.032791666664427
0.032754916225667
0.032704517824579
0.032642028324701
0.032569177511658
0.032487830868031
0.032399951257335
0.032307560196853
0.032212699352373
0.032117392841238
0.032023610886425
0.031933235325388
0.031848027443054
0.031769598567188
0.031699383833856
0.031638619497603
0.031588324121822
0.031549283936559
0.031522042591484
0.031506895459974
0.031503888566740
0.031512822118168
0.031533258515092
0.031564534626553
0.031605778005644
0.031655926640176
0.031713751756874
0.031777883142375
0.031846836410416
0.031919041633686
0.031992872770520
0.032066677348676
0.032138805917408
0.032207640839745
0.032271624063874
0.032329283579675
0.032379258328074
0.032420321382061
0.032451401255022
0.032471601212178
0.032480216463680
0.032476749104196
0.032460920636377
0.032432681878185
0.032392220011998
0.032339962492394
0.032276577495669
0.032202970573668
0.032120277172811
0.032029850701029
0.031933245874277
0.031832197152249
0.031728592180446
0.031624440291438
0.031521836278781
0.031422919837773
0.031329831261312
0.031244664178606
0.031169416320039
0.031105939473078
0.031055889951356
0.031020681021661
0.031001438811936
0.030998963249320
0.031013695544164
0.031045693639770
0.031094616886911
0.031159720978552
0.031239863898516
0.031333523306067
0.031438825407304
0.031553584967562
0.031675355711864
0.031801489959926
0.031929205965269
0.032055661091866
0.032178028682053
0.032293576260164
0.032399742588524
0.032494211054252
0.032574976920788
0.032640406127858
0.032689283563925
0.032720849058814
0.032734819740070
0.032731397850657
0.032711263621133
0.032675553307846
0.032625823030150
0.032563999543981
0.032492319556398
