0.262673537974269
0.264241444904400
0.265837148935717
0.267459332349886
0.269106673727623
0.270777849294158
0.272471534308189
0.274186404505429
0.275921137605556
0.277674414889593
0.279444922853818
0.281231354946190
0.283032413392019
0.284846811117100
0.286673273778502
0.288510541915429
0.290357373234603
0.292212545046066
0.294074856865693
0.295943133199732
0.297816226523857
0.299693020464676
0.301572433185005
0.303453420966045
0.305334981970163
0.307216160157818
0.309096049322399
0.310973797197712
0.312848609586238
0.314719754452123
0.316586565922469
0.318448448144051
0.320304878950106
0.322155413303153
0.323999686494049
0.325837417093603
0.327668409669428
0.329492557295718
0.331309843895373
0.333120346460648
0.334924237198965
0.336721785643430
0.338513360753038
0.340299433005604
0.342080576458585
0.343857470721145
0.345630902747933
0.347401768334055
0.349171073165710
0.350939933264445
0.352709574659084
0.354481332128976
0.356256646887490
0.358037063114403
0.359824223298477
0.361619862413685
0.363425801019155
0.365243937438112
0.367076239228561
0.368924734201066
0.370791501261375
0.372678661352391
0.374588368738901
0.376522802818697
0.378484160557918
0.380474649541922
0.382496481513696
0.384551866150322
0.386643004716186
0.388772083142261
0.390941264025890
0.393152677035529
0.395408407247381
0.397710481039089
0.400060849318210
0.402461368063392
0.404913776391732
0.407419672619763
0.409980489037116
0.412597466337557
0.415271628828220
0.418003761641956
0.420794391191490
0.423643770014624
0.426551866962727
0.429518363383926
0.432542655562310
0.435623863218255
0.438760843385175
0.441952208493429
0.445196347055353
0.448491445000472
0.451835505496704
0.455226365045524
0.458661703779463
0.462139048227546
0.465655765341988
0.469209047272838
0.472795887196166
0.476413047389384
0.480057021636887
0.483723994865591
0.487409803576147
0.491109901080371
0.494819331717415
0.498532718058091
0.502244264597522
0.505947780587990
0.509636723511701
0.513304263301560
0.516943365877313
0.520546892986884
0.524107713854175
0.527618822866594
0.531073456614350
0.534465203129344
0.537788096248258
0.541036688689662
0.544206098693585
0.547292026879787
0.550290742245467
0.553199038804366
0.556014167087144
0.558733747367508
0.561355673822836
0.563878020654990
0.566298962276234
0.568616719831277
0.570829545456257
0.572935753711630
0.574933806588469
0.576822454480336
0.578600930722783
0.580269191995551
0.581828191391197
0.583280165660170
0.584628913454827
0.585880037723438
0.587041123131446
0.588121818837198
0.589133798364362
0.590090571829146
0.591007131405616
0.591899418520916
0.592783610596647
0.593675235793221
0.594588135652123
0.595533307152656
0.596517666828722
0.597542789523563
0.598603682409047
0.599687660430592
0.600773391829726
0.601830181450708
0.602817554933513
0.603685198601355
0.604373298042005
0.604813303438710
0.604929132203438
0.604638800150427
0.603856452205729
0.602494743458672
0.600467502247289
0.597692589945300
0.594094858130268
0.589609093688762
0.584182836814482
0.577778956229831
0.570377870524936
0.561979314217827
0.552603561696869
0.542292041063359
0.531107292278458
0.519132248976739
0.506468849741416
0.493236011361649
0.479567022401799
0.465606439133672
0.451506586435677
0.437423782716762
0.423514419538688
0.409931032877933
0.396818503628900
0.384310520004409
0.372526424195711
0.361568550509724
0.351520142913576
0.342443917365308
0.334381309499546
0.327352422246421
0.321356661890956
0.316374025996718
0.312366983510715
0.309282867103618
0.307056681092158
0.305614215670062
0.304875349977677
0.304757422906543
0.305178551410447
0.306060781247583
0.307332964123506
0.308933267628785
0.310811239560210
0.312929365510055
0.315264077304683
0.317806189274022
0.320560758767760
0.323546386184618
0.326793987497637
0.330345088370714
0.334249703084994
0.338563873329906
0.343346951248748
0.348658717826320
0.354556431700277
0.361091904763686
0.368308699552352
0.376239539470522
0.384904016536973
0.394306672699967
0.404435520079083
0.415261052982806
0.426735790497652
0.438794373157527
0.451354221030120
0.464316743886149
0.477569077368786
0.490986302706604
0.504434091987663
0.517771706820510
0.530855265830341
0.543541186335690
0.555689698141335
0.567168323023821
0.577855212453287
0.587642238561874
0.596437739393748
0.604168828980955
0.610783195574741
0.616250327078172
0.620562120895387
0.623732855440723
0.625798521742700
0.626815535165546
0.626858868443872
0.626019667163952
0.624402426735369
0.622121825050021
0.619299316790600
0.616059603225136
0.612527094961313
0.608822484359991
0.605059539133394
0.601342219278278
0.597762206296860
0.594396917182972
0.591308056583454
0.588540739682170
0.586123196568622
0.584067047051819
0.582368113964805
0.581007723828778
0.579954427077213
0.579166056525139
0.578592032906732
0.578175820422511
0.577857433482349
0.577575898161993
0.577271578087963
0.576888284141254
0.576375099992239
0.575687870398484
0.574790315681984
0.573654753073616
0.572262422882544
0.570603433957196
0.568676357955289
0.566487514930704
0.564050003189645
0.561382533921324
0.558508135570105
0.555452794240770
0.552244094717352
0.548909922168007
0.545477277660838
0.541971251684592
0.538414189478583
0.534825070696258
0.531219114336620
0.527607608541156
0.523997954291627
0.520393902711146
0.516795957936897
0.513201911668713
0.509607471668055
0.506006944741925
0.502393935046191
0.498762020734612
0.495105375832841
0.491419309430437
0.487700700510624
0.483948313600427
0.480162987537636
0.476347696643937
0.472507490122456
0.468649321266729
0.464781782837165
0.460914768558993
0.457059083020258
0.453226023270625
0.449426955180399
0.445672906215317
0.441974193870627
0.438340105782916
0.434778643724582
0.431296339522509
0.427898146670508
0.424587407253838
0.421365889981297
0.418233891801296
0.415190392900434
0.412233252939572
0.409359435222105
0.406565245115330
0.403846569420817
0.401199104437976
0.398618562081693
0.396100845471418
0.393642187763456
0.391239250502343
0.388889180275611
0.386589624834086
0.384338711968499
0.382134996216403
0.379977379840256
0.377865015424723
0.375797197873735
0.373773253556881
0.371792433896518
0.369853819857874
0.367956242677293
0.366098224822178
0.364277943709970
0.362493219212198
0.360741524519064
0.359020018616789
0.357325597498123
0.355654960335556
0.354004686229215
0.352371316812517
0.350751439956645
0.349141770042677
0.347539220736230
0.345940966862426
0.344344492788169
0.342747625620002
0.341148552462828
0.339545821903482
0.337938330733750
0.336325297667612
0.334706226403358
0.333080860809477
0.331449135260930
0.329811123217747
0.328166987028723
0.326516931676751
0.324861164783254
0.323199864688072
0.321533157851278
0.319861106220827
0.318183704609288
0.316500887556839
0.314812544655227
0.313118542891357
0.311418754257496
0.309713086677642
0.308001516220646
0.306284118606728
0.304561098156624
0.302832812567291
0.301099792206754
0.299362752982430
0.297622602229410
0.295880437464956
0.294137538241216
0.292395351680018
0.290655472575188
0.288919619185736
0.287189606009227
0.285467314913703
0.283754666018828
0.282053589656291
0.280366000613362
0.278693775682261
0.277038735314481
0.275402629927235
0.273787131143616
0.272193827983279
0.270624227769912
0.269079761297487
0.267561791608961
