0.005984926350480
0.006044829935178
0.006105517924407
0.006166292519706
0.006226383871266
0.006284960710093
0.006341147418891
0.006394046883667
0.006442767923127
0.006486455638995
0.006524322708915
0.006555679484715
0.006579960778213
0.006596747414926
0.006605780997444
0.006606970815439
0.006600392426705
0.006586278064071
0.006564999642942
0.006537045701410
0.006502994052065
0.006463482224256
0.006419177902657
0.006370751512324
0.006318852867578
0.006264093412536
0.006207035068953
0.006148186116467
0.006088003912207
0.006026903663974
0.005965271954266
0.005903483315204
0.005841917909976
0.005780978304985
0.005721103423202
0.005662778043242
0.005606536625502
0.005552960769541
0.005502670189900
0.005456307689706
0.005414519161379
0.005377930103694
0.005347120474562
0.005322599870776
0.005304785024623
0.005293981433097
0.005290370603389
0.005294003937185
0.005304803726000
0.005322571137777
0.005347000492668
0.005377698603622
0.005414207540653
0.005456028902667
0.005502647571943
0.005553552993621
0.005608256260833
0.005666301675539
0.005727271962572
0.005790786896660
0.005856495709118
0.005924064219921
0.005993158141618
0.006063424379628
0.006134472374942
0.006205857579101
0.006277069011556
0.006347522535753
0.006416561027144
0.006483462031179
0.006547452869855
0.006607732504810
0.006663498858420
0.006713979783717
0.006758465503704
0.006796340143948
0.006827109978245
0.006850426198751
0.006866100396113
0.006874111463240
0.006874603276838
0.006867873212203
0.006854352252200
0.006834578102897
0.006809163272269
0.006778760459234
0.006744027804977
0.006705596559116
0.006664043508478
0.006619870121827
0.006573489811231
0.006525224044528
0.006475307317739
0.006423900270727
0.006371109563316
0.006317012577540
0.006261684620090
0.006205226099940
0.006147787166286
0.006089587510631
0.006030929446457
0.005972202946764
0.005913881997286
0.005856512355639
0.005800691533694
0.005747042482177
0.005696182998336
0.005648693254846
0.005605084029780
0.005565768188447
0.005531037730416
0.005501048288453
0.005475812385044
0.005455202064082
0.005438960775786
0.005426723662146
0.005418044726861
0.005412428831300
0.005409366079741
0.005408365972794
0.005408988731751
0.005410871425891
0.005413746950446
0.005417454471253
0.005421940627304
0.005427251510708
0.005433516167281
0.005440923023450
0.005449691194788
0.005460039026267
0.005472152424475
0.005486155552618
0.005502086270698
0.005519878331820
0.005539351820963
0.005560212686052
0.005582061512178
0.005604410981830
0.005626710800710
0.005648378299782
0.005668832491621
0.005687529094345
0.005703993957929
0.005717852440144
0.005728852573147
0.005736880314203
0.005741965751014
0.005744279790818
0.005744121554565
0.005741897372513
0.005738092886942
0.005733240267432
0.005727882898622
0.005722540084310
0.005717674311937
0.005713663437784
0.005710779798219
0.005709177750738
0.005708890535159
0.005709836662958
0.005711835338991
0.005714629744128
0.005717916407603
0.005721378416980
0.005724719887013
0.005727698961369
0.005730156666434
0.005732039174444
0.005733411451104
0.005734460835393
0.005735489790134
0.005736897826205
0.005739153390342
0.005742757263019
0.005748199686712
0.005755913988258
0.005766229832010
0.005779329413829
0.005795209862990
0.005813654857284
0.005834217988010
0.005856219761911
0.005878759334736
0.005900741184216
0.005920916003947
0.005937934192491
0.005950409481782
0.005956989549287
0.005956429934804
0.005947667269955
0.005929887747614
0.005902586916294
0.005865617272563
0.005819220719907
0.005764043729590
0.005701133931900
0.005631917831629
0.005558160322838
0.005481907618194
0.005405416054391
0.005331069941310
0.005261292152219
0.005198451480736
0.005144770905283
0.005102240804359
0.005072540868949
0.005056973985939
0.005056414750717
0.005071274547305
0.005101484352295
0.005146495617550
0.005205298806981
0.005276458441331
0.005358162872624
0.005448286490211
0.005544461668889
0.005644157514067
0.005744762339803
0.005843666826291
0.005938344932352
0.006026429869697
0.006105782760627
0.006174551979278
0.006231221598411
0.006274647809503
0.006304082635745
0.006319184699632
0.006320017225755
0.006307033844195
0.006281053102111
0.006243222884607
0.006194976186508
0.006137979862369
0.006074078112058
0.006005232534768
0.005933460607271
0.005860774415892
0.005789121400019
0.005720328752611
0.005656052975143
0.005597735906093
0.005546568338573
0.005503462119270
0.005469031382139
0.005443583320751
0.005427118646737
0.005419341622104
0.005419679293739
0.005427309302872
0.005441195394544
0.005460129516903
0.005482779182988
0.005507738575166
0.005533581712131
0.005558915878972
0.005582433451004
0.005602960230802
0.005619498472922
0.005631262898320
0.005637708203829
0.005638546851018
0.005633756268941
0.005623575017247
0.005608487915836
0.005589200635719
0.005566604740166
0.005541734639785
0.005515718352665
0.005489724314207
0.005464906735999
0.005442352148463
0.005423029763332
0.005407748151867
0.005397120454271
0.005391539924795
0.005391167094400
0.005395929224964
0.005405532069158
0.005419483275904
0.005437126132580
0.005457681751449
0.005480297325471
0.005504097728581
0.005528237540793
0.005551950552774
0.005574593951033
0.005595684696055
0.005614926063571
0.005632222896500
0.005647684777185
0.005661617036292
0.005674500223440
0.005686959332586
0.005699724662325
0.005713586662960
0.005729347450851
0.005747771837876
0.005769540721065
0.005795209506688
0.005825173915897
0.005859645056735
0.005898635078696
0.005941954085883
0.005989218311905
0.006039868894056
0.006093199965429
0.006148394247657
0.006204563904987
0.006260794136685
0.006316186855260
0.006369901829618
0.006421192862551
0.006469436908860
0.006514154503627
0.006555020431329
0.006591864191717
0.006624660469467
0.006653510451453
0.006678615418594
0.006700244531802
0.006718699101996
0.006734275857999
0.006747231787798
0.006757753022620
0.006765929964578
0.006771740443145
0.006775042148845
0.006775574968555
0.006772973176022
0.006766786758129
0.006756510527358
0.006741619127134
0.006721605617392
0.006696021063023
0.006664512457799
0.006626856409038
0.006582986279029
0.006533010910796
0.006477223629069
0.006416100863711
0.006350290446189
0.006280590330312
0.006207919136126
0.006133280463896
0.006057723333740
0.005982301345832
0.005908033208765
0.005835867145775
0.005766651370607
0.005701112350528
0.005639841979021
0.005583294109646
0.005531790205688
0.005485533189909
0.005444627985029
0.005409106762791
0.005378956602484
0.005354147121708
0.005334655692098
0.005320488085747
0.005311692795120
0.005308367798913
0.005310659167384
0.005318751565002
0.005332851364944
0.005353163688884
0.005379865181390
0.005413074683919
0.005452824162671
0.005499032254071
0.005551482621657
0.005609808982643
0.005673488187555
0.005741842158650
0.005814048856243
0.005889161794418
0.005966137017256
0.006043865918677
0.006121211881700
0.006197048455624
0.006270296699833
0.006339959405915
0.006405150157602
0.006465115581018
0.006519249645158
0.006567099456060
0.006608362603640
0.006642876721892
0.006670602466585
0.006691601559862
0.006706011866031
0.006714021624999
0.006715844968255
0.006711700678506
0.006701795841389
0.006686315600659
0.006665419700642
0.006639245922081
0.006607919933955
0.006571570539281
0.006530348829004
