0.005733367992501
0.005735753469567
0.005738099893550
0.005740394048564
0.005742625753069
0.005744788407663
0.005746879351304
0.005748900005895
0.005750855800353
0.005752755877114
0.005754612595780
0.005756440859670
0.005758257300847
0.005760079367143
0.005761924360424
0.005763808478400
0.005765745912603
0.005767748052581
0.005769822841038
0.005771974316874
0.005774202373124
0.005776502745314
0.005778867233211
0.005781284146103
0.005783738949246
0.005786215077630
0.005788694873453
0.005791160596121
0.005793595448721
0.005795984563062
0.005798315886644
0.005800580919396
0.005802775255419
0.005804898895087
0.005806956305079
0.005808956217688
0.005810911175444
0.005812836841700
0.005814751111878
0.005816673072435
0.005818621864866
0.005820615519326
0.005822669826391
0.005824797315663
0.005827006406217
0.005829300786300
0.005831679068538
0.005834134752518
0.005836656509693
0.005839228786917
0.005841832705411
0.005844447212701
0.005847050427091
0.005849621098718
0.005852140099106
0.005854591843543
0.005856965548199
0.005859256227413
0.005861465346280
0.005863601059712
0.005865677991038
0.005867716530486
0.005869741665161
0.005871781386082
0.005873864752355
0.005876019725420
0.005878270914944
0.005880637399693
0.005883130798947
0.005885753770436
0.005888499097561
0.005891349500761
0.005894278265344
0.005897250722153
0.005900226550731
0.005903162801192
0.005906017456272
0.005908753285306
0.005911341684405
0.005913766158906
0.005916025091862
0.005918133461069
0.005920123219815
0.005922042143404
0.005923951061256
0.005925919536196
0.005928020208054
0.005930322174577
0.005932883923402
0.005935746438275
0.005938927165377
0.005942415528627
0.005946170617737
0.005950121536877
0.005954170699448
0.005958200097662
0.005962080283544
0.005965681496155
0.005968886088191
0.005971601175098
0.005973770281668
0.005975382719866
0.005976479514429
0.005977154905427
0.005977552792613
0.005977857923954
0.005978282136651
0.005979046488149
0.005980360615156
0.005982401075828
0.005985290712305
0.005989081175062
0.005993740648365
0.005999148497703
0.006005098037183
0.006011307921370
0.006017441856987
0.006023135476897
0.006028028404662
0.006031798848654
0.006034197580683
0.006035077941673
0.006034418620136
0.006032336383506
0.006029086690922
0.006025051129031
0.006020711809225
0.006016614140959
0.006013320630881
0.006011359426728
0.006011172111289
0.006013065658050
0.006017173420539
0.006023429515100
0.006031559990105
0.006041092816728
0.006051387093113
0.006061680064390
0.006071148787760
0.006078981684702
0.006084453983347
0.006087000301359
0.006086277452946
0.006082211032765
0.006075020427219
0.006065218563402
0.006053584805350
0.006041111776525
0.006028929323310
0.006018211116860
0.006010071302886
0.006005459956877
0.006005066733125
0.006009241914217
0.006017943046043
0.006030713527778
0.006046697035592
0.006064688676719
0.006083220532646
0.006100676025747
0.006115424613290
0.006125965945239
0.006131071051001
0.006129907522252
0.006122136137705
0.006107967949668
0.006088173450317
0.006064038899351
0.006037268987916
0.006009839438932
0.005983807563759
0.005961092857738
0.005943243083361
0.005931203660406
0.005925109322156
0.005924116755338
0.005926295266901
0.005928589467247
0.005926863686367
0.005916032602073
0.005890276694261
0.005843335040027
0.005768862056461
0.005660829507286
0.005513950812691
0.005324101776779
0.005088710528113
0.004807089906170
0.004480687753702
0.004113234504325
0.003710772880141
0.003281561124100
0.002835848587267
0.002385530212226
0.001943694009348
0.001524082522606
0.001140495070215
0.000806161831676
0.000533123337403
0.000331649412877
0.000209730074983
0.000172667343293
0.000222791610393
0.000359319425082
0.000578361688062
0.000873082818922
0.001234002942041
0.001649427079242
0.002105978222562
0.002589205425264
0.003084234039673
0.003576423183197
0.004051995541252
0.004498606698893
0.004905825183789
0.005265500035279
0.005571999620417
0.005822313155182
0.006016014467673
0.006155095455974
0.006243683960619
0.006287666953757
0.006294244685030
0.006271444457684
0.006227623892200
0.006170992845319
0.006109180687790
0.006048871615014
0.005995525377955
0.005953194658174
0.005924443698512
0.005910366185185
0.005910694190188
0.005923984615599
0.005947865357158
0.005979320559478
0.006014993004389
0.006051481884429
0.006085615886039
0.006114684464323
0.006136614173025
0.006150081597587
0.006154559466068
0.006150297511873
0.006138244279282
0.006119919984159
0.006097253516790
0.006072398528845
0.006047544197939
0.006024735718915
0.006005717926828
0.005991812886794
0.005983839027008
0.005982075722504
0.005986273457720
0.005995706101171
0.006009258685143
0.006025541620671
0.006043020655196
0.006060151186732
0.006075505797161
0.006087884996259
0.006096403047661
0.006100543193705
0.006100179385411
0.006095564515353
0.006087287904703
0.006076207192176
0.006063361630687
0.006049874987643
0.006036856697782
0.006025309628083
0.006016051839497
0.006009658182039
0.006006425594008
0.006006363777204
0.006009210684990
0.006014470180558
0.006021467469410
0.006029416618197
0.006037493731674
0.006044909209101
0.006050972926517
0.006055147128119
0.006057083152692
0.006056639732851
0.006053882331572
0.006049064664455
0.006042595050991
0.006034991420751
0.006026829581636
0.006018689687879
0.006011105719228
0.006004522234598
0.005999261765305
0.005995505064294
0.005993285146179
0.005992494761852
0.005992905768879
0.005994197886540
0.005995993639034
0.005997895938106
0.005999524749885
0.006000549609738
0.006000715344189
0.005999859157986
0.005997918160241
0.005994927343337
0.005991008902714
0.005986354517158
0.005981202738747
0.005975813933222
0.005970445254172
0.005965327941683
0.005960648843161
0.005956537512713
0.005953059618453
0.005950216740404
0.005947952038772
0.005946160767373
0.005944704240640
0.005943425658763
0.005942166160429
0.005940779595512
0.005939144765516
0.005937174231502
0.005934819194862
0.005932070371681
0.005928955165242
0.005925531759225
0.005921880981778
0.005918096914453
0.005914277238431
0.005910514232230
0.005906887178019
0.005903456721159
0.005900261486566
0.005897317012358
0.005894616840076
0.005892135420434
0.005889832366829
0.005887657521578
0.005885556291110
0.005883474749718
0.005881364095773
0.005879184156101
0.005876905758801
0.005874511918475
0.005871997888808
0.005869370227046
0.005866645077876
0.005863845918872
0.005861001017327
0.005858140833017
0.005855295568572
0.005852493025178
0.005849756872353
0.005847105392133
0.005844550714442
0.005842098524484
0.005839748196174
0.005837493287868
0.005835322327142
0.005833219808506
0.005831167329831
0.005829144798291
0.005827131643082
0.005825107979242
0.005823055673900
0.005820959273046
0.005818806753828
0.005816590074500
0.005814305502155
0.005811953707228
0.005809539623684
0.005807072084471
0.005804563252773
0.005802027880204
0.005799482432524
0.005796944131048
0.005794429962876
0.005791955715062
0.005789535086450
0.005787178926331
0.005784894641470
0.005782685803007
0.005780551972904
0.005778488756805
0.005776488077216
0.005774538648577
0.005772626624869
0.005770736381339
0.005768851385334
0.005766955107228
0.005765031921190
0.005763067947080
0.005761051788740
0.005758975130286
0.005756833160133
0.005754624802050
0.005752352743007
