0.031755697719850
0.031873434964619
0.031973595981672
0.032051255906439
0.032102482410511
0.032124530329764
0.032115982920277
0.032076832736545
0.032008497873485
0.031913772271335
0.031796711816138
0.031662460939798
0.031517027196897
0.031367013743234
0.031219321650303
0.031080835466894
0.030958106313265
0.030857047021501
0.030782653402965
0.030738764645214
0.030727874160708
0.030750999999914
0.030807621298317
0.030895684267299
0.031011678095092
0.031150777937815
0.031307049097147
0.031473703642196
0.031643398270522
0.031808560233006
0.031961726763664
0.032095882726857
0.032204781159169
0.032283232048499
0.032327346032992
0.032334721660383
0.032304567337834
0.032237752011987
0.032136781816770
0.032005703266564
0.031849936901140
0.031676048452820
0.031491467459141
0.031304165653682
0.031122309321757
0.030953901020514
0.030806426578392
0.030686523083503
0.030599682654330
0.030550005202446
0.030540011219644
0.030570522952272
0.030640619287036
0.030747666404767
0.030887422910864
0.031054214874879
0.031241173154007
0.031440522671497
0.031643911089042
0.031842762647169
0.032028641917689
0.032193611856283
0.032330570869249
0.032433554594008
0.032497989686806
0.032520889035988
0.032500980376030
0.032438763150000
0.032336491528531
0.032198084608303
0.032028967849338
0.031835852641053
0.031626463396130
0.031409223659226
0.031192914304066
0.030986317920380
0.030797863928153
0.030635288792968
0.030505324969589
0.030413430911541
0.030363572713834
0.030358065783481
0.030397482452383
0.030480628763684
0.030604590886405
0.030764848855943
0.030955452708720
0.031169253679869
0.031398181054023
0.031633553577677
0.031866413116765
0.032087867515585
0.032289429403542
0.032463338003976
0.032602851804326
0.032702501209374
0.032758291962539
0.032767852112745
0.032730517542954
0.032647353469898
0.032521111776988
0.032356126457634
0.032158151731472
0.031934149465259
0.031692034308162
0.031440386375518
0.031188142339148
0.030944276376378
0.030717482582250
0.030515870166121
0.030346682058328
0.030216046483762
0.030128769669656
0.030088176208030
0.030096001760350
0.030152340848746
0.030255650501488
0.030402808584988
0.030589223829807
0.030808992905518
0.031055098470243
0.031319640955164
0.031594095969458
0.031869588641543
0.032137175950150
0.032388128134058
0.032614200582623
0.032807888172421
0.032962654793797
0.033073131766100
0.033135279930727
0.033146511395267
0.033105768140018
0.033013555952442
0.032871933392088
0.032684456678799
0.032456082515933
0.032193031887814
0.031902618790804
0.031593048658188
0.031273191911683
0.030952338610279
0.030639940565929
0.030345347552261
0.030077544344996
0.029844895300264
0.029654902999540
0.029513987168842
0.029427289618166
0.029398510350036
0.029429779261246
0.029521567020307
0.029672637759105
0.029880045188982
0.030139172660617
0.030443816559141
0.030786311289185
0.031157692989833
0.031547898058902
0.031945991591950
0.032340419985539
0.032719281245656
0.033070606006571
0.033382641923651
0.033644133970772
0.033844593257489
0.033974547284004
0.034025765067036
0.033991451282929
0.033866404464977
0.033647135332439
0.033331942486516
0.032920943946332
0.032416064275901
0.031820978329640
0.031141013877928
0.030383016525660
0.029555181369118
0.028666856717187
0.027728325905035
0.026750573731181
0.025745044338551
0.024723397430336
0.023697269563232
0.022678046902431
0.021676655269846
0.020703372591268
0.019767667976718
0.018878070683015
0.018042071143834
0.017266055147731
0.016555271137262
0.015913829530408
0.015344731965346
0.014849927474598
0.014430391833890
0.014086225728684
0.013816766955379
0.013620711635769
0.013496239376678
0.013441137448660
0.013452919377783
0.013528933825882
0.013666460253924
0.013862788592112
0.014115280946715
0.014421414222670
0.014778803396831
0.015185206004043
0.015638509163815
0.016136701149550
0.016677830060243
0.017259952577592
0.017881076067303
0.018539097407285
0.019231741899710
0.019956505457816
0.020710602967549
0.021490925329455
0.022294007212496
0.023116007026157
0.023952700068520
0.024799485263664
0.025651405387224
0.026503180216113
0.027349251644463
0.028183839494625
0.029001006525434
0.029794730999854
0.030558985115044
0.031287817609339
0.031975438928321
0.032616307439197
0.033205215310937
0.033737372809262
0.034208489874271
0.034614853941012
0.034953403020151
0.035221793072372
0.035418458686449
0.035542666012535
0.035594556818985
0.035575182447095
0.035486526350369
0.035331513842034
0.035114007655429
0.034838787964399
0.034511515630180
0.034138677648685
0.033727514074054
0.033285926091327
0.032822365397620
0.032345705615267
0.031865097084344
0.031389807042595
0.030929047870700
0.030491796729838
0.030086610514505
0.029721440555183
0.029403451902470
0.029138852280289
0.028932735889017
0.028788947153947
0.028709969241939
0.028696841708105
0.028749110991926
0.028864816672956
0.029040515442222
0.029271343675489
0.029551118342939
0.029872474795182
0.030227038769438
0.030605628804853
0.030998484184676
0.031395512575787
0.031786550749644
0.032161631175046
0.032511246897829
0.032826606984297
0.033099874914372
0.033324382669235
0.033494813860118
0.033607350074832
0.033659775653346
0.033651537312539
0.033583756385893
0.033459192883695
0.033282162066600
0.033058405711104
0.032794921679598
0.032499756741337
0.032181768777586
0.031850365502528
0.031515227605459
0.031186024740867
0.030872133041356
0.030582362793612
0.030324704599373
0.030106101751211
0.029932255706661
0.029807470472494
0.029734540450928
0.029714684895059
0.029747530620909
0.029831143080399
0.029962104366806
0.030135635254377
0.030345757016371
0.030585487565645
0.030847065457150
0.031122194512792
0.031402301297323
0.031678797401294
0.031943338476030
0.032188072208968
0.032405867909979
0.032590521077236
0.032736927195102
0.032841220052001
0.032900871015631
0.032914746926787
0.032883125532117
0.032807668632223
0.032691354338945
0.032538370982309
0.032353976255311
0.032144326109849
0.031916278700725
0.031677179302252
0.031434632583583
0.031196268918186
0.030969511517501
0.030761351119169
0.030578134729940
0.030425374528338
0.030307582480976
0.030228135529904
0.030189175379992
0.030191545971177
0.030234770679250
0.030317070172687
0.030435420686643
0.030585651286570
0.030762577513574
0.030960167664393
0.031171736895211
0.031390163385369
0.031608119988783
0.031818314170041
0.032013728597866
0.032187854575008
0.032334910538732
0.032450038179966
0.032529469303503
0.032570657378238
0.032572368787519
0.032534730057288
0.032459228776771
0.032348667487439
0.032207071448290
0.032039552831530
0.031852135501912
0.031651546023930
0.031444977864582
0.031239836860474
0.031043476848664
0.030862934881759
0.030704675631354
0.030574354414161
0.030476607749831
0.030414879489877
0.030391289368421
0.030406549355776
0.030459931494987
0.030549289029367
0.030671130653549
0.030820745715120
0.030992376234455
0.031179429772984
0.031374725537690
0.031570764729217
0.031760015081021
0.031935198844916
0.032089573188686
0.032217192103650
0.032313139478156
0.032373723964318
0.032396627620881
0.032381002010250
0.032327507403143
0.032238292928192
0.032116917813968
0.031968216217976
0.031798110427663
0.031613379358720
0.031421391175490
0.031229810434166
0.031046291329400
0.030878169351392
0.030732163892855
0.030614104062826
