0.030238025817263
0.030040456813488
0.029850923185629
0.029675048176071
0.029518045091821
0.029384564431549
0.029278558927004
0.029203170346629
0.029160641195624
0.029152253649531
0.029178297204192
0.029238065641945
0.029329883030191
0.029451157611703
0.029598461641961
0.029767634500848
0.029953905774511
0.030152034484419
0.030356460247215
0.030561461888663
0.030761318911536
0.030950471229815
0.031123672725178
0.031276134447804
0.031403653660037
0.031502725393809
0.031570633744046
0.031605520732397
0.031606431229241
0.031573333097796
0.031507112403123
0.031409544192717
0.031283239987259
0.031131573704777
0.030958588265560
0.030768885577640
0.030567502974658
0.030359779463040
0.030151215329613
0.029947328762353
0.029753513146395
0.029574898617483
0.029416221290085
0.029281703333974
0.029174946758838
0.029098843390695
0.029055503096717
0.029046201847554
0.029071350709989
0.029130486349620
0.029222283105277
0.029344586185708
0.029494465046160
0.029668285538324
0.029861799001710
0.030070246086410
0.030288472774028
0.030511055801435
0.030732434495643
0.030947045900789
0.031149460021578
0.031334512021827
0.031497428300695
0.031633943520033
0.031740405870202
0.031813868133456
0.031852162427452
0.031853956879521
0.031818792887258
0.031747102054301
0.031640202343014
0.031500273449064
0.031330311867134
0.031134066573061
0.030915956686032
0.030680972886351
0.030434564740821
0.030182516420973
0.029930813581617
0.029685504391877
0.029452557872131
0.029237722783568
0.029046390338887
0.028883463951045
0.028753239111404
0.028659296290218
0.028604409484015
0.028590472700608
0.028618446279517
0.028688324501412
0.028799125454424
0.028948903608561
0.029134785014221
0.029353024499745
0.029599083709587
0.029867728312787
0.030153142234250
0.030449056332018
0.030748888573864
0.031045892466800
0.031333310272134
0.031604527403247
0.031853224357711
0.032073522581732
0.032260120802514
0.032408418589900
0.032514624216863
0.032575844271090
0.032590152916885
0.032556639205954
0.032475431373925
0.032347697622200
0.032175623456799
0.031962366221993
0.031711988011714
0.031429368651622
0.031120100906299
0.030790370467438
0.030446823610599
0.030096425662018
0.029746313588013
0.029403646104347
0.029075454701145
0.028768498892318
0.028489128831123
0.028243158191792
0.028035749909306
0.027871317005299
0.027753440318926
0.027684804519423
0.027667153314878
0.027701264302246
0.027786943439629
0.027923038675491
0.028107471852003
0.028337287621115
0.028608717780788
0.028917259161837
0.029257762978097
0.029624533397046
0.030011432995684
0.030411992736582
0.030819524128749
0.031227231323115
0.031628321027114
0.032016108300162
0.032384116503869
0.032726169919145
0.033036477798210
0.033309708884266
0.033541055696801
0.033726288138454
0.033861796223266
0.033944621949989
0.033972480543383
0.033943771457699
0.033857579677779
0.033713667963658
0.033512460764768
0.033255020581453
0.032943017577068
0.032578693246954
0.032164818934964
0.031704649958340
0.031201876062095
0.030660568879030
0.030085127025240
0.029480219417048
0.028850727356794
0.028201685904082
0.027538225027361
0.026865511018768
0.026188688652622
0.025512824573934
0.024842852415737
0.024183520160849
0.023539340281626
0.022914543207437
0.022313034680410
0.021738357562303
0.021193658646029
0.020681661001672
0.020204642346731
0.019764419872354
0.019362341880823
0.018999286494773
0.018675667586704
0.018391447950319
0.018146159595923
0.017938930904268
0.017768520221013
0.017633355322323
0.017531578035891
0.017461093166342
0.017419620754328
0.017404750599687
0.017413997904846
0.017444858848881
0.017494864887753
0.017561634594018
0.017642921900022
0.017736659691732
0.017840997813871
0.017954334688058
0.018075341909988
0.018202981374520
0.018336514673026
0.018475504709418
0.018619809683339
0.018769569784601
0.018925187125764
0.019087299603946
0.019256749523404
0.019434547922855
0.019621835632765
0.019819842135867
0.020029843318213
0.020253119178620
0.020490912513157
0.020744389511132
0.021014603093915
0.021302459702333
0.021608690097957
0.021933824593860
0.022278172977460
0.022641809237711
0.023024561066659
0.023426003976346
0.023845459760486
0.024281998939727
0.024734446761999
0.025201392286984
0.025681200066139
0.026172023936388
0.026671822474581
0.027178375708339
0.027689302743510
0.028202080044800
0.028714060189759
0.029222491002172
0.029724535054247
0.030217289602966
0.030697807090283
0.031163116385643
0.031610244979426
0.032036242345168
0.032438204675348
0.032813301159869
0.033158801918767
0.033472107622824
0.033750780740387
0.033992578239270
0.034195485453572
0.034357750701436
0.034477920116616
0.034554872039906
0.034587850211499
0.034576494917828
0.034520871181280
0.034421493042811
0.034279342979534
0.034095885524265
0.033873074213321
0.033613351082623
0.033319638059356
0.032995319754557
0.032644217347403
0.032270553459783
0.031878908144121
0.031474166341690
0.031061457405518
0.030646087513921
0.030233466019948
0.029829026981250
0.029438147287205
0.029066062939314
0.028717785141994
0.028398017919906
0.028111078992431
0.027860825604769
0.027650586938818
0.027483104607440
0.027360482576201
0.027284147661862
0.027254821532328
0.027272504885083
0.027336474217393
0.027445291329297
0.027596825427108
0.027788287428295
0.028016275815007
0.028276833149589
0.028565512156474
0.028877450095498
0.029207450005173
0.029550067283204
0.029899699996499
0.030250681274355
0.030597372135183
0.030934253127363
0.031256013225816
0.031557634514360
0.031834471296188
0.032082322406685
0.032297495650259
0.032476863441562
0.032617908897576
0.032718761796613
0.032778223990138
0.032795784020417
0.032771620858911
0.032706596835220
0.032602239972695
0.032460716083793
0.032284791105232
0.032077784270014
0.031843512820539
0.031586229064839
0.031310550666839
0.031021385142202
0.030723849604131
0.030423186868808
0.030124679088151
0.029833560127859
0.029554927950842
0.029293658299069
0.029054320989220
0.028841100147624
0.028657719705745
0.028507375456672
0.028392674933338
0.028315586308211
0.028277397429762
0.028278686001317
0.028319301771717
0.028398361443749
0.028514256816014
0.028664676457714
0.028846640976173
0.029056551677060
0.029290252141693
0.029543101960151
0.029810061569699
0.030085786862658
0.030364731954409
0.030641258249155
0.030909747716841
0.031164718107738
0.031400937689323
0.031613537000230
0.031798115084089
0.031950837696175
0.032068525070844
0.032148726998284
0.032189783184160
0.032190867151852
0.032152012288935
0.032074119030163
0.031958942599354
0.031809061191885
0.031627824956057
0.031419286612934
0.031188115027045
0.030939493491483
0.030679004907323
0.030412506406795
0.030145996280951
0.029885476316113
0.029636812810945
0.029405599631774
0.029197026663827
0.029015756928934
0.028865815466822
0.028750492820775
0.028672265634606
0.028632736464562
0.028632594446582
0.028671597947873
0.028748579785051
0.028861475023158
0.029007370795605
0.029182577019707
0.029382716341116
0.029602831137785
0.029837504964006
0.030080995429986
0.030327375203464
0.030570677595787
0.030805043062626
0.031024862913210
0.031224916583406
0.031400498986056
0.031547534703012
0.031662676120915
0.031743383028054
0.031787981671619
0.031795701810139
0.031766690870470
0.031702004916378
0.031603576740357
0.031474161985010
