0.154596739007198
0.154396348435609
0.154188172482381
0.153972700055752
0.153750668035342
0.153523105198775
0.153291365211724
0.153057146429631
0.152822496772695
0.152589802549550
0.152361760791915
0.152141335390356
0.151931698054945
0.151736155827490
0.151558067508686
0.151400751901098
0.151267391179242
0.151160932959570
0.151083994741799
0.151038774323533
0.151026969556043
0.151049710423029
0.151107505906848
0.151200207485755
0.151326990414488
0.151486353215295
0.151676135085423
0.151893550246838
0.152135237658419
0.152397324008535
0.152675497529063
0.152965089934099
0.153261163693724
0.153558601901894
0.153852198176090
0.154136744316527
0.154407113829290
0.154658339852206
0.154885686483338
0.155084712968307
0.155251330624820
0.155381852744614
0.155473037993810
0.155522128017692
0.155526880037627
0.155485595205960
0.155397143366012
0.155260984662326
0.155077188179863
0.154846447483577
0.154570092607472
0.154250097732913
0.153889083525874
0.153490312897566
0.153057678833303
0.152595682917184
0.152109403275303
0.151604450871596
0.151086913413957
0.150563286553408
0.150040392567422
0.149525287286268
0.149025156618663
0.148547204627510
0.148098535662750
0.147686033541730
0.147316241144765
0.146995244036637
0.146728561810331
0.146521050763557
0.146376821255289
0.146299172653893
0.146290548194929
0.146352511340345
0.146485744405272
0.146690069334563
0.146964489614463
0.147307251442902
0.147715921502010
0.148187478021404
0.148718411326985
0.149304829764340
0.149942566784074
0.150627285081897
0.151354573989791
0.152120036794333
0.152919365282575
0.153748399543947
0.154603171842819
0.155479934172632
0.156375169862064
0.157285590284809
0.158208118292672
0.159139860422306
0.160078070206067
0.161020105045437
0.161963379091727
0.162905314442722
0.163843292733600
0.164774608908156
0.165696428636230
0.166605750528230
0.167499374015755
0.168373873540083
0.169225579530047
0.170050566560873
0.170844649059030
0.171603384940282
0.172322087616805
0.172995846858594
0.173619559016618
0.174187967084450
0.174695710969897
0.175137388153581
0.175507624621757
0.175801155579654
0.176012914992792
0.176138132490334
0.176172435626608
0.176111954970717
0.175953429017971
0.175694305528936
0.175332835637222
0.174868156954570
0.174300361962013
0.173630548219721
0.172860847355389
0.171994430390660
0.171035487715752
0.169989182893304
0.168861580426075
0.167659548615941
0.166390639628707
0.165062949814166
0.163684964170469
0.162265389546566
0.160812981713460
0.159336371778144
0.157843897546762
0.156343445357120
0.154842307596525
0.153347060608997
0.151863466994693
0.150396405440004
0.148949830222339
0.147526761447105
0.146129305938588
0.144758707566120
0.143415424687974
0.142099231383098
0.140809338256970
0.139544527890614
0.138303299482244
0.137084016932490
0.135885054560739
0.134704934815249
0.133542452746144
0.132396782629799
0.131267562937121
0.130154956789096
0.129059686095997
0.127983038682234
0.126926848805035
0.125893452530943
0.124885620392182
0.123906470564101
0.122959366453075
0.122047803039441
0.121175286571901
0.120345212259663
0.119560744468438
0.118824703618221
0.118139463533571
0.117506862445201
0.116928130221149
0.116403833752300
0.115933841762618
0.115517309686176
0.115152684670572
0.114837730242241
0.114569569708176
0.114344746968994
0.114159303073189
0.114008866541969
0.113888755227409
0.113794087224516
0.113719898134296
0.113661261769276
0.113613411210109
0.113571856972978
0.113532498948816
0.113491728746836
0.113446519138364
0.113394497473234
0.113334000247069
0.113264106444599
0.113184647873693
0.113096195428982
0.113000021063413
0.112898036170475
0.112792708048983
0.112686957088003
0.112584038219122
0.112487410982182
0.112400603187562
0.112327073587437
0.112270079155360
0.112232552495522
0.112216994553547
0.112225387188665
0.112259129318399
0.112318999301750
0.112405145038495
0.112517101992951
0.112653838068277
0.112813823030954
0.112995119080091
0.113195488230804
0.113412511482189
0.113643714301752
0.113886692797190
0.114139235064726
0.114399432586120
0.114665777165116
0.114937239707186
0.115213328103506
0.115494122524961
0.115780287506210
0.116073061246533
0.116374223520980
0.116686044437571
0.117011216958622
0.117352776602615
0.117714012044716
0.118098370437962
0.118509361192995
0.118950461700780
0.119425028086809
0.119936213578495
0.120486896485561
0.121079619172460
0.121716538777870
0.122399389842101
0.123129458467326
0.123907567181367
0.124734069320127
0.125608851497399
0.126531342597108
0.127500527699411
0.128514965429703
0.129572807384557
0.130671818522874
0.131809397692980
0.132982597774502
0.134188145224064
0.135422459104704
0.136681669929821
0.137961638847769
0.139257977820342
0.140566071500758
0.141881101492822
0.143198073576879
0.144511848329200
0.145817175353540
0.147108731103826
0.148381160025094
0.149629118495648
0.150847320836648
0.152030586482652
0.153173887291213
0.154272393920011
0.155321520218827
0.156316964668364
0.157254748039864
0.158131246636006
0.158943220687719
0.159687837704840
0.160362690791931
0.160965812126085
0.161495681936886
0.161951233419175
0.162331854042239
0.162637383695224
0.162868110034836
0.163024761289402
0.163108496639094
0.163120894153689
0.163063936145657
0.162939991705030
0.162751796137942
0.162502427042534
0.162195276828018
0.161834021612539
0.161422586614086
0.160965108361620
0.160465894281582
0.159929380436473
0.159360088384664
0.158762582273074
0.158141427349557
0.157501151077498
0.156846207946066
0.156180948897732
0.155509596049553
0.154836223082833
0.154164741338859
0.153498891312440
0.152842238906882
0.152198175530629
0.151569920900094
0.150960527283566
0.150372883888383
0.149809720161569
0.149273606937233
0.148766954609866
0.148292007820885
0.147850836491553
0.147445323390377
0.147077148758246
0.146747772802448
0.146458417088102
0.146210045984671
0.146003349356238
0.145838727614932
0.145716280094027
0.145635797454702
0.145596758539673
0.145598331753321
0.145639380710795
0.145718473587150
0.145833895339543
0.145983661794927
0.146165534510171
0.146377035332256
0.146615459715225
0.146877888082347
0.147161194841813
0.147462055050934
0.147776949149285
0.148102166613639
0.148433809792857
0.148767799524813
0.149099884388390
0.149425655574608
0.149740569350975
0.150039978930376
0.150319177236588
0.150573451590251
0.150798150738560
0.150988763946000
0.151141011087279
0.151250941879364
0.151315041603899
0.151330339953554
0.151294519033856
0.151206016110726
0.151064116451124
0.150869031588397
0.150621958572203
0.150325116238813
0.149981755250275
0.149596139575213
0.149173498180785
0.148719946923563
0.148242381906494
0.147748346842861
0.147245878167823
0.146743332696531
0.146249203484760
0.145771930152535
0.145319710247129
0.144900318227612
0.144520938346725
0.144188017101721
0.143907140056989
0.143682936755150
0.143519016190277
0.143417933984622
0.143381191061311
0.143409262310410
0.143501652570607
0.143656976249153
0.143873056122153
0.144147036323817
0.144475504258904
0.144854616153849
0.145280221179940
0.145747979506658
0.146253470234754
0.146792285872299
0.147360110806048
0.147952782040449
0.148566331287703
0.149197008261808
0.149841285733373
0.150495847524832
0.151157561160180
0.151823437329262
0.152490578688034
0.153156120799860
0.153817168235500
