0.163869346087833
0.163799972999775
0.163742078976300
0.163699576736588
0.163675702061460
0.163672953294337
0.163693046150942
0.163736884858789
0.163804550560363
0.163895307794267
0.164007629686637
0.164139242215868
0.164287187540658
0.164447905899281
0.164617335004723
0.164791025196724
0.164964267901714
0.165132234238904
0.165290119946517
0.165433292240311
0.165557433809420
0.165658678948032
0.165733736850709
0.165779997384676
0.165795615197815
0.165779568811256
0.165731692347295
0.165652678706962
0.165544054273492
0.165408126505396
0.165247907018885
0.165067013867858
0.164869557641722
0.164660016659518
0.164443106902137
0.164223652370995
0.164006461290458
0.163796213002943
0.163597359579506
0.163414045141841
0.163250044732909
0.163108723359777
0.162993014642757
0.162905417414737
0.162848007690502
0.162822462721174
0.162830093400120
0.162871881112020
0.162948515214030
0.163060427687390
0.163207822061966
0.163390694445323
0.163608845322405
0.163861881668216
0.164149209770514
0.164470019933976
0.164823264881993
0.165207634149391
0.165621527045789
0.166063026856001
0.166529878837521
0.167019474294978
0.167528842588473
0.168054652405569
0.168593223039241
0.169140545810921
0.169692315201890
0.170243968744754
0.170790734310227
0.171327683123134
0.171849786666899
0.172351975588179
0.172829198784816
0.173276481034207
0.173688977773838
0.174062025954353
0.174391190221103
0.174672304014806
0.174901505491734
0.175075268427576
0.175190428471967
0.175244205252664
0.175234220886481
0.175158515440330
0.175015559808023
0.174804266338115
0.174523997380422
0.174174571730335
0.173756268758341
0.173269829834307
0.172716456507467
0.172097804797060
0.171415974895181
0.170673495589472
0.169873302781595
0.169018711607330
0.168113381850873
0.167161276581705
0.166166614216194
0.165133814504459
0.164067439250914
0.162972128877749
0.161852536218211
0.160713259164523
0.159558773979377
0.158393371197338
0.157221096083929
0.156045695579240
0.154870573527554
0.153698755786485
0.152532866524557
0.151375116664969
0.150227305029017
0.149090832291528
0.147966727401393
0.146855685662087
0.145758117230138
0.144674204392295
0.143603965642131
0.142547324308310
0.141504179300925
0.140474475446895
0.139458270883534
0.138455799070821
0.137467523163124
0.136494180742127
0.135536817243944
0.134596806801314
0.133675859651485
0.132776015715946
0.131899624422917
0.131049311301359
0.130227932310693
0.129438517269043
0.128684204092184
0.127968165844754
0.127293532826315
0.126663312061574
0.126080306633381
0.125547037288260
0.125065668659535
0.124637942297322
0.124265118475148
0.123947928469133
0.123686538688905
0.123480527691940
0.123328876748339
0.123229974253741
0.123181633926698
0.123181126384090
0.123225223372732
0.123310253653573
0.123432169290344
0.123586620887991
0.123769040156294
0.123974728037051
0.124198946524651
0.124437012224654
0.124684389629016
0.124936782037138
0.125190218018766
0.125441131300715
0.125686431970351
0.125923566933701
0.126150567656345
0.126366083363697
0.126569398096531
0.126760430318997
0.126939714167536
0.127108361912761
0.127268007778828
0.127420733914304
0.127568980015683
0.127715438841612
0.127862940587779
0.128014329778894
0.128172338931495
0.128339463705346
0.128517844550472
0.128709159936053
0.128914536090187
0.129134477771863
0.129368823937981
0.129616731274512
0.129876687462126
0.130146554788955
0.130423643364039
0.130704811792806
0.130986591823851
0.131265332239693
0.131537356214284
0.131799125560921
0.132047404796522
0.132279417787489
0.132492989934940
0.132686669399333
0.132859821732710
0.133012693437837
0.133146441348247
0.133263126248944
0.133365670753464
0.133457783034635
0.133543849490942
0.133628800741840
0.133717956419040
0.133816855006969
0.133931075452428
0.134066057398213
0.134226926704825
0.134418332433387
0.134644300712325
0.134908109954295
0.135212190790501
0.135558052914167
0.135946239840382
0.136376311458582
0.136846853231254
0.137355510021788
0.137899041846521
0.138473398357439
0.139073808575595
0.139694882300310
0.140330719694614
0.140975025762445
0.141621226752715
0.142262585910819
0.142892316412373
0.143503689722894
0.144090138002691
0.144645349498018
0.145163356115435
0.145638612563112
0.146066066565139
0.146441219724404
0.146760178642973
0.147019695925836
0.147217200714826
0.147350818443366
0.147419379585038
0.147422417300193
0.147360154069110
0.147233477635264
0.147043906859067
0.146793548386040
0.146485045344473
0.146121519583566
0.145706509220392
0.145243903460070
0.144737876768724
0.144192824498045
0.143613301974812
0.143003968876739
0.142369540423204
0.141714746528905
0.141044299619850
0.140362871319429
0.139675077706432
0.138985472357308
0.138298545942036
0.137618730774573
0.136950408448498
0.136297918533614
0.135665566280472
0.135057627378877
0.134478348038087
0.133931938986446
0.133422562406361
0.132954311300661
0.132531181298477
0.132157035421524
0.131835562813450
0.131570232857061
0.131364246441831
0.131220486378302
0.131141469074640
0.131129299589041
0.131185632052885
0.131311637233549
0.131507978688897
0.131774798578945
0.132111713768573
0.132517822404594
0.132991720706896
0.133531529300756
0.134134928056357
0.134799198108196
0.135521269512149
0.136297772866723
0.137125093177146
0.137999424271214
0.138916822174705
0.139873256009464
0.140864655174439
0.141886951794584
0.142936117660105
0.144008195116834
0.145099321597154
0.146205747692719
0.147323848860523
0.148450131021315
0.149581230454082
0.150713908514943
0.151845041816014
0.152971608593074
0.154090672072379
0.155199361718308
0.156294853304092
0.157374348795835
0.158435057071600
0.159474176507797
0.160488880448780
0.161476306527110
0.162433550716734
0.163357666876131
0.164245672372683
0.165094560174808
0.165901317559698
0.166662951319602
0.167376519068961
0.168039165971147
0.168648165931171
0.169200966054171
0.169695232963430
0.170128899418539
0.170500209585269
0.170807761290973
0.171050543656681
0.171227968629548
0.171339895142132
0.171386644889958
0.171369009033888
0.171288245483726
0.171146066787425
0.170944619017486
0.170686452394287
0.170374484697273
0.170011958773277
0.169602395643362
0.169149544825884
0.168657333527881
0.168129816308401
0.167571126688759
0.166985431983843
0.166376892366987
0.165749624873880
0.165107672716427
0.164454979935257
0.163795371090008
0.163132535389888
0.162470014421493
0.161811192452126
0.161159288186647
0.160517346841375
0.159888231471577
0.159274612645912
0.158678955792989
0.158103505837549
0.157550269078654
0.157020992617809
0.156517141998087
0.156039878042131
0.155590034154882
0.155168095566232
0.154774182113490
0.154408036193063
0.154069017439806
0.153756105522466
0.153467912181488
0.153202703293851
0.152958431345589
0.152732778246865
0.152523207959281
0.152327027943601
0.152141458000513
0.151963704687308
0.151791039166767
0.151620876094079
0.151450850982870
0.151278893417366
0.151103293496116
0.150922759001992
0.150736460989116
0.150544065754191
0.150345751510217
0.150142208496702
0.149934621733569
0.149724636146657
0.149514304350649
0.149306017958584
0.149102423882219
0.148906327678256
0.148720586563186
0.148547995242896
0.148391168158610
0.148252422113206
0.148133663486301
0.148036284348920
0.147961071728796
0.147908134040276
0.147876848271028
0.147865830912795
