0.030767853837316
0.030103044414380
0.029537956425440
0.029065224985701
0.028676601258184
0.028363187409170
0.028115681113932
0.027924622762397
0.027780638579298
0.027674673128583
0.027598205106088
0.027543440921141
0.027503481305820
0.027472457045315
0.027445630866749
0.027419463527853
0.027391643181329
0.027361078126170
0.027327854065519
0.027293157945350
0.027259171325654
0.027228937014600
0.027206203358479
0.027195251111306
0.027200708196420
0.027227357910460
0.027279946203387
0.027362993596287
0.027480617074582
0.027636366925307
0.027833082983991
0.028072774134363
0.028356524180755
0.028684426410239
0.029055548303273
0.029467926963798
0.029918594949294
0.030403635315022
0.030918263870395
0.031456935902882
0.032013473976913
0.032581212879136
0.033153157370109
0.033722148124890
0.034281031104991
0.034822825601919
0.035340886323753
0.035829055153350
0.036281798579142
0.036694327273808
0.037062694857149
0.037383873510254
0.037655804790383
0.037877424710803
0.038048662877272
0.038170416193117
0.038244498337990
0.038273566872093
0.038261030400024
0.038210938729886
0.038127859370100
0.038016744007563
0.037882788798974
0.037731292379104
0.037567515446162
0.037396545630326
0.037223171095767
0.037051765981260
0.036886190364686
0.036729706958875
0.036584916227887
0.036453711071220
0.036337251675278
0.036235960591563
0.036149537582831
0.036076993292712
0.036016700350282
0.035966460125716
0.035923583012295
0.035884979827915
0.035847261709641
0.035806845720402
0.035760063300238
0.035703268676949
0.035632944403578
0.035545801312225
0.035438870363417
0.035309584123645
0.035155845914821
0.034976085040116
0.034769296890708
0.034535067165569
0.034273579878334
0.033985609267994
0.033672496160125
0.033336109729935
0.032978795986615
0.032603314620946
0.032212766128044
0.031810511329672
0.031400085573111
0.030985109975325
0.030569202112595
0.030155888528474
0.029748521348904
0.029350201155275
0.028963708076789
0.028591442826095
0.028235379120570
0.027897028610795
0.027577419083828
0.027277086329772
0.026996079665422
0.026733980709901
0.026489934617055
0.026262692601725
0.026050664265969
0.025851977950057
0.025664547113461
0.025486140602118
0.025314454585983
0.025147183957320
0.024982091063533
0.024817069802987
0.024650203329165
0.024479813876154
0.024304503523517
0.024123185047267
0.023935102342049
0.023739840235518
0.023537323838067
0.023327807871117
0.023111856688086
0.022890315939536
0.022664277034432
0.022435035711089
0.022204046152807
0.021972872163426
0.021743136956033
0.021516473103091
0.021294474147684
0.021078649283502
0.020870382376740
0.020670896428999
0.020481224371130
0.020302186840505
0.020134377337199
0.019978154888597
0.019833644088645
0.019700742129452
0.019579132220660
0.019468302605948
0.019367570243699
0.019276108124837
0.019192975156255
0.019117147540717
0.019047550628432
0.018983090293798
0.018922682993902
0.018865283783588
0.018809911686072
0.018755671940538
0.018701774763350
0.018647550364313
0.018592460053069
0.018536103354654
0.018478221130209
0.018418694772256
0.018357541617135
0.018294906792293
0.018231051793869
0.018166340169277
0.018101220757139
0.018036209008531
0.017971866973574
0.017908782580356
0.017847548854204
0.017788743720940
0.017732911006787
0.017680543190889
0.017632066387589
0.017587827939896
0.017548086899937
0.017513007563837
0.017482656124516
0.017457000412122
0.017435912612079
0.017419174786825
0.017406486978371
0.017397477632276
0.017391716055099
0.017388726592272
0.017388004186843
0.017389030948580
0.017391293325932
0.017394299431402
0.017397596027333
0.017400784639668
0.017403536238859
0.017405603917624
0.017406833011659
0.017407168157355
0.017406656862948
0.017405449286023
0.017403794057099
0.017402030158839
0.017400575053172
0.017399909432244
0.017400559140946
0.017403074966523
0.017408011104121
0.017415903178490
0.017427246727342
0.017442477030784
0.017461951107190
0.017485932595131
0.017514580112211
0.017547939534316
0.017585940482589
0.017628397148747
0.017675013438956
0.017725392276716
0.017779048778337
0.017835426900764
0.017893919059759
0.017953888125144
0.018014691117913
0.018075703861499
0.018136345778038
0.018196103973759
0.018254555730831
0.018311388522432
0.018366416700171
0.018419594073714
0.018471021715476
0.018520950479025
0.018569777915536
0.018618039501148
0.018666394338668
0.018715605755604
0.018766517471119
0.018820026230183
0.018877051988383
0.018938506861954
0.019005264125101
0.019078128535795
0.019157809202227
0.019244896070675
0.019339840931639
0.019442943618429
0.019554343826493
0.019674018728867
0.019801786318364
0.019937314183443
0.020080133231576
0.020229655717514
0.020385196816110
0.020545998899350
0.020711257631486
0.020880148979656
0.021051856245112
0.021225596247558
0.021400643839099
0.021576353983661
0.021752180712836
0.021927692361572
0.022102582599199
0.022276676904467
0.022449934287839
0.022622444238078
0.022794419058078
0.022966181948995
0.023138151391264
0.023310822543471
0.023484746521972
0.023660508523081
0.023838705795214
0.024019926453793
0.024204730055024
0.024393630708939
0.024587083326034
0.024785473368627
0.024989110234755
0.025198224158108
0.025412966281503
0.025633411371521
0.025859562502639
0.026091356960133
0.026328672596437
0.026571333923774
0.026819117329519
0.027071754948297
0.027328936901231
0.027590311801790
0.027855485613095
0.028124019108973
0.028395424329223
0.028669160520904
0.028944630118741
0.029221175339338
0.029498075949554
0.029774548724792
0.030049749044809
0.030322774989490
0.030592674200042
0.030858453665971
0.031119092486478
0.031373557536775
0.031620821844056
0.031859885343755
0.032089797544066
0.032309681477731
0.032518758169422
0.032716370702738
0.032902006843420
0.033075319078118
0.033236140874781
0.033384497975225
0.033520613603992
0.033644906627830
0.033757981929152
0.033860612560553
0.033953713615021
0.034038308160384
0.034115486024117
0.034186356648962
0.034251997642504
0.034313400986744
0.034371419131789
0.034426713350926
0.034479706769168
0.034530544388443
0.034579062222388
0.034624767332822
0.034666830145388
0.034704089935932
0.034735073847493
0.034758029246884
0.034770968685785
0.034771726217601
0.034758023357969
0.034727542579636
0.034678005912797
0.034607255987482
0.034513336709294
0.034394570705484
0.034249630715205
0.034077602224931
0.033878034866091
0.033650980395042
0.033397015462447
0.033117247845250
0.032813305352248
0.032487307212721
0.032141818401143
0.031779788019448
0.031404473526658
0.031019353244803
0.030628030148362
0.030234130429189
0.029841200689005
0.029452607819653
0.029071445666540
0.028700452420445
0.028341942344898
0.027997754928948
0.027669223878043
0.027357167548343
0.027061901530103
0.026783273137707
0.026520716614472
0.026273326956547
0.026039949446099
0.025819281297807
0.025609981295015
0.025410782943893
0.025220606517108
0.025038665394262
0.024864562327605
0.024698371653207
0.024540704009200
0.024392750788806
0.024256306319230
0.024133766589544
0.024028104222769
0.023942820271502
0.023881874285455
0.023849594926833
0.023850574170130
0.023889548791691
0.023971273407114
0.024100389728329
0.024281296965707
0.024518028375862
0.024814138839233
0.025172608035543
0.025595763270044
0.026085225298180
0.026641879620161
0.027265874699193
0.027956647436843
