0.123968525391955
0.123183599240931
0.122377408473063
0.121560370332986
0.120743077627743
0.119936173963448
0.119150227881314
0.118395607054962
0.117682353754911
0.117020062829561
0.116417763491765
0.115883806232550
0.115425756205053
0.115050294428346
0.114763128148926
0.114568911663980
0.114471178852142
0.114472288572274
0.114573383977438
0.114774366649131
0.115073886286707
0.115469346489894
0.115956926951458
0.116531622135303
0.117187296257569
0.117916754119472
0.118711827066756
0.119563473078104
0.120461889720224
0.121396638457561
0.122356778576194
0.123331008780917
0.124307814357509
0.125275617663862
0.126222929628217
0.127138499893078
0.128011463251823
0.128831480081735
0.129588868581984
0.130274726775735
0.130881042429022
0.131400789270824
0.131828008163544
0.132157872164391
0.132386734728946
0.132512160630795
0.132532939497740
0.132449082187503
0.132261800536555
0.131973471306883
0.131587585420814
0.131108683806940
0.130542281376115
0.129894780801351
0.129173377886499
0.128385960374596
0.127541002067638
0.126647454106299
0.125714635193595
0.124752122443916
0.123769644403038
0.122776977621128
0.121783847975283
0.120799837737555
0.119834299175320
0.118896275259995
0.117994427854215
0.117136973552501
0.116331627171869
0.115585552731394
0.114905321627203
0.114296877604498
0.113765508052705
0.113315821104119
0.112951728000023
0.112676430199457
0.112492410741935
0.112401429433104
0.112404521497186
0.112501999427485
0.112693457861022
0.112977781400222
0.113353155398369
0.113817079811168
0.114366386289657
0.114997258745952
0.115705257659647
0.116485348406679
0.117331933882742
0.118238891659469
0.119199615854109
0.120207063813884
0.121253807617245
0.122332090278942
0.123433886418531
0.124550967017034
0.125674967749120
0.126797460243572
0.127910025498224
0.129004328562021
0.130072193501272
0.131105677593479
0.132097143644127
0.133039329301989
0.133925412258650
0.134749070258953
0.135504534920445
0.136186638460554
0.136790852557625
0.137313318723026
0.137750869732068
0.138101041846785
0.138362077758317
0.138532920375068
0.138613197779072
0.138603199861278
0.138503847321193
0.138316653872021
0.138043682624914
0.137687497730720
0.137251112432199
0.136737934721557
0.136151711806570
0.135496474563437
0.134776483096957
0.133996174440839
0.133160113315996
0.132272946726516
0.131339363016364
0.130364055839930
0.129351693321993
0.128306892503322
0.127234198992827
0.126138071581563
0.125022871423141
0.123892855254121
0.122752172020496
0.121604862195779
0.120454859024542
0.119305990903863
0.118161984124017
0.117026465228137
0.115902962316534
0.114794904711976
0.113705620514061
0.112638331699212
0.111596146563122
0.110582049449248
0.109598887854832
0.108649357149369
0.107735983274176
0.106861103910999
0.106026848707767
0.105235119227412
0.104487569337835
0.103785586786090
0.103130276696411
0.102522447700107
0.101962601346502
0.101450925360098
0.100987291202916
0.100571256276204
0.100202070956641
0.099878690513972
0.099599791804467
0.099363794483424
0.099168886335169
0.099013052185956
0.098894105748262
0.098809723648692
0.098757480819105
0.098734886384573
0.098739419163826
0.098768561908901
0.098819833450262
0.098890817980608
0.098979190802738
0.099082739980961
0.099199383468038
0.099327181425811
0.099464343612788
0.099609231870650
0.099760357898555
0.099916376654058
0.100076075857192
0.100238362195269
0.100402244926116
0.100566817653432
0.100731239097133
0.100894713702474
0.101056472923566
0.101215757980205
0.101371804822779
0.101523831950899
0.101671031620324
0.101812564843494
0.101947560446255
0.102075118291721
0.102194316627385
0.102304223358331
0.102403910903471
0.102492474157779
0.102569050966331
0.102632844419460
0.102683146205781
0.102719360213823
0.102741025554832
0.102747838189835
0.102739670382590
0.102716587265534
0.102678859895636
0.102626974288432
0.102561636047230
0.102483770346394
0.102394517177615
0.102295221921154
0.102187421454822
0.102072826156880
0.101953298290011
0.101830827367854
0.101707503198987
0.101585487373007
0.101466983996683
0.101354210503965
0.101249369351202
0.101154621368920
0.101072061475179
0.101003697365469
0.100951431683235
0.100917048047487
0.100902201173937
0.100908411178659
0.100937062003377
0.100989403754610
0.101066558609886
0.101169529818138
0.101299213212468
0.101456410565550
0.101641844054187
0.101856171062017
0.102099998539583
0.102373896159234
0.102678407548047
0.103014058953583
0.103381364792481
0.103780829647324
0.104212946408964
0.104678190405135
0.105177009506721
0.105709810355365
0.106276941004990
0.106878670410167
0.107515165321220
0.108186465255225
0.108892456299843
0.109632844570116
0.110407130174920
0.111214582558216
0.112054218060325
0.112924780496870
0.113824725479096
0.114752209101721
0.115705081506299
0.116680885693343
0.117676861809656
0.118689956983157
0.119716840621426
0.120753924936945
0.121797390317091
0.122843215024726
0.123887208600291
0.124925048242171
0.125952317371857
0.126964545546131
0.127957248861496
0.128925970006518
0.129866317155179
0.130774000957064
0.131644868965774
0.132474936952310
0.133260416671188
0.133997739779535
0.134683577748438
0.135314857746374
0.135888774611733
0.136402799160133
0.136854683188052
0.137242461632993
0.137564452428502
0.137819254647171
0.138005745554209
0.138123077197384
0.138170673135963
0.138148225862545
0.138055695399248
0.137893309456200
0.137661565428977
0.137361234386859
0.136993367069757
0.136559301773701
0.136060673867608
0.135499426553173
0.134877822359779
0.134198454762100
0.133464259223673
0.132678522908540
0.131844892267869
0.130967377701109
0.130050354512528
0.129098559434059
0.128117082062872
0.127111350665505
0.126087111926347
0.125050404363558
0.124007525295590
0.122964991411534
0.121929493173504
0.120907843453469
0.119906920975344
0.118933609290045
0.117994732152090
0.117096986286394
0.116246872629657
0.115450627198949
0.114714152778751
0.114042952625482
0.113442067365247
0.112916016206886
0.112468743510120
0.112103571640056
0.111823160908280
0.111629477250831
0.111523768129490
0.111506546969853
0.111577586272795
0.111735919360586
0.111979850549987
0.112306973387255
0.112714196438217
0.113197776004431
0.113753355036838
0.114376007443537
0.115060286939648
0.115800279565211
0.116589659001019
0.117421743840977
0.118289556030611
0.119185879751929
0.120103320121061
0.121034361163201
0.121971422634569
0.122906915368991
0.123833294932512
0.124743113468770
0.125629069706555
0.126484057175358
0.127301210731767
0.128073951537036
0.128796030642471
0.129461571333937
0.130065110360008
0.130601638121402
0.131066637834213
0.131456123599179
0.131766677217110
0.131995483490982
0.132140363652396
0.132199806449058
0.132172996335485
0.132059838125984
0.131860977401740
0.131577815916546
0.131212521221808
0.130768029733864
0.130248042496928
0.129657012954516
0.129000126130694
0.128283268738988
0.127512989879406
0.126696452149580
0.125841373180940
0.124955957810269
0.124048821305922
0.123128904280609
0.122205380133052
0.121287556062850
0.120384768890600
0.119506277082959
0.118661150524582
0.117858159691174
0.117105665956311
0.116411514806238
0.115782933739755
0.115226436593362
0.114747735955658
0.114351665220575
0.114042111678966
0.113821961865780
0.113693060169630
0.113656181478409
0.113711018384073
