0.053727397193058
0.053736793653888
0.053743502219621
0.053747091883629
0.053747420304032
0.053744658530730
0.053739285819049
0.053732053914859
0.053723923127159
0.053715975325351
0.053709311437112
0.053704942831749
0.053703686954570
0.053706077601237
0.053712299243821
0.053722152891501
0.053735058231371
0.053750093475348
0.053766070731052
0.053781641153281
0.053795420965449
0.053806126993026
0.053812708895596
0.053814465009419
0.053811129700996
0.053802922347471
0.053790551342974
0.053775170610155
0.053758290610742
0.053741650375816
0.053727061172307
0.053716235665887
0.053710618475634
0.053711234589466
0.053718571101459
0.053732505173521
0.053752287199738
0.053776583189419
0.053803574827683
0.053831110039749
0.053856891724012
0.053878688151198
0.053894545795780
0.053902984390212
0.053903154930509
0.053894944189809
0.053879013806106
0.053856767822294
0.053830249152977
0.053801972223643
0.053774705328629
0.053751221466628
0.053734040005445
0.053725183111458
0.053725970246197
0.053736871181377
0.053757433124924
0.053786291089911
0.053821263143356
0.053859524320430
0.053897845508361
0.053932877200724
0.053961453318194
0.053980887761861
0.053989236292702
0.053985498776327
0.053969741624952
0.053943127018637
0.053907843618865
0.053866942286523
0.053824088997533
0.053783254924164
0.053748369798920
0.053722968616148
0.053709863058659
0.053710867594460
0.053726606048863
0.053756417937808
0.053798375483293
0.053849412726737
0.053905558327879
0.053962254342957
0.054014735340541
0.054058436354134
0.054089394935353
0.054104612288129
0.054102341209888
0.054082274156602
0.054045612752641
0.053995009837405
0.053934385870672
0.053868632304931
0.053803224454551
0.053743774586968
0.053695561702585
0.053663077227859
0.053649625335259
0.053657012812402
0.053685356595838
0.053733027786593
0.053796739916063
0.053871777331988
0.053952347808659
0.054032032839899
0.054104300453661
0.054163039542131
0.054203072157840
0.054220601242527
0.054213555796436
0.054181803232927
0.054127208999728
0.054053535664993
0.053966186589429
0.053871811985317
0.053777806560097
0.053691737114235
0.053620744643613
0.053570968158435
0.053547036330472
0.053551668279946
0.053585416674770
0.053646575471508
0.053731261932369
0.053833669008757
0.053946470860481
0.054061352233192
0.054169622593724
0.054262869093445
0.054333599123346
0.054375823691222
0.054385537043964
0.054361055539462
0.054303189146292
0.054215231309617
0.054102766320124
0.053973306744773
0.053835785921956
0.053699941078205
0.053575630534499
0.053472133194687
0.053397479749095
0.053357862747277
0.053357167114677
0.053396654259989
0.053474822284192
0.053587452737178
0.053727841727553
0.053887200842390
0.054055202094682
0.054220631702421
0.054372110483790
0.054498834419904
0.054591287688062
0.054641882206767
0.054645482275632
0.054599779892495
0.054505495307755
0.054366387757483
0.054189072470791
0.053982651324367
0.053758175288421
0.053527966495622
0.053304835868810
0.053101238364591
0.052928411741946
0.052795546183047
0.052709031036487
0.052671821500677
0.052682962410498
0.052737298728439
0.052825393255084
0.052933661915381
0.053044726248911
0.053137971963937
0.053190292139889
0.053176984392905
0.053072763520223
0.052852845207245
0.052494052619992
0.051975896309880
0.051281578898825
0.050398879433164
0.049320877908482
0.048046487967697
0.046580774750906
0.044935044835934
0.043126705609532
0.041178901688520
0.039119945621541
0.036982568550115
0.034803023378131
0.032620077985154
0.030473938938693
0.028405146965674
0.026453484217808
0.024656930315540
0.023050699589366
0.021666386240174
0.020531237741269
0.019667570144598
0.019092332451370
0.018816821230693
0.018846541511634
0.019181205834932
0.019814860331462
0.020736124796479
0.021928532862687
0.023370958377079
0.025038114738780
0.026901115011160
0.028928081830198
0.031084797261554
0.033335383619606
0.035643006716929
0.037970592990968
0.040281551452145
0.042540490474989
0.044713918227366
0.046770914161794
0.048683757663384
0.050428498857556
0.051985455916683
0.053339623135345
0.054480974700579
0.055404650552963
0.056111013051691
0.056605566302681
0.056898733910291
0.057005495446863
0.056944886931814
0.056739375867696
0.056414126660880
0.055996177306815
0.055513552784860
0.054994344429422
0.054465787383267
0.053953369883673
0.053480008412011
0.053065321534111
0.052725032518010
0.052470526555620
0.052308582733660
0.052241293977260
0.052266180288972
0.052376492062872
0.052561691467418
0.052808091305604
0.053099622843462
0.053418697309837
0.053747120540231
0.054067016930045
0.054361717751352
0.054616570129873
0.054819626599188
0.054962181027897
0.055039124589181
0.055049104913742
0.054994482125204
0.054881086505485
0.054717793431499
0.054515941311904
0.054288626917138
0.054049919199901
0.053814037023850
0.053594537879064
0.053403563553061
0.053251184910278
0.053144881647112
0.053089184526312
0.053085497676597
0.053132107688854
0.053224375121059
0.053355093321814
0.053514989843614
0.053693337712626
0.053878637911555
0.054059330938116
0.054224494391172
0.054364485215530
0.054471489354058
0.054539947817556
0.054566836173343
0.054551783664490
0.054497028034810
0.054407212057241
0.054289037161323
0.054150797888612
0.054001827703257
0.053851891574904
0.053710563472457
0.053586627325325
0.053487538120436
0.053418975734201
0.053384518097626
0.053385452716809
0.053420736867883
0.053487107469685
0.053579332263528
0.053690585062453
0.053812920015856
0.053937813560419
0.054056738402745
0.054161731801171
0.054245920749341
0.054303969430703
0.054332419373863
0.054329899804444
0.054297194329444
0.054237159757398
0.054154502918104
0.054055431119477
0.053947200685985
0.053837595230268
0.053734370378910
0.053644704204466
0.053574692380194
0.053528924038362
0.053510168649018
0.053519196313897
0.053554744236968
0.053613631477096
0.053691013189261
0.053780755233195
0.053875901058128
0.053969195855713
0.054053628659241
0.054122951712034
0.054172138162463
0.054197743858719
0.054198146370039
0.054173643797828
0.054126406736214
0.054060288059115
0.053980506164613
0.053893227035380
0.053805078206742
0.053722632858597
0.053651904356810
0.053597890497407
0.053564202541391
0.053552807206274
0.053563900661328
0.053595922992304
0.053645710410430
0.053708771579318
0.053779664696022
0.053852444165520
0.053921140468085
0.053980234543114
0.054025088865327
0.054052301279360
0.054059954250028
0.054047740923358
0.054016959552428
0.053970378585406
0.053911985162333
0.053846639073671
0.053779661648212
0.053716393971648
0.053661760908283
0.053619876462739
0.053593722179820
0.053584923880403
0.053593643619051
0.053618594036848
0.053657172084548
0.053705699254866
0.053759746801121
0.053814517641548
0.053865252302162
0.053907624677246
0.053938094692478
0.053954189006540
0.053954687318300
0.053939700095396
0.053910632893756
0.053870042094286
0.053821396020047
0.053768763241522
0.053716455770870
0.053668658301765
0.053629075395227
0.053600626505146
0.053585214179479
0.053583584083780
0.053595287274665
0.053618746133394
0.053651416349458
0.053690029110643
0.053730890923649
0.053770213833099
0.053804446613154
0.053830577938532
0.053846385528780
0.053850610501488
0.053843043168600
0.053824514614448
0.053796796862274
0.053762422502040
0.053724441596918
0.053686138901476
