0.150807918252606
0.152875443227911
0.154997318718405
0.157167500736251
0.159380218269161
0.161630001043727
0.163911704076076
0.166220528184348
0.168552035543013
0.170902159325070
0.173267206515507
0.175643853093500
0.178029130970993
0.180420406334742
0.182815349355350
0.185211895582968
0.187608199724211
0.190002582866029
0.192393474555946
0.194779351443031
0.197158674410741
0.199529826276979
0.201891052188853
0.204240404795976
0.206575696149175
0.208894458048992
0.211193912273279
0.213470951762107
0.215722133450392
0.217943683034480
0.220131511558421
0.222281243327438
0.224388254315880
0.226447719947115
0.228454670891666
0.230404055361526
0.232290806273289
0.234109911606946
0.235856486295051
0.237525844030074
0.239113567467067
0.240615575414960
0.242028185743955
0.243348172881279
0.244572818916906
0.245699957490854
0.246728009781858
0.247656012063049
0.248483634434127
0.249211190482402
0.249839637768607
0.250370569178331
0.250806195326580
0.251149318350924
0.251403297575668
0.251572007673022
0.251659790083125
0.251671398578832
0.251611939968573
0.251486811017071
0.251301632725327
0.251062183145589
0.250774329912390
0.250443963647290
0.250076933344417
0.249678984768791
0.249255702804047
0.248812458574948
0.248354362048064
0.247886220686088
0.247412504601666
0.246937318528887
0.246464380807259
0.245997009455163
0.245538115298020
0.245090202009776
0.244655372823868
0.244235343569981
0.243831461594421
0.243444730024150
0.243075836737525
0.242725187309911
0.242392941111868
0.242079049655327
0.241783296213320
0.241505335686708
0.241244733662082
0.241001003603601
0.240773641151978
0.240562154569012
0.240366090466780
0.240185054096028
0.240018723635235
0.239866858114936
0.239729298824194
0.239605964268937
0.239496838975694
0.239401956649065
0.239321378387482
0.239255166830675
0.239203357246359
0.239165926657865
0.239142762165449
0.239133629621130
0.239138143781845
0.239155740991942
0.239185655339298
0.239226899096045
0.239278248103014
0.239338232593598
0.239405133785824
0.239476986406968
0.239551587158801
0.239626508987561
0.239699120893326
0.239766612900370
0.239826025713026
0.239874284499978
0.239908236182497
0.239924689547239
0.239920457460662
0.239892400428755
0.239837470722259
0.239752756274121
0.239635523553221
0.239483258627784
0.239293705654743
0.239064902068799
0.238795209798324
0.238483341904488
0.238128384124838
0.237729810901245
0.237287495582139
0.236801714606858
0.236273145601410
0.235702859435500
0.235092306405519
0.234443296813184
0.233757976301006
0.233038796381193
0.232288480653079
0.231509987245567
0.230706468047401
0.229881225301936
0.229037666148466
0.228179255693211
0.227309469194210
0.226431743949345
0.225549431488417
0.224665750689970
0.223783742471253
0.222906226733126
0.222035762277218
0.221174610444567
0.220324703247229
0.219487616769491
0.218664550596723
0.217856313981204
0.217063319370890
0.216285583806307
0.215522738532575
0.214774046980617
0.214038431049454
0.213314505378309
0.212600619043484
0.211894903862760
0.211195328252094
0.210499755368834
0.209806004104088
0.209111911364697
0.208415394019768
0.207714508882569
0.207007509156517
0.206292895891639
0.205569463169057
0.204836335947114
0.204092999752168
0.203339321667527
0.202575562351819
0.201802379090583
0.201020820140065
0.200232310850271
0.199438632247950
0.198641892914481
0.197844495107149
0.197049096145737
0.196258566123025
0.195475943002792
0.194704386148155
0.193947129283078
0.193207433836716
0.192488543558844
0.191793641228816
0.191125808212085
0.190487987547567
0.189882951174621
0.189313271827763
0.188781300036869
0.188289146567786
0.187838670519916
0.187431473162457
0.187068897440023
0.186752032913808
0.186481725731470
0.186258593044360
0.186083041123615
0.185955286277081
0.185875377547440
0.185843220088729
0.185858598082012
0.185921196068265
0.186030617650785
0.186186400650907
0.186388027985520
0.186634933765227
0.186926504376964
0.187262074600190
0.187640919095536
0.188062239881940
0.188525150665917
0.189028659089590
0.189571648109301
0.190152857794932
0.190770868846471
0.191424089058039
0.192110743825136
0.192828871596557
0.193576324930637
0.194350777541361
0.195149737430222
0.195970565911910
0.196810502072442
0.197666691962016
0.198536221633224
0.199416152996638
0.200303561383975
0.201195573684227
0.202089405946073
0.202982399413550
0.203872054071222
0.204756058909024
0.205632318263518
0.206498973740543
0.207354421364726
0.208197323726637
0.209026617004594
0.209841512823665
0.210641494981165
0.211426311120196
0.212195959476424
0.212950670865704
0.213690886128414
0.214417229306695
0.215130476907862
0.215831523702901
0.216521345622288
0.217200960438449
0.217871387057666
0.218533604375023
0.219188510762434
0.219836885350196
0.220479352314886
0.221116349390765
0.221748101770192
0.222374602446780
0.222995599882725
0.223610593653153
0.224218838443982
0.224819356468010
0.225410958032718
0.225992269660296
0.226561768844694
0.227117824250627
0.227658739932058
0.228182801986676
0.228688325977901
0.229173703451955
0.229637445954283
0.230078225101594
0.230494907482832
0.230886583430267
0.231252589003204
0.231592520842942
0.231906243869149
0.232193892076864
0.232455862944174
0.232692806161145
0.232905607532806
0.233095368989703
0.233263385660160
0.233411120924617
0.233540180293750
0.233652284840421
0.233749244784541
0.233832933693391
0.233905263630589
0.233968161475548
0.234023546549679
0.234073309629983
0.234119293405601
0.234163274435266
0.234206946687000
0.234251906777371
0.234299641065834
0.234351514790038
0.234408763440633
0.234472486561747
0.234543644120767
0.234623055517232
0.234711401197294
0.234809226713779
0.234916948930793
0.235034863928191
0.235163156027621
0.235301907252026
0.235451106456494
0.235610657340851
0.235780384580334
0.235960037393403
0.236149290003888
0.236347738642370
0.236554894958881
0.236770175971577
0.236992890937467
0.237222225783506
0.237457225960789
0.237696778764440
0.237939596282435
0.238184200187551
0.238428909561723
0.238671832840764
0.238910864794162
0.239143689219312
0.239367787746132
0.239580454834365
0.239778818721557
0.239959867765342
0.240120481339162
0.240257464203339
0.240367583097900
0.240447604199617
0.240494330058200
0.240504634675245
0.240475495508977
0.240404021368236
0.240287475386948
0.240123292529623
0.239909091351861
0.239642680010419
0.239322056769320
0.238945405468419
0.238511086599037
0.238017624761448
0.237463693359426
0.236848097419415
0.236169755411803
0.235427680907038
0.234620964829824
0.233748758990623
0.232810261485125
0.231804704467587
0.230731344729375
0.229589457452826
0.228378333463327
0.227097280266399
0.225745627126642
0.224322734414281
0.222828007404826
0.221260914659550
0.219621011032350
0.217907965236400
0.216121591760045
0.214261886746383
0.212329067249990
0.210323613065733
0.208246310100458
0.206098294042985
0.203881092897179
0.201596666793525
0.199247443401829
0.196836347245033
0.194366821271264
0.191842839183901
0.189268907257916
0.186650054680064
0.183991811830108
0.181300176354962
0.178581567357401
0.175842768503528
0.173090861323828
0.170333150416801
0.167577082638656
0.164830162656791
0.162099867442409
0.159393562367368
0.156718421546777
0.154081354932393
0.151488944419383
0.148947390892388
0.146462473722966
0.144039523759743
