0.190677705350362
0.190245318473944
0.189860863117394
0.189538819931869
0.189292605830479
0.189134242230160
0.189074055640039
0.189120418857522
0.189279539612764
0.189555301904340
0.189949163569245
0.190460111901220
0.191084677439370
0.191817004450895
0.192648975172429
0.193570383586760
0.194569153415345
0.195631594111711
0.196742687946512
0.197886400776052
0.199046008773036
0.200204433260930
0.201344575822379
0.202449646040852
0.203503474578897
0.204490804794305
0.205397556745832
0.206211058240745
0.206920238521486
0.207515781266271
0.207990234768920
0.208338078437507
0.208555746070855
0.208641607688659
0.208595912950402
0.208420700341218
0.208119677270116
0.207698076963032
0.207162498493655
0.206520736446803
0.205781606536885
0.204954773012372
0.204050582891808
0.203079911044232
0.202054018911503
0.200984428351612
0.199882810749415
0.198760890286460
0.197630359173667
0.196502801807320
0.195389624272707
0.194301985430519
0.193250725994071
0.192246292528907
0.191298654142049
0.190417210713788
0.189610692778727
0.188887054488748
0.188253362386422
0.187715683881152
0.187278980258683
0.186947009689635
0.186722245976882
0.186605818663807
0.186597479610768
0.186695600259413
0.186897202593112
0.187198025338071
0.187592625322656
0.188074512220908
0.188636313253310
0.189269962902892
0.189966911417257
0.190718344880980
0.191515409011771
0.192349428588792
0.193212114569602
0.194095751476951
0.194993358500312
0.195898818904202
0.196806973697268
0.197713677015323
0.198615812228213
0.199511269316151
0.200398885504612
0.201278352436857
0.202150094251743
0.203015121788384
0.203874868740559
0.204731015929156
0.205585309960347
0.206439382411356
0.207294575363617
0.208151778619218
0.209011283327201
0.209872656048195
0.210734636532231
0.211595061705236
0.212450817578562
0.213297820031113
0.214131024678495
0.214944465345641
0.215731320003636
0.216484002419647
0.217194277203048
0.217853395412650
0.218452247423592
0.218981529344017
0.219431918930295
0.219794256686806
0.220059727665518
0.220220039416016
0.220267591591237
0.220195632899323
0.219998401413819
0.219671244714641
0.219210716924345
0.218614650415246
0.217882200770875
0.217013864461573
0.216011469602981
0.214878141067760
0.213618242072556
0.212237295121029
0.210741885810407
0.209139553468910
0.207438672858850
0.205648331239043
0.203778204926553
0.201838439139562
0.199839534361027
0.197792241768143
0.195707469466961
0.193596200402727
0.191469421937142
0.189338066246837
0.187212959953602
0.185104780791048
0.183024018681227
0.180980938363447
0.178985540700089
0.177047519980618
0.175176214943048
0.173380551807221
0.171668978331594
0.170049388721639
0.168529040084794
0.167114461992649
0.165811361524364
0.164624526877937
0.163557733205065
0.162613654715858
0.161793787286159
0.161098385767643
0.160526419945673
0.160075552619966
0.159742142617113
0.159521274710854
0.159406817462987
0.159391508949605
0.159467069252553
0.159624337526863
0.159853430452601
0.160143917993375
0.160485011657681
0.160865759930286
0.161275245235852
0.161702776732783
0.162138073415534
0.162571432419937
0.162993878057320
0.163397287916441
0.163774493325051
0.164119352504637
0.164426795827683
0.164692843639927
0.164914598086129
0.165090211227839
0.165218832425215
0.165300538443020
0.165336250018168
0.165327638690439
0.165277027562800
0.165187289347863
0.165061744610119
0.164904062573502
0.164718166280415
0.164508143310590
0.164278162742571
0.164032398605749
0.163774959755405
0.163509825923156
0.163240789652993
0.162971403917440
0.162704935395864
0.162444323653876
0.162192146748885
0.161950594058544
0.161721447343979
0.161506071181048
0.161305413891852
0.161120019968343
0.160950054696382
0.160795341271802
0.160655410173322
0.160529559954877
0.160416927984888
0.160316569040237
0.160227539106236
0.160148981286076
0.160080210421751
0.160020792900650
0.159970618182595
0.159929958831874
0.159899516264880
0.159880450000822
0.159874388894864
0.159883423597336
0.159910080272772
0.159957276382696
0.160028260044010
0.160126535085457
0.160255774412095
0.160419724636704
0.160622105143347
0.160866504817386
0.161156279622620
0.161494454049912
0.161883629226462
0.162325900184726
0.162822784466923
0.163375163902712
0.163983241055912
0.164646511496844
0.165363752719991
0.166133030187285
0.166951720628012
0.167816552358734
0.168723661994726
0.169668666505602
0.170646749125999
0.171652757177676
0.172681309409794
0.173726910043439
0.174784066343309
0.175847406264777
0.176911792568716
0.177972429785720
0.179024960565378
0.180065548274201
0.181090943205891
0.182098530424033
0.183086358042243
0.184053145619626
0.184998273260713
0.185921752902191
0.186824184085366
0.187706697196134
0.188570887653135
0.189418744799343
0.190252579276899
0.191074952430028
0.191888610795590
0.192696428032451
0.193501355754283
0.194306383725455
0.195114508827387
0.195928711181319
0.196751934902576
0.197587070237161
0.198436933360445
0.199304239952016
0.200191568833691
0.201101312480143
0.202035612070369
0.202996275904732
0.203984681405104
0.205001662461146
0.206047385485053
0.207121219079364
0.208221603593821
0.209345927937060
0.210490421718014
0.211650071040860
0.212818566011438
0.213988287209860
0.215150337055025
0.216294620179400
0.217409974729093
0.218484354018038
0.219505055333752
0.220458990070335
0.221332986912848
0.222114117673408
0.222790033725095
0.223349299912214
0.223781712417653
0.224078587382594
0.224233008099150
0.224240020285910
0.224096767221023
0.223802559221611
0.223358874967820
0.222769295302553
0.222039373215306
0.221176446567678
0.220189402582980
0.219088405074192
0.217884596729090
0.216589789454440
0.215216155790220
0.213775933768440
0.212281156374154
0.210743415064735
0.209173664735412
0.207582075215818
0.205977931979403
0.204369586375158
0.202764453466981
0.201169053588752
0.199589092068907
0.198029570297681
0.196494920428789
0.194989155527805
0.193516026883038
0.192079180447025
0.190682304930415
0.189329264870579
0.188024212986108
0.186771677247163
0.185576619284489
0.184444461976073
0.183381085245012
0.182392790237494
0.181486233095397
0.180668330470608
0.179946139731520
0.179326717476647
0.178816960492774
0.178423433677178
0.178152189692948
0.178008585253488
0.177997098951197
0.178121155470672
0.178382960873628
0.178783353424079
0.179321674147782
0.179995660995200
0.180801370102128
0.181733127211843
0.182783511827988
0.183943376095949
0.185201899749866
0.186546681702365
0.187963867989891
0.189438314822449
0.190953784437789
0.192493170355156
0.194038747504514
0.195572441628067
0.197076111376373
0.198531835721443
0.199922198754460
0.201230563690708
0.202441328020755
0.203540152257834
0.204514155645141
0.205352073483681
0.206044372371827
0.206583321533307
0.206963020447217
0.207179385058198
0.207230096803210
0.207114520407519
0.206833597750775
0.206389725978747
0.205786628361348
0.205029226135318
0.204123518724409
0.203076478350815
0.201895963230266
0.200590651409108
0.199169995012161
0.197644192400283
0.196024173664383
0.194321593176934
0.192548821726522
0.190718930183839
0.188845656750623
0.186943350636310
0.185026886446254
0.183111545553916
0.181212863125840
0.179346442095690
0.177527738043718
0.175771821426455
0.174093125723436
0.172505191655116
0.171020418549173
0.169649834112448
0.168402893280704
