0.016857630590221
0.016870324643439
0.016883366278179
0.016897054503203
0.016911656812445
0.016927397173231
0.016944445492584
0.016962909051810
0.016982826308255
0.017004163348140
0.017026813142744
0.017050597619976
0.017075272423418
0.017100534100096
0.017126029344957
0.017151365841223
0.017176124176877
0.017199870291512
0.017222167915364
0.017242590501749
0.017260732221196
0.017276217674340
0.017288710083491
0.017297917831577
0.017303599323289
0.017305566239024
0.017303685330818
0.017297878966177
0.017288124657442
0.017274453820741
0.017256949991180
0.017235746683409
0.017211025034380
0.017183011304334
0.017151974249661
0.017118222324026
0.017082100617930
0.017043987416477
0.017004290243468
0.016963441268339
0.016921891980058
0.016880107076379
0.016838557573747
0.016797713207494
0.016758034257840
0.016719962998935
0.016683915019988
0.016650270705069
0.016619367177972
0.016591491018747
0.016566872038903
0.016545678364213
0.016528013020075
0.016513912148554
0.016503344912955
0.016496215070220
0.016492364118515
0.016491575861674
0.016493582177638
0.016498069737453
0.016504687396733
0.016513053973189
0.016522766131474
0.016533406118538
0.016544549126531
0.016555770103050
0.016566649876662
0.016576780515844
0.016585769888172
0.016593245431022
0.016598857182562
0.016602280150777
0.016603216117539
0.016601394984142
0.016596575764543
0.016588547324029
0.016577128945607
0.016562170786197
0.016543554261721
0.016521192376825
0.016495029993128
0.016465044011600
0.016431243431123
0.016393669237548
0.016352394075910
0.016307521662668
0.016259185904243
0.016207549701392
0.016152803434700
0.016095163142811
0.016034868420322
0.015972180074782
0.015907377590757
0.015840756452458
0.015772625374639
0.015703303484614
0.015633117486983
0.015562398828420
0.015491480864253
0.015420696013518
0.015350372876706
0.015280833282336
0.015212389226320
0.015145339672801
0.015079967197077
0.015016534470074
0.014955280608411
0.014896417442794
0.014840125787848
0.014786551826072
0.014735803744427
0.014687948781593
0.014643010854641
0.014600968934125
0.014561756325094
0.014525260988190
0.014491327000315
0.014459757209910
0.014430317089901
0.014402739734781
0.014376731890403
0.014351980849408
0.014328161995258
0.014304946736784
0.014282010545651
0.014259040793261
0.014235744082442
0.014211852783326
0.014187130511388
0.014161376327554
0.014134427493339
0.014106160675664
0.014076491563157
0.014045372925151
0.014012791212846
0.013978761866031
0.013943323545451
0.013906531557698
0.013868450774615
0.013829148370925
0.013788686711619
0.013747116714109
0.013704471989950
0.013660764037882
0.013615978715692
0.013570074164788
0.013522980300720
0.013474599917717
0.013424811388176
0.013373472871694
0.013320427885193
0.013265512028381
0.013208560609399
0.013149416875828
0.013087940527726
0.013024016173100
0.012957561382734
0.012888534010716
0.012816938469071
0.012742830678782
0.012666321464074
0.012587578210651
0.012506824669738
0.012424338856295
0.012340449059346
0.012255528052574
0.012169985661770
0.012084259909865
0.011998807017726
0.011914090587413
0.011830570332149
0.011748690742067
0.011668870085588
0.011591490142120
0.011516887042302
0.011445343557549
0.011377083131888
0.011312265887729
0.011250986765123
0.011193275874147
0.011139101055178
0.011088372555767
0.011040949648921
0.010996648939888
0.010955254040312
0.010916526233157
0.010880215711826
0.010846072954216
0.010813859788431
0.010783359721593
0.010754387136218
0.010726795008207
0.010700480864534
0.010675390773922
0.010651521246888
0.010628919008377
0.010607678693020
0.010587938595827
0.010569874686324
0.010553693158643
0.010539621841465
0.010527900828080
0.010518772707404
0.010512472781138
0.010509219641075
0.010509206454924
0.010512593270721
0.010519500601062
0.010530004491470
0.010544133214818
0.010561865668478
0.010583131485321
0.010607812806250
0.010635747602745
0.010666734384868
0.010700538084818
0.010736896869819
0.010775529611678
0.010816143724549
0.010858443077442
0.010902135693920
0.010946940967889
0.010992596150730
0.011038861900300
0.011085526725304
0.011132410207530
0.011179364937667
0.011226277155721
0.011273066142179
0.011319682458634
0.011366105184252
0.011412338334979
0.011458406683748
0.011504351220579
0.011550224500174
0.011596086120792
0.011641998562014
0.011688023581078
0.011734219329216
0.011780638302903
0.011827326192533
0.011874321635751
0.011921656827602
0.011969358887888
0.012017451840742
0.012065959025079
0.012114905729343
0.012164321831425
0.012214244225461
0.012264718831337
0.012315802009262
0.012367561239092
0.012420074969781
0.012473431595746
0.012527727570736
0.012583064722903
0.012639546883874
0.012697275986954
0.012756347822671
0.012816847661992
0.012878845967602
0.012942394411340
0.013007522401785
0.013074234301109
0.013142507476557
0.013212291291452
0.013283507095882
0.013356049230909
0.013429787014736
0.013504567637045
0.013580219850648
0.013656558319197
0.013733388456840
0.013810511581032
0.013887730193025
0.013964853201529
0.014041700912899
0.014118109624893
0.014193935679465
0.014269058852120
0.014343384979796
0.014416847755231
0.014489409642326
0.014561061893504
0.014631823675885
0.014701740337786
0.014770880870319
0.014839334640181
0.014907207488979
0.014974617311106
0.015041689235941
0.015108550550664
0.015175325506785
0.015242130156383
0.015309067362703
0.015376222124216
0.015443657341502
0.015511410142727
0.015579488866510
0.015647870781318
0.015716500598953
0.015785289817119
0.015854116903459
0.015922828311525
0.015991240298912
0.016059141499533
0.016126296186351
0.016192448147865
0.016257325091191
0.016320643476552
0.016382113681973
0.016441445392557
0.016498353105623
0.016552561640758
0.016603811542569
0.016651864263406
0.016696507014090
0.016737557172940
0.016774866147850
0.016808322593376
0.016837854895433
0.016863432850605
0.016885068485593
0.016902815984835
0.016916770720266
0.016927067405896
0.016933877429802
0.016937405446024
0.016937885336586
0.016935575677757
0.016930754862755
0.016923716043865
0.016914762059113
0.016904200501657
0.016892339073847
0.016879481343343
0.016865922987010
0.016851948571900
0.016837828883799
0.016823818775848
0.016810155475360
0.016797057259352
0.016784722390722
0.016773328199500
0.016763030197919
0.016753961134426
0.016746229918936
0.016739920387734
0.016735089918383
0.016731767949319
0.016729954501440
0.016729618835916
0.016730698409851
0.016733098306332
0.016736691315355
0.016741318826423
0.016746792662231
0.016752897937593
0.016759396971386
0.016766034215666
0.016772542099921
0.016778647624622
0.016784079481851
0.016788575436246
0.016791889670626
0.016793799789817
0.016794113184614
0.016792672485178
0.016789359877517
0.016784100115065
0.016776862125439
0.016767659185378
0.016756547709425
0.016743624765018
0.016729024483825
0.016712913582709
0.016695486235254
0.016676958545167
0.016657562866445
0.016637542193497
0.016617144810265
0.016596619344279
0.016576210323733
0.016556154287232
0.016536676450928
0.016517987899790
0.016500283241360
0.016483738643265
0.016468510170448
0.016454732344101
0.016442516860083
0.016431951427946
0.016423098719626
0.016415995446365
0.016410651610217
0.016407049999792
0.016405146016173
0.016404867922546
0.016406117608881
0.016408771951024
0.016412684822189
