0.023360609055148
0.023412682518136
0.023462299709428
0.023506373689800
0.023542124396486
0.023567251575364
0.023580080253797
0.023579669766008
0.023565879437845
0.023539386555005
0.023501655035747
0.023454856146483
0.023401745468339
0.023345502977773
0.023289545387517
0.023237321667375
0.023192103816744
0.023156785414986
0.023133700193652
0.023124471859819
0.023129904699011
0.023149922187015
0.023183558067453
0.023229001262010
0.023283692751392
0.023344469388516
0.023407746673969
0.023469730020307
0.023526642117673
0.023574952818199
0.023611597569335
0.023634170887847
0.023641082666266
0.023631667179194
0.023606237395284
0.023566080444706
0.023513393649057
0.023451164174261
0.023382998889622
0.023312914184152
0.023245098098919
0.023183659007893
0.023132376090020
0.023094466905563
0.023072386503185
0.023067670685186
0.023080833450563
0.023111325376583
0.023157555990461
0.023216979255690
0.023286237400644
0.023361354697989
0.023437969693189
0.023511591977770
0.023577868061403
0.023632840314143
0.023673183361977
0.023696403696638
0.023700990513904
0.023686508776714
0.023653629018628
0.023604092234658
0.023540612108602
0.023466720555320
0.023386565884615
0.023304675621058
0.023225697983837
0.023154137135674
0.023094097499921
0.023049051728012
0.023021645339364
0.023013548766370
0.023025364673162
0.023056595162834
0.023105670045217
0.023170033911330
0.023246286547091
0.023330368393202
0.023417780465268
0.023503826495974
0.023583864115820
0.023653551673973
0.023709077798316
0.023747361948168
0.023766215937291
0.023764458586463
0.023741978175549
0.023699740067124
0.023639739628710
0.023564903256168
0.023478942775477
0.023386170669152
0.023291285351059
0.023199137034341
0.023114485558513
0.023041761841627
0.022984844400719
0.022946861656642
0.022930029543944
0.022935532334687
0.022963452623505
0.023012754188763
0.023081319030899
0.023166037391706
0.023262947080979
0.023367416085575
0.023474360315719
0.023578486554099
0.023674549305494
0.023757609374254
0.023823281681197
0.023867960104296
0.023889007996266
0.023884904475123
0.023855338549223
0.023801245545335
0.023724783049309
0.023629246514023
0.023518927692557
0.023398921961390
0.023274893254034
0.023152807584359
0.023038647872764
0.022938123895409
0.022856391587543
0.022797795614917
0.022765648090869
0.022762054610091
0.022787796480254
0.022842275279905
0.022923522801594
0.023028276216803
0.023152115095247
0.023289653894226
0.023434780860209
0.023580932089305
0.023721387881616
0.023849577568001
0.023959378720411
0.024045397074610
0.024103214555976
0.024129594432400
0.024122634723001
0.024081863448228
0.024008271984261
0.023904285547413
0.023773672550603
0.023621397122973
0.023453421360127
0.023276465791298
0.023097738048429
0.022924640761695
0.022764470270084
0.022624117829237
0.022509784645090
0.022426721299455
0.022379001012839
0.022369334768916
0.022398934668064
0.022467430050448
0.022572838998945
0.022711595864381
0.022878633512984
0.023067517138711
0.023270624766935
0.023479368052305
0.023684445688334
0.023876120739074
0.024044512506168
0.024179893180895
0.024272979513599
0.024315210063317
0.024298999257432
0.024217960469993
0.024067091580228
0.023842917949392
0.023543589393089
0.023168929458098
0.022720437062436
0.022201242248555
0.021616019358423
0.020970862298722
0.020273127668181
0.019531252324925
0.018754552453816
0.017953011344373
0.017137062919457
0.016317377591077
0.015504656305389
0.014709437728807
0.013941922483987
0.013211817234701
0.012528200307950
0.011899409490720
0.011332951699518
0.010835433433833
0.010412510317066
0.010068853613704
0.009808131389157
0.009633001936511
0.009545117209973
0.009545134248673
0.009632732912897
0.009806638653022
0.010064649455881
0.010403666534244
0.010819728717769
0.011308050849057
0.011863066773106
0.012478477724250
0.013147307057386
0.013861962338493
0.014614305802982
0.015395734109476
0.016197268161046
0.017009653534756
0.017823471752841
0.018629262244450
0.019417654387720
0.020179508493329
0.020906064003440
0.021589092551340
0.022221052881624
0.022795244000460
0.023305952348840
0.023748588312119
0.024119807042339
0.024417608420463
0.024641411063590
0.024792095618671
0.024872013197812
0.024884955703929
0.024836085954471
0.024731826901222
0.024579710813605
0.024388190972344
0.024166420127661
0.023924001620375
0.023670720551409
0.023416263624420
0.023169937195913
0.022940393581085
0.022735375735531
0.022561490040817
0.022424016069542
0.022326760923388
0.022271964080808
0.022260256736525
0.022290677456618
0.022360743715598
0.022466576635217
0.022603074116007
0.022764125641043
0.022942860422027
0.023131919317507
0.023323740127411
0.023510845480356
0.023686122581336
0.023843084558024
0.023976103996954
0.024080610445505
0.024153245111441
0.024191967652737
0.024196111749149
0.024166388017455
0.024104834712624
0.024014718490809
0.023900389246514
0.023767094630471
0.023620761266990
0.023467750883604
0.023314600508795
0.023167756555070
0.023033312956538
0.022916763548012
0.022822778536849
0.022755014217047
0.022715964005246
0.022706857451202
0.022727612117590
0.022776841180332
0.022851917334579
0.022949091185516
0.023063659856394
0.023190179171392
0.023322710588454
0.023455092189374
0.023581221596814
0.023695337782237
0.023792288434103
0.023867769921957
0.023918527933813
0.023942508557530
0.023938951857511
0.023908422763860
0.023852777205640
0.023775064720160
0.023679372075368
0.023570615565184
0.023454292395801
0.023336203809489
0.023222164154635
0.023117710907357
0.023027830626962
0.022956714979274
0.022907559333199
0.022882414118558
0.022882096260941
0.022906164748921
0.022952960929569
0.023019710669565
0.023102682258416
0.023197391050019
0.023298839495643
0.023401779537217
0.023500983384584
0.023591508529089
0.023668943437433
0.023729621669622
0.023770794080186
0.023790751168592
0.023788890396668
0.023765726229071
0.023722843616007
0.023662798470880
0.023588971259586
0.023505381994832
0.023416476626434
0.023326895974771
0.023241238937094
0.023163831702084
0.023098514160644
0.023048453647315
0.023015994653117
0.023002551297843
0.023008547228992
0.023033405322843
0.023075587200208
0.023132680233977
0.023201527513003
0.023278394226462
0.023359162226048
0.023439543181659
0.023515299829017
0.023582464360380
0.023637543061236
0.023677696857426
0.023700888498883
0.023705988636580
0.023692834994269
0.023662241119174
0.023615953718231
0.023556560232397
0.023487350940761
0.023412142380323
0.023335071076946
0.023260368375549
0.023192128416035
0.023134081932191
0.023089388491718
0.023060459021680
0.023048818991609
0.023055020515898
0.023078608989573
0.023118146826150
0.023171293593249
0.023234938531955
0.023305378300500
0.023378529999417
0.023450167295308
0.023516165916315
0.023572744056835
0.023616683365666
0.023645517209732
0.023657674757465
0.023652572009309
0.023630644065986
0.023593316476123
0.023542917223315
0.023482534564526
0.023415829284081
0.023346812764549
0.023279604413130
0.023218183279560
0.023166149072273
0.023126507196920
0.023101490940155
0.023092431596531
0.023099684335411
0.023122614119718
0.023159642241886
0.023208350273555
0.023265634673876
0.023327902191320
0.023391293720376
0.023451922590099
0.023506112467344
0.023550620196807
0.023582829956321
0.023600907004269
0.023603901909177
