0.130493328762037
0.133273753193693
0.136120467787141
0.139028528709156
0.141992662491249
0.145007283041015
0.148066516785377
0.151164235616734
0.154294097075009
0.157449590956214
0.160624091302194
0.163810912508423
0.167003368099731
0.170194830579669
0.173378790668623
0.176548914217071
0.179699095119026
0.182823502658121
0.185916621892938
0.188973285922741
0.191988699159893
0.194958451058265
0.197878520092726
0.200745268137159
0.203555425731170
0.206306069042971
0.208994589614554
0.211618658203963
0.214176184210522
0.216665272277769
0.219084177714880
0.221431262362523
0.223704952458636
0.225903699940597
0.228025948461230
0.230070105206165
0.232034519388590
0.233917468072571
0.235717149745817
0.237431685832715
0.239059130114040
0.240597485804236
0.242044729833625
0.243398843693259
0.244657850026496
0.245819853995788
0.246883088317841
0.247845960748600
0.248707102714387
0.249465417731082
0.250120128232934
0.250670819449983
0.251117479030365
0.251460531202179
0.251700864408410
0.251839851524801
0.251879361979759
0.251821765330338
0.251669926100203
0.251427189944118
0.251097361457966
0.250684674192599
0.250193753643631
0.249629574168911
0.248997410923775
0.248302787997193
0.247551423977961
0.246749176180140
0.245901984715047
0.245015817518943
0.244096617338602
0.243150251549470
0.242182465541678
0.241198840265337
0.240204754385271
0.239205351361526
0.238205511648955
0.237209830098286
0.236222598542101
0.235247793460456
0.234289068540267
0.233349751867371
0.232432847418375
0.231541040449583
0.230676706312534
0.229841922161384
0.229038480959174
0.228267907142410
0.227531473270437
0.226830216973662
0.226164957526628
0.225536311412289
0.224944706314199
0.224390393073430
0.223873455274362
0.223393816272748
0.222951243643526
0.222545351195530
0.222175598865540
0.221841290954265
0.221541573292228
0.221275430015259
0.221041680681178
0.220838978467330
0.220665810152381
0.220520498507497
0.220401207607080
0.220305951425456
0.220232605922885
0.220178924652550
0.220142557750583
0.220121074013377
0.220111985629130
0.220112775019630
0.220120923167772
0.220133938757129
0.220149387430811
0.220164920484510
0.220178302337983
0.220187436174763
0.220190387195732
0.220185402993216
0.220170930614614
0.220145629945731
0.220108383103562
0.220058299586967
0.219994716994358
0.219917197182844
0.219825517817335
0.219719659343329
0.219599787515787
0.219466231728647
0.219319459513328
0.219160047706067
0.218988650917105
0.218805968061747
0.218612707825638
0.218409554024910
0.218197131878078
0.217975976223442
0.217746502688820
0.217508982747826
0.217263523479975
0.217010052695535
0.216748309897745
0.216477843345314
0.216198013258792
0.215908000998171
0.215606823838378
0.215293354795048
0.214966346813911
0.214624460538956
0.214266294819579
0.213890419103972
0.213495406890640
0.213079869464921
0.212642489223696
0.212182051979278
0.211697477722658
0.211187849408572
0.210652439393314
0.210090733207224
0.209502450376020
0.208887562021214
0.208246304973967
0.207579192136179
0.206887018824927
0.206170864850161
0.205432092107479
0.204672337524037
0.203893501278364
0.203097730324362
0.202287397382302
0.201465075708894
0.200633510115329
0.199795584855841
0.198954289148265
0.198112681201218
0.197273851699908
0.196440887737242
0.195616838164259
0.194804681273660
0.194007295625117
0.193227434677653
0.192467705721860
0.191730553414143
0.191018248018826
0.190332878273627
0.189676348620656
0.189050380397565
0.188456516467917
0.187896128689464
0.187370427574158
0.186880473481822
0.186427188705903
0.186011369848647
0.185633699937860
0.185294759801768
0.184995038287175
0.184734940975256
0.184514797117000
0.184334864576206
0.184195332633425
0.184096322571517
0.184037886035318
0.184020001236422
0.184042567160489
0.184105396028394
0.184208204361312
0.184350603099007
0.184532087313753
0.184752026141528
0.185009653609101
0.185304061062126
0.185634191888622
0.185998839179435
0.186396646870929
0.186826114776863
0.187285607741815
0.187773368946365
0.188287537176614
0.188826167651310
0.189387255793840
0.189968763157991
0.190568644578953
0.191184875534305
0.191815478670400
0.192458548479756
0.193112273202389
0.193774953161815
0.194445014924560
0.195121020877207
0.195801674032907
0.196485818094965
0.197172433004951
0.197860626375251
0.198549621342634
0.199238741475632
0.199927393423253
0.200615048008565
0.201301220453531
0.201985450378958
0.202667282164444
0.203346246186363
0.204021841385309
0.204693519553540
0.205360671681530
0.206022616661343
0.206678592611319
0.207327751057704
0.207969154178987
0.208601775281833
0.209224502628532
0.209836146670534
0.210435450659180
0.211021104503698
0.211591761631525
0.212146058482853
0.212682636148289
0.213200163545028
0.213697361432662
0.214173026504155
0.214626054757581
0.215055463365272
0.215460410310639
0.215840211157269
0.216194352445172
0.216522501366679
0.216824511549326
0.217100424953062
0.217350470061957
0.217575056705071
0.217774767967233
0.217950349741173
0.218102698523698
0.218232848069510
0.218341955489467
0.218431287320704
0.218502206011574
0.218556157163483
0.218594657763448
0.218619285534250
0.218631669430694
0.218633481226163
0.218626428066934
0.218612245823568
0.218592693038564
0.218569545254944
0.218544589508391
0.218519618772297
0.218496426157617
0.218476798685026
0.218462510464652
0.218455315138358
0.218456937462721
0.218469063939321
0.218493332435561
0.218531320785957
0.218584534422403
0.218654393152277
0.218742217283715
0.218849213384417
0.218976460048092
0.219124894124223
0.219295297933823
0.219488288037855
0.219704306138242
0.219943612667550
0.220206283558755
0.220492210579968
0.220801105473600
0.221132507961078
0.221485797472796
0.221860208250516
0.222254847260395
0.222668714163941
0.223100722436124
0.223549720607486
0.224014512550258
0.224493875733705
0.224986576443074
0.225491381087088
0.226007062903807
0.226532403603123
0.227066189741993
0.227607203900023
0.228154210991371
0.228705940298331
0.229261064028061
0.229818173365178
0.230375753111977
0.230932156070254
0.231485578324954
0.232034036543260
0.232575348310607
0.233107116396225
0.233626717685515
0.234131297345470
0.234617768612091
0.235082818413596
0.235522918876596
0.235934344607965
0.236313195504868
0.236655424718934
0.236956871286367
0.237213296831586
0.237420425655663
0.237573987430837
0.237669761638806
0.237703622814884
0.237671585596066
0.237569848523516
0.237394835525605
0.237143234012817
0.236812028557578
0.236398529215195
0.235900393669985
0.235315642563581
0.234642667577018
0.233880232088071
0.233027464500029
0.232083844624494
0.231049183783853
0.229923599561826
0.228707486357277
0.227401483072072
0.226006439376338
0.224523382035726
0.222953482751535
0.221298028857173
0.219558398039718
0.217736038024421
0.215832451887295
0.213849189364172
0.211787844222179
0.209650057470004
0.207437525923562
0.205152015427280
0.202795377868657
0.200369571019978
0.197876680197047
0.195318940736476
0.192698760352596
0.190018740531587
0.187281696241370
0.184490673368010
0.181648963420672
0.178760115167274
0.175827942964591
0.172856531625849
0.169850237725566
0.166813687278837
0.163751769756237
0.160669628414026
0.157572646940842
0.154466432454747
0.151356794934713
0.148249723242517
0.145151357984924
0.142067961579312
0.139005886011807
