0.007367816027705
0.007353202492407
0.007341320354514
0.007332350272832
0.007326301151441
0.007323021297282
0.007322219065370
0.007323491428467
0.007326358445203
0.007330301273753
0.007334801205148
0.007339377178592
0.007343619388120
0.007347216882947
0.007349977481474
0.007351838832702
0.007352870034986
0.007353263824035
0.007353319932871
0.007353420770515
0.007354001032080
0.007355513214721
0.007358391252277
0.007363014585308
0.007369674949077
0.007378547994673
0.007389671569929
0.007402932095440
0.007418060000598
0.007434634662220
0.007452098743636
0.007469781294841
0.007486928473348
0.007502740307249
0.007516411569324
0.007527174582007
0.007534341640246
0.007537344729443
0.007535770329411
0.007529387326962
0.007518166398010
0.007502289648277
0.007482149798466
0.007458338740331
0.007431625847016
0.007402926965635
0.007373265523918
0.007343727618682
0.007315413297773
0.007289386479071
0.007266626055487
0.007247980705478
0.007234129763241
0.007225552207673
0.007222505417829
0.007225014835489
0.007232875098799
0.007245662595820
0.007262758767350
0.007283382899593
0.007306632623602
0.007331529910972
0.007357070050403
0.007382270926727
0.007406219914347
0.007428115842672
0.007447303785111
0.007463300848930
0.007475811676160
0.007484732974172
0.007490147041962
0.007492304905350
0.007491600281770
0.007488536126014
0.007483685929843
0.007477652235271
0.007471024956611
0.007464342082646
0.007458055150226
0.007452501556654
0.007447885331868
0.007444267451419
0.007441566172034
0.007439567250601
0.007437943302967
0.007436281007586
0.007434114393136
0.007430962095349
0.007426366245308
0.007419930569951
0.007411355347096
0.007400467055045
0.007387240875889
0.007371814630704
0.007354493217371
0.007335743158236
0.007316177414338
0.007296531155175
0.007277629659948
0.007260349943704
0.007245578030235
0.007234164019270
0.007226877210238
0.007224363546678
0.007227107537493
0.007235400602113
0.007249317488496
0.007268702041647
0.007293163173864
0.007322081425784
0.007354626029639
0.007389781912893
0.007426385630935
0.007463168809786
0.007498807329965
0.007531974205075
0.007561393914739
0.007585895850168
0.007604464527439
0.007616284320589
0.007620776662443
0.007617627950023
0.007606806764017
0.007588569454582
0.007563453641611
0.007532259706040
0.007496020886936
0.007455963122339
0.007413456255128
0.007369958644157
0.007326957553303
0.007285907918117
0.007248172197290
0.007214963995694
0.007187297995425
0.007165948455955
0.007151418155976
0.007143919166061
0.007143366286583
0.007149383387530
0.007161322276685
0.007178293131864
0.007199204992288
0.007222814341743
0.007247779455577
0.007272717942457
0.007296264801206
0.007317128336352
0.007334141429353
0.007346305934777
0.007352828344732
0.007353145318359
0.007346938180475
0.007334136026935
0.007314907606298
0.007289642651764
0.007258923790842
0.007223490543560
0.007184197218985
0.007141966725199
0.007097742416017
0.007052440109837
0.007006902337835
0.006961856719574
0.006917880136071
0.006875370087252
0.006834524297244
0.006795329281624
0.006757558229816
0.006720778196038
0.006684366245257
0.006647533876484
0.006609358753156
0.006568822516464
0.006524853248472
0.006476370992719
0.006422334634807
0.006361788397271
0.006293906213952
0.006218032319820
0.006133716522029
0.006040742804431
0.005939150156171
0.005829244798637
0.005711603304691
0.005587066448529
0.005456723980419
0.005321890873248
0.005184075921816
0.005044943875697
0.004906272537717
0.004769906450021
0.004637708908380
0.004511514086332
0.004393081011547
0.004284051019317
0.004185910118484
0.004099957453722
0.004027280748586
0.003968739282359
0.003924954608564
0.003896308882271
0.003882950344754
0.003884805233519
0.003901595156166
0.003932858797657
0.003977976727699
0.004036198039665
0.004106667581966
0.004188452630850
0.004280567991017
0.004381998685786
0.004491719599312
0.004608711646594
0.004731974260560
0.004860534188426
0.004993450772714
0.005129818049195
0.005268764120043
0.005409448353643
0.005551057022763
0.005692798021581
0.005833895302180
0.005973583645870
0.006111104337590
0.006245702246111
0.006376624731853
0.006503122710374
0.006624454095098
0.006739889729680
0.006848721800273
0.006950274593270
0.007043917337476
0.007129078744789
0.007205262744663
0.007272064800210
0.007329188103667
0.007376458882251
0.007413840008324
0.007441442105534
0.007459531379397
0.007468533478884
0.007469032815074
0.007461766921292
0.007447615631230
0.007427585069523
0.007402786683212
0.007374411780543
0.007343702273013
0.007311918524350
0.007280305383897
0.007250057610897
0.007222285971942
0.007197985310717
0.007178005845103
0.007163028842863
0.007153547668372
0.007149854987056
0.007152036671810
0.007159972688914
0.007173344963317
0.007191651947932
0.007214229361635
0.007240276327372
0.007268885944485
0.007299079175017
0.007329840816758
0.007360156277938
0.007389047859193
0.007415609285167
0.007439037306692
0.007458659309753
0.007473956013567
0.007484578511074
0.007490359095212
0.007491315517945
0.007487648541128
0.007479732854150
0.007468101648399
0.007453425348408
0.007436485199364
0.007418142595427
0.007399305197414
0.007380891025970
0.007363791821079
0.007348837024481
0.007336759762573
0.007328166178791
0.007323509383150
0.007323069151242
0.007326938316842
0.007335016565453
0.007347012057637
0.007362451000741
0.007380694958156
0.007400965351002
0.007422374283980
0.007443960531232
0.007464729265095
0.007483693914657
0.007499918413583
0.007512558046024
0.007520897129822
0.007524381887801
0.007522647046319
0.007515534957033
0.007503106351011
0.007485642188836
0.007463636449294
0.007437780084562
0.007408936743595
0.007378111210725
0.007346411808222
0.007315008257443
0.007285086673790
0.007257803480211
0.007234240059850
0.007215359931584
0.007201970126320
0.007194688273219
0.007193916681904
0.007199824438626
0.007212338232041
0.007231142298701
0.007255687540673
0.007285209529035
0.007318754777873
0.007355214364198
0.007393363689614
0.007431906938736
0.007469524595796
0.007504922242243
0.007536878780938
0.007564292222053
0.007586221225340
0.007601920724408
0.007610870159616
0.007612793113090
0.007607667464665
0.007595725560840
0.007577444296218
0.007553525432121
0.007524866901434
0.007492526252358
0.007457677746458
0.007421564928832
0.007385450712963
0.007350567155964
0.007318067131462
0.007288980032769
0.007264173459120
0.007244322559607
0.007229888345479
0.007221105849526
0.007217982533313
0.007220306843903
0.007227666328144
0.007239474250855
0.007255003258278
0.007273424301548
0.007293848803853
0.007315371931051
0.007337114814251
0.007358263673362
0.007378103995521
0.007396048218870
0.007411655742472
0.007424644505919
0.007434893833720
0.007442438695357
0.007447455968046
0.007450243683763
0.007451194576033
0.007450765500280
0.007449444473687
0.007447717160796
0.007446034618504
0.007444784012311
0.007444263832299
0.007444664883353
0.007446058013428
0.007448389191725
0.007451482172386
0.007455048595761
0.007458705005571
0.007461995912324
0.007464421726093
0.007465470128251
0.007464649263060
0.007461521014734
0.007455732599741
0.007447044750743
0.007435354897613
0.007420713959063
0.007403335638756
0.007383597462200
0.007362033181715
0.007339316599913
0.007316237298458
0.007293669187615
0.007272533191555
