0.005670680877987
0.005658430160594
0.005644075224074
0.005628454283587
0.005612563980479
0.005597506860605
0.005584431620852
0.005574469303478
0.005568668872286
0.005567935679945
0.005572976225770
0.005584252311127
0.005601947237688
0.005625946083593
0.005655831363902
0.005690894571292
0.005730163242691
0.005772442352756
0.005816368041838
0.005860470988754
0.005903246177761
0.005943225418110
0.005979048778569
0.006009531112780
0.006033720077132
0.006050942471664
0.006060836345165
0.006063367065900
0.006058826427603
0.006047814788220
0.006031207173386
0.006010105164187
0.005985777177692
0.005959590393013
0.005932938037346
0.005907165998528
0.005883502758361
0.005862996443100
0.005846462376127
0.005834443917843
0.005827188625031
0.005824640900992
0.005826451389222
0.005832002440451
0.005840448108239
0.005850766350834
0.005861820478902
0.005872426423095
0.005881422124734
0.005887735287596
0.005890445867634
0.005888840007596
0.005882452621780
0.005871096471343
0.005854876304727
0.005834187429623
0.005809698889590
0.005782322198491
0.005753167300824
0.005723488042803
0.005694619930678
0.005667913299968
0.005644665210296
0.005626053411310
0.005613075599237
0.005606496910909
0.005606808198380
0.005614197113125
0.005628533428410
0.005649369368575
0.005675955023065
0.005707268230087
0.005742057648532
0.005778897124837
0.005816248929548
0.005852533009304
0.005886199093339
0.005915798324468
0.005940051062881
0.005957907641503
0.005968599132054
0.005971675602973
0.005967029898675
0.005954905622590
0.005935888736203
0.005910882960373
0.005881069946933
0.005847855939715
0.005812807326088
0.005777578056469
0.005743832347664
0.005713166360415
0.005687032634019
0.005666670962759
0.005653049111809
0.005646816306424
0.005648271809848
0.005657350163895
0.005673623840168
0.005696323183313
0.005724372666914
0.005756441673814
0.005791007299052
0.005826426092756
0.005861011242016
0.005893111455214
0.005921187769007
0.005943884645839
0.005960092056439
0.005968995725659
0.005970113331692
0.005963315152749
0.005948828412709
0.005927225348131
0.005899395764618
0.005866505535679
0.005829943092068
0.005791256430574
0.005752083522418
0.005714079214156
0.005678841786883
0.005647842277899
0.005622359483382
0.005603423266075
0.005591768406389
0.005587800778391
0.005591577124091
0.005602799160303
0.005620822201165
0.005644677933966
0.005673110462415
0.005704624244787
0.005737542117741
0.005770071222361
0.005800374347847
0.005826643990228
0.005847176296649
0.005860442036899
0.005865151817178
0.005860312928182
0.005845275498665
0.005819766000750
0.005783906614434
0.005738219491287
0.005683615542395
0.005621367990394
0.005553071544295
0.005480588651135
0.005405984822504
0.005331455499976
0.005259247287667
0.005191576623373
0.005130549068435
0.005078082364242
0.005035836230943
0.005005151580146
0.004987001393745
0.004981955007671
0.004990156959123
0.005011320938831
0.005044738767674
0.005089303720057
0.005143546973256
0.005205685496122
0.005273679320712
0.005345295878349
0.005418178932573
0.005489919603979
0.005558127048487
0.005620496508803
0.005674872692396
0.005719306719966
0.005752105216868
0.005771870467982
0.005777530907277
0.005768361553191
0.005743994319020
0.005704418416777
0.005649971329150
0.005581321045989
0.005499440449622
0.005405574888964
0.005301204107856
0.005187999789918
0.005067780051242
0.004942462252900
0.004814015515991
0.004684414300191
0.004555594349618
0.004429412214602
0.004307609423088
0.004191782201028
0.004083357429648
0.003983575284317
0.003893478732906
0.003813909791896
0.003745512159160
0.003688739577736
0.003643869049947
0.003611017830127
0.003590162989194
0.003581162274886
0.003583774992874
0.003597681707450
0.003622501702116
0.003657807341875
0.003703134727911
0.003757990315711
0.003821853461813
0.003894175153256
0.003974373439482
0.004061826312261
0.004155862952067
0.004255754369661
0.004360704514556
0.004469842897394
0.004582219685205
0.004696804085387
0.004812486647267
0.004928085892809
0.005042359454603
0.005154019663926
0.005261753307141
0.005364245065859
0.005460203983088
0.005548392159280
0.005627654781020
0.005696950520731
0.005755381315926
0.005802220537496
0.005836938584100
0.005859224989693
0.005869006200260
0.005866458261547
0.005852013761066
0.005826362485064
0.005790445385585
0.005745441605840
0.005692748484867
0.005633954655475
0.005570806561130
0.005505168944598
0.005438980097702
0.005374202899229
0.005312772896107
0.005256544889042
0.005207239654436
0.005166392556163
0.005135305861348
0.005115006563432
0.005106211426638
0.005109300795524
0.005124302463388
0.005150886570429
0.005188372118120
0.005235745255889
0.005291689038834
0.005354623892416
0.005422757574107
0.005494143015157
0.005566742078286
0.005638492996782
0.005707379080777
0.005771496196153
0.005829116544424
0.005878746396544
0.005919175653526
0.005949517411332
0.005969236082376
0.005978163054346
0.005976499330372
0.005964805073873
0.005943976458065
0.005915210676618
0.005879960392604
0.005839879274212
0.005796760576531
0.005752470970416
0.005708881985739
0.005667801523164
0.005630907893921
0.005599688770954
0.005575387278772
0.005558957217138
0.005551029110448
0.005551888407798
0.005561466737466
0.005579346655512
0.005604779835007
0.005636718135985
0.005673856494181
0.005714686088110
0.005757555808878
0.005800739685137
0.005842507625391
0.005881196648100
0.005915279689893
0.005943429122729
0.005964572275753
0.005977936544998
0.005983082075580
0.005979920502560
0.005968718817985
0.005950088068028
0.005924957246925
0.005894533412609
0.005860249671035
0.005823703231595
0.005786586197015
0.005750612094306
0.005717441361027
0.005688609062252
0.005665458024574
0.005649080338012
0.005640269805896
0.005639487434375
0.005646841470435
0.005662082847850
0.005684616214784
0.005713526026509
0.005747616523389
0.005785463807392
0.005825477706470
0.005865970697354
0.005905230860781
0.005941595680329
0.005973523472480
0.005999659350773
0.006018892874775
0.006030404903689
0.006033701648421
0.006028634474708
0.006015404629971
0.005994552722205
0.005966933443202
0.005933676673205
0.005896136702586
0.005855831832680
0.005814377049560
0.005773412781415
0.005734532937027
0.005699215469276
0.005668758608995
0.005644225672444
0.005626400968247
0.005615758831096
0.005612447210488
0.005616286568968
0.005626784126159
0.005643162755704
0.005664403137112
0.005689297118502
0.005716509692229
0.005744646552800
0.005772323919164
0.005798237178319
0.005821224953144
0.005840325414568
0.005854822037621
0.005864276525032
0.005868547265066
0.005867792420008
0.005862457520700
0.005853248230558
0.005841089698432
0.005827074603933
0.005812402575615
0.005798314101374
0.005786022328953
0.005776646258103
0.005771148749957
0.005770282528028
0.005774546932762
0.005784157639761
0.005799030889824
0.005818783041271
0.005842745479666
0.005869994146440
0.005899392214969
0.005929643786728
0.005959355933234
0.005987105997890
0.006011510814888
0.006031294411479
0.006045350838683
0.006052799019066
0.006053026896037
0.006045722697434
0.006030891761300
0.006008858082753
0.005980250493563
0.005945974144227
0.005907168685306
0.005865155205271
0.005821374543693
0.005777320033167
0.005734468008598
0.005694209542923
0.005657786816194
0.005626237300909
0.005600348559412
