0.005878960462588
0.005862867375162
0.005850448498007
0.005842148240437
0.005838188082221
0.005838558022875
0.005843019259462
0.005851117866842
0.005862208722089
0.005875488428243
0.005890035575178
0.005904856346402
0.005918933254173
0.005931274669723
0.005940962813320
0.005947197976900
0.005949336961771
0.005946924012181
0.005939712895778
0.005927679204692
0.005911022405499
0.005890157631282
0.005865697663833
0.005838425979545
0.005809262111651
0.005779220899988
0.005749367446170
0.005720769758982
0.005694451157560
0.005671344496962
0.005652250194071
0.005637799865914
0.005628427154733
0.005624347014071
0.005625544379244
0.005631772757035
0.005642562857876
0.005657240974498
0.005674956400132
0.005694716792834
0.005715430046008
0.005735950933405
0.005755130572743
0.005771866606633
0.005785151940654
0.005794119911172
0.005798083880827
0.005796569474590
0.005789337966874
0.005776399699219
0.005758016833584
0.005734695210331
0.005707165561850
0.005676354810476
0.005643348630362
0.005609346855464
0.005575613649898
0.005543424605762
0.005514013084102
0.005488518158946
0.005467936459326
0.005453080032527
0.005444542081532
0.005442672073760
0.005447561294031
0.005459039442991
0.005476682385882
0.005499830659434
0.005527617870474
0.005559007690580
0.005592837786152
0.005627868738475
0.005662835815031
0.005696501358347
0.005727705563653
0.005755413518752
0.005778756571213
0.005797066358205
0.005809900168661
0.005817056689541
0.005818581600049
0.005814762901584
0.005806116289326
0.005793361267139
0.005777389066213
0.005759223737065
0.005739978034150
0.005720805895182
0.005702853428621
0.005687210360779
0.005674863859164
0.005666656543756
0.005663250327936
0.005665097502416
0.005672420197132
0.005685199037419
0.005703171462765
0.005725839810791
0.005752488898393
0.005782212468845
0.005813947531161
0.005846515308466
0.005878667247476
0.005909134331902
0.005936677797721
0.005960139274594
0.005978488379680
0.005990865869241
0.005996620608187
0.005995338843479
0.005986864556200
0.005971310008402
0.005949055981331
0.005920741605961
0.005887244098276
0.005849649113284
0.005809212806139
0.005767317020171
0.005725419295777
0.005684999599549
0.005647505801071
0.005614299970640
0.005586607533393
0.005565471196526
0.005551711372452
0.005545894561113
0.005548310841101
0.005558961265712
0.005577555581621
0.005603520300401
0.005636016771950
0.005673968548795
0.005716097004240
0.005760963886621
0.005807019265301
0.005852653157967
0.005896249026795
0.005936237294648
0.005971147060222
0.005999654280010
0.006020624829679
0.006033151051669
0.006036580631431
0.006030536913229
0.006014930058538
0.005989958756173
0.005956102503868
0.005914104786452
0.005864947767076
0.005809819376401
0.005750073922310
0.005687187542697
0.005622709979956
0.005558214263456
0.005495245942027
0.005435273510551
0.005379641623166
0.005329528581819
0.005285909436634
0.005249525838798
0.005220863554333
0.005200138286348
0.005187290173493
0.005181987043393
0.005183636212244
0.005191404345784
0.005204244642279
0.005220930373775
0.005240093635107
0.005260268006782
0.005279933741801
0.005297564039694
0.005311670973296
0.005320849683288
0.005323819548277
0.005319461169246
0.005306848170062
0.005285273003392
0.005254266156331
0.005213608364664
0.005163335661871
0.005103737301690
0.005035346795553
0.004958926493049
0.004875446300625
0.004786057277593
0.004692060966639
0.004594875406846
0.004495998839632
0.004396972151757
0.004299341104750
0.004204619377586
0.004114253400210
0.004029589881411
0.003951846837471
0.003882088810784
0.003821206833244
0.003769903541341
0.003728683692711
0.003697850171916
0.003677505411391
0.003667557996769
0.003667734079354
0.003677593087000
0.003696547112555
0.003723883269954
0.003758788244711
0.003800374229791
0.003847705430104
0.003899824338534
0.003955777031677
0.004014636801459
0.004075525525723
0.004137632282359
0.004200228822806
0.004262681636855
0.004324460457061
0.004385143163321
0.004444417152950
0.004502077335840
0.004558020996400
0.004612239832652
0.004664809538039
0.004715877333508
0.004765647887222
0.004814368077935
0.004862311066965
0.004909760143965
0.004956992804162
0.005004265500084
0.005051799489159
0.005099768169869
0.005148286263007
0.005197401150626
0.005247086633045
0.005297239303825
0.005347677674128
0.005398144102357
0.005448309503880
0.005497780731207
0.005546110429950
0.005592809093542
0.005637358963522
0.005679229355794
0.005717892939970
0.005752842461626
0.005783607378165
0.005809769879219
0.005830979782380
0.005846967833601
0.005857556996962
0.005862671387791
0.005862342582769
0.005856713126728
0.005846037144011
0.005830678048712
0.005811103429005
0.005787877253432
0.005761649609221
0.005733144233428
0.005703144136782
0.005672475648264
0.005641991227090
0.005612551399814
0.005585006185776
0.005560176376141
0.005538835031948
0.005521689566054
0.005509364772968
0.005502387168903
0.005501171000894
0.005506006276492
0.005517049152358
0.005534314998379
0.005557674421532
0.005586852488639
0.005621431328271
0.005660856219065
0.005704445185579
0.005751402025487
0.005800832586691
0.005851764003906
0.005903166496416
0.005953977227335
0.006003125635282
0.006049559576868
0.006092271567286
0.006130324379793
0.006162875265082
0.006189198079051
0.006208702661325
0.006220950884838
0.006225668895228
0.006222755173224
0.006212284178418
0.006194505463422
0.006169838277995
0.006138861808448
0.006102301314271
0.006061010528238
0.006015950776013
0.005968167345257
0.005918763692269
0.005868874116638
0.005819635562451
0.005772159219445
0.005727502600512
0.005686642764267
0.005650451333474
0.005619671932421
0.005594900628190
0.005576569911611
0.005564936692274
0.005560074707300
0.005561871654618
0.005570031258031
0.005584080353642
0.005603380956808
0.005627147128134
0.005654466310013
0.005684324656515
0.005715635735035
0.005747271844275
0.005778097076629
0.005807001160281
0.005832933053351
0.005854933233781
0.005872163638016
0.005883934250223
0.005889725431642
0.005889205204301
0.005882240860435
0.005868904452616
0.005849471922459
0.005824415839469
0.005794391937335
0.005760219844008
0.005722858595872
0.005683377697890
0.005642924634716
0.005602689847892
0.005563870268459
0.005527632531457
0.005495076999258
0.005467203686171
0.005444881110237
0.005428819003242
0.005419545690936
0.005417390816748
0.005422473928287
0.005434699280840
0.005453757039936
0.005479130889363
0.005510111875179
0.005545818143459
0.005585220062835
0.005627170065528
0.005670436395996
0.005713739828052
0.005755792303391
0.005795336360837
0.005831184170400
0.005862254963325
0.005887609661941
0.005906481563903
0.005918302025655
0.005922720219493
0.005919616205821
0.005909106763216
0.005891543648560
0.005867504210171
0.005837774540112
0.005803325617344
0.005765283150708
0.005724892068672
0.005683476811004
0.005642398746339
0.005603012160967
0.005566620331975
0.005534433208423
0.005507528176312
0.005486815278319
0.005473008101611
0.005466601343054
0.005467855819275
0.005476791419272
0.005493188210766
0.005516595619595
0.005546349315795
0.005581595171084
0.005621319410308
0.005664383871922
0.005709565126650
0.005755596083561
0.005801208641892
0.005845175925967
0.005886352668814
0.005923712385331
0.005956380094572
0.005983659508302
0.006005053793933
