0.005789660085137
0.005802364892869
0.005818105962311
0.005836106530305
0.005855458827435
0.005875164421867
0.005894178921100
0.005911459014417
0.005926009739889
0.005936929858086
0.005943453308962
0.005944984912912
0.005941128742028
0.005931707919810
0.005916774991118
0.005896612421036
0.005871723212819
0.005842812062064
0.005810757868466
0.005776578791135
0.005741391343670
0.005706365268999
0.005672676102263
0.005641457417011
0.005613754753268
0.005590483146600
0.005572390019417
0.005560024966503
0.005553717676139
0.005553564888211
0.005559426915340
0.005570933857449
0.005587501240221
0.005608354419619
0.005632560733620
0.005659068063097
0.005686748199464
0.005714443218010
0.005741012931358
0.005765381452446
0.005786580933223
0.005803790662704
0.005816369901669
0.005823883093412
0.005826116409738
0.005823084955663
0.005815030349533
0.005802408800853
0.005785870208584
0.005766229180750
0.005744429215543
0.005721501570011
0.005698520562628
0.005676557201102
0.005656633090854
0.005639676560148
0.005626482836521
0.005617679930753
0.005613701637693
0.005614768758957
0.005620879304629
0.005631808054781
0.005647115473172
0.005666165581316
0.005688152037006
0.005712131331994
0.005737061741689
0.005761846435897
0.005785379001716
0.005806589542768
0.005824489505090
0.005838213438493
0.005847056029596
0.005850502933108
0.005848254173169
0.005840239176932
0.005826622826675
0.005807802262572
0.005784394522866
0.005757215458911
0.005727250696515
0.005695619720343
0.005663534423794
0.005632253682886
0.005603035671400
0.005577089729472
0.005555529625056
0.005539330005546
0.005529287726106
0.005525989565263
0.005529787603036
0.005540783250470
0.005558820592495
0.005583489350767
0.005614137403319
0.005649892428127
0.005689691882827
0.005732320207545
0.005776451855412
0.005820698527919
0.005863658829196
0.005903968461683
0.005940349069089
0.005971653891657
0.005996908530566
0.006015345316888
0.006026430036776
0.006029880067197
0.006025673312213
0.006014047684119
0.005995491231795
0.005970723365784
0.005940667952146
0.005906419333125
0.005869202571844
0.005830329403288
0.005791151499503
0.005753012721181
0.005717202030687
0.005684908685935
0.005657181224848
0.005634891592833
0.005618705568219
0.005609060411256
0.005606150409668
0.005609920726594
0.005620069683542
0.005636059339589
0.005657133966047
0.005682345769885
0.005710586995458
0.005740627338115
0.005771155439741
0.005800823109597
0.005828290827273
0.005852273041224
0.005871581777905
0.005885167124115
0.005892153238508
0.005891868685854
0.005883870066550
0.005867958129576
0.005844185803444
0.005812857849065
0.005774522121953
0.005729952718723
0.005680125563744
0.005626187255265
0.005569418225584
0.005511191467388
0.005452928229749
0.005396052186171
0.005341943619315
0.005291895151112
0.005247070473995
0.005208467412743
0.005176886473116
0.005152905821492
0.005136863398810
0.005128846613471
0.005128689792529
0.005135979309805
0.005150066063556
0.005170084754022
0.005194979219512
0.005223532933876
0.005254403651031
0.005286161104614
0.005317326631655
0.005346413585839
0.005371967434578
0.005392604490114
0.005407048303384
0.005414162845564
0.005412981711579
0.005402732698860
0.005382857240063
0.005353024298323
0.005313138466233
0.005263342144131
0.005204011808616
0.005135748517571
0.005059362932217
0.004975855268079
0.004886390712915
0.004792270967418
0.004694902670321
0.004595763559005
0.004496367285718
0.004398227853648
0.004302824652820
0.004211569060416
0.004125773522058
0.004046623950152
0.003975156164250
0.003912236960212
0.003858550234947
0.003814588418327
0.003780649281226
0.003756838006729
0.003743074238777
0.003739103666700
0.003744513571948
0.003758751660425
0.003781147433531
0.003810935315042
0.003847278748709
0.003889294510558
0.003936076536132
0.003986718640861
0.004040335605083
0.004096082197209
0.004153169812750
0.004210880507458
0.004268578295024
0.004325717660178
0.004381849304725
0.004436623196816
0.004489789033398
0.004541194254719
0.004590779770715
0.004638573575520
0.004684682441448
0.004729281900298
0.004772604739850
0.004814928267773
0.004856560623674
0.004897826451245
0.004939052274064
0.004980551947221
0.005022612579113
0.005065481329644
0.005109353489426
0.005154362226845
0.005200570354465
0.005247964413086
0.005296451301915
0.005345857599480
0.005395931625766
0.005446348196465
0.005496715920474
0.005546586797439
0.005595467788493
0.005642833964919
0.005688142789947
0.005730849060345
0.005770420027802
0.005806350234500
0.005838175630583
0.005865486590191
0.005887939503097
0.005905266686083
0.005917284427335
0.005923899043847
0.005925110892444
0.005921016326843
0.005911807634569
0.005897771018267
0.005879282706772
0.005856803294142
0.005830870412221
0.005802089847290
0.005771125216923
0.005738686332103
0.005705516384052
0.005672378116292
0.005640039170364
0.005609256827503
0.005580762406311
0.005555245615448
0.005533339196890
0.005515604225891
0.005502516454480
0.005494454093113
0.005491687417248
0.005494370560649
0.005502535814835
0.005516090694921
0.005534817958464
0.005558378678598
0.005586318379922
0.005618076149494
0.005652996540634
0.005690343998467
0.005729319457281
0.005769078694039
0.005808751972190
0.005847464476537
0.005884357023555
0.005918606531616
0.005949445750445
0.005976181776740
0.005998212920813
0.006015043534757
0.006026296463691
0.006031722836079
0.006031208965365
0.006024780192415
0.006012601555922
0.005994975236267
0.005972334777567
0.005945236153445
0.005914345804719
0.005880425842072
0.005844316673370
0.005806917382873
0.005769164256619
0.005732007912553
0.005696389552865
0.005663216906459
0.005633340468229
0.005607530665722
0.005586456590058
0.005570666914451
0.005560573589012
0.005556438844264
0.005558365958887
0.005566294151209
0.005579997842070
0.005599090412357
0.005623032446523
0.005651144318372
0.005682622842640
0.005716561590132
0.005751974350106
0.005787821125042
0.005823035963188
0.005856555875464
0.005887350047027
0.005914448540351
0.005936969695911
0.005954145467453
0.005965343979887
0.005970088667179
0.005968073433140
0.005959173377421
0.005943450740061
0.005921155838203
0.005892722895855
0.005858760799330
0.005820038944783
0.005777468477478
0.005732079352073
0.005684993766291
0.005637396633409
0.005590503858610
0.005545529266721
0.005503651090690
0.005465978968164
0.005433522404781
0.005407161645332
0.005387621846587
0.005375451368112
0.005371004891163
0.005374431942875
0.005385671247356
0.005404451151484
0.005430296187229
0.005462539640366
0.005500341804716
0.005542713418308
0.005588543610011
0.005636631538343
0.005685720783652
0.005734535464875
0.005781816995558
0.005826360372377
0.005867048903177
0.005902886329567
0.005933025379144
0.005956791891157
0.005973703793097
0.005983484359639
0.005986069354749
0.005981607837764
0.005970456599601
0.005953168381346
0.005930474209425
0.005903260355006
0.005872540585894
0.005839424522973
0.005805083036408
0.005770711715756
0.005737493519578
0.005706561751232
0.005678964515735
0.005655631786302
0.005637346147240
0.005624718182575
0.005618167348131
0.005617909001447
0.005623948072739
0.005636079646464
0.005653896493546
0.005676803356696
0.005704037554290
0.005734695240975
0.005767762454928
0.005802149901352
0.005836730277436
0.005870376842346
