0.076891631771095
0.076850805775265
0.076899493466036
0.077037273409676
0.077262718516024
0.077573423694851
0.077966044685090
0.078436347367820
0.078979266754526
0.079588974736353
0.080258955588881
0.080982088151377
0.081750733540034
0.082556827212091
0.083391974171717
0.084247546099472
0.085114779194382
0.085984871540854
0.086849078850928
0.087698807484860
0.088525703718501
0.089321738303224
0.090079285451703
0.090791195479227
0.091450860433739
0.092052272156831
0.092590072330706
0.093059594180995
0.093456895620603
0.093778783733703
0.094022830610261
0.094187380648266
0.094271549542141
0.094275215270048
0.094199001479199
0.094044253745633
0.093813009252698
0.093507960489897
0.093132413620534
0.092690242202443
0.092185836970954
0.091624052407221
0.091010150818488
0.090349744650076
0.089648737732560
0.088913266142344
0.088149639320577
0.087364282054836
0.086563677881353
0.085754314413763
0.084942631048466
0.084134969437834
0.083337527061828
0.082556314167044
0.081797114280997
0.081065448449445
0.080366543286743
0.079705302874387
0.079086284491912
0.078513678117616
0.077991289594968
0.077522527324188
0.077110392307882
0.076757471354822
0.076465933227078
0.076237527502712
0.076073585918945
0.075975025958810
0.075942356447531
0.075975684932653
0.076074726633913
0.076238814764256
0.076466912041761
0.076757623232832
0.077109208589124
0.077519598063700
0.077986406215104
0.078506947730785
0.079078253522945
0.079697087369925
0.080359963094049
0.081063162282089
0.081802752566724
0.082574606496333
0.083374421025896
0.084197737663614
0.085039963306035
0.085896391789094
0.086762226173590
0.087632601771569
0.088502609905048
0.089367322371014
0.090221816566869
0.091061201209274
0.091880642556808
0.092675391023933
0.093440808050748
0.094172393070596
0.094865810396407
0.095516915827130
0.096121782758349
0.096676727566736
0.097178334026633
0.097623476509349
0.098009341711970
0.098333448662711
0.098593666754552
0.098788231567881
0.098915758256329
0.098975252287722
0.098966117354021
0.098888160289957
0.098741592869464
0.098527030381701
0.098245486923748
0.097898367384684
0.097487456134968
0.097014902475277
0.096483202939682
0.095895180588413
0.095253961465009
0.094562948430608
0.093825792623870
0.093046362828034
0.092228713056151
0.091377048691291
0.090495691539841
0.089589044172641
0.088661553940284
0.087717677055112
0.086761843133318
0.085798420585779
0.084831683236083
0.083865778528599
0.082904697668669
0.081952248011304
0.081012027984565
0.080087404799496
0.079181495160578
0.078297149149739
0.077436937413656
0.076603141738988
0.075797749054073
0.075022448849120
0.074278633960797
0.073567404622070
0.072889575634817
0.072245686481847
0.071636014157089
0.071060588458490
0.070519209457988
0.070011466837440
0.069536760758730
0.069094323920951
0.068683244447662
0.068302489242873
0.067950927455691
0.067627353700398
0.067330510690950
0.067059110966257
0.066811857404866
0.066587462254340
0.066384664431323
0.066202244882394
0.066039039832874
0.065893951790013
0.065765958207884
0.065654117763101
0.065557574232566
0.065475558005952
0.065407385306174
0.065352455229645
0.065310244754417
0.065280301897507
0.065262237232407
0.065255714003517
0.065260437095551
0.065276141132617
0.065302577993310
0.065339504034807
0.065386667320272
0.065443795140197
0.065510582109482
0.065586679108338
0.065671683316905
0.065765129570870
0.065866483239033
0.065975134793994
0.066090396214572
0.066211499323668
0.066337596128792
0.066467761194916
0.066600996041396
0.066736235517047
0.066872356070743
0.067008185799710
0.067142516124634
0.067274114910365
0.067401740823824
0.067524158697261
0.067640155645545
0.067748557671087
0.067848246479538
0.067938176223688
0.068017389892139
0.068085035063344
0.068140378754360
0.068182821107050
0.068211907672214
0.068227340073920
0.068228984861774
0.068216880387552
0.068191241574059
0.068152462477646
0.068101116581088
0.068037954789730
0.067963901140425
0.067880046269221
0.067787638719285
0.067688074204648
0.067582882977506
0.067473715476289
0.067362326458250
0.067250557843339
0.067140320515252
0.067033575340578
0.066932313677475
0.066838537651381
0.066754240476554
0.066681387098949
0.066621895428042
0.066577618412868
0.066550327201039
0.066541695599052
0.066553286028265
0.066586537143849
0.066642753254327
0.066723095647548
0.066828575895600
0.066960051176892
0.067118221618979
0.067303629631340
0.067516661163741
0.067757548793741
0.068026376516746
0.068323086084443
0.068647484712828
0.068999253959861
0.069377959555401
0.069783061952764
0.070213927362303
0.070669839022900
0.071150008467329
0.071653586542103
0.072179673951479
0.072727331108760
0.073295587095478
0.073883447550370
0.074489901334677
0.075113925847980
0.075754490898864
0.076410561066800
0.077081096525031
0.077765052328531
0.078461376205446
0.079169004924404
0.079886859342999
0.080613838273940
0.081348811334426
0.082090610970510
0.082838023871238
0.083589782006604
0.084344553538605
0.085100933865438
0.085857437065109
0.086612488006057
0.087364415388900
0.088111445974992
0.088851700244288
0.089583189707154
0.090303816072475
0.091011372448085
0.091703546719503
0.092377927219589
0.093032010765785
0.093663213103291
0.094268881752763
0.094846311220360
0.095392760486882
0.095905472652072
0.096381696570454
0.096818710277120
0.097213845966144
0.097564516251541
0.097868241411348
0.098122677290043
0.098325643513524
0.098475151654774
0.098569432977162
0.098606965376685
0.098586499144104
0.098507081173226
0.098368077252362
0.098169192092152
0.097910486764378
0.097592393252711
0.097215725847305
0.096781689150241
0.096291882497666
0.095748300646417
0.095153330617456
0.094509744634875
0.093820689146989
0.093089669964299
0.092320533597383
0.091517444925149
0.090684861369927
0.089827503799700
0.088950324418953
0.088058471947494
0.087157254420590
0.086252099973583
0.085348515999173
0.084452047085644
0.083568232159136
0.082702561262428
0.081860432406591
0.081047108930189
0.080267677793666
0.079527009224122
0.078829718108294
0.078180127509325
0.077582234656396
0.077039679725736
0.076555717697590
0.076133193536799
0.075774520905363
0.075481664574320
0.075256126660019
0.075098936767046
0.075010646077322
0.074991325382723
0.075040567017646
0.075157490608736
0.075340752522001
0.075588558853255
0.075898681776594
0.076268479037777
0.076694916355242
0.077174592471179
0.077703766578825
0.078278387839909
0.078894126697987
0.079546407689249
0.080230443451964
0.080941269639008
0.081673780444539
0.082422764465527
0.083182940631248
0.083948993948513
0.084715610826990
0.085477513767018
0.086229495211393
0.086966450382242
0.087683408943932
0.088375565352470
0.089038307770773
0.089667245447057
0.090258234470173
0.090807401830676
0.091311167729657
0.091766266088519
0.092169763222117
0.092519074644726
0.092811979983307
0.093046635975560
0.093221587531438
0.093335776836281
0.093388550471851
0.093379664528557
0.093309287678347
0.093178002173529
0.092986802732539
0.092737093269718
0.092430681423053
0.092069770831771
0.091656951115191
0.091195185505626
0.090687796091725
0.090138446634621
0.089551122928129
0.088930110685759
0.088279970952014
0.087605513053016
0.086911765122177
0.086203942260084
0.085487412414000
0.084767660090953
0.084050248049119
0.083340777144591
0.082644844544200
