0.030218864249667
0.030196153836641
0.030182805724058
0.030180275610932
0.030189400355130
0.030210356696249
0.030242660524033
0.030285206434029
0.030336344695039
0.030393990327811
0.030455756927554
0.030519106296634
0.030581503996377
0.030640570643826
0.030694219189113
0.030740769481115
0.030779033085969
0.030808363445710
0.030828668901243
0.030840388681177
0.030844434493083
0.030842102667784
0.030834963738842
0.030824737756066
0.030813164439455
0.030801877429588
0.030792291381366
0.030785509527110
0.030782257693404
0.030782848720894
0.030787178961559
0.030794756182555
0.030804755960261
0.030816101663018
0.030827561534044
0.030837855303097
0.030845762243354
0.030850222672064
0.030850425549480
0.030845875998451
0.030836438149511
0.030822350588420
0.030804213702568
0.030782950240674
0.030759742272805
0.030735949335956
0.030713013769507
0.030692360010602
0.030675294893083
0.030662915772288
0.030656032614480
0.030655109107695
0.030660226459405
0.030671071952318
0.030686952648947
0.030706832984623
0.030729393476494
0.030753106496566
0.030776324083757
0.030797372152480
0.030814645216558
0.030826695884730
0.030832313870681
0.030830590049264
0.030820962118174
0.030803239616801
0.030777607332351
0.030744607408650
0.030705101691138
0.030660216927377
0.030611276342220
0.030559721780943
0.030507031036653
0.030454635139385
0.030403840286018
0.030355758747623
0.030311252529365
0.030270892811619
0.030234937310059
0.030203326702232
0.030175700226610
0.030151429516518
0.030129668734509
0.030109418169697
0.030089597694941
0.030069125891255
0.030047000265718
0.030022373840651
0.029994623490524
0.029963405752552
0.029928696428932
0.029890811111873
0.029850404763500
0.029808449625312
0.029766191960047
0.029725089378041
0.029686731700837
0.029652749396042
0.029624714511096
0.029604039678674
0.029591881113644
0.029589051536322
0.029595948623716
0.029612503913814
0.029638156093836
0.029671851338031
0.029712071889308
0.029756892482189
0.029804062573497
0.029851110778526
0.029895466500078
0.029934592575074
0.029966121924905
0.029987990740104
0.029998560694039
0.029996723076177
0.029981978548980
0.029954487424302
0.029915086862236
0.029865273135133
0.029807148974467
0.029743337921917
0.029676869429661
0.029611040093647
0.029549257763365
0.029494876274290
0.029451029137330
0.029420470660068
0.029405432659633
0.029407504175203
0.029427540442243
0.029465605915199
0.029520954402729
0.029592047504247
0.029676610610161
0.029771723853284
0.029873943673046
0.029979449165014
0.030084206208553
0.030184141549857
0.030275318599910
0.030354106699391
0.030417335995589
0.030462430840324
0.030487515705140
0.030491488958341
0.030474061385091
0.030435757977382
0.030377883193904
0.030302451511674
0.030212086588425
0.030109893663525
0.029999310893638
0.029883946109264
0.029767405966138
0.029653124642640
0.029544199106483
0.029443237559769
0.029352227001158
0.029272424956848
0.029204279374483
0.029147379496934
0.029100439288716
0.029061313729227
0.029027047063939
0.028993950963045
0.028957709516815
0.028913507131155
0.028856174700920
0.028780348949319
0.028680639537808
0.028551798472369
0.028388886451114
0.028187431099720
0.027943572503703
0.027654192043365
0.027317021237550
0.026930728072991
0.026494979102797
0.026010476406745
0.025478969286138
0.024903241288685
0.024287073801043
0.023635187990438
0.022953167310789
0.022247363108186
0.021524786066946
0.020792986338331
0.020059925201677
0.019333841038545
0.018623112272761
0.017936119762271
0.017281110940739
0.016666067813724
0.016098580728541
0.015585729666528
0.015133974654580
0.014749056758034
0.014435910993396
0.014198592377953
0.014040216203026
0.013962913466754
0.013967802220498
0.014054975362319
0.014223505147509
0.014471464380640
0.014795963912239
0.015193205697145
0.015658550296812
0.016186597343498
0.016771277151645
0.017405951382007
0.018083520456609
0.018796535302867
0.019537310983433
0.020298039847797
0.021070902018637
0.021848171288788
0.022622314835480
0.023386085533252
0.024132606038211
0.024855444194834
0.025548679654120
0.026206961863468
0.026825559774962
0.027400403707606
0.027928119787437
0.028406057283157
0.028832308969205
0.029205724406087
0.029525915758766
0.029793255511412
0.030008865215509
0.030174594261075
0.030292987615879
0.030367241555946
0.030401146623880
0.030399017400193
0.030365609146186
0.030306021952816
0.030225593676602
0.030129783620758
0.030024049582381
0.029913721487041
0.029803875324712
0.029699211444133
0.029603941423137
0.029521687687251
0.029455399787575
0.029407290774632
0.029378796434337
0.029370559314866
0.029382438509698
0.029413545121418
0.029462302267558
0.029526527460222
0.029603534250252
0.029690249223809
0.029783339816045
0.029879347993677
0.029974824674243
0.030066459799826
0.030151203259050
0.030226372333083
0.030289741998467
0.030339615212988
0.030374871196232
0.030394990647342
0.030400057772680
0.030390739883037
0.030368246126720
0.030334267621772
0.030290901816960
0.030240564334868
0.030185891828256
0.030129639517060
0.030074577078562
0.030023386452502
0.029978564913746
0.029942336475987
0.029916574338197
0.029902736686365
0.029901817728602
0.029914315380977
0.029940216540296
0.029979000382176
0.030029659610770
0.030090739063054
0.030160390540021
0.030236442206675
0.030316480383214
0.030397941056581
0.030478207994010
0.030554713961417
0.030625041264753
0.030687017667639
0.030738803717877
0.030778967658979
0.030806544424149
0.030821075714236
0.030822628842445
0.030811792870027
0.030789651529760
0.030757733497664
0.030717941678100
0.030672464255939
0.030623671280519
0.030574001417846
0.030525844181870
0.030481423382363
0.030442687667316
0.030411213868056
0.030388128369003
0.030374050933589
0.030369064354442
0.030372712008823
0.030384023954242
0.030401570671115
0.030423542034292
0.030447847660929
0.030472233524019
0.030494408716372
0.030512175563972
0.030523555968082
0.030526906929792
0.030521018683736
0.030505189721215
0.030479274175906
0.030443698516177
0.030399446157953
0.030348010389190
0.030291317781975
0.030231625959461
0.030171401084733
0.030113181659235
0.030059436086235
0.030012421915907
0.029974054711104
0.029945794049585
0.029928553327100
0.029922638788471
0.029927721655103
0.029942845420261
0.029966468445770
0.029996540021931
0.030030606156534
0.030065939645768
0.030099687547909
0.030129028113702
0.030151328589954
0.030164295146528
0.030166106497476
0.030155523583144
0.030131968913838
0.030095570783753
0.030047169461281
0.029988284545684
0.029921044835618
0.029848084161236
0.029772408568790
0.029697241902556
0.029625858105658
0.029561409381271
0.029506759666042
0.029464332644411
0.029435982782231
0.029422896617915
0.029425529885566
0.029443584049218
0.029476023613114
0.029521133266953
0.029576611661341
0.029639696520202
0.029707314007851
0.029776243886035
0.029843291104464
0.029905454122397
0.029960080481106
0.030005000925944
0.030038634666700
0.030060060088965
0.030069047283849
0.030066051024328
0.030052165146871
0.030029041555480
0.029998779115171
0.029963789419570
0.029926647699903
0.029889937914934
0.029856101279825
0.029827297147828
0.029805284278413
0.029791329168361
0.029786146377198
0.029789873757060
0.029802083327670
0.029821826355475
0.029847709136948
0.029877994175256
0.029910719985250
0.029943831748636
