0.025715913682089
0.025696378683477
0.025680021122634
0.025666936924064
0.025657216429003
0.025650944059538
0.025648198057226
0.025649050301944
0.025653566213258
0.025661804733152
0.025673818385507
0.025689653404614
0.025709349922105
0.025732942199314
0.025760458890185
0.025791923318573
0.025827353753110
0.025866763662850
0.025910161937560
0.025957553057858
0.026008937202286
0.026064310280827
0.026123663887270
0.026186985165958
0.026254256591884
0.026325455666583
0.026400554535672
0.026479519537191
0.026562310692840
0.026648881156809
0.026739176638959
0.026833134820634
0.026930684782286
0.027031746462331
0.027136230166245
0.027244036143870
0.027355054251240
0.027469163711036
0.027586232983129
0.027706119753624
0.027828671047488
0.027953723466370
0.028081103549673
0.028210628253443
0.028342105538335
0.028475335054878
0.028610108911582
0.028746212509230
0.028883425423030
0.029021522313191
0.029160273844009
0.029299447591719
0.029438808922124
0.029578121820383
0.029717149657279
0.029855655878638
0.029993404607378
0.030130161150728
0.030265692408423
0.030399767180984
0.030532156380510
0.030662633149520
0.030790972896268
0.030916953257489
0.031040354001653
0.031160956887430
0.031278545493192
0.031392905033930
0.031503822181998
0.031611084907570
0.031714482353663
0.031813804759076
0.031908843440717
0.031999390844476
0.032085240671334
0.032166188082622
0.032242029985530
0.032312565397123
0.032377595882283
0.032436926058425
0.032490364157366
0.032537722632691
0.032578818799242
0.032613475490087
0.032641521715573
0.032662793308829
0.032677133542327
0.032684393700978
0.032684433598491
0.032677122025535
0.032662337120381
0.032639966655191
0.032609908233818
0.032572069399836
0.032526367656350
0.032472730401947
0.032411094789726
0.032341407518689
0.032263624568729
0.032177710892034
0.032083640074775
0.031981393983565
0.031870962411197
0.031752342735795
0.031625539606514
0.031490564667636
0.031347436331087
0.031196179605375
0.031036825986599
0.030869413414719
0.030693986295711
0.030510595587697
0.030319298946730
0.030120160925651
0.029913253217499
0.029698654933299
0.029476452902840
0.029246741986251
0.029009625383851
0.028765214931889
0.028513631372386
0.028255004586332
0.027989473780911
0.027717187623159
0.027438304314501
0.027152991602715
0.026861426730183
0.026563796319443
0.026260296199208
0.025951131175897
0.025636514757378
0.025316668836873
0.024991823345941
0.024662215885876
0.024328091346954
0.023989701524603
0.023647304740793
0.023301165477846
0.022951554030470
0.022598746180168
0.022243022894415
0.021884670051099
0.021523978186925
0.021161242266697
0.020796761468804
0.020430838980935
0.020063781798956
0.019695900521218
0.019327509130239
0.018958924753775
0.018590467397792
0.018222459644679
0.017855226311306
0.017489094062986
0.017124390981208
0.016761446084900
0.016400588807022
0.016042148430280
0.015686453487704
0.015333831135580
0.014984606507716
0.014639102061243
0.014297636924917
0.013960526261304
0.013628080654166
0.013300605531888
0.012978400636830
0.012661759549227
0.012350969272535
0.012046309885236
0.011748054261934
0.011456467864311
0.011171808600207
0.010894326746848
0.010624264932082
0.010361858165644
0.010107333910797
0.009860912185482
0.009622805681185
0.009393219887360
0.009172353209176
0.008960397066899
0.008757535966051
0.008563947528848
0.008379802479079
0.008205264574551
0.008040490483506
0.007885629603717
0.007740823825497
0.007606207242223
0.007481905814323
0.007368036994741
0.007264709325750
0.007172022018381
0.007090064526778
0.007018916130355
0.006958645536644
0.006909310517336
0.006870957589067
0.006843621749160
0.006827326274775
0.006822082591890
0.006827890218208
0.006844736781708
0.006872598114059
0.006911438415725
0.006961210487353
0.007021856019978
0.007093305934926
0.007175480762900
0.007268291050857
0.007371637784756
0.007485412816246
0.007609499281727
0.007743772003060
0.007888097860359
0.008042336128814
0.008206338773271
0.008379950696230
0.008563009937023
0.008755347822025
0.008956789067808
0.009167151841136
0.009386247781403
0.009613881992681
0.009849853013703
0.010093952774984
0.010345966552771
0.010605672929579
0.010872843770818
0.011147244226319
0.011428632764606
0.011716761246447
0.012011375042719
0.012312213199910
0.012619008654833
0.012931488498269
0.013249374285555
0.013572382390469
0.013900224397339
0.014232607525097
0.014569235076109
0.014909806901997
0.015254019878446
0.015601568381035
0.015952144754583
0.016305439769167
0.016661143056976
0.017018943525330
0.017378529742547
0.017739590294774
0.018101814113394
0.018464890774047
0.018828510769661
0.019192365761090
0.019556148809950
0.019919554598991
0.020282279645820
0.020644022515980
0.021004484041240
0.021363367548584
0.021720379104652
0.022075227779508
0.022427625932477
0.022777289521514
0.023123938436294
0.023467296853776
0.023807093613749
0.024143062610627
0.024474943196715
0.024802480591338
0.025125426289607
0.025443538464260
0.025756582353973
0.026064330631701
0.026366563747119
0.026663070237913
0.026953647005550
0.027238099552236
0.027516242176899
0.027787898129263
0.028052899722286
0.028311088404414
0.028562314794203
0.028806438680795
0.029043328994590
0.029272863753008
0.029494929986730
0.029709423651931
0.029916249534084
0.030115321148628
0.030306560643410
0.030489898707204
0.030665274487838
0.030832635522616
0.030991937682721
0.031143145132306
0.031286230301950
0.031421173875169
0.031547964785778
0.031666600223127
0.031777085641560
0.031879434770031
0.031973669617507
0.032059820469770
0.032137925873334
0.032208032602574
0.032270195606660
0.032324477933568
0.032370950629207
0.032409692610563
0.032440790512638
0.032464338509824
0.032480438113178
0.032489197945770
0.032490733498909
0.032485166872480
0.032472626502983
0.032453246882979
0.032427168275669
0.032394536428202
0.032355502287003
0.032310221718099
0.032258855234920
0.032201567735607
0.032138528251280
0.032069909706254
0.031995888690635
0.031916645245291
0.031832362658763
0.031743227275335
0.031649428313178
0.031551157691281
0.031448609863726
0.031341981659767
0.031231472128158
0.031117282384183
0.030999615457917
0.030878676142312
0.030754670839835
0.030627807406476
0.030498294992071
0.030366343875982
0.030232165297242
0.030095971278350
0.029957974441924
0.029818387819420
0.029677424651129
0.029535298176630
0.029392221414855
0.029248406932908
0.029104066602801
0.028959411345292
0.028814650860146
0.028669993342276
0.028525645183460
0.028381810659636
0.028238691604154
0.028096487067784
0.027955392966801
0.027815601720952
0.027677301883677
0.027540677767458
0.027405909067675
0.027273170488733
0.027142631376599
0.027014455362047
0.026888800019046
0.026765816542610
0.026645649450261
0.026528436310845
0.026414307503969
0.026303386012658
0.026195787251092
0.026091618928456
0.025990980949039
0.025893965347836
0.025800656260008
0.025711129921753
0.025625454699369
0.025543691142722
0.025465892058839
0.025392102601046
0.025322360368994
0.025256695514966
0.025195130852151
0.025137681961030
0.025084357290642
0.025035158252247
0.024990079303822
0.024949108024742
0.024912225181016
0.024879404782436
0.024850614133946
0.024825813884394
0.024804958076590
0.024787994203166
0.024774863273152
0.024765499894387
0.024759832376875
0.024757782861972
