0.016615444287207
0.016626585740242
0.016634740880845
0.016639951387908
0.016642302529639
0.016641920499973
0.016638968447241
0.016633641330589
0.016626159785135
0.016616763216632
0.016605702378867
0.016593231710741
0.016579601723564
0.016565051731397
0.016549803207710
0.016534054029665
0.016517973837482
0.016501700691299
0.016485339153327
0.016468959861033
0.016452600590291
0.016436268739093
0.016419945095920
0.016403588695781
0.016387142514613
0.016370539712142
0.016353710106937
0.016336586556884
0.016319110924369
0.016301239328042
0.016282946420865
0.016264228485263
0.016245105197695
0.016225619983552
0.016205838955051
0.016185848495899
0.016165751623147
0.016145663315404
0.016125705044482
0.016105998782591
0.016086660777840
0.016067795396730
0.016049489323752
0.016031806386377
0.016014783240298
0.015998426107170
0.015982708707754
0.015967571480168
0.015952922118422
0.015938637413260
0.015924566327512
0.015910534193580
0.015896347882579
0.015881801763855
0.015866684250479
0.015850784710885
0.015833900518746
0.015815844012012
0.015796449137031
0.015775577564384
0.015753124078659
0.015729021064607
0.015703241936356
0.015675803384487
0.015646766347422
0.015616235648562
0.015584358278600
0.015551320342892
0.015517342736014
0.015482675648629
0.015447592054243
0.015412380363758
0.015377336472071
0.015342755451400
0.015308923168537
0.015276108115987
0.015244553748506
0.015214471605726
0.015186035478032
0.015159376836866
0.015134581703257
0.015111689071488
0.015090690940985
0.015071533941888
0.015054122471932
0.015038323197932
0.015023970717994
0.015010874133740
0.014998824248200
0.014987601086140
0.014976981430687
0.014966746082643
0.014956686576009
0.014946611122516
0.014936349606677
0.014925757507464
0.014914718679464
0.014903146981648
0.014890986792226
0.014878212490743
0.014864827021545
0.014850859674893
0.014836363233174
0.014821410630596
0.014806091267014
0.014790507102176
0.014774768638326
0.014758990879202
0.014743289334585
0.014727776123670
0.014712556219115
0.014697723867487
0.014683359221002
0.014669525219207
0.014656264766448
0.014643598259674
0.014631521529687
0.014620004265056
0.014608988990125
0.014598390665299
0.014588096968382
0.014577969300002
0.014567844534610
0.014557537512295
0.014546844237499
0.014535545720512
0.014523412368812
0.014510208809842
0.014495699006875
0.014479651516518
0.014461844731298
0.014442071953925
0.014420146160850
0.014395904330801
0.014369211237396
0.014339962631930
0.014308087770776
0.014273551269341
0.014236354289201
0.014196535085172
0.014154168953425
0.014109367629775
0.014062278188882
0.014013081490996
0.013961990214212
0.013909246498651
0.013855119216400
0.013799900869578
0.013743904110352
0.013687457872914
0.013630903109454
0.013574588130767
0.013518863567215
0.013464076986732
0.013410567231949
0.013358658566514
0.013308654748879
0.013260833177724
0.013215439274173
0.013172681279702
0.013132725653181
0.013095693244558
0.013061656405727
0.013030637171406
0.013002606605616
0.012977485364538
0.012955145476831
0.012935413291056
0.012918073490117
0.012902874027946
0.012889531807139
0.012877738890427
0.012867169025421
0.012857484261932
0.012848341453949
0.012839398462945
0.012830319913403
0.012820782392284
0.012810479028400
0.012799123431469
0.012786453010726
0.012772231726088
0.012756252348751
0.012738338321122
0.012718345307753
0.012696162519925
0.012671713878327
0.012644959053178
0.012615894392145
0.012584553716695
0.012551008940303
0.012515370440117
0.012477787099486
0.012438445933683
0.012397571215651
0.012355423032347
0.012312295223716
0.012268512683610
0.012224428032307
0.012180417700931
0.012136877496260
0.012094217737591
0.012052858073867
0.012013222097795
0.011975731874238
0.011940802493071
0.011908836743566
0.011880219989875
0.011855315307883
0.011834458924684
0.011817955985707
0.011806076662604
0.011799052608765
0.011797073769170
0.011800285556830
0.011808786418393
0.011822625824841
0.011841802737533
0.011866264612935
0.011895907018859
0.011930573939121
0.011970058840591
0.012014106565978
0.012062416097133
0.012114644207954
0.012170409994394
0.012229300233583
0.012290875486964
0.012354676826241
0.012420233028230
0.012487068057846
0.012554708639292
0.012622691705452
0.012690571515285
0.012757926238858
0.012824363828863
0.012889527025129
0.012953097373038
0.013014798176017
0.013074396344311
0.013131703144771
0.013186573897382
0.013238906701704
0.013288640308680
0.013335751279040
0.013380250587940
0.013422179845904
0.013461607308605
0.013498623842672
0.013533339002280
0.013565877352600
0.013596375152437
0.013624977480907
0.013651835863221
0.013677106419989
0.013700948534476
0.013723524004137
0.013744996617866
0.013765532079630
0.013785298183301
0.013804465133011
0.013823205898555
0.013841696496050
0.013860116090099
0.013878646824520
0.013897473303610
0.013916781664262
0.013936758200038
0.013957587520852
0.013979450255206
0.014002520325320
0.014026961848182
0.014052925736769
0.014080546095039
0.014109936516856
0.014141186412526
0.014174357496346
0.014209480573972
0.014246552769175
0.014285535324996
0.014326352104341
0.014368888899356
0.014412993637672
0.014458477547013
0.014505117308516
0.014552658194187
0.014600818146749
0.014649292722059
0.014697760777330
0.014745890754333
0.014793347377657
0.014839798565713
0.014884922338056
0.014928413497913
0.014969989874216
0.015009397922929
0.015046417512570
0.015080865752323
0.015112599761298
0.015141518322192
0.015167562409333
0.015190714627266
0.015210997639023
0.015228471700787
0.015243231449629
0.015255402112117
0.015265135312765
0.015272604662441
0.015278001298279
0.015281529529368
0.015283402718021
0.015283839496608
0.015283060386949
0.015281284855203
0.015278728802444
0.015275602461414
0.015272108645250
0.015268441275471
0.015264784105153
0.015261309549490
0.015258177539804
0.015255534328154
0.015253511187073
0.015252222971644
0.015251766537423
0.015252219036239
0.015253636140580
0.015256050274505
0.015259468952722
0.015263873348155
0.015269217220254
0.015275426340355
0.015282398545662
0.015290004539464
0.015298089532106
0.015306475785643
0.015314966086209
0.015323348123661
0.015331399710259
0.015338894721555
0.015345609596207
0.015351330189971
0.015355858745465
0.015359020715973
0.015360671170549
0.015360700510332
0.015359039242822
0.015355661591682
0.015350587763069
0.015343884743755
0.015335665568395
0.015326087060216
0.015315346117223
0.015303674681275
0.015291333586241
0.015278605530892
0.015265787459338
0.015253182655050
0.015241092862452
0.015229810742813
0.015219612949262
0.015210754070663
0.015203461648102
0.015197932413329
0.015194329838769
0.015192783026716
0.015193386904130
0.015196203631891
0.015201265086083
0.015208576225803
0.015218119128943
0.015229857455350
0.015243741086392
0.015259710691275
0.015277701983186
0.015297649451521
0.015319489389019
0.015343162072880
0.015368613005201
0.015395793168056
0.015424658300179
0.015455167253059
0.015487279531929
0.015520952169488
0.015556136114991
0.015592772347048
0.015630787933503
0.015670092265570
0.015710573685517
0.015752096708224
0.015794500007753
0.015837595302426
0.015881167227812
0.015924974239058
0.015968750534822
0.016012208947430
0.016055044700417
0.016096939897542
0.016137568578553
0.016176602157629
0.016213715051077
