0.118647601678509
0.118805933784105
0.119021883056547
0.119295886337918
0.119628147393789
0.120018589832722
0.120466811462593
0.120972042100329
0.121533106614983
0.122148394708326
0.122815838641908
0.123532899821309
0.124296564860295
0.125103351478908
0.125949324345442
0.126830120754620
0.127740985841845
0.128676816862899
0.129632215915387
0.130601550337765
0.131579019889135
0.132558729685103
0.133534767739470
0.134501285838277
0.135452582353451
0.136383185491008
0.137287935368669
0.138162063235513
0.139001266088985
0.139801774919213
0.140560414824012
0.141274655296808
0.141942649099062
0.142563258292342
0.143136066225182
0.143661374545458
0.144140184637795
0.144574163261375
0.144965592578535
0.145317305207040
0.145632605385448
0.145915177795251
0.146168986018039
0.146398163001776
0.146606896248998
0.146799310703065
0.146979352481007
0.147150676669832
0.147316542358727
0.147479717918506
0.147642399263384
0.147806143446340
0.147971819460831
0.148139577567611
0.148308837858427
0.148478298135767
0.148645960557734
0.148809175898953
0.148964703739671
0.149108786440508
0.149237234409590
0.149345519935949
0.149428876755135
0.149482402529634
0.149501161560282
0.149480285280866
0.149415068406453
0.149301058982020
0.149134140984963
0.148910608544981
0.148627231232063
0.148281310204516
0.147870725286379
0.147393973245292
0.146850197662918
0.146239210832237
0.145561508088416
0.144818274896631
0.144011386900268
0.143143402997735
0.142217551387882
0.141237708423921
0.140208370061422
0.139134615690784
0.138022064215777
0.136876822377953
0.135705425526061
0.134514771277599
0.133312046798998
0.132104650720111
0.130900110974518
0.129706000096245
0.128529849684432
0.127379065852956
0.126260847499849
0.125182109156078
0.124149410006589
0.123168890427144
0.122246217063819
0.121386537118640
0.120594442119467
0.119873941070890
0.119228442532112
0.118660744871073
0.118173033721020
0.117766885530203
0.117443276053869
0.117202592689611
0.117044649693977
0.116968705524910
0.116973481810143
0.117057183721377
0.117217521810916
0.117451735614835
0.117756619520351
0.118128551514911
0.118563525466680
0.119057187524106
0.119604877067301
0.120201672405547
0.120842441110047
0.121521894522088
0.122234645611590
0.122975269009554
0.123738361730382
0.124518602864260
0.125310810379320
0.126109993145106
0.126911396382183
0.127710538957738
0.128503241275028
0.129285642927960
0.130054209785712
0.130805730705256
0.131537304606791
0.132246319152621
0.132930422708826
0.133587491610827
0.134215594973905
0.134812959371797
0.135377935644267
0.135908969891306
0.136404580381269
0.136863341665507
0.137283876683118
0.137664857092112
0.138005011515729
0.138303140882951
0.138558139605502
0.138769020999061
0.138934945145349
0.139055247316090
0.139129465140893
0.139157362890005
0.139138951540777
0.139074503677168
0.138964562701811
0.138809946284471
0.138611744392954
0.138371312619166
0.138090261795728
0.137770445076646
0.137413943717131
0.137023052730933
0.136600267436634
0.136148271644036
0.135669927903163
0.135168269871121
0.134646496479281
0.134107967238028
0.133556197728853
0.132994854129682
0.132427745516888
0.131858812696898
0.131292112442086
0.130731796231889
0.130182082914079
0.129647225079900
0.129131469361962
0.128639011284782
0.128173945693606
0.127740214129003
0.127341550777912
0.126981428798164
0.126663008871490
0.126389091786477
0.126162076692474
0.125983926409988
0.125856140851214
0.125779739219191
0.125755251242131
0.125782717288433
0.125861696824555
0.125991284346888
0.126170131660047
0.126396475202736
0.126668167046953
0.126982708218740
0.127337283104176
0.127728793901531
0.128153894342853
0.128609022214473
0.129090430531771
0.129594217543366
0.130116356027915
0.130652722579336
0.131199127732853
0.131751347849374
0.132305159639551
0.132856378068691
0.133400898143788
0.133934740756180
0.134454102356279
0.134955407795079
0.135435365210231
0.135891021394554
0.136319815695639
0.136719630188765
0.137088833670813
0.137426316963416
0.137731517105423
0.138004428264497
0.138245597602561
0.138456104876066
0.138637525216291
0.138791875284281
0.138921543789632
0.139029208156808
0.139117739869919
0.139190101679863
0.139249240374224
0.139297979154128
0.139338913807803
0.139374316802945
0.139406053138261
0.139435511310146
0.139463552088849
0.139490476995560
0.139516017473408
0.139539344803248
0.139559099883562
0.139573441126886
0.139580107971541
0.139576496908647
0.139559746510609
0.139526827736714
0.139474635788028
0.139400079978267
0.139300168457116
0.139172085134858
0.139013256770683
0.138821408855836
0.138594609599205
0.138331301962297
0.138030324252892
0.137690920241274
0.137312740088748
0.136895833566284
0.136440637094081
0.135947956064163
0.135418943740717
0.134855077796491
0.134258135271616
0.133630166468501
0.132973468054385
0.132290555458834
0.131584134545499
0.130857072515581
0.130112368064194
0.129353120949660
0.128582501330562
0.127803719449785
0.127019996468256
0.126234537441307
0.125450507557348
0.124671012795865
0.123899086091477
0.123137679903966
0.122389665792813
0.121657841191823
0.120944943098646
0.120253667868020
0.119586695765820
0.118946718446661
0.118336467104203
0.117758738750754
0.117216417944627
0.116712491323750
0.116250052533964
0.115832295558185
0.115462495042282
0.115143972945288
0.114880051674141
0.114673994745295
0.114528936890561
0.114447806332890
0.114433242642645
0.114487514094703
0.114612438740389
0.114809313457494
0.115078855033401
0.115421156874534
0.115835664240307
0.116321170007971
0.116875831936053
0.117497211269097
0.118182331382494
0.118927754072902
0.119729670124572
0.120583999985759
0.121486499822111
0.122432867911802
0.123418846329442
0.124440313134291
0.125493360816584
0.126574357530656
0.127679988607011
0.128807276927949
0.129953581905788
0.131116577948608
0.132294214367080
0.133484659604306
0.134686233405966
0.135897331050736
0.137116344007689
0.138341581371250
0.139571196156536
0.140803120045201
0.142035009495497
0.143264205322089
0.144487706970268
0.145702161817451
0.146903868992480
0.148088796464729
0.149252609564990
0.150390708691119
0.151498273740804
0.152570312804087
0.153601712826239
0.154587290290481
0.155521840431632
0.156400184029539
0.157217211394372
0.157967923693237
0.158647472231734
0.159251196654891
0.159774663239657
0.160213704498801
0.160564461200265
0.160823427637253
0.160987500585960
0.161054031893818
0.161020884093530
0.160886487883299
0.160649899798897
0.160310857972512
0.159869833564334
0.159328075294014
0.158687644506774
0.157951438387377
0.157123199275217
0.156207508514576
0.155209763864354
0.154136140152281
0.152993533546205
0.151789490484753
0.150532122918642
0.149230012025223
0.147892102942981
0.146527593310779
0.145145818480506
0.143756136205033
0.142367813400351
0.140989917264998
0.139631212642287
0.138300067066763
0.137004364482543
0.135751428193417
0.134547953234099
0.133399948063491
0.132312685290931
0.131290661061880
0.130337562747805
0.129456244693712
0.128648711955875
0.127916112184790
0.127258736043713
0.126676026768622
0.126166599639941
0.125728272222114
0.125358106212140
0.125052461608626
0.124807063663543
0.124617082714260
0.124477226527818
0.124381844245694
0.124325040426082
0.124300797078031
0.124303101007081
0.124326073285533
0.124364097260299
