0.030240176928053
0.030240895077983
0.030241608951239
0.030242318556687
0.030243023903181
0.030243724999560
0.030244421854654
0.030245114477277
0.030245802876230
0.030246487060297
0.030247167038251
0.030247842818847
0.030248514410823
0.030249181822901
0.030249845063789
0.030250504142172
0.030251159066721
0.030251809846087
0.030252456488902
0.030253099003777
0.030253737399306
0.030254371684060
0.030255001866588
0.030255627955423
0.030256249959068
0.030256867886010
0.030257481744710
0.030258091543607
0.030258697291115
0.030259298995624
0.030259896665501
0.030260490309085
0.030261079934692
0.030261665550610
0.030262247165101
0.030262824786400
0.030263398422717
0.030263968082230
0.030264533773092
0.030265095503427
0.030265653281328
0.030266207114861
0.030266757012061
0.030267302980932
0.030267845029449
0.030268383165554
0.030268917397160
0.030269447732146
0.030269974178359
0.030270496743616
0.030271015435696
0.030271530262350
0.030272041231290
0.030272548350200
0.030273051626724
0.030273551068473
0.030274046683023
0.030274538477915
0.030275026460654
0.030275510638706
0.030275991019504
0.030276467610442
0.030276940418877
0.030277409452128
0.030277874717476
0.030278336222165
0.030278793973399
0.030279247978344
0.030279698244124
0.030280144777827
0.030280587586500
0.030281026677149
0.030281462056742
0.030281893732203
0.030282321710420
0.030282745998236
0.030283166602458
0.030283583529849
0.030283996787135
0.030284406381000
0.030284812318093
0.030285214605025
0.030285613248367
0.030286008254664
0.030286399630425
0.030286787382137
0.030287171516262
0.030287552039250
0.030287928957544
0.030288302277594
0.030288672005863
0.030289038148853
0.030289400713121
0.030289759705305
0.030290115132155
0.030290467000571
0.030290815317649
0.030291160090734
0.030291501327479
0.030291839035919
0.030292173224545
0.030292503902397
0.030292831079141
0.030293154765167
0.030293474971656
0.030293791710638
0.030294104994996
0.030294414838402
0.030294721255151
0.030295024259811
0.030295323866654
0.030295620088739
0.030295912936516
0.030296202415796
0.030296488524830
0.030296771250214
0.030297050561221
0.030297326402077
0.030297598681534
0.030297867258955
0.030298131925902
0.030298392381979
0.030298648203377
0.030298898802218
0.030299143374339
0.030299380832690
0.030299609722865
0.030299828116641
0.030300033478552
0.030300222499595
0.030300390891132
0.030300533130819
0.030300642151082
0.030300708959167
0.030300722176204
0.030300667480953
0.030300526942128
0.030300278221240
0.030299893626030
0.030299338992635
0.030298572372918
0.030297542501763
0.030296187017984
0.030294430411651
0.030292181670569
0.030289331599261
0.030285749785548
0.030281281192752
0.030275742360009
0.030268917199399
0.030260552386825
0.030250352354129
0.030237973902950
0.030223020476621
0.030205036145088
0.030183499379436
0.030157816717264
0.030127316447572
0.030091242473868
0.030048748546382
0.029998893087950
0.029940634872540
0.029872829849330
0.029794229437611
0.029703480646800
0.029599128399939
0.029479620456103
0.029343315335059
0.029188493644022
0.029013373189107
0.028816128220873
0.028594913112010
0.028347890693992
0.028073265386949
0.027769321142335
0.027434464081050
0.027067269551383
0.026666533153238
0.026231325080628
0.025761046927598
0.025255489889067
0.024714893074347
0.024140000445463
0.023532114703743
0.022893146286682
0.022225655513097
0.021532885838940
0.020818786169028
0.020088020221076
0.019345961065817
0.018598669176800
0.017852852619229
0.017115808389177
0.016395344379446
0.015699681988673
0.015037339994525
0.014417000963685
0.013847362150930
0.013336973522718
0.012894066200656
0.012526375227630
0.012240961084420
0.012044034797409
0.011940791750867
0.011935259425974
0.012030164213993
0.012226822180332
0.012525058184994
0.012923157097205
0.013417849991889
0.014004337206322
0.014676348999730
0.015426243337770
0.016245139065774
0.017123081492000
0.018049236230031
0.019012106102251
0.019999765035120
0.021000102226037
0.022001069466061
0.022990924385843
0.023958462563474
0.024893231887350
0.025785723284588
0.026627532871459
0.027411491709966
0.028131760606908
0.028783888704949
0.029364835922914
0.029872960539626
0.030307974322717
0.030670868531125
0.030963814830490
0.031190045632544
0.031353718597854
0.031459770037302
0.031513761738171
0.031521725365397
0.031490008095904
0.031425122587864
0.031333603820338
0.031221874811069
0.031096122770265
0.030962186902652
0.030825458840012
0.030690796566957
0.030562452673411
0.030444017794780
0.030338380142307
0.030247702034491
0.030173414269761
0.030116228991721
0.030076171364440
0.030052629885929
0.030044424531934
0.030049891168227
0.030066979845192
0.030093363756661
0.030126554878709
0.030164021679996
0.030203303885828
0.030242119143897
0.030278456622692
0.030310653091087
0.030337447868944
0.030358014163990
0.030371965652419
0.030379338629682
0.030380551547804
0.030376345153087
0.030367707633240
0.030355790078232
0.030341818079497
0.030327005391814
0.030312475250210
0.030299194195647
0.030287922177981
0.030279181362081
0.030273244574655
0.030270142818612
0.030269689872961
0.030271520803020
0.030275140321175
0.030279976426390
0.030285434640640
0.030290948445232
0.030296022157333
0.030300263404356
0.030303403456120
0.030305304853777
0.030305956920313
0.030305460748105
0.030304006050810
0.030301842780927
0.030299250621828
0.030296509365926
0.030293872820262
0.030291548293028
0.030289682982733
0.030288357798456
0.030287588367631
0.030287332311606
0.030287501348133
0.030287976452888
0.030288624195106
0.030289312448497
0.030289923940489
0.030290366496795
0.030290579311018
0.030290535062824
0.030290238168894
0.030289719832245
0.030289030824299
0.030288233072373
0.030287391131020
0.030286564501718
0.030285801556670
0.030285135552099
0.030284582921225
0.030284143753240
0.030283804123354
0.030283539763698
0.030283320468908
0.030283114616489
0.030282893243366
0.030282633241189
0.030282319393028
0.030281945149636
0.030281512211403
0.030281029122770
0.030280509184643
0.030279968039476
0.030279421282272
0.030278882404362
0.030278361296188
0.030277863434548
0.030277389774009
0.030276937265968
0.030276499853809
0.030276069746531
0.030275638759256
0.030275199525608
0.030274746428589
0.030274276154811
0.030273787841877
0.030273282850503
0.030272764243113
0.030272236083289
0.030271702682631
0.030271167913864
0.030270634684483
0.030270104629572
0.030269578041943
0.030269054019309
0.030268530777272
0.030268006057536
0.030267477554645
0.030266943291148
0.030266401888095
0.030265852701133
0.030265295817950
0.030264731935854
0.030264162155610
0.030263587736846
0.030263009861047
0.030262429440981
0.030261847002617
0.030261262649943
0.030260676107546
0.030260086823082
0.030259494103666
0.030258897257660
0.030258295716095
0.030257689114912
0.030257077328694
0.030256460456446
0.030255838768605
0.030255212630282
0.030254582418097
0.030253948446853
0.030253310918304
0.030252669898513
0.030252025324075
0.030251377031999
0.030250724804243
0.030250068416346
0.030249407680192
0.030248742473490
0.030248072752082
0.030247398545104
0.030246719936392
0.030246037037746
0.030245349960545
0.030244658791618
0.030243963577616
0.030243264319845
0.030242560979099
0.030241853488078
0.030241141767762
0.030240425743785
0.030239705359400
