3.070177083899585341e+03
3.070520345379933133e+03
3.070872318531207384e+03
3.071232504787172729e+03
3.071598513576339428e+03
3.071966865201167820e+03
3.072334133076606122e+03
3.072698056079701473e+03
3.073058258587048840e+03
3.073416341061993990e+03
3.073775308585450148e+03
3.074138522573040063e+03
3.074508520608134859e+03
3.074886097275590600e+03
3.075269957489941589e+03
3.075657067946778625e+03
3.076043601927208329e+03
3.076426173536904571e+03
3.076802956290781367e+03
3.077174313029071527e+03
3.077542720913867925e+03
3.077912006361400472e+03
3.078286134155746367e+03
3.078667945918860823e+03
3.079058263905483727e+03
3.079455657973286179e+03
3.079856954379769832e+03
3.080258317254057147e+03
3.080656540391593808e+03
3.081050114360773478e+03
3.081439707802973317e+03
3.081827898844751417e+03
3.082218247079720641e+03
3.082614022471739190e+03
3.083017027264619173e+03
3.083426918359828051e+03
3.083841268790421964e+03
3.084256354332437695e+03
3.084668400996814853e+03
3.085074867508864827e+03
3.085475320752422249e+03
3.085871598725220792e+03
3.086267199152061949e+03
3.086666099125979144e+03
3.087071409366420085e+03
3.087484326232305648e+03
3.087903743457777637e+03
3.088326657601744046e+03
3.088749225118829600e+03
3.089168101164850668e+03
3.089581591118280812e+03
3.089990211139022904e+03
3.090396461964103764e+03
3.090803897989471352e+03
3.091215823492006621e+03
3.091634080716878088e+03
3.092058362499419673e+03
3.092486295575782606e+03
3.092914265546090974e+03
3.093338688658662250e+03
3.093757274629386302e+03
3.094169827033817000e+03
3.094578293413683241e+03
3.094986047155143297e+03
3.095396660309073013e+03
3.095812610482455966e+03
3.096234388604391825e+03
3.096660328579631823e+03
3.097087217161637454e+03
3.097511458370697255e+03
3.097930365284185427e+03
3.098343107050995513e+03
3.098750967279573160e+03
3.099156824458825213e+03
3.099564051941916659e+03
3.099975248131180706e+03
3.100391267815578431e+03
3.100810910768253962e+03
3.101231376653166080e+03
3.101649308502416716e+03
3.102062028057945554e+03
3.102468497327633031e+03
3.102869647520451508e+03
3.103267958385530619e+03
3.103666455905656221e+03
3.104067515843177262e+03
3.104471931236278579e+03
3.104878597005463234e+03
3.105284925176583783e+03
3.105687822605179008e+03
3.106084848464787683e+03
3.106475104047034620e+03
3.106859517020261592e+03
3.107240422337477412e+03
3.107620617361702898e+03
3.108002270599157782e+03
3.108386112325452814e+03
3.108771213388693468e+03
3.109155416471172430e+03
3.109536221427252258e+03
3.109911750294757894e+03
3.110281399207742652e+03
3.110645928693066708e+03
3.111006987273177401e+03
3.111366300762279025e+03
3.111724889366339994e+03
3.112082642797372955e+03
3.112438408322592295e+03
3.112790510714286029e+03
3.113137436335182429e+03
3.113478362014932827e+03
3.113813313377725535e+03
3.114142940380283108e+03
3.114468092876009450e+03
3.114789461846796257e+03
3.115107477052341892e+03
3.115422461301240219e+03
3.115734848438171412e+03
3.116045202032830275e+03
3.116353888941831428e+03
3.116660520180601452e+03
3.116963522449443190e+03
3.117260268757112499e+03
3.117547974094333767e+03
3.117825111633350389e+03
3.118092653343471738e+03
3.118354283462124840e+03
3.118615073642380594e+03
3.118878891530408964e+03
3.119145690215119430e+03
3.119410276133351090e+03
3.119663762306599892e+03
3.119897660178451588e+03
3.120108952763604066e+03
3.120303406106351304e+03
3.120494640018144310e+03
3.120698330454944880e+03
3.120923679664836527e+03
3.121166525622122208e+03
3.121408636668984400e+03
3.121625163255646839e+03
3.121797738061932250e+03
3.121926613569967230e+03
3.122034190386082628e+03
3.122155798081435023e+03
3.122320603542746539e+03
3.122532440501509427e+03
3.122762660619271628e+03
3.122962108782610812e+03
3.123088478974313603e+03
3.123134398164218510e+03
3.123137983939608603e+03
3.123165629801776049e+03
3.123273788080669419e+03
3.123473040881972338e+03
3.123722436915705202e+03
3.123969748161607640e+03
3.124230751241080725e+03
3.124684918811414718e+03
3.125772625237455941e+03
3.128311486078109738e+03
3.133684107328857863e+03
3.144146579480800938e+03
3.163233927930264144e+03
3.196100695988262942e+03
3.249492065163664847e+03
3.330993629936598154e+03
3.447347003515818869e+03
3.601961669166017600e+03
3.792204563448283807e+03
4.007412328623217036e+03
4.228631316346940366e+03
4.430723946551779591e+03
4.586744678510000085e+03
4.673632889991094089e+03
4.677642881396122903e+03
4.597829285632954452e+03
4.446426322283766240e+03
4.245937579095141700e+03
4.023823547516104099e+03
3.806424655349069326e+03
3.613906715704892122e+03
3.457529379074026110e+03
3.339633418795382568e+03
3.255785456744448766e+03
3.197868617754159459e+03
3.156780030471935788e+03
3.123794715533351791e+03
3.090389826284266746e+03
3.047092537244986488e+03
2.982419196024814482e+03
2.883015402725011882e+03
2.735656404039280460e+03
2.530974167523393135e+03
2.267927341412438182e+03
1.957453193991731268e+03
1.623695050053585874e+03
1.301767335483958050e+03
1.032059346558831976e+03
8.522499360264654342e+02
7.890886049157969637e+02
8.522499360265672976e+02
1.032059346558979996e+03
1.301767335484069918e+03
1.623695050053597242e+03
1.957453193991631451e+03
2.267927341412279020e+03
2.530974167523262622e+03
2.735656404039256813e+03
2.883015402725114654e+03
2.982419196024995472e+03
3.047092537245148378e+03
3.090389826284328137e+03
3.123794715533289491e+03
3.156780030471811187e+03
3.197868617754079423e+03
3.255785456744503335e+03
3.339633418795589478e+03
3.457529379074315784e+03
3.613906715705149509e+03
3.806424655349207569e+03
4.023823547516119106e+03
4.245937579095113506e+03
4.446426322283808986e+03
4.597829285633130894e+03
4.677642881396412122e+03
4.673632889991409684e+03
4.586744678510232916e+03
4.430723946551882364e+03
4.228631316346942185e+03
4.007412328623198846e+03
3.792204563448322915e+03
3.601961669166135835e+03
3.447347003515979395e+03
3.330993629936731850e+03
3.249492065163719417e+03
3.196100695988231109e+03
3.163233927930182290e+03
3.144146579480719538e+03
3.133684107328813297e+03
3.128311486078103371e+03
3.125772625237464126e+03
3.124684918811405623e+03
3.124230751241034341e+03
3.123969748161527605e+03
3.123722436915609251e+03
3.123473040881884117e+03
3.123273788080601662e+03
3.123165629801728755e+03
3.123137983939573132e+03
3.123134398164181221e+03
3.123088478974265854e+03
3.122962108782553969e+03
3.122762660619211147e+03
3.122532440501453493e+03
3.122320603542700610e+03
3.122155798081398643e+03
3.122034190386052614e+03
3.121926613569941310e+03
3.121797738061905875e+03
3.121625163255617736e+03
3.121408636668954387e+03
3.121166525622093104e+03
3.120923679664811061e+03
3.120698330454923052e+03
3.120494640018126574e+03
3.120303406106336297e+03
3.120108952763589514e+03
3.119897660178437491e+03
3.119663762306585340e+03
3.119410276133337902e+03
3.119145690215108061e+03
3.118878891530399414e+03
3.118615073642373773e+03
3.118354283462120293e+03
3.118092653343468555e+03
3.117825111633349024e+03
3.117547974094332858e+03
3.117260268757112499e+03
3.116963522449443644e+03
3.116660520180603271e+03
3.116353888941833247e+03
3.116045202032833458e+03
3.115734848438174595e+03
3.115422461301242492e+03
3.115107477052345075e+03
3.114789461846799895e+03
3.114468092876012633e+03
3.114142940380286745e+03
3.113813313377729628e+03
3.113478362014938284e+03
3.113137436335188795e+03
3.112790510714293305e+03
3.112438408322600480e+03
3.112082642797381595e+03
3.111724889366349089e+03
3.111366300762289029e+03
3.111006987273187860e+03
3.110645928693076712e+03
3.110281399207753566e+03
3.109911750294767444e+03
3.109536221427261808e+03
3.109155416471181525e+03
3.108771213388701653e+03
3.108386112325460545e+03
3.108002270599164603e+03
3.107620617361709265e+03
3.107240422337483324e+03
3.106859517020267958e+03
3.106475104047040531e+03
3.106084848464794050e+03
3.105687822605185829e+03
3.105284925176591059e+03
3.104878597005470965e+03
3.104471931236285855e+03
3.104067515843184992e+03
3.103666455905663497e+03
3.103267958385538350e+03
3.102869647520458784e+03
3.102468497327638943e+03
3.102062028057951466e+03
3.101649308502421263e+03
3.101231376653169718e+03
3.100810910768256690e+03
3.100391267815580250e+03
3.099975248131182070e+03
3.099564051941916659e+03
3.099156824458825213e+03
3.098750967279571341e+03
3.098343107050993240e+03
3.097930365284184518e+03
3.097511458370696346e+03
3.097087217161636090e+03
3.096660328579630914e+03
3.096234388604391825e+03
3.095812610482455057e+03
3.095396660309072104e+03
3.094986047155141932e+03
3.094578293413682331e+03
3.094169827033814727e+03
3.093757274629383573e+03
3.093338688658658157e+03
3.092914265546085517e+03
3.092486295575775785e+03
3.092058362499412397e+03
3.091634080716869903e+03
3.091215823491996161e+03
3.090803897989460893e+03
3.090396461964092396e+03
3.089990211139011080e+03
3.089581591118268989e+03
3.089168101164838845e+03
3.088749225118818686e+03
3.088326657601732222e+03
3.087903743457766268e+03
3.087484326232294734e+03
3.087071409366408261e+03
3.086666099125967776e+03
3.086267199152049216e+03
3.085871598725208059e+03
3.085475320752409061e+03
3.085074867508850730e+03
3.084668400996799392e+03
3.084256354332422234e+03
3.083841268790403774e+03
3.083426918359808951e+03
3.083017027264598255e+03
3.082614022471718272e+03
3.082218247079698813e+03
3.081827898844729134e+03
3.081439707802950579e+03
3.081050114360750285e+03
3.080656540391571980e+03
3.080258317254034864e+03
3.079856954379747549e+03
3.079455657973264351e+03
3.079058263905461899e+03
3.078667945918838996e+03
3.078286134155724540e+03
3.077912006361378189e+03
3.077542720913845187e+03
3.077174313029047880e+03
3.076802956290757265e+03
3.076426173536879105e+03
3.076043601927182408e+03
3.075657067946752250e+03
3.075269957489912485e+03
3.074886097275561042e+03
3.074508520608104845e+03
3.074138522573009141e+03
3.073775308585419225e+03
3.073416341061963067e+03
3.073058258587017917e+03
3.072698056079670096e+03
3.072334133076574290e+03
3.071966865201136898e+03
3.071598513576309415e+03
3.071232504787141806e+03
3.070872318531176461e+03
3.070520345379903119e+03
