0.022648042137502
0.022670059608372
0.022691157456825
0.022711051063253
0.022729476460369
0.022746198852008
0.022761020372849
0.022773786764699
0.022784392703267
0.022792785580338
0.022798967624968
0.022802996328561
0.022804983217158
0.022805091085192
0.022803529864137
0.022800551344014
0.022796442993587
0.022791521135882
0.022786123730157
0.022780602991597
0.022775318048846
0.022770627800665
0.022766884090675
0.022764425277352
0.022763570239057
0.022764612824037
0.022767816735296
0.022773410831249
0.022781584825229
0.022792485379107
0.022806212606577
0.022822817027168
0.022842297039416
0.022864597007306
0.022889606074713
0.022917157834944
0.022947030984481
0.022978951080072
0.023012593496156
0.023047587645797
0.023083522484605
0.023119953266053
0.023156409461289
0.023192403700697
0.023227441541536
0.023261031819627
0.023292697306150
0.023321985365428
0.023348478297676
0.023371803052524
0.023391640014351
0.023407730587892
0.023419883350317
0.023427978581620
0.023431971036084
0.023431890871126
0.023427842703437
0.023420002813936
0.023408614570944
0.023393982184101
0.023376462939327
0.023356458097552
0.023334402667317
0.023310754284290
0.023285981449913
0.023260551397278
0.023234917865398
0.023209509073078
0.023184716190382
0.023160882608254
0.023138294304158
0.023117171592227
0.023097662528957
0.023079838218710
0.023063690226165
0.023049130255069
0.023035992194299
0.023024036564471
0.023012957322835
0.023002390903677
0.022991927288999
0.022981122823862
0.022969514416239
0.022956634696766
0.022942027663171
0.022925264300531
0.022905957654577
0.022883776842313
0.022858459512846
0.022829822320666
0.022797769041909
0.022762296048347
0.022723494950291
0.022681552323879
0.022636746545370
0.022589441860440
0.022540079915159
0.022489169063144
0.022437271836678
0.022384991025606
0.022332954844638
0.022281801686526
0.022232164955425
0.022184658452667
0.022139862747927
0.022098312914782
0.022060487943828
0.022026802072195
0.021997598188675
0.021973143392327
0.021953626702462
0.021939158842356
0.021929773950563
0.021925433014486
0.021926028772633
0.021931391796134
0.021941297437135
0.021955473322095
0.021973607071315
0.021995353941562
0.022020344115217
0.022048189395302
0.022078489109268
0.022110835073214
0.022144815520178
0.022180017948770
0.022216030899674
0.022252444715160
0.022288851379091
0.022324843570521
0.022360013091824
0.022393948851841
0.022426234595715
0.022456446576126
0.022484151356175
0.022508903923214
0.022530246276318
0.022547706629195
0.022560799346010
0.022569025701002
0.022571875524572
0.022568829769538
0.022559364001839
0.022542952790599
0.022519074943473
0.022487219504844
0.022446892407295
0.022397623641287
0.022338974784926
0.022270546716046
0.022191987313520
0.022102998944873
0.022003345533991
0.021892859006704
0.021771444924097
0.021639087133390
0.021495851294069
0.021341887171561
0.021177429630683
0.021002798304498
0.020818395958674
0.020624705614491
0.020422286532707
0.020211769193309
0.019993849430713
0.019769281899050
0.019538873047001
0.019303473776617
0.019063971946427
0.018821284857789
0.018576351836958
0.018330126996490
0.018083572230912
0.017837650475862
0.017593319239173
0.017351524398354
0.017113194252505
0.016879233817906
0.016650519364703
0.016427893205792
0.016212158766147
0.016004075979189
0.015804357073739
0.015613662828453
0.015432599378331
0.015261715658596
0.015101501564216
0.014952386888631
0.014814741083673
0.014688873855588
0.014575036581472
0.014473424498521
0.014384179587551
0.014307394044538
0.014243114211256
0.014191344819905
0.014152053397784
0.014125174676775
0.014110614858377
0.014108255597471
0.014117957585635
0.014139563636322
0.014172901198032
0.014217784246291
0.014274014529603
0.014341382167490
0.014419665619703
0.014508631064162
0.014608031237153
0.014717603802799
0.014837069330038
0.014966128964496
0.015104461889997
0.015251722680023
0.015407538643286
0.015571507269557
0.015743193881794
0.015922129598219
0.016107809703089
0.016299692517374
0.016497198850410
0.016699712101077
0.016906579062509
0.017117111468316
0.017330588301525
0.017546258870514
0.017763346639971
0.017981053789769
0.018198566461209
0.018415060638332
0.018629708602072
0.018841685886520
0.019050178659089
0.019254391439352
0.019453555064165
0.019646934798971
0.019833838486528
0.020013624614778
0.020185710175406
0.020349578174471
0.020504784647265
0.020650965022358
0.020787839675989
0.020915218518702
0.021033004462661
0.021141195631076
0.021239886191212
0.021329265719305
0.021409617038887
0.021481312512288
0.021544808806866
0.021600640200825
0.021649410536092
0.021691783965410
0.021728474675395
0.021760235794997
0.021787847718169
0.021812106079834
0.021833809625107
0.021853748203746
0.021872691105906
0.021891375932987
0.021910498170607
0.021930701601569
0.021952569667254
0.021976617858108
0.022003287189470
0.022032938799156
0.022065849688568
0.022102209619856
0.022142119177287
0.022185589000508
0.022232540199508
0.022282805964003
0.022336134382053
0.022392192482050
0.022450571507486
0.022510793423665
0.022572318639361
0.022634554903947
0.022696867312318
0.022758589317009
0.022819034610691
0.022877509704844
0.022933326993886
0.022985818060877
0.023034346953251
0.023078323137035
0.023117213827274
0.023150555392069
0.023177963538418
0.023199142009719
0.023213889556884
0.023222104986119
0.023223790134993
0.023219050682359
0.023208094754760
0.023191229350011
0.023168854655390
0.023141456391518
0.023109596361842
0.023073901430504
0.023035051187404
0.022993764587950
0.022950785876167
0.022906870113611
0.022862768642960
0.022819214814668
0.022776910297722
0.022736512281686
0.022698621856819
0.022663773832335
0.022632428219752
0.022604963569054
0.022581672300252
0.022562758122541
0.022548335578426
0.022538431692238
0.022532989642947
0.022531874322157
0.022534879581782
0.022541736924624
0.022552125347206
0.022565682010029
0.022582013387785
0.022600706542342
0.022621340165300
0.022643495054705
0.022666763721336
0.022690758862623
0.022715120494514
0.022739521591106
0.022763672145631
0.022787321631375
0.022810259904302
0.022832316647722
0.022853359510714
0.022873291134312
0.022892045291137
0.022909582384418
0.022925884560994
0.022940950690193
0.022954791447291
0.022967424717895
0.022978871509391
0.022989152519600
0.022998285472530
0.023006283288773
0.023013153115291
0.023018896197933
0.023023508541588
0.023026982268748
0.023029307558701
0.023030475027504
0.023030478393961
0.023029317269457
0.023026999909775
0.023023545774652
0.023018987755303
0.023013373950560
0.023006768897442
0.022999254190648
0.022990928455855
0.022981906672483
0.022972318870865
0.022962308255280
0.022952028826624
0.022941642595785
0.022931316490340
0.022921219062940
0.022911517109783
0.022902372302668
0.022893937929033
0.022886355822439
0.022879753552314
0.022874241927808
0.022869912857393
0.022866837594403
0.022865065389567
0.022864622565060
0.022865512020514
0.022867713179316
0.022871182382573
0.022875853737392
0.022881640424515
0.022888436466847
0.022896118954236
0.022904550710376
0.022913583374872
0.022923060857484
0.022932823103153
0.022942710086739
0.022952565936894
0.022962243070832
0.022971606207766
0.022980536119969
0.022988932978323
0.022996719154781
0.023003841357782
0.023010271998385
0.023016009713705
