0.064269827530691
0.064073458794758
0.063950046206974
0.063904538598858
0.063939116592189
0.064053125734013
0.064243117207379
0.064502992170000
0.064824241854007
0.065196272157611
0.065606798681865
0.066042296082147
0.066488484245321
0.066930833165346
0.067355068437212
0.067747659961466
0.068096277671554
0.068390199774208
0.068620661035307
0.068781130956213
0.068867514179857
0.068878268060724
0.068814434956659
0.068679589391066
0.068479702738179
0.068222930456000
0.067919329090464
0.067580512263680
0.067219256603219
0.066849070033986
0.066483736004674
0.066136848023662
0.065821349302621
0.065549092322364
0.065330432723305
0.065173871070183
0.065085754747663
0.065070050524488
0.065128196210051
0.065259037367015
0.065458852302661
0.065721465622144
0.066038447584765
0.066399393466662
0.066792274213031
0.067203846975135
0.067620111782880
0.068026798704752
0.068409868481213
0.068756008854062
0.069053108699237
0.069290692624711
0.069460299912308
0.069555793528749
0.069573587346619
0.069512782615774
0.069375208004030
0.069165361060159
0.068890252607700
0.068559159213672
0.068183292350200
0.067775396042635
0.067349287548799
0.066919357830298
0.066500050168251
0.066105336176355
0.065748208634376
0.065440209994255
0.065191014116968
0.065008076828007
0.064896368306336
0.064858197244018
0.064893133249696
0.064998030253447
0.065167149848268
0.065392379725087
0.065663538772747
0.065968757163890
0.066294916960911
0.066628136563172
0.066954280764240
0.067259477355146
0.067530621126171
0.067755846782989
0.067924953669924
0.068029767219882
0.068064424636830
0.068025575348864
0.067912490116861
0.067727076202693
0.067473799544402
0.067159518308056
0.066793235350351
0.066385779910624
0.065949431154169
0.065497497933716
0.065043870273154
0.064602558586345
0.064187236532228
0.063810802710341
0.063484975177433
0.063219931094623
0.063024001789196
0.062903431238152
0.062862203557934
0.062901942620333
0.063021884504587
0.063218921225432
0.063487712116189
0.063820857448483
0.064209127371276
0.064641738069924
0.065106666183154
0.065590991960683
0.066081261374457
0.066563857382400
0.067025370751163
0.067452961238918
0.067834700487526
0.068159888646530
0.068419337525413
0.068605613927699
0.068713237748544
0.068738830409267
0.068681210253532
0.068541432638365
0.068322773615413
0.068030657308169
0.067672528339230
0.067257671931982
0.066796985581585
0.066302707431871
0.065788107673472
0.065267150355428
0.064754133936085
0.064263319647831
0.063808557275015
0.063402918211182
0.063058345644524
0.062785331402953
0.062592628368278
0.062487006451194
0.062473058927286
0.062553064503930
0.062726908865537
0.062992067686585
0.063343651272092
0.063774509151597
0.064275391184453
0.064835160097604
0.065441048933005
0.066078955682311
0.066733766472204
0.067389698062441
0.068030650143698
0.068640557972303
0.069203736238726
0.069705205707781
0.070130995051699
0.070468411374716
0.070706274146024
0.070835108560780
0.070847295680696
0.070737178014253
0.070501120435401
0.070137527470388
0.069646818975949
0.069031367069746
0.068295397846671
0.067444861923285
0.066487278206016
0.065431555492105
0.064287796605420
0.063067089763805
0.061781291792452
0.060442807658312
0.059064370619939
0.057658827076179
0.056238929961815
0.054817144278853
0.053405468064691
0.052015271775290
0.050657158693703
0.049340848552620
0.048075086077337
0.046867575609459
0.045724942364335
0.044652720215395
0.043655365201929
0.042736293245687
0.041897939863689
0.041141839011777
0.040468717619183
0.039878601911865
0.039370931300989
0.038944675456519
0.038598450209679
0.038330628137327
0.038139440070309
0.038023064319151
0.037979701096081
0.038007630395042
0.038105252426720
0.038271110545650
0.038503897402324
0.038802445759246
0.039165705986591
0.039592712670677
0.040082543008534
0.040634269719339
0.041246911086959
0.041919380478611
0.042650437295376
0.043438640842075
0.044282308103168
0.045179475925424
0.046127867682044
0.047124864165137
0.048167478252403
0.049252332835959
0.050375641588626
0.051533192364072
0.052720333356721
0.053931962548947
0.055162521402246
0.056405994156518
0.057655914438377
0.058905381100127
0.060147085279175
0.061373350557924
0.062576187805996
0.063747365804742
0.064878498109290
0.065961145831102
0.066986935171752
0.067947687662412
0.068835560224126
0.069643191421297
0.070363849690172
0.070991578931002
0.071521336689205
0.071949120233632
0.072272076167914
0.072488589765042
0.072598350961462
0.072602394836356
0.072503115376788
0.072304252326306
0.072010851869947
0.071629202763062
0.071166750215151
0.070631990356016
0.070034348418874
0.069384043869867
0.068691945609282
0.067969420096146
0.067228174847997
0.066480099293836
0.065737104468461
0.065010962588282
0.064313147195287
0.063654674340503
0.063045945231238
0.062496590901459
0.062015319778193
0.061609769487342
0.061286364831776
0.061050184531336
0.060904839976616
0.060852369849045
0.060893154931281
0.061025857711999
0.061247391425010
0.061552922916179
0.061935913181846
0.062388198568420
0.062900114483984
0.063460662088391
0.064057716855887
0.064678276215856
0.065308741755556
0.065935229802546
0.066543902682734
0.067121311657462
0.067654741554463
0.068132546484006
0.068544465816556
0.068881909815633
0.069138204971895
0.069308790153346
0.069391356133618
0.069385922829140
0.069294850595805
0.069122784124370
0.068876529742430
0.068564869188108
0.068198315076938
0.067788815255174
0.067349414945588
0.066893886983678
0.066436341465555
0.065990826752080
0.065570933981886
0.065189417040115
0.064857839326806
0.064586257699876
0.064382952675534
0.064254212406926
0.064204176189985
0.064234741329289
0.064345535203345
0.064533952365404
0.064795254567043
0.065122729757442
0.065507904445029
0.065940802356193
0.066410241125148
0.066904157827877
0.067409953549473
0.067914846856537
0.068406226033347
0.068871990222134
0.069300870165236
0.069682720054316
0.070008773016625
0.070271853973239
0.070466544947774
0.070589299342741
0.070638503189729
0.070614482874686
0.070519460298350
0.070357457814863
0.070134156563747
0.069856712941558
0.069533538925777
0.069174052746909
0.068788406994522
0.068387201634208
0.067981189607038
0.067580982687858
0.067196765105634
0.066838022093168
0.066513290052696
0.066229934417022
0.065993960572123
0.065809862404621
0.065680512162950
0.065607094388706
0.065589085697089
0.065624281172575
0.065708867107134
0.065837538751610
0.066003660685389
0.066199466345723
0.066416292209882
0.066644841108093
0.066875468185448
0.067098482154018
0.067304453714263
0.067484522413930
0.067630692791410
0.067736110458343
0.067795308850322
0.067804417746878
0.067761325357048
0.067665786797513
0.067519473156050
0.067325957016941
0.067090632292687
0.066820568405617
0.066524301223938
0.066211565594287
0.065892976728976
0.065579669994773
0.065282910701329
0.065013687194039
0.064782301818713
0.064597975059347
0.064468478289978
0.064399810087029
0.064395929907245
0.064458561166857
0.064587073409675
0.064778450405148
0.065027347779200
0.065326240280954
0.065665655174260
0.066034484671474
0.066420366957930
0.066810122342933
0.067190228558023
0.067547317325959
0.067868673138545
0.068142714770324
0.068359440446670
0.068510818770851
0.068591109451947
0.068597100487248
0.068528251632803
0.068386737613054
0.068177388426194
