0.066200505542070
0.065942672708183
0.065660130451397
0.065359300608181
0.065047086743781
0.064730709494914
0.064417537792324
0.064114920313360
0.063830021183290
0.063569663507507
0.063340183809136
0.063147299902285
0.062995994183634
0.062890413803325
0.062833788704177
0.062828368112646
0.062875375734874
0.062974983657736
0.063126304771853
0.063327403408627
0.063575323799176
0.063866135899399
0.064194998061358
0.064556235946571
0.064943436955203
0.065349559274121
0.065767054420447
0.066188001875845
0.066604254077676
0.067007589669834
0.067389872537768
0.067743213781851
0.068060133446837
0.068333718548637
0.068557773748212
0.068726960937629
0.068836924042361
0.068884395517513
0.068867281327751
0.068784721647668
0.068637125090105
0.068426174946610
0.068154806682812
0.067827156743202
0.067448483552826
0.067025062424165
0.066564056852868
0.066073369384715
0.065561475830431
0.065037247071939
0.064509763026125
0.063988123499840
0.063481260679004
0.062997757848754
0.062545678650193
0.062132410758386
0.061764527336061
0.061447669002523
0.061186448384221
0.060984378610172
0.060843826409727
0.060765989788338
0.060750899622611
0.060797443949405
0.060903413240870
0.061065564569398
0.061279702279837
0.061540772602144
0.061842969552728
0.062179849479324
0.062544451691230
0.062929422770180
0.063327142361073
0.063729848479577
0.064129760628277
0.064519199268651
0.064890700438496
0.065237124521396
0.065551758357451
0.065828410026930
0.066061495738140
0.066246118308844
0.066378136750748
0.066454226456214
0.066471929454451
0.066429694162162
0.066326904012867
0.066163894322292
0.065941956745872
0.065663330719319
0.065331181352582
0.064949563377615
0.064523370933828
0.064058273211603
0.063560636259598
0.063037431588200
0.062496132558434
0.061944599918946
0.061390958227233
0.060843465247187
0.060310376734835
0.059799809289684
0.059319604143581
0.058877194867837
0.058479481991652
0.058132717433384
0.057842401448931
0.057613194501233
0.057448846060059
0.057352141865098
0.057324870645952
0.057367810711697
0.057480736224900
0.057662442386318
0.057910788203261
0.058222755021533
0.058594518590079
0.059021532116850
0.059498617576881
0.060020062455823
0.060579719154715
0.061171104438560
0.061787496570002
0.062422028112680
0.063067772794586
0.063717825265218
0.064365373035155
0.065003760326708
0.065626543965265
0.066227541781759
0.066800874260748
0.067341000344997
0.067842748390970
0.068301343261671
0.068712430450698
0.069072097966978
0.069376896489870
0.069623858049391
0.069810513217620
0.069934906536714
0.069995609676970
0.069991731632896
0.069922925140399
0.069789388443851
0.069591861562255
0.069331616298678
0.069010439400824
0.068630608503118
0.068194860748274
0.067706354282644
0.067168623126854
0.066585526223017
0.065961191734701
0.065299957910058
0.064606311999038
0.063884828832511
0.063140110718243
0.062376730283616
0.061599177799100
0.060811814354485
0.060018832039638
0.059224222013085
0.058431751037149
0.057644946730639
0.056867091452858
0.056101224399360
0.055350151173430
0.054616459809476
0.053902541976039
0.053210617886064
0.052542763297609
0.051900936905111
0.051287006403140
0.050702771553191
0.050149982699220
0.049630353357067
0.049145565742429
0.048697268395114
0.048287065395556
0.047916497042394
0.047587012254893
0.047299933367063
0.047056414376114
0.046857394080107
0.046703545871989
0.046595226233554
0.046532424178603
0.046514714016919
0.046541213839870
0.046610552058053
0.046720844149365
0.046869681504473
0.047054133893018
0.047270766629782
0.047515673011507
0.047784522041925
0.048072620887423
0.048374990933128
0.048686455764064
0.049001738902694
0.049315568715112
0.049622787572391
0.049918462136324
0.050197991539680
0.050457210254831
0.050692482589448
0.050900786007173
0.051079780832140
0.051227864342435
0.051344207768438
0.051428775264956
0.051482324497162
0.051506389045868
0.051503243375212
0.051475851595438
0.051427801678387
0.051363227131004
0.051286718394134
0.051203226406347
0.051117960855867
0.051036285642321
0.050963613991620
0.050905305522179
0.050866567361120
0.050852361168059
0.050867317655001
0.050915659906421
0.051001136515444
0.051126965270020
0.051295787855312
0.051509635790945
0.051769907598376
0.052077356996289
0.052432091750988
0.052833582663202
0.053280682050522
0.053771650983346
0.054304194448829
0.054875503549371
0.055482303787196
0.056120908442977
0.056787276023125
0.057477070727033
0.058185724872622
0.058908502216942
0.059640561119816
0.060377016524153
0.061112999768383
0.061843715305905
0.062564493484594
0.063270838636663
0.063958471845279
0.064623367887775
0.065261786004107
0.065870294299681
0.066445787759905
0.066985500024397
0.067487009236017
0.067948238437532
0.068367451130315
0.068743242728855
0.069074528736337
0.069360530525246
0.069600759629384
0.069795001437693
0.069943299125492
0.070045938566834
0.070103434845933
0.070116520831526
0.070086138102618
0.070013430325633
0.069899738991194
0.069746601233359
0.069555749285217
0.069329110981497
0.069068810609529
0.068777169340871
0.068456704451571
0.068110126561065
0.067740334187435
0.067350405026433
0.066943583507438
0.066523264352847
0.066092972058352
0.065656336408928
0.065217064337310
0.064778908607118
0.064345633951101
0.063920981407621
0.063508631669320
0.063112168283211
0.062735041520946
0.062380533674104
0.062051726427772
0.061751470834367
0.061482360258770
0.061246706506744
0.061046519193221
0.060883488266830
0.060758969492315
0.060673972611709
0.060629151863855
0.060624798543022
0.060660835320208
0.060736812131588
0.060851903550493
0.061004907692932
0.061194246850769
0.061417970188653
0.061673758968323
0.061958934864792
0.062270472003012
0.062605013362766
0.062958892168674
0.063328158799485
0.063708613617899
0.064095845944143
0.064485279181390
0.064872221859715
0.065251924110054
0.065619638824343
0.065970686516452
0.066300522683990
0.066604806295386
0.066879467899487
0.067120775783370
0.067325398592206
0.067490462873676
0.067613604116464
0.067693010012533
0.067727454878627
0.067716324413984
0.067659630237441
0.067558013926027
0.067412740556671
0.067225682020964
0.066999290629445
0.066736563737352
0.066441000300637
0.066116550404240
0.065767558890956
0.065398704258183
0.065014933983028
0.064621397387747
0.064223377072984
0.063826219833732
0.063435267841154
0.063055790732615
0.062692919112850
0.062351579841821
0.062036433379136
0.061751813379967
0.061501668699930
0.061289507971305
0.061118346962099
0.060990659021781
0.060908329048517
0.060872611574618
0.060884093748718
0.060942664181062
0.061047488796247
0.061196994988461
0.061388865479895
0.061620043326770
0.061886749484055
0.062184514217931
0.062508223436572
0.062852180692668
0.063210185198724
0.063575625698356
0.063941589469482
0.064300985120083
0.064646677200982
0.064971630032867
0.065269057559529
0.065532575528706
0.065756351897746
0.065935251091648
0.066064967628896
0.066142144692107
0.066164473464018
0.066130769474169
0.066041022797831
0.065896419697644
0.065699334172814
0.065453288846505
0.065162885639773
0.064833707706784
0.064472195097090
0.064085497522943
0.063681308402986
0.063267684993514
0.062852859876920
0.062445049334939
0.062052264181815
0.061682128469544
0.061341711113582
0.061037374941474
0.060774646965752
0.060558112859430
0.060391337705895
