0.031961197223210
0.032263633694967
0.032561754022602
0.032855018672916
0.033142908464288
0.033424924843848
0.033700590153855
0.033969447886706
0.034231062926949
0.034485021777809
0.034730932768954
0.034968426241666
0.035197154707159
0.035416792973588
0.035627038237236
0.035827610133542
0.036018250743907
0.036198724554709
0.036368818365523
0.036528341144239
0.036677123827546
0.036815019066045
0.036941900914109
0.037057664465424
0.037162225435955
0.037255519696821
0.037337502760216
0.037408149222147
0.037467452166175
0.037515422532794
0.037552088459296
0.037577494595171
0.037591701398138
0.037594784415864
0.037586833558334
0.037567952365627
0.037538257275629
0.037497876895904
0.037446951283627
0.037385631237155
0.037314077602393
0.037232460596806
0.037140959153495
0.037039760287406
0.036929058485358
0.036809055121185
0.036679957896951
0.036541980310771
0.036395341151460
0.036240264019829
0.036076976876114
0.035905711612651
0.035726703650625
0.035540191559346
0.035346416696278
0.035145622865742
0.034938055994047
0.034723963818583
0.034503595588345
0.034277201773264
0.034045033779736
0.033807343669837
0.033564383881824
0.033316406949757
0.033063665220354
0.032806410565517
0.032544894089397
0.032279365829267
0.032010074449987
0.031737266932307
0.031461188255786
0.031182081077582
0.030900185408828
0.030615738290752
0.030328973473046
0.030040121097317
0.029749407388635
0.029457054358361
0.029163279521453
0.028868295631401
0.028572310435788
0.028275526455227
0.027978140788111
0.027680344943209
0.027382324701679
0.027084260009553
0.026786324901255
0.026488687454097
0.026191509773204
0.025894948005754
0.025599152382949
0.025304267287654
0.025010431345307
0.024717777535329
0.024426433320112
0.024136520788434
0.023848156810168
0.023561453199125
0.023276516880985
0.022993450063473
0.022712350406114
0.022433311187214
0.022156421466022
0.021881766238323
0.021609426584084
0.021339479806078
0.021071999558720
0.020807055966658
0.020544715732907
0.020285042236540
0.020028095620173
0.019773932867624
0.019522607872301
0.019274171496958
0.019028671625611
0.018786153208453
0.018546658300701
0.018310226096395
0.018076892958195
0.017846692444306
0.017619655333687
0.017395809650740
0.017175180690679
0.016957791046803
0.016743660640834
0.016532806757481
0.016325244084259
0.016120984757543
0.015920038415660
0.015722412259671
0.015528111122316
0.015337137545362
0.015149491865377
0.014965172307700
0.014784175088148
0.014606494521745
0.014432123137534
0.014261051798358
0.014093269824277
0.013928765118213
0.013767524292276
0.013609532793245
0.013454775025634
0.013303234470896
0.013154893801401
0.013009734988010
0.012867739400260
0.012728887898414
0.012593160916899
0.012460538538906
0.012331000562219
0.012204526556591
0.012081095913223
0.011960687887129
0.011843281633328
0.011728856237944
0.011617390745351
0.011508864182559
0.011403255581944
0.011300544003396
0.011200708556773
0.011103728425376
0.011009582890942
0.010918251360379
0.010829713394237
0.010743948736598
0.010660937345859
0.010580659425620
0.010503095454745
0.010428226215505
0.010356032818657
0.010286496724337
0.010219599757689
0.010155324118323
0.010093652382911
0.010034567500469
0.009978052780238
0.009924091872360
0.009872668741943
0.009823767637436
0.009777373054544
0.009733469697226
0.009692042437499
0.009653076275974
0.009616556305070
0.009582467676919
0.009550795577827
0.009521525211038
0.009494641789286
0.009470130538342
0.009447976712408
0.009428165621827
0.009410682673178
0.009395513421420
0.009382643633363
0.009372059361357
0.009363747025781
0.009357693504637
0.009353886228333
0.009352313277602
0.009352963482419
0.009355826519784
0.009360893008297
0.009368154597589
0.009377604050847
0.009389235318907
0.009403043604668
0.009419025416851
0.009437178612450
0.009457502427507
0.009479997496140
0.009504665858034
0.009531510954810
0.009560537615916
0.009591752034826
0.009625161736456
0.009660775536756
0.009698603495476
0.009738656863090
0.009780948022782
0.009825490428368
0.009872298538861
0.009921387750327
0.009972774325534
0.010026475321763
0.010082508517083
0.010140892335274
0.010201645769537
0.010264788305083
0.010330339840724
0.010398320609582
0.010468751099140
0.010541651970905
0.010617043980100
0.010694947895903
0.010775384422874
0.010858374124338
0.010943937348557
0.011032094158629
0.011122864267029
0.011216266975736
0.011312321122769
0.011411045035901
0.011512456494080
0.011616572696952
0.011723410242574
0.011832985113189
0.011945312668618
0.012060407646561
0.012178284168841
0.012298955752356
0.012422435323331
0.012548735233291
0.012677867275058
0.012809842697072
0.012944672214296
0.013082366014099
0.013222933755589
0.013366384561098
0.013512726998704
0.013661969054977
0.013814118097379
0.013969180826069
0.014127163215160
0.014288070443737
0.014451906817258
0.014618675680155
0.014788379320688
0.014961018869262
0.015136594191528
0.015315103777691
0.015496544629432
0.015680912145889
0.015868200010031
0.016058400076708
0.016251502263505
0.016447494445388
0.016646362353975
0.016848089482045
0.017052656993770
0.017260043640914
0.017470225685111
0.017683176826147
0.017898868136019
0.018117267998421
0.018338342053190
0.018562053145142
0.018788361276660
0.019017223563331
0.019248594191891
0.019482424379707
0.019718662335014
0.019957253217114
0.020198139095768
0.020441258909010
0.020686548418672
0.020933940162916
0.021183363405157
0.021434744078810
0.021688004727407
0.021943064439711
0.022199838779620
0.022458239710800
0.022718175516149
0.022979550712450
0.023242265960745
0.023506217973239
0.023771299417787
0.024037398821280
0.024304400473461
0.024572184332977
0.024840625937623
0.025109596320910
0.025378961937186
0.025648584597559
0.025918321418869
0.026188024787816
0.026457542342194
0.026726716970925
0.026995386834266
0.027263385405211
0.027530541532676
0.027796679526652
0.028061619265050
0.028325176321562
0.028587162113452
0.028847384067880
0.029105645805060
0.029361747336410
0.029615485275722
0.029866653061390
0.030115041187848
0.030360437444530
0.030602627160949
0.030841393456812
0.031076517496464
0.031307778747376
0.031534955242747
0.031757823848738
0.031976160537122
0.032189740664457
0.032398339259058
0.032601731317128
0.032799692109435
0.032991997499774
0.033178424276274
0.033358750496298
0.033532755845314
0.033700222009704
0.033860933062987
0.034014675864523
0.034161240469265
0.034300420546782
0.034432013807430
0.034555822433329
0.034671653511701
0.034779319468112
0.034878638497338
0.034969434989830
0.035051539952149
0.035124791420270
0.035189034865254
0.035244123591423
0.035289919127921
0.035326291615185
0.035353120188563
0.035370293361835
0.035377709413931
0.035375276782397
0.035362914467381
0.035340552449809
0.035308132127239
0.035265606770396
0.035212942002745
0.035150116304647
0.035077121542625
0.034993963523149
0.034900662569157
0.034797254116255
0.034683789324339
0.034560335699145
0.034426977717229
0.034283817446921
0.034130975157077
0.033968589905002
0.033796820094639
0.033615843996170
0.033425860218493
0.033227088126575
0.033019768196527
0.032804162302268
0.032580553928850
0.032349248308876
0.032110572479878
0.031864875261974
0.031612527156578
0.031353920168301
0.031089467553407
0.030819603499272
0.030544782740127
0.030265480115011
