0.019310729307333
0.019494885035308
0.019683810299705
0.019877516196894
0.020076001965933
0.020279256806173
0.020487261831734
0.020699992043512
0.020917418198834
0.021139508464870
0.021366229753923
0.021597548656147
0.021833431907153
0.022073846353085
0.022318758402830
0.022568132984612
0.022821932050825
0.023080112699319
0.023342625000095
0.023609409632569
0.023880395449329
0.024155497087181
0.024434612745099
0.024717622241407
0.025004385449814
0.025294741196243
0.025588506676841
0.025885477433268
0.026185427895457
0.026488112476050
0.026793267175749
0.027100611636231
0.027409851558126
0.027720681386661
0.028032787157672
0.028345849392107
0.028659545927963
0.028973554584665
0.029287555565785
0.029601233520925
0.029914279205861
0.030226390700469
0.030537274165626
0.030846644141962
0.031154223414044
0.031459742482336
0.031762938701137
0.032063555153228
0.032361339340360
0.032656041773108
0.032947414543614
0.033235209960816
0.033519179320058
0.033799071868194
0.034074634011994
0.034345608802701
0.034611735713662
0.034872750712067
0.035128386610611
0.035378373671200
0.035622440421231
0.035860314634008
0.036091724418856
0.036316399363691
0.036534071673146
0.036744477248795
0.036947356664174
0.037142455995815
0.037329527481792
0.037508329990758
0.037678629296438
0.037840198164374
0.037992816268782
0.038136269967027
0.038270351967081
0.038394860928867
0.038509601043511
0.038614381635038
0.038709016827007
0.038793325312190
0.038867130256923
0.038930259363617
0.038982545105594
0.039023825138422
0.039053942881826
0.039072748256584
0.039080098552084
0.039075859392835
0.039059905766607
0.039032123073176
0.038992408151131
0.038940670240835
0.038876831844306
0.038800829447481
0.038712614076555
0.038612151667724
0.038499423238179
0.038374424855193
0.038237167409239
0.038087676205719
0.037925990397790
0.037752162289447
0.037566256543321
0.037368349331143
0.037158527466573
0.036936887559890
0.036703535231981
0.036458584421273
0.036202156811944
0.035934381405149
0.035655394247489
0.035365338322910
0.035064363606002
0.034752627266688
0.034430294008992
0.034097536520144
0.033754536001212
0.033401482746772
0.033038576739118
0.032666028222173
0.032284058221594
0.031892898980428
0.031492794283964
0.031083999652835
0.030666782389719
0.030241421471795
0.029808207288210
0.029367441228697
0.028919435136041
0.028464510640870
0.028002998402098
0.027535237280055
0.027061573471743
0.026582359638726
0.026097954057828
0.025608719823165
0.025115024125117
0.024617237627863
0.024115733962178
0.023610889344596
0.023103082327981
0.022592693682344
0.022080106398546
0.021565705801795
0.021049879756560
0.020533018940195
0.020015517159147
0.019497771679396
0.018980183541786
0.018463157833202
0.017947103886127
0.017432435381884
0.016919570336689
0.016408930954419
0.015900943335376
0.015396037036207
0.014894644482133
0.014397200238568
0.013904140154757
0.013415900397013
0.012932916393265
0.012455621713835
0.011984446915408
0.011519818376152
0.011062157149713
0.010611877864507
0.010169387692417
0.009735085407793
0.009309360553740
0.008892592728221
0.008485150997756
0.008087393441565
0.007699666824223
0.007322306390317
0.006955635770495
0.006599966984743
0.006255600525902
0.005922825504364
0.005601919833647
0.005293150436210
0.004996773449305
0.004713034411938
0.004442168416015
0.004184400207355
0.003939944225346
0.003709004573525
0.003491774916999
0.003288438306368
0.003099166931374
0.002924121810849
0.002763452428422
0.002617296325843
0.002485778667551
0.002369011791188
0.002267094759189
0.002180112926256
0.002108137536607
0.002051225363409
0.002009418400793
0.001982743616596
0.001971212771376
0.001974822306687
0.001993553302988
0.002027371505163
0.002076227411492
0.002140056420105
0.002218779025557
0.002312301057223
0.002420513950704
0.002543295043353
0.002680507885398
0.002832002558823
0.002997615997163
0.003177172300633
0.003370483042391
0.003577347563244
0.003797553253634
0.004030875823209
0.004277079559694
0.004535917579957
0.004807132077245
0.005090454569311
0.005385606152677
0.005692297768560
0.006010230485890
0.006339095806553
0.006678575997422
0.007028344452886
0.007388066090621
0.007757397782159
0.008135988818614
0.008523481410598
0.008919511220164
0.009323707921388
0.009735695785193
0.010155094283090
0.010581518703858
0.011014580776640
0.011453889293711
0.011899050726060
0.012349669825089
0.012805350204019
0.013265694893061
0.013730306863010
0.014198789512616
0.014670747115862
0.015145785226185
0.015623511035548
0.016103533687301
0.016585464542745
0.017068917402395
0.017553508684017
0.018038857560581
0.018524586062373
0.019010319148552
0.019495684754368
0.019980313821186
0.020463840317122
0.020945901256652
0.021426136727880
0.021904189936172
0.022379707272656
0.022852338415585
0.023321736471709
0.023787558163757
0.024249464068753
0.024707118910296
0.025160191906215
0.025608357171080
0.026051294171084
0.026488688226821
0.026920231057519
0.027345621358435
0.027764565401367
0.028176777646786
0.028581981354786
0.028979909181148
0.029370303744205
0.029752918148035
0.030127516447743
0.030493874043351
0.030851777989994
0.031201027213889
0.031541432625684
0.031872817125511
0.032195015497088
0.032507874191590
0.032811251005644
0.033105014661446
0.033389044300673
0.033663228907280
0.033927466677338
0.034181664356597
0.034425736568338
0.034659605155089
0.034883198557990
0.035096451256728
0.035299303291234
0.035491699883580
0.035673591174925
0.035844932088036
0.036005682320980
0.036155806472268
0.036295274292312
0.036424061050601
0.036542148003003
0.036649522939049
0.036746180785300
0.036832124238153
0.036907364397730
0.036971921374034
0.037025824837348
0.037069114486911
0.037101840415124
0.037124063348903
0.037135854754987
0.037137296801949
0.037128482178016
0.037109513770281
0.037080504217243
0.037041575352447
0.036992857562106
0.036934489083607
0.036866615274556
0.036789387883310
0.036702964351635
0.036607507178242
0.036503183368429
0.036390163990174
0.036268623850810
0.036138741301364
0.036000698167908
0.035854679801407
0.035700875229914
0.035539477389969
0.035370683408223
0.035194694899856
0.035011718247777
0.034821964825903
0.034625651131354
0.034422998793993
0.034214234437385
0.033999589372702
0.033779299115998
0.033553602729232
0.033322741995898
0.033086960452582
0.032846502307655
0.032601611287024
0.032352529453894
0.032099496054383
0.031842746443210
0.031582511143251
0.031319015089507
0.031052477101863
0.030783109622218
0.030511118740382
0.030236704520085
0.029960061622077
0.029681380206262
0.029400847079943
0.029118647045171
0.028834964385792
0.028549984424701
0.028263895074669
0.027976888302416
0.027689161425747
0.027400918167604
0.027112369398919
0.026823733513828
0.026535236395784
0.026247110950683
0.025959596202574
0.025672935967949
0.025387377144922
0.025103167672939
0.024820554235816
0.024539779795148
0.024261081051425
0.023984685936136
0.023710811239104
0.023439660471227
0.023171422053694
0.022906267910999
0.022644352527204
0.022385812503809
0.022130766634172
0.021879316484956
0.021631547450657
0.021387530224266
0.021147322606646
0.020910971560445
0.020678515402159
0.020449986019121
0.020225410997026
0.020004815548432
0.019788224143163
0.019575661757377
0.019367154678410
0.019162730826358
0.018962419579601
