0.020093853020314
0.020100325475526
0.020103901753322
0.020104559779300
0.020102282249050
0.020097057514794
0.020088880328394
0.020077752400836
0.020063682746623
0.020046687791287
0.020026791230953
0.020004023644156
0.019978421867352
0.019950028156294
0.019918889165162
0.019885054783651
0.019848576878707
0.019809507991988
0.019767900046272
0.019723803113729
0.019677264296417
0.019628326764457
0.019577028990561
0.019523404211018
0.019467480133438
0.019409278900885
0.019348817311003
0.019286107277802
0.019221156513504
0.019153969398570
0.019084548000256
0.019012893194023
0.018939005838148
0.018862887950061
0.018784543833390
0.018703981107277
0.018621211594243
0.018536252029374
0.018449124561636
0.018359857027396
0.018268482986167
0.018175041518976
0.018079576799971
0.017982137461579
0.017882775782280
0.017781546733515
0.017678506928062
0.017573713516217
0.017467223078065
0.017359090560029
0.017249368301731
0.017138105195058
0.017025346011422
0.016911130925840
0.016795495257817
0.016678469439678
0.016560079213147
0.016440346045252
0.016319287745233
0.016196919255702
0.016073253583940
0.015948302833445
0.015822079291739
0.015694596528274
0.015565870456039
0.015435920312197
0.015304769516692
0.015172446373028
0.015038984582162
0.014904423548358
0.014768808464538
0.014632190173804
0.014494624813053
0.014356173253449
0.014216900360773
0.014076874105846
0.013936164561168
0.013794842824286
0.013652979911146
0.013510645663615
0.013367907714514
0.013224830550881
0.013081474711974
0.012937896152816
0.012794145797209
0.012650269296334
0.012506307000639
0.012362294144061
0.012218261231053
0.012074234608782
0.011930237199503
0.011786289361811
0.011642409844535
0.011498616793491
0.011354928769503
0.011211365735879
0.011067949975049
0.010924706897105
0.010781665707553
0.010638859907313
0.010496327604772
0.010354111627189
0.010212259426611
0.010070822783459
0.009929857318685
0.009789421832677
0.009649577495524
0.009510386918734
0.009371913142727
0.009234218577348
0.009097363934121
0.008961407188978
0.008826402612803
0.008692399904348
0.008559443456056
0.008427571778274
0.008296817101345
0.008167205168513
0.008038755225540
0.007911480205881
0.007785387103214
0.007660477516576
0.007536748347391
0.007414192622528
0.007292800413479
0.007172559818784
0.007053457975177
0.006935482062554
0.006818620268799
0.006702862682654
0.006588202086136
0.006474634622246
0.006362160318847
0.006250783455181
0.006140512763562
0.006031361464863
0.005923347142458
0.005816491464875
0.005710819772568
0.005606360548531
0.005503144795999
0.005401205348985
0.005300576142887
0.005201291472842
0.005103385266888
0.005006890399436
0.004911838068113
0.004818257253829
0.004726174280107
0.004635612483495
0.004546592002300
0.004459129686310
0.004373239125595
0.004288930792171
0.004206212284405
0.004125088660656
0.004045562845861
0.003967636092753
0.003891308478130
0.003816579414062
0.003743448154278
0.003671914276956
0.003601978126888
0.003533641202275
0.003466906474185
0.003401778629842
0.003338264234228
0.003276371807928
0.003216111822456
0.003157496617481
0.003100540247205
0.003045258265571
0.002991667461921
0.002939785560115
0.002889630894924
0.002841222079732
0.002794577679218
0.002749715899793
0.002706654309167
0.002665409594640
0.002625997367566
0.002588432019063
0.002552726629586
0.002518892932391
0.002486941328525
0.002456880948652
0.002428719755048
0.002402464675394
0.002378121758792
0.002355696343573
0.002335193226244
0.002316616821069
0.002299971300518
0.002285260707979
0.002272489035675
0.002261660262678
0.002252778350015
0.002245847192204
0.002240870526848
0.002237851806232
0.002236794036879
0.002237699594889
0.002240570026266
0.002245405842480
0.002252206321993
0.002260969328503
0.002271691156176
0.002284366411112
0.002298987936892
0.002315546790220
0.002334032270563
0.002354432005369
0.002376732089981
0.002400917278943
0.002426971223002
0.002454876743971
0.002484616137724
0.002516171494058
0.002549525021111
0.002584659361384
0.002621557886338
0.002660204957026
0.002700586139135
0.002742688362371
0.002786500016012
0.002832010974848
0.002879212552350
0.002928097380818
0.002978659221218
0.003030892708423
0.003084793040357
0.003140355622171
0.003197575678733
0.003256447850458
0.003316965788651
0.003379121767042
0.003442906326070
0.003508307965610
0.003575312900365
0.003643904890017
0.003714065153584
0.003785772374314
0.003859002798040
0.003933730424283
0.004009927285711
0.004087563807990
0.004166609238722
0.004247032131167
0.004328800865984
0.004411884192316
0.004496251768337
0.004581874680901
0.004668725924180
0.004756780818276
0.004846017350538
0.004936416424826
0.005027962007057
0.005120641159004
0.005214443956309
0.005309363290959
0.005405394562866
0.005502535269466
0.005600784506381
0.005700142395883
0.005800609463047
0.005902185982004
0.006004871316354
0.006108663278635
0.006213557533623
0.006319547069106
0.006426621755768
0.006534768014883
0.006643968608782
0.006754202564663
0.006865445237390
0.006977668511698
0.007090841138800
0.007204929197118
0.007319896661800
0.007435706063135
0.007552319210108
0.007669697952268
0.007787804951021
0.007906604430406
0.008026062877560
0.008146149664312
0.008266837563736
0.008388103138941
0.008509926985759
0.008632293816198
0.008755192375359
0.008878615190746
0.009002558159352
0.009127019984249
0.009252001478537
0.009377504759981
0.009503532364449
0.009630086310032
0.009757167146341
0.009884773024782
0.010012898825603
0.010141535376038
0.010270668791038
0.010400279963981
0.010530344229466
0.010660831214003
0.010791704883464
0.010922923788628
0.011054441502498
0.011186207235512
0.011318166607592
0.011450262549544
0.011582436300841
0.011714628466520
0.011846780093030
0.011978833721492
0.012110734377022
0.012242430454599
0.012373874465326
0.012505023611744
0.012635840166996
0.012766291639784
0.012896350715073
0.013025994968971
0.013155206364925
0.013283970546925
0.013412275953464
0.013540112783344
0.013667471850582
0.013794343370577
0.013920715722969
0.014046574238277
0.014171900055186
0.014296669093353
0.014420851182855
0.014544409386009
0.014667299540420
0.014789470044154
0.014910861894965
0.015031408986116
0.015151038651721
0.015269672445156
0.015387227125332
0.015503615817785
0.015618749310985
0.015732537443255
0.015844890532399
0.015955720798706
0.016064943732514
0.016172479359898
0.016278253364234
0.016382198027175
0.016484252959786
0.016584365602797
0.016682491483967
0.016778594229891
0.016872645338995
0.016964623731381
0.017054515099497
0.017142311090694
0.017228008358583
0.017311607524275
0.017393112091058
0.017472527356656
0.017549859365967
0.017625113944140
0.017698295845161
0.017769408044973
0.017838451200908
0.017905423291068
0.017970319438752
0.018033131918345
0.018093850330796
0.018152461929154
0.018208952068052
0.018263304745791
0.018315503204006
0.018365530547984
0.018413370350612
0.018459007204669
0.018502427191646
0.018543618240313
0.018582570354592
0.018619275697649
0.018653728527134
0.018685924984756
0.018715862751504
0.018743540587446
0.018768957781713
0.018792113543756
0.018813006370933
0.018831633429739
0.018847989988429
0.018862068937353
0.018873860430043
0.018883351673148
0.018890526886866
0.018895367449833
0.018897852233959
0.018897958125625
0.018895660720627
