0.044684394585275
0.044803581028113
0.044909743878443
0.045001950194241
0.045079258255451
0.045140792033537
0.045185819343373
0.045213829276013
0.045224604137732
0.045218280988437
0.045195398020746
0.045156921474201
0.045104249543161
0.045039190796038
0.044963915939029
0.044880883268113
0.044792739777561
0.044702201534350
0.044611918478449
0.044524330159077
0.044441519961657
0.044365076027922
0.044295967251747
0.044234442402876
0.044179959579137
0.044131151839828
0.044085833088519
0.044041046145757
0.043993152601865
0.043937961608856
0.043870892411512
0.043787163285156
0.043681997786344
0.043550837957293
0.043389553450711
0.043194635517529
0.042963365442755
0.042693948297412
0.042385604727577
0.042038615816357
0.041654318690637
0.041235053338410
0.040784063879047
0.040305360112733
0.039803547402823
0.039283634675371
0.038750831445326
0.038210345230338
0.037667190466576
0.037126019118081
0.036590981637494
0.036065624896616
0.035552831297067
0.035054800653736
0.034573073787603
0.034108594240611
0.033661802292607
0.033232753656148
0.032821253955055
0.032426999425957
0.032049714245634
0.031689275466127
0.031345817678567
0.031019811134661
0.030712109011732
0.030423961673565
0.030156998005286
0.029913176037222
0.029694706981456
0.029503958367266
0.029343343086408
0.029215201788026
0.029121686173321
0.029064650345857
0.029045556522692
0.029065400182358
0.029124658219396
0.029223262008583
0.029360595578786
0.029535517477726
0.029746403485286
0.029991206196125
0.030267526709467
0.030572693273660
0.030903841743253
0.031257993094686
0.031632123963380
0.032023227136954
0.032428360077035
0.032844680746125
0.033269471185764
0.033700150332835
0.034134278391377
0.034569555635744
0.035003818769518
0.035435037891714
0.035861316742667
0.036280898256886
0.036692176601096
0.037093715900582
0.037484274844162
0.037862835398215
0.038228633039633
0.038581185311288
0.038920315169333
0.039246165565345
0.039559201999504
0.039860200379591
0.040150218386529
0.040430549620689
0.040702661008080
0.040968115194361
0.041228480855710
0.041485234919667
0.041739661535894
0.041992753201015
0.042245119677477
0.042496910230573
0.042747754241276
0.042996724460228
0.043242326096437
0.043482513647724
0.043714735956785
0.043936008502915
0.044143010502739
0.044332203077878
0.044499963627775
0.044642730682888
0.044757152950641
0.044840236028373
0.044889480348544
0.044903004327061
0.044879647373988
0.044819048351220
0.044721696167315
0.044588950422782
0.044423031294479
0.044226979111850
0.044004585272272
0.043760297217380
0.043499101106497
0.043226386548100
0.042947798267782
0.042669079894856
0.042395915143232
0.042133771557440
0.041887751711104
0.041662456307027
0.041461863063004
0.041289224605245
0.041146987861639
0.041036736679372
0.040959158613334
0.040914036068805
0.040900261257188
0.040915873757175
0.040958118882762
0.041023524557856
0.041107993995206
0.041206911181871
0.041315255987446
0.041427725633909
0.041538859292577
0.041643162695713
0.041735229855956
0.041809859261191
0.041862162238797
0.041887661543337
0.041882378597426
0.041842908189632
0.041766479790561
0.041651004976896
0.041495110744759
0.041298158744380
0.041060250677912
0.040782220275458
0.040465612408363
0.040112650022879
0.039726189691862
0.039309666696870
0.038867030675767
0.038402673006522
0.037921347247158
0.037428084111214
0.036928102619794
0.036426719223545
0.035929256816130
0.035440955649067
0.034966888190263
0.034511879931444
0.034080438032804
0.033676689491461
0.033304330234870
0.032966586178963
0.032666186867790
0.032405351847029
0.032185789442742
0.032008707146589
0.031874832377665
0.031784442025591
0.031737398902276
0.031733193057538
0.031770985856329
0.031849654773783
0.031967837031862
0.032123970463091
0.032316330321220
0.032543061139492
0.032802203135542
0.033091713048875
0.033409479645831
0.033753334415643
0.034121058194174
0.034510384580603
0.034919001056718
0.035344548685771
0.035784621172163
0.036236763923645
0.036698473596197
0.037167198440930
0.037640339632954
0.038115253661163
0.038589255806329
0.039059624737269
0.039523608308160
0.039978430734469
0.040421301444759
0.040849426030692
0.041260019825792
0.041650324712989
0.042017629772381
0.042359296319427
0.042672787742175
0.042955704323697
0.043205822940785
0.043421141177791
0.043599925007815
0.043740758799679
0.043842596038662
0.043904808832171
0.043927234036768
0.043910213713506
0.043854627611232
0.043761915500619
0.043634087434682
0.043473720384604
0.043283940174892
0.043068388193866
0.042831172954320
0.042576807191575
0.042310131778725
0.042036228280085
0.041760322426112
0.041487681154739
0.041223506110142
0.040972826613169
0.040740395117915
0.040530588053015
0.040347314726673
0.040193936667980
0.040073199403247
0.039987178245463
0.039937239227927
0.039924015858269
0.039947401922782
0.040006560146634
0.040099946123315
0.040225346574052
0.040379930689812
0.040560313047817
0.040762626383072
0.040982602333947
0.041215658170095
0.041456987451000
0.041701652554367
0.041944677054998
0.042181136025209
0.042406242464907
0.042615428248547
0.042804418191267
0.042969296078872
0.043106561765916
0.043213178710955
0.043286611575693
0.043324853753060
0.043326444897248
0.043290478698030
0.043216601267391
0.043105000587646
0.042956387510758
0.042771968806526
0.042553412744963
0.042302807680341
0.042022614097490
0.041715610600832
0.041384834387083
0.041033516853080
0.040665015154619
0.040282740747725
0.039890086199855
0.039490351837889
0.039086674078415
0.038681957535440
0.038278813190411
0.037879505008957
0.037485907370781
0.037099475522923
0.036721230959749
0.036351763174376
0.035991248626274
0.035639487051441
0.035295954439046
0.034959871155774
0.034630282866801
0.034306151134670
0.033986449927359
0.033670263783446
0.033356883105073
0.033045892006323
0.032737244348648
0.032431324043097
0.032128986371807
0.031831577943730
0.031540933903766
0.031259352102666
0.030989545043386
0.030734571483304
0.030497750529152
0.030282561858980
0.030092536300493
0.029931141359590
0.029801666414476
0.029707112173199
0.029650088654924
0.029632725429894
0.029656597182230
0.029722666892083
0.029831248120200
0.029981987067919
0.030173864322803
0.030405215520051
0.030673769577545
0.030976702711534
0.031310706113065
0.031672064954482
0.032056746285121
0.032460493344618
0.032878923847656
0.033307629853127
0.033742276904380
0.034178700202283
0.034612995643111
0.035041603620011
0.035461383558706
0.035869677249198
0.036264359163448
0.036643872133037
0.037007247017583
0.037354105336460
0.037684644268426
0.037999603942594
0.038300217536905
0.038588145344153
0.038865394629972
0.039134227754643
0.039397061620170
0.039656361994673
0.039914536619474
0.040173831188740
0.040436232284986
0.040703381145661
0.040976501729065
0.041256345957949
0.041543158275032
0.041836660785598
0.042136059336013
0.042440069935470
0.042746964025017
0.043054630283211
0.043360649975907
0.043662382343354
0.043957056194346
0.044241863754897
0.044514052895282
0.044771014119128
0.045010359116084
0.045229988221610
0.045428144754402
0.045603454873090
0.045754952268695
0.045882087652119
0.045984723576526
0.046063115630878
0.046117881439625
0.046149959199793
0.046160557683401
0.046151099739824
0.046123161363227
0.046078408361145
0.046018532588288
0.045945189609839
