0.008123528165237
0.008124257216173
0.008124945332542
0.008125546099352
0.008126021894153
0.008126350533350
0.008126530205552
0.008126581759042
0.008126547732148
0.008126487963109
0.008126472131144
0.008126570088073
0.008126841259720
0.008127324655102
0.008128031064615
0.008128938831068
0.008129994149720
0.008131116242889
0.008132207040456
0.008133164281774
0.008133896346835
0.008134336726865
0.008134455933564
0.008134268860470
0.008133836140802
0.008133258835994
0.008132666736849
0.008132201532730
0.008131996958709
0.008132158629504
0.008132746505705
0.008133762752991
0.008135147149072
0.008136781229275
0.008138501160535
0.008140118057765
0.008141443289890
0.008142315442857
0.008142625159474
0.008142334151081
0.008141485292357
0.008140201808461
0.008138675010512
0.008137141640790
0.008135853430286
0.008135042723769
0.008134888797286
0.008135489646128
0.008136843505586
0.008138843223159
0.008141284961267
0.008143890782066
0.008146342708509
0.008148324141460
0.008149563291929
0.008149872751968
0.008149179581285
0.008147541327249
0.008145145112534
0.008142289108240
0.008139348079750
0.008136726930681
0.008134807966540
0.008133898692715
0.008134187176670
0.008135711280270
0.008138346468753
0.008141814612028
0.008145713494682
0.008149563990326
0.008152869399451
0.008155179634579
0.008156152023570
0.008155600641086
0.008153527284477
0.008150129358225
0.008145782768308
0.008141001104532
0.008136375501568
0.008132502212213
0.008129906743831
0.008128974143175
0.008129894541483
0.008132631418637
0.008136917392110
0.008142278995444
0.008148088289044
0.008153635695283
0.008158215610833
0.008161214494757
0.008162190518335
0.008160934598268
0.008157504658667
0.008152228056839
0.008145670903718
0.008138577057521
0.008131783374440
0.008126120888933
0.008122313573797
0.008120886931149
0.008122097787783
0.008125894388744
0.008131912450027
0.008139508637676
0.008147828477688
0.008155901500712
0.008162752996721
0.008167519521909
0.008169554551356
0.008168511522007
0.008164393888751
0.008157565466881
0.008148718848655
0.008138804543642
0.008128928138188
0.008120226652206
0.008113737927137
0.008110277979581
0.008110340649295
0.008114031602052
0.008121045053532
0.008130686862852
0.008141942428707
0.008153582694817
0.008164297118881
0.008172839194041
0.008178168419095
0.008179572704602
0.008176757089620
0.008169888139704
0.008159588131185
0.008146878588481
0.008133078333735
0.008119666315364
0.008108123536202
0.008099770946055
0.008095620902499
0.008096258637271
0.008101767199512
0.008111704883319
0.008125138650934
0.008140731114384
0.008156872869371
0.008171847002756
0.008184008954937
0.008191963008969
0.008194716716844
0.008191796574332
0.008183312027663
0.008169960061469
0.008152968654124
0.008133983677977
0.008114909722659
0.008097720221562
0.008084255655501
0.008076030135182
0.008074066153857
0.008078774785793
0.008089894317991
0.008106494651690
0.008127048343022
0.008149562497149
0.008171759536797
0.008191289741459
0.008205954904278
0.008213920837842
0.008213896953628
0.008205263720968
0.008188133263364
0.008163334282695
0.008132319388386
0.008097000134676
0.008059521988713
0.008021997446390
0.007986220043826
0.007953384670224
0.007923840124672
0.007896898208477
0.007870719923635
0.007842293846396
0.007807514896679
0.007761364069650
0.007698181835537
0.007612020458632
0.007497054008767
0.007348019828288
0.007160662045980
0.006932146624334
0.006661418459198
0.006349474135525
0.005999528848998
0.005617062376578
0.005209736372890
0.004787183178839
0.004360674229447
0.003942683531373
0.003546368089170
0.003184992213125
0.002871326059585
0.002617050367523
0.002432199109371
0.002324669729453
0.002299826961933
0.002360221151594
0.002505435862263
0.002732072712316
0.003033874210920
0.003401978270305
0.003825291407637
0.004290961758155
0.004784928181995
0.005292518182452
0.005799065216684
0.006290515352391
0.006753994113362
0.007178306699615
0.007554348433081
0.007875407075867
0.008137344351167
0.008338650280778
0.008480370522108
0.008565913408648
0.008600749536930
0.008592022178970
0.008548091241293
0.008478036694211
0.008391149172617
0.008296435689490
0.008202167075265
0.008115490917919
0.008042129577134
0.007986177512773
0.007950006009687
0.007934276763440
0.007938059119363
0.007959039449558
0.007993805615450
0.008038185062974
0.008087612132564
0.008137498844890
0.008183583845913
0.008222236341532
0.008250695581192
0.008267231503565
0.008271218177866
0.008263118226798
0.008244383021040
0.008217279599591
0.008184660531434
0.008149696891994
0.008115596879755
0.008085333164065
0.008061400794247
0.008045624517867
0.008039029897400
0.008041787046138
0.008053229586103
0.008071945079233
0.008095927228175
0.008122775083415
0.008149920754044
0.008174865013344
0.008195399891253
0.008209798870473
0.008216958509483
0.008216479913241
0.008208684046676
0.008194560935199
0.008175658775047
0.008153924345074
0.008131510385963
0.008110568408057
0.008093046455867
0.008080510606066
0.008074006485698
0.008073973109471
0.008080216231234
0.008091942671703
0.008107851268224
0.008126270746612
0.008145330448026
0.008163146869608
0.008178007675290
0.008188535320148
0.008193814650886
0.008193472570637
0.008187702715096
0.008177233594914
0.008163244268965
0.008147236768013
0.008130878678378
0.008115832107640
0.008103586415429
0.008095311494957
0.008091746105788
0.008093132026818
0.008099200008459
0.008109208148956
0.008122027952696
0.008136268498571
0.008150425347434
0.008163038434765
0.008172842464982
0.008178894312168
0.008180664523509
0.008178083934721
0.008171541221819
0.008161832418559
0.008150068472278
0.008137551261210
0.008125631697666
0.008115565262617
0.008108380386086
0.008104773510245
0.008105041630333
0.008109058941121
0.008116299381997
0.008125901899251
0.008136770669884
0.008147698850029
0.008157502015778
0.008165146604479
0.008169859420593
0.008171206543883
0.008169133505079
0.008163962974212
0.008156350947667
0.008147206992907
0.008137588008926
0.008128577758771
0.008121165827178
0.008116139510079
0.008114000486276
0.008114915157416
0.008118703618576
0.008124867791943
0.008132654826928
0.008141147943867
0.008149373915449
0.008156414668759
0.008161510231435
0.008164141449797
0.008164083418784
0.008161424077922
0.008156546526844
0.008150077817296
0.008142810798410
0.008135608590502
0.008129303102446
0.008124599490359
0.008121997543395
0.008121738802228
0.008123785040927
0.008127829960790
0.008133342009411
0.008139632616473
0.008145941252836
0.008151526902138
0.008155754983443
0.008158169525227
0.008158542353365
0.008156893964977
0.008153484252170
0.008148774886074
0.008143368531205
0.008137932732979
0.008133117996323
0.008129480065485
0.008127415685525
0.008127119285203
0.008128565313309
0.008131517732169
0.008135564827640
0.008140174446083
0.008144762384449
0.008148765219948
0.008151708529873
0.008153262239542
0.008153276626887
0.008151795063560
0.008149042551689
0.008145392142710
0.008141314021306
0.008137314073311
0.008133869890776
0.008131372277782
0.008130079415747
0.008130089064057
0.008131331755890
0.008133585220527
0.008136507575544
0.008139684525555
0.008142684163116
0.008145112185280
0.008146660494801
0.008147143205048
0.008146515854944
0.008144875916141
0.008142445133426
0.008139536558799
0.008136511023502
