0.235276210616868
0.239786933156135
0.243623145558835
0.246729286467075
0.249070550247558
0.250634360287399
0.251431272626580
0.251495310172496
0.250883742301472
0.249676335926757
0.247974112090661
0.245897647120584
0.243584959929597
0.241189027869780
0.238874973470118
0.236816964205527
0.235194867843950
0.234190707425170
0.233984962836886
0.234752770322117
0.236660076886181
0.239859813063710
0.244488154281921
0.250660947435462
0.258470384553200
0.267982008902319
0.279232139944885
0.292225801779363
0.306935234776738
0.323299061951302
0.341222170263120
0.360576352766141
0.381201740661322
0.402909035359583
0.425482530144423
0.448683889532857
0.472256632566105
0.495931244625835
0.519430821570921
0.542477130623304
0.564796955094900
0.586128575332441
0.606228226746535
0.624876368049091
0.641883589373786
0.657095991254741
0.670399871843764
0.681725571469649
0.691050340717014
0.698400120444978
0.703850149159176
0.707524344223956
0.709593437648103
0.710271883471046
0.709813590824731
0.708506573142952
0.706666638295358
0.704630275237594
0.702746918815652
0.701370794561458
0.700852558845428
0.701530956092762
0.703724713734825
0.707724887300426
0.713787853014086
0.722129124201994
0.732918141678261
0.746274158230275
0.762263304574459
0.780896889975927
0.802130956346665
0.825867071201487
0.851954313369742
0.880192376687819
0.910335691705838
0.942098444224388
0.975160352547980
1.009173052850761
1.043766934002755
1.078558259481367
1.113156414373588
1.147171119657967
1.180219463582456
1.211932610619912
1.241962061753535
1.269985355269956
1.295711114357243
1.318883366160074
1.339285076080983
1.356740860593805
1.371118861230480
1.382331781313388
1.390337105058634
1.395136535526846
1.396774703235188
1.395337210794609
1.390948090459031
1.383766760774104
1.373984575435445
1.361821061899055
1.347519949168240
1.331345083498890
1.313576327562110
1.294505532982344
1.274432668292344
1.253662174441886
1.232499608350905
1.211248621958936
1.190208310187031
1.169670946635889
1.149920111159656
1.131229199155087
1.113860288958284
1.098063331588167
1.084075616613134
1.072121459481227
1.062412049506604
1.055145394024551
1.050506293108702
1.048666280691721
1.049783471871577
1.054002262469346
1.061452835320787
1.072250438065749
1.086494409042419
1.104266940955883
1.125631585911214
1.150631519792805
1.179287598437910
1.211596252173710
1.247527278640175
1.287021605964843
1.329989108848584
1.376306568523900
1.425815873433360
1.478322560454291
1.533594796224617
1.591362894338124
1.651319456707752
1.713120216198051
1.776385642797167
1.840703357387742
1.905631375997851
1.970702183841088
2.035427613209779
2.099304473207821
2.161820853338195
2.222462998072501
2.280722626718274
2.336104553104985
2.388134443677635
2.436366541234802
2.480391175305004
2.519841879358717
2.554401939815174
2.583810212009879
2.607866053616219
2.626433245936040
2.639442797299190
2.646894549717798
2.648857539017642
2.645469088958778
2.636932650402721
2.623514426463270
2.605538852937414
2.583383029405302
2.557470219568825
2.528262559166503
2.496253125777272
2.461957536764757
2.425905249394360
2.388630740767522
2.350664744755033
2.312525718748319
2.274711705039862
2.237692740299636
2.201903952303749
2.167739466192973
2.135547223534671
2.105624796793669
2.078216259962947
2.053510153555413
2.031638559398540
2.012677278185332
1.996647080974033
1.983515985225021
1.973202486903713
1.965579662998108
1.960480043781585
1.957701141509967
1.957011512128650
1.958157219067673
1.960868563342764
1.964866941929472
1.969871696656532
1.975606818557378
1.981807377580657
1.988225554630481
1.994636161906543
2.000841548267596
2.006675798662274
2.012008150376692
2.016745563748838
2.020834400900365
2.024261182728596
2.027052411661872
2.029273465265336
2.031026583424703
2.032447989243742
2.033704200661278
2.034987605801537
2.036511389896726
2.038503914941616
2.041202664757335
2.044847877585415
2.049675995475053
2.055913064387723
2.063768221006097
2.073427401638796
2.085047405364470
2.098750437722742
2.114619252954579
2.132693002187143
2.152963882256254
2.175374665298803
2.199817173091225
2.226131742635703
2.254107710997422
2.283484928175623
2.313956287163838
2.345171240645521
2.376740254317829
2.408240127988893
2.439220097715488
2.469208615707688
2.497720689899922
2.524265652337644
2.548355215203484
2.569511665720281
2.587276046580036
2.601216167161382
2.610934292722067
2.616074364020057
2.616328608343058
2.611443414538556
2.601224359052924
2.585540286840432
2.564326369849299
2.537586086128099
2.505392083891760
2.467885916597422
2.425276656677404
2.377838416566972
2.325906825606810
2.269874529917807
2.210185799136806
2.147330338729402
2.081836419298484
2.014263444772077
1.945194089521977
1.875226140302062
1.804964182391938
1.735011270487840
1.665960723698708
1.598388180488757
1.532844043568003
1.469846436596272
1.409874784183198
1.353364114130581
1.300700166315492
1.252215376264745
1.208185783606770
1.168828896565253
1.134302523914247
1.104704565841394
1.080073735506280
1.060391164296083
1.045582826429345
1.035522703164901
1.030036593896978
1.028906471233207
1.031875270023658
1.038651996377128
1.048917041979207
1.062327591401459
1.078523015335911
1.097130150476703
1.117768376703215
1.140054413846459
1.163606773174025
1.188049812339808
1.213017356472029
1.238155861913428
1.263127112530347
1.287610451176226
1.311304560585786
1.333928818492003
1.355224260939697
1.374954195484430
1.392904512100472
1.408883744075053
1.422722933846104
1.434275359566746
1.443416177091269
1.450042029041465
1.454070667639865
1.455440631156344
1.454111005244258
1.450061290361049
1.443291385180568
1.433821683799310
1.421693272079870
1.406968196188970
1.389729764835458
1.370082836471986
1.348154034342956
1.324091826246701
1.298066402646460
1.270269286626986
1.240912612327181
1.210228014921769
1.178465084859623
1.145889351630712
1.112779777426608
1.079425758161212
1.046123647812141
1.013172841241958
0.980871469837061
0.949511782721740
0.919375303248176
0.890727865253992
0.863814645610904
0.838855318339946
0.816039460624475
0.795522342108251
0.777421225745306
0.761812301121743
0.748728359680868
0.738157305868043
0.730041579215050
0.724278540273826
0.720721848668033
0.719183835041616
0.719438841115233
0.721227474247607
0.724261695716522
0.728230636274135
0.732807009272387
0.737653971631153
0.742432266893480
0.746807473233629
0.750457173074810
0.753077860295747
0.754391406039666
0.754150914871231
0.752145819236716
0.748206081443812
0.742205398062398
0.734063330941210
0.723746320959152
0.711267574069520
0.696685842943790
0.680103160320296
0.661661610758169
0.641539254692622
0.619945341404817
0.597114964853081
0.573303327583375
0.548779782737241
0.523821822400706
0.498709172405838
0.473718139747597
0.449116339855579
0.425157908169984
0.402079275124829
0.380095557180337
0.359397590451766
0.340149609182301
0.322487550080505
0.306517946429392
0.292317363601762
0.279932320547840
0.269379639925146
0.260647172394969
0.253694847433690
0.248456012722067
0.244839035491108
0.242729150722080
0.241990551429939
0.242468724136092
0.243993037018072
0.246379588388196
0.249434318757846
0.252956380858708
0.256741749098039
0.260587033878779
0.264293448185392
0.267670855212059
0.270541808094841
0.272745477506977
0.274141351374758
