0.219465294915780
0.218427931347417
0.217530145155189
0.216804305006271
0.216277546859377
0.215970878648283
0.215898481853334
0.216067232185489
0.216476454357091
0.217117918229097
0.217976075764197
0.219028530440366
0.220246723344388
0.221596813309728
0.223040722405063
0.224537313006509
0.226043658750624
0.227516368979402
0.228912924922577
0.230192985842577
0.231319624674474
0.232260455266202
0.232988617061430
0.233483587831871
0.233731800689435
0.233727047899495
0.233470660764495
0.232971461832213
0.232245492681417
0.231315527330712
0.230210387695930
0.228964083297158
0.227614802421590
0.226203786043762
0.224774118883078
0.223369473967082
0.222032847930153
0.220805324010046
0.219724898342076
0.218825402759281
0.218135553982312
0.217678154947122
0.217469469214596
0.217518784093491
0.217828172456192
0.218392457410704
0.219199378186850
0.220229949968150
0.221459005111807
0.222855898390140
0.224385354682160
0.226008434045594
0.227683586385829
0.229367766061427
0.231017575752625
0.232590408770371
0.234045559675201
0.235345274560566
0.236455714567221
0.237347809048436
0.237997978201185
0.238388708805464
0.238508970855263
0.238354467199307
0.237927712716494
0.237237943912644
0.236300864030654
0.235138232713560
0.233777312859328
0.232250190480544
0.230592986069024
0.228844978118494
0.227047661046456
0.225243760764216
0.223476231571492
0.221787257913065
0.220217283856486
0.218804091970264
0.217581951649241
0.216580854903963
0.215825855265769
0.215336522825165
0.215126525586382
0.215203344354869
0.215568125345097
0.216215671669342
0.217134571906196
0.218307461108208
0.219711406943669
0.221318411223915
0.223096014884937
0.225007992602922
0.227015121654199
0.229076008399622
0.231147954894674
0.233187847604791
0.235153050040904
0.237002281316042
0.238696463148622
0.240199518684578
0.241479107656965
0.242507283822070
0.243261062275513
0.243722886126910
0.243880984061119
0.243729612499336
0.243269178353819
0.242506240703692
0.241453392063902
0.240129022231795
0.238556969934206
0.236766069621042
0.234789602720276
0.232664664447553
0.230431458817984
0.228132535809104
0.225811985647707
0.223514605920120
0.221285057621417
0.219167026356772
0.217202404685935
0.215430511065120
0.213887360000957
0.212604996906525
0.211610909764122
0.210927528082942
0.210571817826705
0.210554979016020
0.210882250624669
0.211552825233298
0.212559873724437
0.213890678145732
0.215526868779844
0.217444759483530
0.219615773535844
0.222006950603623
0.224581524023407
0.227299556439741
0.230118620950890
0.232994514308392
0.235881988403683
0.238735486253624
0.241509868960274
0.244161120655738
0.246647019231069
0.248927761664405
0.250966533978324
0.252730017236892
0.254188822502703
0.255317849275800
0.256096563590903
0.256509193618264
0.256544842259574
0.256197517818312
0.255466085321446
0.254354142447851
0.252869825253653
0.251025549956112
0.248837697930775
0.246326251781592
0.243514390855580
0.240428054892769
0.237095484633000
0.233546748152675
0.229813261489220
0.225927311744571
0.221921590359347
0.217828743636593
0.213680946889021
0.209509507807965
0.205344503827395
0.201214457402590
0.197146052260350
0.193163892823266
0.189290308180831
0.185545201188548
0.181945942533937
0.178507308924600
0.175241463934722
0.172157979496848
0.169263895547837
0.166563814931856
0.164060030327861
0.161752679701786
0.159639926580918
0.157718161305554
0.155982219326141
0.154425612577888
0.153040769974376
0.151819283112464
0.150752153368414
0.149830036685795
0.149043482506444
0.148383163473220
0.147840092735860
0.147405825916573
0.147072645039075
0.146833721991887
0.146683259383213
0.146616606949081
0.146630351997809
0.146722382710464
0.146891923467447
0.147139541733129
0.147467126401624
0.147877837883708
0.148376030594876
0.148967148883333
0.149657597810459
0.150454590560678
0.151365974607884
0.152400039097320
0.153565306210118
0.154870309558295
0.156323362906301
0.157932322727174
0.159704348273499
0.161645662971704
0.163761321030738
0.166054983189564
0.168528705510997
0.171182745060279
0.174015386184934
0.177022790937346
0.180198876953299
0.183535225819354
0.187021024630262
0.190643043056780
0.194385647816202
0.198230855965918
0.202158427927521
0.206146000599847
0.210169260338618
0.214202154973772
0.218217143409487
0.222185480713742
0.226077535962096
0.229863139463148
0.233511955370859
0.236993875092019
0.240279426336822
0.243340192148870
0.246149233799477
0.248681511052779
0.250914293014337
0.252827552578611
0.254404337400571
0.255631110343445
0.256498052506380
0.256999322218930
0.257133263807755
0.256902560496332
0.256314326489434
0.255380134116263
0.254115972851685
0.252542138093147
0.250683048727002
0.248566993754760
0.246225809546375
0.243694490620660
0.241010738196575
0.238214452085717
0.235347172776630
0.232451481766261
0.229570369293009
0.226746579590633
0.224021944585576
0.221436717577003
0.219028918847154
0.216833705331558
0.214882776420472
0.213203827656031
0.211820063530726
0.210749779784628
0.210006024549299
0.209596346410362
0.209522635977863
0.209781065889723
0.210362132359444
0.211250799449467
0.212426745245605
0.213864707066996
0.215534920814006
0.217403647578014
0.219433778756457
0.221585509177479
0.223817066181766
0.226085481272920
0.228347389865214
0.230559843857545
0.232681121267497
0.234671516985615
0.236494098866798
0.238115413864852
0.239506129732591
0.240641598940437
0.241502332891680
0.242074376205723
0.242349572769013
0.242325717378893
0.242006589085168
0.241401864721468
0.240526913563745
0.239402476505751
0.238054235549292
0.236512281719440
0.234810491682033
0.232985825316230
0.231077558235095
0.229126464713768
0.227173967644601
0.225261272964234
0.223428506468904
0.221713871037600
0.220152842011991
0.218777417839182
0.217615442076982
0.216690011508354
0.216018983435579
0.215614593255970
0.215483191196458
0.215625104646440
0.216034629924249
0.216700154593813
0.217604408669216
0.218724840262414
0.220034108501552
0.221500683931742
0.223089544164051
0.224762950316174
0.226481287841611
0.228203953719830
0.229890270719696
0.231500408587239
0.232996291574403
0.234342471737242
0.235506947900476
0.236461911111504
0.237184398781946
0.237656841519543
0.237867488858675
0.237810702664694
0.237487109867370
0.236903609314349
0.236073230861693
0.235014848262957
0.233752750903648
0.232316082873016
0.230738161186567
0.229055688087160
0.227307875178610
0.225535499605516
0.223779914515663
0.222082037563263
0.220481342179614
0.219014876711658
0.217716336280761
0.216615211331920
0.215736035330616
0.215097751941351
0.214713219325247
0.214588865977529
0.214724508858601
0.215113340538634
0.215742087771809
0.216591339450056
0.217636037373241
0.218846118833789
0.220187295772041
0.221621951335887
0.223110131190874
0.224610603983939
0.226081963061268
0.227483739960176
0.228777499399761
0.229927885528017
0.230903590064669
0.231678214705225
0.232231002694483
0.232547417783789
0.232619552778661
0.232446354462598
0.232033656729322
0.231394019132372
0.230546373617636
0.229515487780938
0.228331258424652
0.227027854309546
0.225642731651362
0.224215549946493
0.222787018993250
0.221397710390441
0.220086868252265
0.218891254315010
0.217844061993169
0.216973932269411
0.216304101605653
0.215851708405507
0.215627280037290
0.215634417166152
0.215869686294667
