0.215894703137585
0.214587292434617
0.213173445535664
0.211671974340825
0.210103018924330
0.208487764543673
0.206848142923616
0.205206522469518
0.203585392245639
0.202007044650816
0.200493261734152
0.199065010016667
0.197742148522666
0.196543154480099
0.195484870826967
0.194582279267484
0.193848302164710
0.193293636044982
0.192926618933661
0.192753133152444
0.192776544597473
0.192997678896396
0.193414834223764
0.194023829949269
0.194818089714121
0.195788756987929
0.196924840661766
0.198213387791761
0.199639680228581
0.201187451558324
0.202839120543632
0.204576037093471
0.206378736707289
0.208227199333428
0.210101108651046
0.211980107925411
0.213844048793291
0.215673229601934
0.217448620244030
0.219152070793807
0.220766501646574
0.222276073286046
0.223666334240580
0.224924346231118
0.226038785950298
0.227000023334768
0.227800176592397
0.228433144615232
0.228894617740930
0.229182068114458
0.229294721143882
0.229233509736110
0.229001013139056
0.228601382305612
0.228040253733425
0.227324653724999
0.226462894959021
0.225464467170507
0.224339923609946
0.223100764796481
0.221759320903897
0.220328633927867
0.218822340585703
0.217254556702791
0.215639763649559
0.213992697215478
0.212328239147816
0.210661311447082
0.209006773402394
0.207379321270781
0.205793390456383
0.204263060029259
0.202801959438015
0.201423177314517
0.200139172339162
0.198961686228484
0.197901659018208
0.196969146939658
0.196173243319496
0.195522003066726
0.195022371440304
0.194680117909809
0.194499776024652
0.194484590289078
0.194636471095897
0.194955958797860
0.195442197988618
0.196092923023356
0.196904455731637
0.197871716161629
0.198988247047287
0.200246252510302
0.201636651300459
0.203149144645444
0.204772298529723
0.206493639957492
0.208299766483603
0.210176468025462
0.212108859705385
0.214081524223744
0.216078662035318
0.218084247401046
0.220082188220660
0.222056487423777
0.223991403611880
0.225871608604784
0.227682339554423
0.229409543347236
0.231040011123556
0.232561500896811
0.233962846453981
0.235234050957937
0.236366363946811
0.237352340729475
0.238185883502935
0.238862263859318
0.239378126699633
0.239731475920297
0.239921642578542
0.239949236566420
0.239816083122364
0.239525145777466
0.239080437564451
0.238486922505278
0.237750409534446
0.236877441106065
0.235875178771812
0.234751288003548
0.233513824469203
0.232171123855860
0.230731697172768
0.229204133264001
0.227597010020945
0.225918815515290
0.224177879980539
0.222382319262325
0.220539990042453
0.218658456827272
0.216744970385261
0.214806457029699
0.212849517876993
0.210880436976487
0.208905197008789
0.206929501091897
0.204958799121134
0.202998317002430
0.201053087120284
0.199127978411272
0.197227724490134
0.195356948395463
0.193520182681896
0.191721883780987
0.189966439777292
0.188258170993499
0.186601323041341
0.185000052266055
0.183458403783583
0.181980282573946
0.180569418343617
0.179229325097592
0.177963256561438
0.176774158759648
0.175664621184210
0.174636828073148
0.173692511360094
0.172832906851984
0.172058715142405
0.171370068674554
0.170766506232570
0.170246955966979
0.169809727853804
0.169452516253162
0.169172412978360
0.168965931017553
0.168829038774252
0.168757204418133
0.168745449670893
0.168788412101104
0.168880414773594
0.169015541899492
0.169187718967970
0.169390795714703
0.169618630198489
0.169865172218850
0.170124544314895
0.170391118639153
0.170659588098162
0.170925030291860
0.171182962962436
0.171429389875659
0.171660836298122
0.171874373495821
0.172067631956201
0.172238803319616
0.172386631289699
0.172510392067500
0.172609865114401
0.172685295286453
0.172737347591581
0.172767055995659
0.172775767838734
0.172765085515325
0.172736807120051
0.172692867760785
0.172635283195761
0.172566097360317
0.172487335215085
0.172400962174674
0.172308851168510
0.172212758149372
0.172114306606541
0.172014981366565
0.171916131682793
0.171818983332780
0.171724659168010
0.171634207300942
0.171548635876863
0.171468953169303
0.171396211563537
0.171331553857731
0.171276260219475
0.171231794089548
0.171199845326009
0.171182368930448
0.171181617793301
0.171200168034215
0.171240935692956
0.171307183741738
0.171402518635538
0.171530875886470
0.171696494434602
0.171903879883346
0.172157756964607
0.172463011889865
0.172824625520226
0.173247598544150
0.173736870079090
0.174297231306923
0.174933235907268
0.175649109163910
0.176448657684314
0.177335181689005
0.178311391795952
0.179379332145725
0.180540311588239
0.181794844484614
0.183142602472258
0.184582378303290
0.186112062601960
0.187728634102500
0.189428163632545
0.191205831806291
0.193055960093682
0.194972054644978
0.196946861981040
0.198972435415709
0.201040210863476
0.203141090508834
0.205265532677265
0.207403646154896
0.209545287156418
0.211680157139675
0.213797899709644
0.215888194942594
0.217940849590219
0.219945881789154
0.221893599098487
0.223774668911025
0.225580180526116
0.227301698426160
0.228931306557837
0.230461643675280
0.231885930048541
0.233197986069608
0.234392243493600
0.235463750228597
0.236408169729105
0.237221776151238
0.237901446489666
0.238444650935504
0.238849442670140
0.239114448243542
0.239238859578624
0.239222428499493
0.239065464504648
0.238768836302353
0.238333977400178
0.237762895801165
0.237058187612470
0.236223054126251
0.235261321694586
0.234177463497931
0.232976622107213
0.231664631569428
0.230248037611888
0.228734114465517
0.227130876756920
0.225447084915161
0.223692242583371
0.221876584618025
0.220011054398513
0.218107269354022
0.216177473840081
0.214234478758447
0.212291587605244
0.210362508946755
0.208461255652104
0.206602031549491
0.204799106508808
0.203066681280069
0.201418743725558
0.199868918365737
0.198430311407390
0.197115353630036
0.195935643667764
0.194901794333155
0.194023284684547
0.193308320534896
0.192763706039391
0.192394728879806
0.192205061388549
0.192196679727549
0.192369802961048
0.192722853542783
0.193252440383612
0.193953365282970
0.194818653104978
0.195839605666160
0.197005878885747
0.198305582340339
0.199725399971266
0.201250730323551
0.202865844358123
0.204554058580534
0.206297920976155
0.208079407038741
0.209880123029714
0.211681513512511
0.213465070170382
0.215212538937405
0.216906122549130
0.218528675748642
0.220063890561785
0.221496469276575
0.222812283020762
0.223998514120880
0.225043780739065
0.225938242612464
0.226673687056450
0.227243594729473
0.227643184986554
0.227869440963191
0.227921114825425
0.227798713889330
0.227504468549626
0.227042283158654
0.226417671161239
0.225637675916410
0.224710778723317
0.223646795616883
0.222456764510676
0.221152824242996
0.219748087031191
0.218256505763102
0.216692737458446
0.215072004122363
0.213409952093895
0.211722510869593
0.210025752262358
0.208335750642966
0.206668444911542
0.205039502762162
0.203464187739230
0.201957229541457
0.200532698009417
0.199203881236249
0.197983168266957
0.196881936898536
0.195910447157680
0.195077741111652
0.194391549756479
0.193858207819861
0.193482577408586
0.193267981515874
0.193216148477062
0.193327168516472
0.193599463558704
0.194029771478893
0.194613145934343
0.195342972850767
0.196211004528008
0.197207412180681
0.198320857539124
0.199538583906124
0.200846526797661
0.202229443995288
0.203671064508554
0.205154255594281
0.206661206612812
0.208173628127379
0.209672964280557
