0.021180120091516
0.021279013286017
0.021381814548461
0.021488370531656
0.021598482029170
0.021711905153458
0.021828353012451
0.021947497875793
0.022068973816570
0.022192379809194
0.022317283258919
0.022443223933531
0.022569718263041
0.022696263968723
0.022822344978748
0.022947436583899
0.023071010783552
0.023192541769225
0.023311511490664
0.023427415247583
0.023539767248946
0.023648106080965
0.023752000024925
0.023851052166477
0.023944905239162
0.024033246146711
0.024115810111009
0.024192384395551
0.024262811557767
0.024326992187607
0.024384887094391
0.024436518908927
0.024481973073395
0.024521398197312
0.024555005764072
0.024583069178966
0.024605922156244
0.024623956449514
0.024637618936643
0.024647408077158
0.024653869766909
0.024657592621411
0.024659202725693
0.024659357894648
0.024658741493681
0.024658055874835
0.024658015488545
0.024659339735503
0.024662745627014
0.024668940325343
0.024678613638104
0.024692430542563
0.024711023816743
0.024734986854602
0.024764866742015
0.024801157669099
0.024844294752341
0.024894648337218
0.024952518848378
0.025018132250205
0.025091636175513
0.025173096774492
0.025262496329694
0.025359731676000
0.025464613457130
0.025576866242446
0.025696129519617
0.025821959570222
0.025953832226699
0.026091146500172
0.026233229059865
0.026379339535927
0.026528676608811
0.026680384839840
0.026833562189395
0.026987268161360
0.027140532505112
0.027292364399563
0.027441762037572
0.027587722523603
0.027729251992743
0.027865375855342
0.027995149068447
0.028117666333107
0.028232072115412
0.028337570388933
0.028433433996946
0.028519013534636
0.028593745654155
0.028657160699187
0.028708889580297
0.028748669807989
0.028776350606853
0.028791897041532
0.028795393093330
0.028787043635119
0.028767175261661
0.028736235942478
0.028694793474924
0.028643532725982
0.028583251662483
0.028514856180801
0.028439353758533
0.028357845962047
0.028271519855136
0.028181638364985
0.028089529672445
0.027996575703811
0.027904199811059
0.027813853736538
0.027727003966490
0.027645117585247
0.027569647748605
0.027502018900507
0.027443611861764
0.027395748923084
0.027359679077037
0.027336563524791
0.027327461593471
0.027333317198777
0.027354945985069
0.027393023271503
0.027448072927946
0.027520457298452
0.027610368282898
0.027717819679259
0.027842640879734
0.027984472003828
0.028142760540465
0.028316759559414
0.028505527539839
0.028707929850747
0.028922641904552
0.029148153991116
0.029382777785489
0.029624654508326
0.029871764703710
0.030121939584994
0.030372873885387
0.030622140136518
0.030867204285185
0.031105442546085
0.031334159376632
0.031550606449078
0.031752002485243
0.031935553810161
0.032098475473195
0.032238012778434
0.032351463060835
0.032436197540399
0.032489683083927
0.032509503702478
0.032493381612638
0.032439197691120
0.032345011155017
0.032209078304200
0.032029870167947
0.031806088904753
0.031536682812438
0.031220859815066
0.030858099303713
0.030448162219740
0.029991099281787
0.029487257271191
0.028937283304764
0.028342127038757
0.027703040763308
0.027021577362513
0.026299586131437
0.025539206457707
0.024742859391673
0.023913237145387
0.023053290576679
0.022166214730258
0.021255432522946
0.020324576674708
0.019377470000978
0.018418104194744
0.017450617238920
0.016479269600479
0.015508419367715
0.014542496500585
0.013585976371474
0.012643352779675
0.011719110627502
0.010817698449118
0.009943500984843
0.009100811993964
0.008293807497791
0.007526519642034
0.006802811363373
0.006126352039562
0.005500594295461
0.004928752129144
0.004413780512769
0.003958356612198
0.003564862757677
0.003235371285109
0.002971631353868
0.002775057832716
0.002646722330304
0.002587346431158
0.002597297182016
0.002676584857056
0.002824863014065
0.003041430837073
0.003325237744506
0.003674890225705
0.004088660852741
0.004564499399038
0.005100045981445
0.005692646128242
0.006339367662173
0.007037019275138
0.007782170659663
0.008571174051863
0.009400187031279
0.010265196414954
0.011162043076235
0.012086447513299
0.013034035988224
0.014000367054596
0.014980958290197
0.015971313051258
0.016966947066047
0.017963414688175
0.018956334633975
0.019941415033509
0.020914477631187
0.021871480979580
0.022808542478703
0.023721959122716
0.024608226826658
0.025464058217259
0.026286398784126
0.027072441300441
0.027819638435700
0.028525713496872
0.029188669248502
0.029806794776616
0.030378670375790
0.030903170453140
0.031379464457336
0.031807015854825
0.032185579189170
0.032515195272754
0.032796184572845
0.033029138866163
0.033214911247544
0.033354604588898
0.033449558554497
0.033501335287416
0.033511703889882
0.033482623827095
0.033416227389893
0.033314801356275
0.033180767995422
0.033016665560227
0.032825128415718
0.032608866950875
0.032370647420484
0.032113271861586
0.031839558226089
0.031552320866951
0.031254351510366
0.030948400840374
0.030637160815513
0.030323247829548
0.030009186819971
0.029697396419007
0.029390175232369
0.029089689320972
0.028797960950455
0.028516858662658
0.028248088712269
0.027993187900857
0.027753517829374
0.027530260579208
0.027324415820950
0.027136799339325
0.026968042952364
0.026818595792831
0.026688726910331
0.026578529143435
0.026487924202615
0.026416668896908
0.026364362429970
0.026330454684675
0.026314255409667
0.026314944216278
0.026331581290074
0.026363118717937
0.026408412329099
0.026466233946870
0.026535283946967
0.026614204018351
0.026701590023289
0.026796004854939
0.026895991193095
0.027000084061842
0.027106823096573
0.027214764432275
0.027322492129946
0.027428629063568
0.027531847196063
0.027630877179143
0.027724517218745
0.027811641154927
0.027891205712415
0.027962256885605
0.028023935429456
0.028075481435447
0.028116237979507
0.028145653836444
0.028163285262940
0.028168796858492
0.028161961520785
0.028142659518767
0.028110876713161
0.028066701960212
0.028010323740129
0.027942026056852
0.027862183660499
0.027771256647978
0.027669784500947
0.027558379623341
0.027437720443213
0.027308544145574
0.027171639104268
0.027027837081705
0.026878005265468
0.026723038210485
0.026563849754536
0.026401364973481
0.026236512240641
0.026070215452411
0.025903386479327
0.025736917898578
0.025571676060317
0.025408494536212
0.025248167994374
0.025091446540335
0.024939030559012
0.024791566087691
0.024649640745073
0.024513780236306
0.024384445448784
0.024262030148373
0.024146859280602
0.024039187876380
0.023939200556874
0.023847011627485
0.023762665746309
0.023686139148152
0.023617341401129
0.023556117669098
0.023502251449698
0.023455467754640
0.023415436696092
0.023381777440553
0.023354062489556
0.023331822244830
0.023314549814268
0.023301706014080
0.023292724522013
0.023287017136309
0.023283979095301
0.023282994413103
0.023283441187744
0.023284696839333
0.023286143237423
0.023287171678526
0.023287187676892
0.023285615533993
0.023281902654756
0.023275523581329
0.023265983718163
0.023252822725210
0.023235617559310
0.023213985147058
0.023187584675827
0.023156119492972
0.023119338606607
0.023077037784703
0.023029060252535
0.022975296991723
0.022915686647223
0.022850215051626
0.022778914378940
0.022701861942748
0.022619178656116
0.022531027172933
0.022437609732462
0.022339165730774
0.022235969044356
0.022128325132617
0.022016567947155
0.021901056676604
0.021782172356508
0.021660314374121
0.021535896898214
