0.010578225219257
0.010785011732144
0.010994434700741
0.011206539603318
0.011421387641602
0.011639055217347
0.011859632747913
0.012083222812265
0.012309937658369
0.012539896142426
0.012773220206000
0.013010031025300
0.013250444985129
0.013494569636589
0.013742499792248
0.013994313896193
0.014250070781211
0.014509806894503
0.014773534040234
0.015041237655636
0.015312875610478
0.015588377500075
0.015867644391006
0.016150548976730
0.016436936106348
0.016726623661903
0.017019403775317
0.017315044392080
0.017613291202310
0.017913869968148
0.018216489277734
0.018520843749540
0.018826617696692
0.019133489240338
0.019441134836315
0.019749234152783
0.020057475211196
0.020365559681571
0.020673208207848
0.020980165631736
0.021286205984432
0.021591137124701
0.021894804917820
0.022197096870863
0.022497945163380
0.022797329036183
0.023095276522196
0.023391865520281
0.023687224224149
0.023981530923490
0.024275013193373
0.024567946481996
0.024860652097462
0.025153494583584
0.025446878464975
0.025741244334857
0.026037064257131
0.026334836458280
0.026635079295404
0.026938324503917
0.027245109751313
0.027555970550489
0.027871431615577
0.028191997772725
0.028518144565742
0.028850308719673
0.029188878642627
0.029534185156161
0.029886492646568
0.030245990823600
0.030612787259995
0.030986900865921
0.031368256428692
0.031756680321826
0.032151897460639
0.032553529556087
0.032961094696125
0.033374008265593
0.033791585202331
0.034213043578795
0.034637509494430
0.035064023263235
0.035491546881807
0.035918972763842
0.036345133725642
0.036768814201915
0.037188762660640
0.037603705169084
0.038012360040054
0.038413453458635
0.038805735956148
0.039187999561913
0.039559095426654
0.039917951676889
0.040263591229765
0.040595149275010
0.040911890116711
0.041213223063788
0.041498717064675
0.041768113798393
0.042021338959826
0.042258511509669
0.042479950696991
0.042686180702143
0.042877932787487
0.043056144880823
0.043221958550087
0.043376713356580
0.043521938597659
0.043659342468709
0.043790798689420
0.043918330652377
0.044044093164384
0.044170351864615
0.044299460420072
0.044433835619157
0.044575930509066
0.044728205752255
0.044893099410921
0.045072995405133
0.045270190928537
0.045486863143532
0.045725035513620
0.045986544162291
0.046273004673658
0.046585779768583
0.046925948300313
0.047294276014920
0.047691188514028
0.048116746840612
0.048570626083627
0.049052097364842
0.049560013532500
0.050092798842697
0.050648442861875
0.051224498774018
0.051818086225138
0.052425898786817
0.053044216070705
0.053668920477951
0.054295518521956
0.054919166620032
0.055534701209373
0.056136673005208
0.056719385183407
0.057276935235862
0.057803260213756
0.058292185040938
0.058737473546485
0.059132881831833
0.059472213553795
0.059749376670590
0.059958441164606
0.060093697224061
0.060149713337396
0.060121393730804
0.060004034562215
0.059793378275954
0.059485665522245
0.059077684055703
0.058566814047166
0.057951069273574
0.057229133690359
0.056400392938842
0.055464960395868
0.054423697432714
0.053278227613230
0.052030944625630
0.050685013806695
0.049244367180228
0.047713691992516
0.046098412785810
0.044404667106297
0.042639274995730
0.040809702466232
0.038924019205967
0.036990850809920
0.035019325875009
0.033019018342409
0.030999885512092
0.028972202195027
0.026946491506711
0.024933452841264
0.022943887597612
0.020988623257582
0.019078436439622
0.017223975570516
0.015435683830614
0.013723723035053
0.012097899113956
0.010567589848132
0.009141675503189
0.007828472983821
0.006635674101301
0.005570288510818
0.004638591831468
0.003846079410798
0.003197426138505
0.002696452651145
0.002346098202622
0.002148400405298
0.002104481975236
0.002214544543962
0.002477869529733
0.002892825994913
0.003456885353803
0.004166642737905
0.005017844773382
0.006005423478604
0.007123535947674
0.008365609448290
0.009724391528522
0.011192004696414
0.012760005208179
0.014419445474785
0.016160939572804
0.017974731323643
0.019850764386166
0.021778753791810
0.023748258339406
0.025748753259784
0.027769702558630
0.029800630450521
0.031831191307982
0.033851237566885
0.035850885053363
0.037820575227375
0.039751133873420
0.041633825809078
0.043460405226236
0.045223161327314
0.046914958968697
0.048529274075333
0.050060223643334
0.051502590200852
0.052851840650897
0.054104139472572
0.055256356308748
0.056306068017986
0.057251555315760
0.058091794174335
0.058826442191294
0.059455820173426
0.059980889215122
0.060403223578536
0.060724979706680
0.060948861720565
0.061078083767948
0.061116329604632
0.061067709800101
0.060936716967908
0.060728179427954
0.060447213712561
0.060099176330957
0.059689615206945
0.059224221201706
0.058708780127152
0.058149125644480
0.057551093427069
0.056920476946408
0.056262985214309
0.055584202784696
0.054889552284428
0.054184259705825
0.053473322655110
0.052761481711962
0.052053195017122
0.051352616168575
0.050663575472975
0.049989564568389
0.049333724407089
0.048698836563086
0.048087317807790
0.047501217878103
0.046942220343649
0.046411646463088
0.045910461902876
0.045439286175075
0.044998404633733
0.044587782851858
0.044207083183542
0.043855683298704
0.043532696461787
0.043236993311304
0.042967224884874
0.042721846625061
0.042499143095286
0.042297253132832
0.042114195167621
0.041947892441310
0.041796197871195
0.041656918317419
0.041527838029828
0.041406741072137
0.041291432545457
0.041179758460017
0.041069624132429
0.040959011015137
0.040845991893833
0.040728744416536
0.040605562943676
0.040474868730961
0.040335218475241
0.040185311267503
0.040023994006394
0.039850265330406
0.039663278127766
0.039462340680927
0.039246916498751
0.039016622885177
0.038771228289867
0.038510648485118
0.038234941615295
0.037944302170482
0.037639053945235
0.037319642055633
0.036986624102426
0.036640660583706
0.036282504675647
0.035912991512977
0.035533027110526
0.035143577072305
0.034745655234398
0.034340312382376
0.033928625173164
0.033511685376244
0.033090589530995
0.032666429097214
0.032240281156193
0.031813199701565
0.031386207543754
0.030960288840307
0.030536382257024
0.030115374761747
0.029698096053412
0.029285313632747
0.028877728526662
0.028475971684634
0.028080601071005
0.027692099480847
0.027310873107897
0.026937250890479
0.026571484654786
0.026213750064656
0.025864148373237
0.025522708955596
0.025189392583165
0.024864095382262
0.024546653400837
0.024236847691425
0.023934409805136
0.023639027582341
0.023350351121345
0.023067998807061
0.022791563287822
0.022520617299465
0.022254719251273
0.021993418507090
0.021736260315789
0.021482790366641
0.021232558965643
0.020985124846726
0.020740058645866
0.020496946075297
0.020255390838691
0.020015017326246
0.019775473121522
0.019536431340538
0.019297592809437
0.019058688071686
0.018819479201025
0.018579761384019
0.018339364227633
0.018098152743671
0.017856027963936
0.017612927147286
0.017368823551814
0.017123725760893
0.016877676569155
0.016630751451874
0.016383056656796
0.016134726969766
0.015885923213293
0.015636829540041
0.015387650581027
0.015138608501924
0.014889940011334
0.014641893353896
0.014394725310258
0.014148698217000
0.013904077013797
0.013661126323377
0.013420107572457
0.013181276168341
0.012944878755437
0.012711150586939
0.012480313057749
0.012252571453442
0.012028112975040
0.011807105099378
0.011589694329041
