0.007435088898780
0.007312124303298
0.007195681157335
0.007086619539051
0.006985732540179
0.006893742752879
0.006811297954644
0.006738965937426
0.006677228601477
0.006626475600612
0.006586997969176
0.006558982268935
0.006542505856446
0.006537533881398
0.006543918581492
0.006561401341349
0.006589617837720
0.006628106410593
0.006676319592691
0.006733638513238
0.006799389681869
0.006872863471031
0.006953333464737
0.007040075740060
0.007132387104046
0.007229601327376
0.007331102497385
0.007436334752871
0.007544807853096
0.007656098261929
0.007769845680652
0.007885745223496
0.008003535682069
0.008122984552372
0.008243870687075
0.008365965574420
0.008489014325541
0.008612717469617
0.008736714611050
0.008860570898265
0.008983767097191
0.009105693864317
0.009225650586961
0.009342848916222
0.009456420875283
0.009565431196594
0.009668893338430
0.009765788465296
0.009855086555450
0.009935768727573
0.010006849858985
0.010067400598413
0.010116567952702
0.010153593742045
0.010177830363228
0.010188753464602
0.010185971308843
0.010169230769052
0.010138420059909
0.010093568439722
0.010034843224085
0.009962544523117
0.009877098149592
0.009779047145483
0.009669042342507
0.009547832313626
0.009416252994235
0.009275217162322
0.009125703875262
0.008968747875860
0.008805428909965
0.008636860848985
0.008464180487788
0.008288535894050
0.008111074219164
0.007932928940609
0.007755206586385
0.007578973086735
0.007405239998703
0.007234950945898
0.007068968700044
0.006908063393965
0.006752902390376
0.006604042331980
0.006461923863086
0.006326869440878
0.006199084548219
0.006078662484315
0.005965592752052
0.005859772890351
0.005761023426535
0.005669105458098
0.005583740225588
0.005504629917957
0.005431478866221
0.005364014236363
0.005302005331105
0.005245280653151
0.005193741967692
0.005147374724887
0.005106254357320
0.005070548144717
0.005040512529516
0.005016485962170
0.004998877544834
0.004988151917088
0.004984810979603
0.004989373174645
0.005002351131170
0.005024228534276
0.005055437092996
0.005096334458001
0.005147183884571
0.005208136350556
0.005279215729614
0.005360307493121
0.005451151276669
0.005551337505941
0.005660308138355
0.005777361447235
0.005901660659038
0.006032246155214
0.006168050870659
0.006307918461626
0.006450623776691
0.006594895143448
0.006739437978338
0.006882959233890
0.007024192213047
0.007161921300153
0.007295006179119
0.007422405128231
0.007543196996043
0.007656601472669
0.007761997275823
0.007858937872387
0.007947164356568
0.008026615107908
0.008097431860485
0.008159961832340
0.008214755595410
0.008262560414187
0.008304308848195
0.008341102500367
0.008374190900059
0.008404945633975
0.008434829977384
0.008465364426870
0.008498088688857
0.008534520828430
0.008576114423735
0.008624214695267
0.008680014680227
0.008744512593877
0.008818471558058
0.008902382878308
0.008996434013979
0.009100482310251
0.009214035448860
0.009336239428799
0.009465874713930
0.009601360986935
0.009740770734911
0.009881851668067
0.010022057746663
0.010158588369498
0.010288435066611
0.010408434845377
0.010515329168140
0.010605827395105
0.010676673411677
0.010724714076904
0.010746968080158
0.010740693776737
0.010703454588673
0.010633180602931
0.010528225072877
0.010387414627342
0.010210092111439
0.009996151120857
0.009746061443171
0.009460884782148
0.009142280310998
0.008792499775069
0.008414372041178
0.008011277167477
0.007587110242775
0.007146235416129
0.006693430704943
0.006233824331596
0.005772823493270
0.005316036615769
0.004869190277562
0.004438042112896
0.004028291109875
0.003645486807711
0.003294938963832
0.002981629302595
0.002710126969959
0.002484509299590
0.002308289443401
0.002184352331937
0.002114900307014
0.002101409611413
0.002144598730380
0.002244409360464
0.002400000537645
0.002609756194336
0.002871306140304
0.003181560183124
0.003536754826901
0.003932511721307
0.004363906783759
0.004825548692486
0.005311665253379
0.005816195983666
0.006332889134524
0.006855401295316
0.007377397685473
0.007892651246320
0.008395138693221
0.008879131776092
0.009339282120513
0.009770698178294
0.010169013000817
0.010530441755492
0.010851828129838
0.011130679003091
0.011365187006277
0.011554240832632
0.011697423395849
0.011794998158937
0.011847884167260
0.011857620511840
0.011826321120368
0.011756620921404
0.011651614550548
0.011514788865232
0.011349950607148
0.011161150598751
0.010952605883485
0.010728621219740
0.010493511317147
0.010251525162113
0.010006773718695
0.009763162212124
0.009524328106557
0.009293585776859
0.009073878747325
0.008867740229132
0.008677262534306
0.008504075778393
0.008349336108960
0.008213723514862
0.008097449084938
0.008000271397958
0.007921521542360
0.007860136088911
0.007814697176500
0.007783478725598
0.007764497669677
0.007755568996229
0.007754363319194
0.007758465666051
0.007765434157082
0.007772857281736
0.007778408536898
0.007779897282391
0.007775314787312
0.007762874583074
0.007741046400844
0.007708583147216
0.007664540557195
0.007608289352146
0.007539519916899
0.007458239689352
0.007364763622900
0.007259698232518
0.007143919865883
0.007018547948592
0.006884914035629
0.006744527558546
0.006599039189287
0.006450202747994
0.006299836564873
0.006149785167593
0.006001882108489
0.005857914673222
0.005719591128016
0.005588511069618
0.005466139344167
0.005353783901328
0.005252577851071
0.005163465894551
0.005087195209249
0.005024310782954
0.004975155111591
0.004939872102444
0.004918414956534
0.004910557741218
0.004915910305924
0.004933936139977
0.004963972721477
0.005005253860646
0.005056933500663
0.005118110405152
0.005187853135819
0.005265224708355
0.005349306311702
0.005439219487255
0.005534146192230
0.005633346216497
0.005736171485126
0.005842076859329
0.005950627144937
0.006061500127717
0.006174485575306
0.006289480272196
0.006406479282278
0.006525563757808
0.006646885729080
0.006770650410618
0.006897096642746
0.007026476148363
0.007159032320705
0.007294979267383
0.007434481818498
0.007577637163072
0.007724458710443
0.007874862684728
0.008028657855089
0.008185538686993
0.008345082075159
0.008506747692889
0.008669881870152
0.008833724799239
0.008997420766363
0.009160031023817
0.009320548853058
0.009477916325739
0.009631042248013
0.009778820772577
0.009920150181330
0.010053951376628
0.010179185667461
0.010294871494754
0.010400099803095
0.010494047830550
0.010575991149935
0.010645313850731
0.010701516798326
0.010744223944876
0.010773186693365
0.010788286334010
0.010789534581574
0.010777072245786
0.010751166067997
0.010712203758557
0.010660687274494
0.010597224388692
0.010522518621978
0.010437357639545
0.010342600252863
0.010239162216479
0.010128001063335
0.010010100278984
0.009886453169922
0.009758046829394
0.009625846640510
0.009490781776791
0.009353732160453
0.009215517316225
0.009076887512064
0.008938517508022
0.008801003143048
0.008664860880225
0.008530530309090
0.008398379475612
0.008268712783042
0.008141781087581
0.008017793508611
0.007896930390507
0.007779356796836
0.007665235891822
0.007554741570012
0.007448069733196
0.007345447681703
0.007247141181489
0.007153458883608
0.007064753902167
0.006981422493344
0.006903899913880
0.006832653665155
0.006768174441566
0.006710965193791
0.006661528784014
0.006620354748785
0.006587905694751
0.006564603834023
0.006550818122142
0.006546852396568
