0.062555526593488
0.062563237393905
0.062570581636982
0.062577534691879
0.062584078707936
0.062590202846086
0.062595903289366
0.062601183058416
0.062606051664759
0.062610524637290
0.062614622955949
0.062618372421829
0.062621802986253
0.062624948053876
0.062627843768014
0.062630528281333
0.062633041012579
0.062635421890362
0.062637710588222
0.062639945760436
0.062642164294492
0.062644400602464
0.062646685978641
0.062649048053384
0.062651510372637
0.062654092128374
0.062656808057674
0.062659668517572
0.062662679730562
0.062665844182690
0.062669161144248
0.062672627273409
0.062676237256984
0.062679984440453
0.062683861402119
0.062687860432945
0.062691973894111
0.062696194437050
0.062700515084384
0.062704929183366
0.062709430254497
0.062714011766091
0.062718666869651
0.062723388131079
0.062728167289059
0.062732995065372
0.062737861043373
0.062742753622006
0.062747660044640
0.062752566496140
0.062757458258624
0.062762319916817
0.062767135607611
0.062771889314777
0.062776565217490
0.062781148109185
0.062785623909446
0.062789980294692
0.062794207472104
0.062798299114515
0.062802253461728
0.062806074576058
0.062809773717872
0.062813370781945
0.062816895709407
0.062820389765129
0.062823906548693
0.062827512590699
0.062831287376760
0.062835322640470
0.062839720774722
0.062844592228330
0.062850051781880
0.062856213632720
0.062863185263262
0.062871060118649
0.062879909178409
0.062889771571241
0.062900644451677
0.062912472431002
0.062925136931300
0.062938445908927
0.062952124469874
0.062965806970805
0.062979031262028
0.062991235776851
0.063001760199558
0.063009850444895
0.063014668648307
0.063015308791516
0.063010818466541
0.063000227108561
0.062982580802422
0.062956983489914
0.062922644080000
0.062878928600329
0.062825416138124
0.062761956918310
0.062688730476268
0.062606301524443
0.062515670810382
0.062418318043423
0.062316233852008
0.062211937744911
0.062108479205093
0.062009419356591
0.061918791118285
0.061841036391323
0.061780919608573
0.061743417885175
0.061733589020339
0.061756419675406
0.061816657147359
0.061918629220771
0.062066057560410
0.062261870946347
0.062508025299026
0.062805337843636
0.063153342878383
0.063550176407546
0.063992496357976
0.064475444212783
0.064992652681423
0.065536302512111
0.066097229789519
0.066665083114100
0.067228528009749
0.067775493846601
0.068293456594749
0.068769748944903
0.069191887841518
0.069547908362015
0.069826692215952
0.070018278983951
0.070114148596220
0.070107464465255
0.069993268108063
0.069768617962079
0.069432667331435
0.068986678888805
0.068433975778612
0.067779831985584
0.067031307112565
0.066197032923384
0.065286960835710
0.064312080902077
0.063284123629906
0.062215256230535
0.061117784554696
0.060003871102918
0.058885278160900
0.057773143395302
0.056677793267901
0.055608597510853
0.054573865781470
0.053580785604573
0.052635398923698
0.051742613108325
0.050906241166246
0.050129065222722
0.049412917055956
0.048758769597966
0.048166833772614
0.047636655779969
0.047167210866612
0.046756990657122
0.046404082175732
0.046106237679790
0.045860935291968
0.045665431107506
0.045516803937085
0.045411994116580
0.045347837882531
0.045321098703543
0.045328496712276
0.045366737047291
0.045432537538279
0.045522655799502
0.045633915475450
0.045763231140908
0.045907631213993
0.046064278202202
0.046230485662569
0.046403731402408
0.046581666653206
0.046762121189497
0.046943104607609
0.047122804199152
0.047299580028405
0.047471957935856
0.047638621233979
0.047798401836368
0.047950271475029
0.048093333526683
0.048226815805022
0.048350064501345
0.048462539289990
0.048563809473744
0.048653550940401
0.048731543641807
0.048797669292670
0.048851909014406
0.048894340710905
0.048925136047258
0.048944556995844
0.048952952004000
0.048950751912202
0.048938465802575
0.048916676979541
0.048886039276138
0.048847273843798
0.048801166525610
0.048748565841719
0.048690381539461
0.048627583589638
0.048561201451850
0.048492323392387
0.048422095621168
0.048351721020258
0.048282457263595
0.048215614171060
0.048152550194124
0.048094667987919
0.048043409079238
0.048000247685614
0.047966683773325
0.047944235459418
0.047934430864861
0.047938799514357
0.047958863356958
0.047996127454910
0.048052070361131
0.048128134183162
0.048225714317127
0.048346148831632
0.048490707489597
0.048660580414781
0.048856866437133
0.049080561183500
0.049332545013750
0.049613570932840
0.049924252633112
0.050265052835590
0.050636272102585
0.051038038286782
0.051470296765324
0.051932801583899
0.052425107608897
0.052946563758951
0.053496307364400
0.054073259687343
0.054676122628151
0.055303376647360
0.055953279944428
0.056623868955045
0.057312960254010
0.058018153977502
0.058736838903276
0.059466199346351
0.060203224038047
0.060944717155648
0.061687311657570
0.062427485054552
0.063161577712493
0.063885813738979
0.064596324456043
0.065289174409155
0.065960389809654
0.066605989257229
0.067222016542417
0.067804575287283
0.068349865145798
0.068854219253217
0.069314142585013
0.069726350859210
0.070087809589985
0.070395772874078
0.070647821464395
0.070841899657314
0.070976350492606
0.071049948739041
0.071061931117000
0.071012023194146
0.070900462383983
0.070728016482485
0.070495997196519
0.070206268151044
0.069861246910118
0.069463900609414
0.069017734873739
0.068526775780357
0.067995544725146
0.067429026151466
0.066832628208570
0.066212136515157
0.065573661312628
0.064923578400264
0.064268464350265
0.063615026603731
0.062970029149098
0.062340214582029
0.061732223439740
0.061152511792550
0.060607268159495
0.060102330891198
0.059643107229201
0.059234495303428
0.058880810364873
0.058585716565538
0.058352165588631
0.058182343396314
0.058077626297849
0.058038547446686
0.058064774751073
0.058155101030170
0.058307447068956
0.058518878023521
0.058785633407842
0.059103170658289
0.059466222027926
0.059868864313887
0.060304600672751
0.060766453535226
0.061247067397072
0.061738820041936
0.062233940547370
0.062724632241582
0.063203198618919
0.063662170090489
0.064094429346521
0.064493333042870
0.064852827499290
0.065167556115528
0.065432956275780
0.065645343625486
0.065801981767771
0.065901135640745
0.065942107099581
0.065925251536146
0.065851974719151
0.065724709422998
0.065546871825960
0.065322798088861
0.065057661964017
0.064757374720067
0.064428469090618
0.064077969352344
0.063713250001036
0.063341885812231
0.062971496337689
0.062609588092421
0.062263397822669
0.061939740307907
0.061644864135869
0.061384318796152
0.061162836264386
0.060984229995774
0.060851313916517
0.060765843598330
0.060728481331185
0.060738786280633
0.060795230338960
0.060895239666134
0.061035261281247
0.061210853423746
0.061416797773173
0.061647231014449
0.061895792680992
0.062155785717914
0.062420345799190
0.062682615120729
0.062935916188776
0.063173921039614
0.063390811368652
0.063581425217465
0.063741386164967
0.063867211388520
0.063956395493481
0.064007467642626
0.064020020234110
0.063994708159055
0.063933218496170
0.063838211347570
0.063713233362843
0.063562606312128
0.063391293828698
0.063204750122996
0.063008755050693
0.062809240376794
0.062612112398547
0.062423076258410
0.062247467284779
0.062090094538048
0.061955101413200
0.061845847663379
0.061764816573299
0.061713550243666
0.061692615070202
0.061701598539800
0.061739137452410
0.061802976643730
