0.120814335994188
0.120842149966165
0.120869799065021
0.120897285069421
0.120924606919409
0.120951761257443
0.120978742976105
0.121005545739745
0.121032162454445
0.121058585668534
0.121084807893512
0.121110821842373
0.121136620588366
0.121162197652390
0.121187547031286
0.121212663182449
0.121237540982507
0.121262175679267
0.121286562856585
0.121310698431174
0.121334578698295
0.121358200439666
0.121381561101715
0.121404659045552
0.121427493862201
0.121450066738369
0.121472380849928
0.121494441753700
0.121516257743438
0.121537840134392
0.121559203442584
0.121580365430211
0.121601346997103
0.121622171908975
0.121642866365433
0.121663458422961
0.121683977299042
0.121704452592122
0.121724913457417
0.121745387780098
0.121765901385341
0.121786477319587
0.121807135229920
0.121827890860059
0.121848755672934
0.121869736602537
0.121890835932088
0.121912051292159
0.121933375770948
0.121954798129062
0.121976303112142
0.121997871855612
0.122019482375954
0.122041110141632
0.122062728713904
0.122084310443342
0.122105827202651
0.122127251130933
0.122148555360211
0.122169714692350
0.122190706194755
0.122211509686271
0.122232108090991
0.122252487646317
0.122272637961976
0.122292551937389
0.122312225554688
0.122331657572528
0.122350849150692
0.122369803437071
0.122388525146629
0.122407020157223
0.122425295140330
0.122443357237059
0.122461213782473
0.122478872075152
0.122496339185094
0.122513621791451
0.122530726042455
0.122547657432531
0.122564420695202
0.122581019714187
0.122597457457987
0.122613735944801
0.122629856244233
0.122645818520172
0.122661622115684
0.122677265676532
0.122692747305732
0.122708064738281
0.122723215523260
0.122738197200537
0.122753007460820
0.122767644280940
0.122782106029918
0.122796391545085
0.122810500180495
0.122824431831430
0.122838186938964
0.122851766477146
0.122865171923096
0.122878405207812
0.122891468643496
0.122904364822755
0.122917096486210
0.122929666358462
0.122942076957252
0.122954330386575
0.122966428130242
0.122978370866778
0.122990158328467
0.123001789226001
0.123013261255310
0.123024571194965
0.123035715092075
0.123046688523197
0.123057486906240
0.123068105831303
0.123078541374398
0.123088790358940
0.123098850535767
0.123108720662799
0.123118400478635
0.123127890578476
0.123137192213491
0.123146307043954
0.123155236880376
0.123163983444646
0.123172548174748
0.123180932082938
0.123189135660130
0.123197158800913
0.123205000706488
0.123212659708993
0.123220132951577
0.123227415854354
0.123234501296497
0.123241378447056
0.123248031178932
0.123254435998759
0.123260559416764
0.123266354662865
0.123271757626340
0.123276681856617
0.123281012413061
0.123284598295046
0.123287243123882
0.123288693690084
0.123288625928055
0.123286627840475
0.123282178871283
0.123274625223299
0.123263150638006
0.123246742204750
0.123224150848348
0.123193846262779
0.123153966219607
0.123102260389888
0.123036029084658
0.122952057649256
0.122846547646649
0.122715046438531
0.122552377319379
0.122352572970946
0.122108815668116
0.121813388357166
0.121457641409802
0.121031980485872
0.120525881459566
0.119927938715650
0.119225953235764
0.118407066700626
0.117457947265555
0.116365031665973
0.115114826832147
0.113694272214588
0.112091161544833
0.110294619814051
0.108295627912988
0.106087583748374
0.103666884880548
0.101033513999538
0.098191605091233
0.095149965185937
0.091922524387537
0.088528685711352
0.084993546352978
0.081347963571750
0.077628441544640
0.073876820394176
0.070139755085175
0.066467979877139
0.062915363252285
0.059537768336897
0.056391744313885
0.053533084618810
0.051015297196153
0.048888040125021
0.047195581888097
0.045975348912279
0.045256623332353
0.045059450960641
0.045393813121784
0.046259106484509
0.047643962664404
0.049526424765872
0.051874481939948
0.054646946355202
0.057794640685308
0.061261849292663
0.064987973654133
0.068909323024280
0.072960965463933
0.077078562540573
0.081200113327826
0.085267539614932
0.089228054041558
0.093035265528656
0.096649991034881
0.100040758371600
0.103184000559793
0.106063957046378
0.108672310157934
0.111007595761665
0.113074434738952
0.114882636299982
0.116446225359091
0.117782444353051
0.118910775412896
0.119852022235410
0.120627482977862
0.121258236690929
0.121764556864377
0.122165457176278
0.122478366994264
0.122718927931821
0.122900898028498
0.123036146975087
0.123134724192047
0.123204981336162
0.123253731725278
0.123286430957501
0.123307365367588
0.123319837629322
0.123326341530980
0.123328720521261
0.123328306899998
0.123326040422111
0.123322566556509
0.123318315699156
0.123313565318343
0.123308487368464
0.123303183414064
0.123297709827250
0.123292095221379
0.123286352014705
0.123280483719800
0.123274489256620
0.123268365307422
0.123262107480623
0.123255710832964
0.123249170116327
0.123242479967072
0.123235635140664
0.123228630811019
0.123221462900576
0.123214128380475
0.123206625476659
0.123198953731916
0.123191113899814
0.123183107677438
0.123174937313384
0.123166605150045
0.123158113170910
0.123149462622771
0.123140653769645
0.123131685812788
0.123122556983278
0.123113264785440
0.123103806345563
0.123094178804958
0.123084379691712
0.123074407211978
0.123064260417695
0.123053939230340
0.123043444325265
0.123032776904269
0.123021938401128
0.123010930173434
0.122999753232902
0.122988408056047
0.122976894500004
0.122965211827544
0.122953358824855
0.122941333979109
0.122929135673133
0.122916762352998
0.122904212631417
0.122891485303692
0.122878579271219
0.122865493386699
0.122852226251868
0.122838776009704
0.122825140176796
0.122811315557132
0.122797298266792
0.122783083881965
0.122768667702941
0.122754045108021
0.122739211956113
0.122724164988090
0.122708902175699
0.122693422973321
0.122677728440772
0.122661821222691
0.122645705388936
0.122629386157974
0.122612869538855
0.122596161935236
0.122579269756075
0.122562199072500
0.122544955349985
0.122527543271541
0.122509966653361
0.122492228441717
0.122474330770641
0.122456275055444
0.122438062097579
0.122419692181272
0.122401165150460
0.122382480464107
0.122363637236998
0.122344634280017
0.122325470157392
0.122306143277945
0.122286652033134
0.122266994987547
0.122247171118628
0.122227180093627
0.122207022564237
0.122186700454578
0.122166217216599
0.122145578028924
0.122124789919964
0.122103861803073
0.122082804419323
0.122061630190954
0.122040352994686
0.122018987868176
0.121997550664725
0.121976057671081
0.121954525201562
0.121932969179358
0.121911404713793
0.121889845681189
0.121868304317180
0.121846790829829
0.121825313045564
0.121803876102754
0.121782482210107
0.121761130487972
0.121739816909329
0.121718534353527
0.121697272779592
0.121676019517759
0.121654759668626
0.121633476590127
0.121612152444619
0.121590768772761
0.121569307058445
0.121547749250055
0.121526078207758
0.121504278053726
0.121482334411237
0.121460234528373
0.121437967291312
0.121415523140025
0.121392893904852
0.121370072585528
0.121347053095006
0.121323829989128
0.121300398200717
0.121276752793509
0.121252888748430
0.121228800792319
0.121204483277564
0.121179930120108
0.121155134802385
0.121130090446475
0.121104789960481
0.121079226257334
0.121053392539837
0.121027282638884
0.121000891384095
0.120974214978433
0.120947251342044
0.120920000386530
0.120892464180483
0.120864646970831
0.120836555032725
0.120808196333019
