0.035550245158697
0.035561397854021
0.035575483150849
0.035592370896424
0.035611876894493
0.035633766311918
0.035657758110274
0.035683530430659
0.035710726841032
0.035738963337893
0.035767835978345
0.035796929004877
0.035825823313866
0.035854105110022
0.035881374583012
0.035907254439474
0.035931398123611
0.035953497562652
0.035973290279614
0.035990565724970
0.036005170690919
0.036017013686709
0.036026068170773
0.036032374554937
0.036036040917372
0.036037242383912
0.036036219161499
0.036033273232344
0.036028763742577
0.036023101144133
0.036016740173072
0.036010171770829
0.036003914076785
0.035998502640465
0.035994480019300
0.035992384942854
0.035992741236376
0.035996046705264
0.036002762187248
0.036013300980716
0.036028018855482
0.036047204846391
0.036071073020537
0.036099755395626
0.036133296170269
0.036171647407061
0.036214666286352
0.036262114023141
0.036313656511802
0.036368866733857
0.036427228933316
0.036488144532566
0.036550939730090
0.036614874689914
0.036679154202177
0.036742939665177
0.036805362212146
0.036865536781449
0.036922576907266
0.036975609989613
0.037023792788155
0.037066326873958
0.037102473767441
0.037131569489464
0.037153038255900
0.037166405054116
0.037171306852707
0.037167502213179
0.037154879094137
0.037133460664441
0.037103408971466
0.037065026343612
0.037018754442066
0.036965170914933
0.036904983646722
0.036839022637047
0.036768229583695
0.036693645286210
0.036616395026149
0.036537672118446
0.036458719864302
0.036380812168919
0.036305233116675
0.036233255821428
0.036166120889956
0.036105014851771
0.036051048918145
0.036005238437063
0.035968483408620
0.035941550417102
0.035925056321590
0.035919454026503
0.035925020627297
0.035941848194763
0.035969837424530
0.036008694336854
0.036057930166217
0.036116864531272
0.036184631923969
0.036260191503092
0.036342340122691
0.036429728470947
0.036520880140633
0.036614213399528
0.036708065378697
0.036800718349388
0.036890427716186
0.036975451315862
0.037054079578707
0.037124666082711
0.037185658011349
0.037235626013338
0.037273292958002
0.037297561082969
0.037307537042044
0.037302554380233
0.037282192989878
0.037246295136566
0.037194977685419
0.037128640207162
0.037047968698376
0.036953934710838
0.036847789750115
0.036731054872605
0.036605505482167
0.036473151401204
0.036336212365609
0.036197089167099
0.036058330739184
0.035922597553077
0.035792621756216
0.035671164547705
0.035560971340723
0.035464725311033
0.035384999972107
0.035324211450402
0.035284571158266
0.035268039576279
0.035276281861133
0.035310625989198
0.035372024129453
0.035461017912723
0.035577708227064
0.035721730122260
0.035892233350026
0.036087869001367
0.036306782629381
0.036546614165438
0.036804504850185
0.037077111309346
0.037360626808875
0.037650809626143
0.037943018374661
0.038232254020835
0.038513208233727
0.038780317614225
0.039027823259701
0.039249835035517
0.039440399846888
0.039593573134847
0.039703492759405
0.039764454382484
0.039770987423728
0.039717930634431
0.039600506319287
0.039414392232747
0.039155790186735
0.038821490429368
0.038408930890040
0.037916250434411
0.037342335333075
0.036686858219283
0.035950308893248
0.035134016422323
0.034240162086582
0.033271782826887
0.032232764965906
0.031127828090520
0.029962499104913
0.028743076585977
0.027476585694744
0.026170724017925
0.024833798830529
0.023474656382527
0.022102603918022
0.020727325232990
0.019358790666004
0.018007162494251
0.016682696773447
0.015395642714102
0.014156140727044
0.012974120297765
0.011859198861355
0.010820582847486
0.009866972047894
0.009006468427373
0.008246490453583
0.007593693961728
0.007053900497898
0.006632034000556
0.006332066584355
0.006156974085250
0.006108701912226
0.006188141630163
0.006395118572025
0.006728390648292
0.007185658388971
0.007763586120341
0.008457834046529
0.009263100876701
0.010173176513809
0.011181004202007
0.012278751418519
0.013457888693443
0.014709275448802
0.016023251867483
0.017389735734347
0.018798323136729
0.020238391870355
0.021699206369908
0.023170022971367
0.024640194315863
0.026099271722161
0.027537104386583
0.028943934314814
0.030310485948950
0.031628049524479
0.032888557274657
0.034084651692871
0.035209745165755
0.036258070399676
0.037224721179344
0.038105683118083
0.038897854183232
0.039599054905557
0.040208028306877
0.040724429703629
0.041148806664416
0.041482569514966
0.041727952893165
0.041887968958350
0.041966352951829
0.041967501888365
0.041896407230263
0.041758582455888
0.041559986482271
0.041306943936456
0.041006063292148
0.040664153896816
0.040288142909909
0.039884993155289
0.039461622860964
0.039024828217169
0.038581209630503
0.038137102488194
0.037698513173368
0.037271060990831
0.036859926574312
0.036469807251745
0.036104879746343
0.035768770489222
0.035464533715739
0.035194637413709
0.034960957088877
0.034764777212633
0.034606800120344
0.034487162037075
0.034405455821998
0.034360759944502
0.034351673134848
0.034376354090950
0.034432565571187
0.034517722161598
0.034628940974694
0.034763094516775
0.034916864951007
0.035086798984643
0.035269362620337
0.035460995033198
0.035658160866524
0.035857400279467
0.036055376128380
0.036248917719556
0.036435060633465
0.036611082188461
0.036774532184207
0.036923258640645
0.037055428326059
0.037169541946554
0.037264443947919
0.037339326958285
0.037393730975136
0.037427537472051
0.037440958668182
0.037434522265858
0.037409052018331
0.037365644539558
0.037305642810772
0.037230606873732
0.037142282227802
0.037042566467048
0.036933474704357
0.036817104332148
0.036695599663736
0.036571116986098
0.036445790534003
0.036321699867750
0.036200839102633
0.036085088398325
0.035976188071509
0.035875715645869
0.035785066100992
0.035705435526550
0.035637808331297
0.035582948098772
0.035541392124025
0.035513449609054
0.035499203439782
0.035498515415093
0.035511034749395
0.035536209625072
0.035573301530654
0.035621402084936
0.035679452017264
0.035746261949879
0.035820534609949
0.035900888086837
0.035985879744233
0.036074030397036
0.036163848369115
0.036253853060113
0.036342597666922
0.036428690727949
0.036510816185453
0.036587751692364
0.036658384924662
0.036721727697944
0.036776927726514
0.036823277904666
0.036860223031958
0.036887363946666
0.036904459073455
0.036911423432096
0.036908325193051
0.036895379902497
0.036872942533229
0.036841497548450
0.036801647192365
0.036754098244275
0.036699647491387
0.036639166189531
0.036573583790332
0.036503871218009
0.036431023979047
0.036356045383379
0.036279930146882
0.036203648631876
0.036128131965503
0.036054258255484
0.035982840099311
0.035914613556933
0.035850228728728
0.035790242050765
0.035735110388323
0.035685186977095
0.035640719229807
0.035601848394777
0.035568611022634
0.035540942168519
0.035518680230082
0.035501573296759
0.035489286863665
0.035481412744130
0.035477478998856
0.035476960686876
0.035479291234325
0.035483874211345
0.035490095305438
0.035497334281073
0.035504976720377
0.035512425348011
0.035519110754770
0.035524501348704
0.035528112379400
0.035529513900139
0.035528337553597
0.035524282089204
0.035517117543781
0.035506688041344
0.035492913192361
0.035475788097156
0.035455381981839
0.035431835518050
0.035405356899284
0.035376216766484
0.035344742093537
0.035311309159051
0.035276335744147
0.035240272706670
0.035203595090253
0.035166792931792
