0.023305148975702
0.023500920152528
0.023695690506166
0.023889280007165
0.024081508941893
0.024272198198212
0.024461169544767
0.024648245903359
0.024833251613910
0.025016012691570
0.025196357075551
0.025374114869309
0.025549118571745
0.025721203299120
0.025890206997433
0.026055970645031
0.026218338445266
0.026377158009060
0.026532280527238
0.026683560932577
0.026830858051497
0.026974034745386
0.027112958041569
0.027247499253969
0.027377534093513
0.027502942768394
0.027623610074295
0.027739425474730
0.027850283171653
0.027956082166536
0.028056726312103
0.028152124354956
0.028242189969325
0.028326841782188
0.028406003390039
0.028479603367575
0.028547575268581
0.028609857619328
0.028666393904770
0.028717132547867
0.028762026882330
0.028801035119130
0.028834120307074
0.028861250287786
0.028882397645405
0.028897539651331
0.028906658204350
0.028909739766430
0.028906775294539
0.028897760168772
0.028882694117102
0.028861581137065
0.028834429414654
0.028801251240740
0.028762062925266
0.028716884709519
0.028665740676720
0.028608658661203
0.028545670156420
0.028476810222016
0.028402117390190
0.028321633571567
0.028235403960795
0.028143476942036
0.028045903994569
0.027942739598654
0.027834041141844
0.027719868825872
0.027600285574287
0.027475356940942
0.027345151019486
0.027209738353945
0.027069191850511
0.026923586690637
0.026773000245497
0.026617511991914
0.026457203429797
0.026292158001161
0.026122461010764
0.025948199548409
0.025769462412935
0.025586340037930
0.025398924419173
0.025207309043818
0.025011588821328
0.024811860016147
0.024608220182104
0.024400768098540
0.024189603708125
0.023974828056356
0.023756543232694
0.023534852313314
0.023309859305421
0.023081669093110
0.022850387384703
0.022616120661534
0.022378976128126
0.022139061663707
0.021896485775013
0.021651357550330
0.021403786614710
0.021153883086304
0.020901757533764
0.020647520934647
0.020391284634762
0.020133160308412
0.019873259919458
0.019611695683160
0.019348580028733
0.019084025562558
0.018818145032001
0.018551051289780
0.018282857258828
0.018013675897606
0.017743620165806
0.017472802990411
0.017201337232052
0.016929335651627
0.016656910877136
0.016384175370694
0.016111241395688
0.015838220984034
0.015565225903505
0.015292367625110
0.015019757290477
0.014747505679230
0.014475723176327
0.014204519739345
0.013934004865689
0.013664287559715
0.013395476299743
0.013127679004960
0.012861003002202
0.012595554992599
0.012331441018097
0.012068766427840
0.011807635844413
0.011548153129965
0.011290421352195
0.011034542750228
0.010780618700370
0.010528749681770
0.010279035241997
0.010031573962540
0.009786463424251
0.009543800172755
0.009303679683838
0.009066196328835
0.008831443340049
0.008599512776208
0.008370495488006
0.008144481083731
0.007921557895031
0.007701812942819
0.007485331903376
0.007272199074650
0.007062497342811
0.006856308149068
0.006653711456800
0.006454785719010
0.006259607846164
0.006068253174413
0.005880795434265
0.005697306719709
0.005517857457843
0.005342516379041
0.005171350487666
0.005004425033400
0.004841803483187
0.004683547493841
0.004529716885350
0.004380369614893
0.004235561751620
0.004095347452205
0.003959778937216
0.003828906468323
0.003702778326370
0.003581440790348
0.003464938117281
0.003353312523055
0.003246604164225
0.003144851120801
0.003048089380053
0.002956352821349
0.002869673202046
0.002788080144450
0.002711601123864
0.002640261457744
0.002574084295969
0.002513090612243
0.002457299196645
0.002406726649327
0.002361387375379
0.002321293580869
0.002286455270048
0.002256880243754
0.002232574098989
0.002213540229690
0.002199779828691
0.002191291890867
0.002188073217471
0.002190118421652
0.002197419935146
0.002209968016144
0.002227750758324
0.002250754101031
0.002278961840608
0.002312355642855
0.002350915056609
0.002394617528422
0.002443438418338
0.002497351016728
0.002556326562189
0.002620334260465
0.002689341304389
0.002763312894807
0.002842212262473
0.002926000690883
0.003014637540027
0.003108080271031
0.003206284471658
0.003309203882648
0.003416790424859
0.003528994227184
0.003645763655211
0.003767045340593
0.003892784211098
0.004022923521306
0.004157404883920
0.004296168301646
0.004439152199625
0.004586293458368
0.004737527447164
0.004892788057926
0.005052007739430
0.005215117531922
0.005382047102053
0.005552724778101
0.005727077585443
0.005905031282250
0.006086510395359
0.006271438256284
0.006459737037346
0.006651327787859
0.006846130470371
0.007044063996891
0.007245046265090
0.007448994194439
0.007655823762246
0.007865450039554
0.008077787226894
0.008292748689824
0.008510246994268
0.008730193941583
0.008952500603366
0.009177077355948
0.009403833914560
0.009632679367152
0.009863522207835
0.010096270369924
0.010330831258582
0.010567111783016
0.010805018388240
0.011044457086372
0.011285333487459
0.011527552829819
0.011771020009895
0.012015639611609
0.012261315935212
0.012507953025633
0.012755454700319
0.013003724576577
0.013252666098410
0.013502182562865
0.013752177145894
0.014002552927734
0.014253212917839
0.014504060079349
0.014754997353139
0.015005927681454
0.015256754031156
0.015507379416603
0.015757706922197
0.016007639724608
0.016257081114735
0.016505934519404
0.016754103522865
0.017001491888107
0.017248003578041
0.017493542776580
0.017738013909673
0.017981321666330
0.018223371019676
0.018464067248102
0.018703315956539
0.018941023097926
0.019177094994911
0.019411438361842
0.019643960327103
0.019874568455850
0.020103170773204
0.020329675787948
0.020553992516803
0.020776030509323
0.020995699873472
0.021212911301944
0.021427576099280
0.021639606209832
0.021848914246638
0.022055413521263
0.022259018074651
0.022459642709041
0.022657203021016
0.022851615435698
0.023042797242172
0.023230666630157
0.023415142727983
0.023596145641894
0.023773596496731
0.023947417478016
0.024117531875467
0.024283864127966
0.024446339870014
0.024604885979662
0.024759430627957
0.024909903329891
0.025056234996859
0.025198357990623
0.025336206178773
0.025469714991655
0.025598821480763
0.025723464378554
0.025843584159648
0.025959123103381
0.026070025357650
0.026176237003997
0.026277706123875
0.026374382866006
0.026466219514773
0.026553170559543
0.026635192764825
0.026712245241179
0.026784289516731
0.026851289609211
0.026913212098357
0.026970026198564
0.027021703831634
0.027068219699464
0.027109551356527
0.027145679281968
0.027176586951138
0.027202260906400
0.027222690826987
0.027237869597748
0.027247793376555
0.027252461660170
0.027251877348352
0.027246046805989
0.027234979923018
0.027218690171907
0.027197194662465
0.027170514193729
0.027138673302702
0.027101700309677
0.027059627359911
0.027012490461400
0.026960329518497
0.026903188361131
0.026841114769375
0.026774160493118
0.026702381266586
0.026625836817491
0.026544590870553
0.026458711145167
0.026368269347000
0.026273341153282
0.026174006191596
0.026070348011961
0.025962454052007
0.025850415595078
0.025734327721085
0.025614289249950
0.025490402677517
0.025362774103784
0.025231513153356
0.025096732888039
0.024958549711468
0.024817083265760
0.024672456320108
0.024524794651348
0.024374226916472
0.024220884517139
0.024064901456235
0.023906414186551
0.023745561451702
0.023582484119393
0.023417325007217
0.023250228701145
0.023081341366922
0.022910810554626
0.022738784996633
