0.181177851143558
0.180538376776926
0.179890543403988
0.179257056928676
0.178662174857694
0.178130785452924
0.177687437742203
0.177355359119108
0.177155498381267
0.177105631719436
0.177219567354645
0.177506481264811
0.177970411841786
0.178609935529520
0.179418038723552
0.180382193719513
0.181484638580489
0.182702852774347
0.184010212649276
0.185376803604121
0.186770359485833
0.188157294591934
0.189503789904315
0.190776893003880
0.191945590613387
0.192981813911948
0.193861339602098
0.194564554056609
0.195077053523440
0.195390060060663
0.195500640299488
0.195411721954669
0.195131910866599
0.194675118925084
0.194060020170288
0.193309358411487
0.192449134620253
0.191507705975395
0.190514830663327
0.189500693340321
0.188494945579490
0.187525793753947
0.186619163799223
0.185797968343512
0.185081497013659
0.184484945551548
0.184019093945988
0.183690138324606
0.183499676064575
0.183444838647209
0.183518562343989
0.183709982988080
0.184004937927921
0.184386555815203
0.184835913155869
0.185332735531117
0.185856121038052
0.186385263754945
0.186900155844341
0.187382248205444
0.187815051312462
0.188184659967891
0.188480188102640
0.188694102415898
0.188822446516448
0.188864950254484
0.188825022067890
0.188709625354981
0.188529043067142
0.188296537823436
0.188027917812423
0.187741021486242
0.187455136486710
0.187190370291199
0.186966991649164
0.186804762928300
0.186722283945122
0.186736367678207
0.186861467434583
0.187109173565670
0.187487795740405
0.188002044136558
0.188652819789610
0.189437120846516
0.190348067732356
0.191375046387295
0.192503964911834
0.193717615313121
0.194996128709483
0.196317509447092
0.197658231215179
0.198993876493846
0.200299799584086
0.201551793076038
0.202726737903400
0.203803218074962
0.204762082709945
0.205586940051501
0.206264570596323
0.206785249250313
0.207142969388678
0.207335564751930
0.207364728141254
0.207235928791938
0.206958233019539
0.206544035183793
0.206008708150052
0.205370184213673
0.204648478871546
0.203865170872201
0.203042852657259
0.202204565636727
0.201373234736780
0.200571116342342
0.199819273148241
0.199137088551693
0.198541832082795
0.198048285994357
0.197668441534055
0.197411271617646
0.197282584633248
0.197284961961513
0.197417779530845
0.197677311387840
0.198056910908454
0.198547262973927
0.199136698265687
0.199811558879894
0.200556602812678
0.201355433606132
0.202190940649544
0.203045735362280
0.203902568786380
0.204744717005193
0.205556322266854
0.206322679685301
0.207030461841732
0.207667876412764
0.208224754979242
0.208692574275259
0.209064414163039
0.209334859408145
0.209499854731585
0.209556524500376
0.209502969682573
0.209338055268192
0.209061201215014
0.208672189131291
0.208170995411179
0.207557659487370
0.206832193385681
0.205994536009780
0.205044552717127
0.203982077940054
0.202806996022117
0.201519353225411
0.200119492139564
0.198608198573659
0.196986850487131
0.195257558623330
0.193423289219699
0.191487960415715
0.189456505668746
0.187334899500969
0.185130143106737
0.182850209613207
0.180503950976355
0.178100970489997
0.175651466586628
0.173166054938228
0.170655576772052
0.168130901777640
0.165602733999622
0.163081428714195
0.160576827522449
0.158098117824529
0.155653721538192
0.153251216472975
0.150897292245841
0.148597741101721
0.146357482550514
0.144180619409465
0.142070521692447
0.140029933849948
0.138061100156835
0.136165902579051
0.134346005224147
0.132602999483665
0.130938544189668
0.129354495509249
0.127853021861270
0.126436699827726
0.125108587816153
0.123872275076743
0.122731904557745
0.121692168966012
0.120758280260204
0.119935913618775
0.119231127674095
0.118650263471333
0.118199825183355
0.117886346081085
0.117716243615442
0.117695667707836
0.117830346468868
0.118125433569182
0.118585361374139
0.119213703728884
0.120013051948872
0.120984907141642
0.122129591470734
0.123446180387410
0.124932457218946
0.126584890835976
0.128398636450396
0.130367558946537
0.132484277548695
0.134740230103801
0.137125754831618
0.139630187084135
0.142241968471420
0.144948765655336
0.147737596178220
0.150594958864938
0.153506966588591
0.156459479491888
0.159438237072256
0.162428987833546
0.165417615447489
0.168390260527992
0.171333437183869
0.174234143477324
0.177079964785463
0.179859168864277
0.182560791184443
0.185174708891001
0.187691701584849
0.190103497083008
0.192402800430995
0.194583304747528
0.196639682995548
0.198567560490693
0.200363468853537
0.202024783137167
0.203549644949722
0.204936875459102
0.206185883121858
0.207296571725982
0.208269254790384
0.209104582449351
0.209803486618634
0.210367149469022
0.210796999035721
0.211094734212818
0.211262379501145
0.211302367802754
0.211217647416328
0.211011807329172
0.210689213069868
0.210255143921081
0.209715921315534
0.209079017843628
0.208353136546549
0.207548251071522
0.206675598800118
0.205747621158183
0.204777847869724
0.203780724787956
0.202771387961535
0.201765389597113
0.200778384382613
0.199825787071083
0.198922414144218
0.198082123659432
0.197317467952764
0.196639373682222
0.196056862756456
0.195576826049307
0.195203859540177
0.194940169765238
0.194785552365887
0.194737444245685
0.194791046572172
0.194939512759184
0.195174192800841
0.195484923041594
0.195860348770024
0.196288265995365
0.196755968444613
0.197250586204183
0.197759403483655
0.198270144624492
0.198771219606635
0.199251922788992
0.199702581308081
0.200114652296690
0.200480770717561
0.200794751991660
0.201051555612027
0.201247217472569
0.201378759637907
0.201444086700880
0.201441877719113
0.201371482026420
0.201232826045083
0.201026336673978
0.200752885008449
0.200413752185833
0.200010617176075
0.199545564476203
0.199021108035452
0.198440226431817
0.197806403413583
0.197123667457096
0.196396623990776
0.195630474381887
0.194831016635803
0.194004623951582
0.193158198727649
0.192299101217873
0.191435053695637
0.190574022584607
0.189724082459912
0.188893267024075
0.188089413047905
0.187320003788130
0.186592018525396
0.185911794607502
0.185284907756512
0.184716075450225
0.184209086982196
0.183766762418534
0.183390941191417
0.183082499589358
0.182841395011244
0.182666733625679
0.182556857087167
0.182509443257408
0.182521615495608
0.182590055026826
0.182711111162355
0.182880904700697
0.183095420635010
0.183350587272167
0.183642339959574
0.183966668744547
0.184319650383461
0.184697466106041
0.185096407365488
0.185512872422749
0.185943356993372
0.186384442315592
0.186832783882702
0.187285103741536
0.187738188725494
0.188188896309496
0.188634168997131
0.189071057332038
0.189496750821539
0.189908615322023
0.190304234807793
0.190681454964873
0.191038425744808
0.191373639896904
0.191685964575245
0.191974663383498
0.192239406660913
0.192480268403219
0.192697708921833
0.192892543137473
0.193065895239761
0.193219141279308
0.193353842048912
0.193471669311442
0.193574329001636
0.193663485428221
0.193740690698491
0.193807323553593
0.193864541523437
0.193913249780402
0.193954089300232
0.193987445949881
0.194013480954493
0.194032181903103
0.194043432101697
0.194047094751059
0.194043107199913
0.194031579487914
0.194012890631060
0.193987775687172
0.193957396628483
0.193923390477660
0.193887889042110
0.193853505889581
0.193823287895243
0.193800630677335
0.193789159418789
0.193792578819963
0.193814498102520
0.193858238943146
0.193926635819476
