0.033974692703204
0.035031266139088
0.036087264828627
0.037129702054121
0.038145876631112
0.039123706560595
0.040052031865720
0.040920869975776
0.041721610102041
0.042447137110706
0.043091880158264
0.043651786481576
0.044124225864377
0.044507836064476
0.044802323531852
0.045008236773044
0.045126731485115
0.045159346942713
0.045107812022726
0.044973896746299
0.044759321465100
0.044465731071221
0.044094736201542
0.043648017730010
0.043127485319051
0.042535475859532
0.041874973662949
0.041149831614684
0.040364971400449
0.039526541516803
0.038642014083877
0.037720205377074
0.036771210241081
0.035806246787973
0.034837414565802
0.033877376210347
0.032938978933988
0.032034837553451
0.031176904661956
0.030376055656208
0.029641716406895
0.028981559334229
0.028401289600361
0.027904537301060
0.027492864319811
0.027165886409645
0.026921502687756
0.026756216702532
0.026665526191155
0.026644353159623
0.026687482452577
0.026789975859603
0.026947530175831
0.027156751455138
0.027415323729653
0.027722058306312
0.028076818826695
0.028480326917027
0.028933862729123
0.029438883244866
0.029996588206310
0.030607468369170
0.031270873043926
0.031984633361536
0.032744774367343
0.033545343110918
0.034378371768770
0.035233985093640
0.036100650843207
0.036965561095979
0.037815122324766
0.038635523536396
0.039413345364924
0.040136169234007
0.040793144896532
0.041375476909522
0.041876795773863
0.042293387205683
0.042624262758813
0.042871066081888
0.043037820664429
0.043130536157826
0.043156700426189
0.043124692648824
0.043043158459782
0.042920390852753
0.042763760197601
0.042579233232109
0.042371014558760
0.042141335447675
0.041890404251043
0.041616521224731
0.041316348852236
0.040985317707198
0.040618138255660
0.040209381464111
0.039754086166356
0.039248349184704
0.038689855320763
0.038078308433372
0.037415731602985
0.036706613356479
0.035957887460078
0.035178745146073
0.034380290038328
0.033575056705747
0.032776422985746
0.031997953373178
0.031252715403807
0.030552612791445
0.029907778012519
0.029326063173958
0.028812661636289
0.028369884440712
0.027997105680981
0.027690880228800
0.027445226367046
0.027252055604176
0.027101722880694
0.026983663088278
0.026887074733328
0.026801608970343
0.026718022225657
0.026628753182825
0.026528389804692
0.026413998981369
0.026285299861684
0.026144671409054
0.025996994635312
0.025849339711710
0.025710517165148
0.025590520128473
0.025499890702381
0.025449047587582
0.025447614066875
0.025503785094855
0.025623769753413
0.025811340839420
0.026067517157477
0.026390396570944
0.026775149455855
0.027214173377336
0.027697401048594
0.028212745403070
0.028746658335393
0.029284773709270
0.029812600876280
0.030316232394666
0.030783028981936
0.031202245981118
0.031565568674968
0.031867528464430
0.032105777980223
0.032281210300631
0.032397915240530
0.032462973765870
0.032486099576303
0.032479144399740
0.032455490199088
0.032429356991508
0.032415059071750
0.032426244931351
0.032475156970179
0.032571946183259
0.032724074432941
0.032935832821345
0.033207999268635
0.033537651947212
0.033918148035862
0.034339269688092
0.034787531517001
0.035246636643805
0.035698061776943
0.036121746185432
0.036496855054440
0.036802584750707
0.037018976096487
0.037127701892618
0.037112796605865
0.036961299229869
0.036663784662136
0.036214764272977
0.035612942393677
0.034861321908805
0.033967158678149
0.032941770819030
0.031800214653585
0.030560844108907
0.029244774341823
0.027875273195429
0.026477105698410
0.025075857176218
0.023697259707948
0.022366544748276
0.021107841906903
0.019943640346640
0.018894325260636
0.017977797667484
0.017209181565035
0.016600618538140
0.016161146420442
0.015896655723710
0.015809915379661
0.015900657946167
0.016165713815966
0.016599184084855
0.017192642495777
0.017935358146834
0.018814532280142
0.019815544285327
0.020922203884593
0.022117008153429
0.023381403430278
0.024696053167008
0.026041113293159
0.027396516673837
0.028742267738399
0.030058747389174
0.031327026946468
0.032529188257884
0.033648645327738
0.034670461049909
0.035581651001593
0.036371464915978
0.037031635523527
0.037556584035583
0.037943571712324
0.038192787748241
0.038307365124434
0.038293318084618
0.038159397422105
0.037916862718909
0.037579173929353
0.037161608103398
0.036680810439896
0.036154292082225
0.035599889955234
0.035035206339620
0.034477047650884
0.033940882921361
0.033440342690667
0.032986778341155
0.032588900356273
0.032252511555994
0.031980348139076
0.031772037440094
0.031624176829367
0.031530533317549
0.031482358371431
0.031468807420185
0.031477448758766
0.031494842265159
0.031507164758051
0.031500856128252
0.031463258745935
0.031383222200205
0.031251646241162
0.031061936883900
0.030810353953732
0.030496232794581
0.030122068258741
0.029693455221127
0.029218886442207
0.028709415332776
0.028178197721143
0.027639932754852
0.027110228263501
0.026604919976289
0.026139376685670
0.025727824598640
0.025382723617559
0.025114226125835
0.024929745091932
0.024833653108135
0.024827127590426
0.024908150096308
0.025071659937587
0.025309854380664
0.025612620157685
0.025968074168987
0.026363185518626
0.026784446713915
0.027218559225739
0.027653097808227
0.028077119073372
0.028481682762531
0.028860258803426
0.029208999343185
0.029526862177427
0.029815579960245
0.030079477845391
0.030325150322558
0.030561015529561
0.030796771829755
0.031042786588931
0.031309450588084
0.031606533180846
0.031942573061771
0.032324337375200
0.032756377989800
0.033240708313435
0.033776617333071
0.034360630007324
0.034986615132831
0.035646033789360
0.036328313879861
0.037021329531970
0.037711958580129
0.038386687298495
0.039032229217840
0.039636124354395
0.040187286525712
0.040676469548572
0.041096627831747
0.041443152931064
0.041713974692519
0.041909523283316
0.042032556278458
0.042087862597513
0.042081862048783
0.042022125145961
0.041916842379595
0.041774274989622
0.041602220321428
0.041407523981384
0.041195668268578
0.040970461883654
0.040733849939460
0.040485856148208
0.040224661135736
0.039946812588293
0.039647554852376
0.039321258165982
0.038961921356190
0.038563716994094
0.038121544974635
0.037631559504194
0.037091635632414
0.036501744727294
0.035864213503365
0.035183848085271
0.034467912725358
0.033725961705643
0.032969532091896
0.032211713792568
0.031466621238110
0.030748797413607
0.030072585507970
0.029451505758479
0.028897674981716
0.028421303757708
0.028030301402771
0.027730012015221
0.027523096436172
0.027409565481220
0.027386959895328
0.027450662830392
0.027594321904676
0.027810350685221
0.028090474252018
0.028426280735142
0.028809740578008
0.029233657803994
0.029692022594217
0.030180241685570
0.030695231975821
0.031235372656647
0.031800321483642
0.032390710700008
0.033007746943987
0.033652746548627
0.034326642466904
0.035029501266692
0.035760088068318
0.036515513974858
0.037290994706097
0.038079741211279
0.038872993578936
0.039660199273483
0.040429326359565
0.041167292684675
0.041860483686462
0.042495325178261
0.043058873600857
0.043539385083536
0.043926826303269
0.044213294429518
0.044393320059216
0.044464035476721
0.044425200180351
0.044279085681221
0.044030231354839
0.043685091893768
0.043251604036443
0.042738705229293
0.042155839380069
0.041512484733983
0.040817736204130
0.040079969459393
0.039306607132944
0.038503999215458
