0.059973538372175
0.059977462713701
0.059981476548262
0.059985579915725
0.059989769372198
0.059994038281899
0.059998377141752
0.060002773913620
0.060007214347917
0.060011682292622
0.060016159991919
0.060020628386901
0.060025067435777
0.060029456471819
0.060033774613634
0.060038001234783
0.060042116489235
0.060046101877408
0.060049940826192
0.060053619247482
0.060057126034667
0.060060453456376
0.060063597411851
0.060066557522274
0.060069337045991
0.060071942621323
0.060074383856491
0.060076672800089
0.060078823335800
0.060080850550338
0.060082770123309
0.060084597782092
0.060086348854628
0.060088037939895
0.060089678701505
0.060091283776331
0.060092864779096
0.060094432376754
0.060095996403871
0.060097565992202
0.060099149693270
0.060100755580997
0.060102391330318
0.060104064275881
0.060105781460603
0.060107549686083
0.060109375575348
0.060111265653208
0.060113226441823
0.060115264560240
0.060117386808530
0.060119600211385
0.060121911994193
0.060124329467435
0.060126859802986
0.060129509697846
0.060132284935576
0.060135189871323
0.060138226880539
0.060141395822165
0.060144693572302
0.060148113683153
0.060151646214016
0.060155277766956
0.060158991741135
0.060162768798782
0.060166587515117
0.060170425166730
0.060174258600360
0.060178065118064
0.060181823316277
0.060185513824666
0.060189119904729
0.060192627885635
0.060196027433259
0.060199311665127
0.060202477136730
0.060205523731750
0.060208454489548
0.060211275397966
0.060213995169627
0.060216625007297
0.060219178351270
0.060221670591422
0.060224118720988
0.060226540909410
0.060228955978363
0.060231382777608
0.060233839473914
0.060236342784619
0.060238907204532
0.060241544288135
0.060244262055925
0.060247064592886
0.060249951897927
0.060252920026245
0.060255961543636
0.060259066285059
0.060262222381738
0.060265417494383
0.060268640166504
0.060271881192650
0.060275134881862
0.060278400086535
0.060281680860402
0.060284986605893
0.060288331570942
0.060291733559522
0.060295211731791
0.060298783392957
0.060302459710427
0.060306240362427
0.060310107213325
0.060314017234511
0.060317895044387
0.060321625621446
0.060325047939177
0.060327950462985
0.060330069613967
0.060331092414234
0.060330664553486
0.060328405027515
0.060323928272002
0.060316874333728
0.060306947083033
0.060293959788503
0.060277886577345
0.060258917440349
0.060237513572637
0.060214459047127
0.060190904180562
0.060168395556505
0.060148887592403
0.060134730839739
0.060128632924650
0.060133589178409
0.060152781545587
0.060189446229027
0.060246712636710
0.060327418407923
0.060433907464321
0.060567819993272
0.060729884864599
0.060919726059438
0.061135695130209
0.061374741430283
0.061632330814806
0.061902421736624
0.062177505213965
0.062448712151059
0.062705988115037
0.062938332111244
0.063134092372984
0.063281308912906
0.063368089781847
0.063383005829139
0.063315487397546
0.063156205906189
0.062897423708702
0.062533296934876
0.062060118148979
0.061476488453790
0.060783411963880
0.059984309165878
0.059084949366737
0.058093305995162
0.057019341774987
0.055874733569200
0.054672548874199
0.053426887443506
0.052152502302517
0.050864414489196
0.049577535268934
0.048306308407797
0.047064383455023
0.045864329007209
0.044717392733460
0.043633312661330
0.042620181975920
0.041684367471377
0.040830479897880
0.040061392828108
0.039378305363388
0.038780843027598
0.038267190554604
0.037834249944567
0.037477817116231
0.037192770678033
0.036973266737469
0.036812934220494
0.036705065836218
0.036642800554595
0.036619294227594
0.036627875743790
0.036662186833542
0.036716304313719
0.036784844159440
0.036863047303024
0.036946847480158
0.037032921767838
0.037118724690390
0.037202506915153
0.037283319628292
0.037361005686233
0.037436178594081
0.037510190284436
0.037585088573835
0.037663565074142
0.037748894245374
0.037844864205295
0.037955699867447
0.038085978968014
0.038240541565438
0.038424393654620
0.038642605627589
0.038900206430922
0.039202074411918
0.039552826005024
0.039956703581423
0.040417463961764
0.040938269268616
0.041521581964605
0.042169066077390
0.042881496745895
0.043658680324971
0.044499387348758
0.045401300666266
0.046360981016255
0.047373852192063
0.048434207751987
0.049535240949852
0.050669099189047
0.051826963840483
0.052999155713750
0.054175265838590
0.055344310513301
0.056494908824773
0.057615480063059
0.058694457667173
0.059720515576299
0.060682802152247
0.061571176216044
0.062376439234755
0.063090557333633
0.063706866620006
0.064220255311878
0.064627316383754
0.064926464886465
0.065118014771340
0.065204210948569
0.065189213422955
0.065079031656025
0.064881408770705
0.064605656802985
0.064262445864767
0.063863551755855
0.063421568187068
0.062949591282367
0.062460885346106
0.061968539943716
0.061485129087308
0.061022383687478
0.060590888387209
0.060199813407133
0.059856691096173
0.059567245510980
0.059335281576810
0.059162638268175
0.059049207866947
0.058993020803392
0.058990392970674
0.059036129843619
0.059123779349159
0.059245923347455
0.059394495898307
0.059561115300673
0.059737416276172
0.059915368666248
0.060087569643261
0.060247497682012
0.060389718351444
0.060510034286284
0.060605574377316
0.060674820144945
0.060717570285793
0.060734847348724
0.060728753247172
0.060702282699748
0.060659105579282
0.060603330435755
0.060539262068414
0.060471165921973
0.060403051278297
0.060338483757229
0.060280435617490
0.060231179885174
0.060192231585852
0.060164336487748
0.060147504956779
0.060141085954031
0.060143874031259
0.060154240531814
0.060170279178396
0.060189955877254
0.060211252896012
0.060232298537004
0.060251474943191
0.060267498615667
0.060279470438026
0.060286894325206
0.060289665870869
0.060288034396055
0.060282543463009
0.060273956104929
0.060263171668392
0.060251141248785
0.060238788243853
0.060226939622071
0.060216272201721
0.060207276689886
0.060200240578361
0.060195249377901
0.060192204224584
0.060190852722334
0.060190829073495
0.060191699138997
0.060193006067229
0.060194312506288
0.060195236105803
0.060195475935989
0.060194828501700
0.060193193102249
0.060190567283094
0.060187033957458
0.060182742380486
0.060177885498193
0.060172676259160
0.060167325286830
0.060162021906096
0.060156919959216
0.060152129202778
0.060147712422174
0.060143687800323
0.060140035589416
0.060136707797747
0.060133639438755
0.060130759896598
0.060128003124156
0.060125315672504
0.060122661912755
0.060120026204191
0.060117412140151
0.060114839324761
0.060112338368687
0.060109944922704
0.060107693589669
0.060105612476915
0.060103718991292
0.060102017265033
0.060100497362935
0.060099136190577
0.060097899826295
0.060096746856732
0.060095632218816
0.060094511042738
0.060093342045096
0.060092090125786
0.060090727958532
0.060089236512944
0.060087604585942
0.060085827535454
0.060083905487232
0.060081841320439
0.060079638729009
0.060077300609361
0.060074827950734
0.060072219314902
0.060069470900725
0.060066577108520
0.060063531459186
0.060060327689867
0.060056960843237
0.060053428189449
0.060049729862358
0.060045869146984
0.060041852414029
0.060037688750687
0.060033389377645
0.060028966965108
0.060024434963903
0.060019807052298
0.060015096768919
0.060010317362657
0.060005481848558
0.060000603220960
0.059995694747287
0.059990770251760
0.059985844299559
0.059980932207705
0.059976049836547
0.059971213150326
