0.007840309028981
0.007872464824320
0.007899757028661
0.007922000949819
0.007939019174772
0.007950648903655
0.007956750100499
0.007957213823839
0.007951970079719
0.007940994571943
0.007924313806725
0.007902008134461
0.007874212469768
0.007841114609147
0.007802951249030
0.007760001980553
0.007712581687128
0.007661031884596
0.007605711612624
0.007546988504602
0.007485230630727
0.007420799628327
0.007354045511931
0.007285303403539
0.007214892254052
0.007143115453878
0.007070263069073
0.006996615302164
0.006922446675485
0.006848030377667
0.006773642205390
0.006699563573295
0.006626083151368
0.006553496814096
0.006482105738660
0.006412212657793
0.006344116442785
0.006278105349310
0.006214449390420
0.006153392396083
0.006095144369167
0.006039874749128
0.005987707146578
0.005938716017479
0.005892925612321
0.005850311373273
0.005810803773691
0.005774294413176
0.005740644012002
0.005709691804171
0.005681265720285
0.005655192688279
0.005631308367182
0.005609465667656
0.005589541500634
0.005571441325363
0.005555101230930
0.005540487468598
0.005527593542069
0.005516435144650
0.005507043392262
0.005499456926991
0.005493713547639
0.005489842055096
0.005487854978687
0.005487742776510
0.005489469983522
0.005492973624851
0.005498164030415
0.005504927994336
0.005513134033673
0.005522639330441
0.005533297801858
0.005544968647467
0.005557524675745
0.005570859721030
0.005584894523790
0.005599580558998
0.005614901450318
0.005630871790614
0.005647533387894
0.005664949155317
0.005683195048760
0.005702350611662
0.005722488802173
0.005743665843047
0.005765911844991
0.005789222908157
0.005813555307438
0.005838822222325
0.005864893292109
0.005891597075467
0.005918726285142
0.005946045468895
0.005973300632277
0.006000230159955
0.006026576300790
0.006052096444317
0.006076573435421
0.006099824248365
0.006121706465185
0.006142122167539
0.006161019043048
0.006178388712643
0.006194262489164
0.006208704964209
0.006221805976278
0.006233671626988
0.006244415075211
0.006254147846850
0.006262972350023
0.006270976185358
0.006278228696284
0.006284780025361
0.006290662743068
0.006295895909676
0.006300491234230
0.006304460821600
0.006307825862037
0.006310625527846
0.006312925305642
0.006314824013169
0.006316458825974
0.006318007766320
0.006319689275971
0.006321758694399
0.006324501680508
0.006328224834262
0.006333243979128
0.006339870742783
0.006348398209325
0.006359086501636
0.006372149181045
0.006387741320648
0.006405950020092
0.006426787988812
0.006450190640913
0.006476016930029
0.006504053921046
0.006534024862884
0.006565600308234
0.006598411636862
0.006632066191611
0.006666163140381
0.006700309139612
0.006734132897611
0.006767297817850
0.006799512037494
0.006830535355682
0.006860182757262
0.006888324466427
0.006914882695462
0.006939825470918
0.006963158108350
0.006984913054387
0.007005138911621
0.007023889500919
0.007041213794963
0.007057147477557
0.007071706751093
0.007084884838733
0.007096651420450
0.007106955017420
0.007115728112875
0.007122894585060
0.007128378844265
0.007132115923772
0.007134061684318
0.007134202259940
0.007132561902811
0.007129208474669
0.007124255977592
0.007117863708231
0.007110231845359
0.007101593526374
0.007092203718463
0.007082325428353
0.007072214005310
0.007062100461193
0.007052174847385
0.007042570782688
0.007033352214084
0.007024503412798
0.007015923064535
0.007007423112331
0.006998732763611
0.006989507793333
0.006979344977983
0.006967801197291
0.006954416458949
0.006938739852233
0.006920357234002
0.006898919306858
0.006874168673235
0.006845964446011
0.006814303067059
0.006779334127236
0.006741370188074
0.006700889866660
0.006658533748012
0.006615093018380
0.006571491051764
0.006528758513610
0.006488002853374
0.006450373326324
0.006417022901255
0.006389068564500
0.006367551614460
0.006353399551462
0.006347391105268
0.006350125810793
0.006361999348935
0.006383185623816
0.006413626262877
0.006453027916087
0.006500867410140
0.006556404497823
0.006618701646253
0.006686650043196
0.006759000779222
0.006834399993488
0.006911426658041
0.006988631622435
0.007064576546843
0.007137871414539
0.007207209428013
0.007271398249265
0.007329386734593
0.007380286527023
0.007423388094462
0.007458171027917
0.007484308631463
0.007501667035078
0.007510299235322
0.007510434611440
0.007502464571884
0.007486925056773
0.007464476655554
0.007435883098103
0.007401988845390
0.007363696447429
0.007321944257489
0.007277684998859
0.007231865580362
0.007185408455876
0.007139194726973
0.007094049101689
0.007050726750117
0.007009902041837
0.006972159112367
0.006937984186001
0.006907759579156
0.006881759319456
0.006860146337662
0.006842971218430
0.006830172527006
0.006821578758101
0.006816911975746
0.006815793225281
0.006817749797619
0.006822224409527
0.006828586330960
0.006836144441707
0.006844162136383
0.006851873921710
0.006858503466878
0.006863282781064
0.006865472107043
0.006864380041697
0.006859383328383
0.006849945717661
0.006835635266146
0.006816139441576
0.006791277427953
0.006761009078663
0.006725440047380
0.006684822734362
0.006639552816092
0.006590161274591
0.006537302003366
0.006481735233403
0.006424307187790
0.006365926530225
0.006307538313572
0.006250096253225
0.006194534240180
0.006141738065701
0.006092518349579
0.006047585645220
0.006007528636703
0.005972796246722
0.005943684342933
0.005920327568242
0.005902696633838
0.005890601209695
0.005883698333798
0.005881506047389
0.005883421758045
0.005888744644207
0.005896701252268
0.005906473307831
0.005917226672351
0.005928140329589
0.005938434285802
0.005947395313900
0.005954399563605
0.005958931193274
0.005960596349131
0.005959132016860
0.005954409490291
0.005946432432475
0.005935329735516
0.005921343606670
0.005904813509364
0.005886156759697
0.005865846713780
0.005844389572744
0.005822300876215
0.005800082749547
0.005778202915541
0.005757076380448
0.005737050561750
0.005718394448411
0.005701292181591
0.005685841225077
0.005672055070431
0.005659870202994
0.005649156851979
0.005639732870650
0.005631379949647
0.005623861264565
0.005616939602839
0.005610395007233
0.005604041013991
0.005597738650619
0.005591407486734
0.005585033194746
0.005578671266848
0.005572446741038
0.005566550001095
0.005561228922419
0.005556777826893
0.005553523875251
0.005551811656393
0.005551986822773
0.005554379664676
0.005559289511753
0.005566970797835
0.005577621527757
0.005591374747955
0.005608293453566
0.005628369172818
0.005651524265307
0.005677617765502
0.005706454407901
0.005737796296435
0.005771376537613
0.005806914052499
0.005844128722575
0.005882756012241
0.005922560246620
0.005963345805328
0.006004965616155
0.006047326490038
0.006090391021175
0.006134175973202
0.006178747272629
0.006224211922762
0.006270707324190
0.006318388631650
0.006367414883663
0.006417934704764
0.006470072397026
0.006523915207116
0.006579502479548
0.006636817290554
0.006695781007335
0.006756251043258
0.006818021891190
0.006880829325963
0.006944357484073
0.007008248365175
0.007072113165206
0.007135544753121
0.007198130547883
0.007259465042708
0.007319161260016
0.007376860500720
0.007432239870365
0.007485017214786
0.007534953270094
0.007581851015244
0.007625552398628
0.007665932781814
0.007702893592623
0.007736353796973
0.007766240876579
0.007792482032645
0.007814996321685
0.007833688369148
0.007848444203108
