0.100064041999681
0.100071099076560
0.100109641763921
0.100175106735690
0.100262426113943
0.100366154530947
0.100480610733505
0.100600030990758
0.100718731033632
0.100831272749197
0.100932631404613
0.101018358814298
0.101084737621553
0.101128921771318
0.101149058328544
0.101144386064319
0.101115306697862
0.101063425344685
0.100991557566023
0.100903701417143
0.100804974016684
0.100701513360954
0.100600347334936
0.100509233070211
0.100436470913381
0.100390698244023
0.100380669171636
0.100415026708637
0.100502074334419
0.100649553919568
0.100864436768985
0.101152734080220
0.101519332422992
0.101967858962568
0.102500580115383
0.103118336187608
0.103820513355535
0.104605053149247
0.105468498443391
0.106406073880555
0.107411797686820
0.108478621010297
0.109598590239023
0.110763027243760
0.111962722146581
0.113188133034731
0.114429587013852
0.115677477115332
0.116922449827738
0.118155578399803
0.119368517550373
0.120553635807001
0.121704122368198
0.122814066132564
0.123878505348577
0.124893447197192
0.125855857508834
0.126763621717404
0.127615479043693
0.128410932753502
0.129150140123703
0.129833786442672
0.130462947940215
0.131038948958035
0.131563218909521
0.132037154617593
0.132461993448058
0.132838702269020
0.133167886669108
0.133449724073823
0.133683923435573
0.133869713074178
0.134005857054514
0.134090699257118
0.134122233081201
0.134098193574532
0.134016167767165
0.133873718147786
0.133668513607467
0.133398461820966
0.133061836963377
0.132657396879314
0.132184484327220
0.131643107692313
0.131033997562811
0.130358636747280
0.129619262617007
0.128818842019161
0.127961020352607
0.127050047656714
0.126090685665621
0.125088100665753
0.124047747612994
0.122975251283325
0.121876290228565
0.120756488987682
0.119621323382992
0.118476042846433
0.117325612626858
0.116174677490836
0.115027547221260
0.113888202919435
0.112760321905333
0.111647317960268
0.110552392828350
0.109478594335831
0.108428876230755
0.107406154900038
0.106413358477672
0.105453464487222
0.104529523018125
0.103644663458277
0.102802083925319
0.102005023681272
0.101256719905506
0.100560351171005
0.099918970759627
0.099335433519109
0.098812320279560
0.098351863900003
0.097955880813818
0.097625711510430
0.097362172767893
0.097165523687204
0.097035446730761
0.096971044093800
0.096970848896263
0.097032849925222
0.097154528027562
0.097332901780244
0.097564579769963
0.097845816700479
0.098172570607516
0.098540558679735
0.098945309533382
0.099382210235071
0.099846546876240
0.100333538037927
0.100838361011971
0.101356171134848
0.101882115019151
0.102411338817558
0.102938992914026
0.103460234601953
0.103970230379726
0.104464159475130
0.104937220109591
0.105384639840911
0.105801691090261
0.106183712676860
0.106526137863593
0.106824529069848
0.107074619045345
0.107272357932324
0.107413965284867
0.107495985776461
0.107515347023535
0.107469417697939
0.107356063909408
0.107173701723618
0.106921343654295
0.106598637038145
0.106205892373941
0.105744099981880
0.105214933710259
0.104620740871069
0.103964518105751
0.103249873442587
0.102480975379210
0.101662490375667
0.100799510642735
0.099897474525445
0.098962082085686
0.097999208658494
0.097014819180815
0.096014885964437
0.095005312312098
0.093991863972980
0.092980109925789
0.091975373396996
0.090982693406988
0.090006796529274
0.089052077989106
0.088122590756674
0.087222040939382
0.086353787572288
0.085520844860029
0.084725885040311
0.083971240309176
0.083258902651082
0.082590520921381
0.081967395095770
0.081390468186049
0.080860316876865
0.080377142417891
0.079940763668515
0.079550614403309
0.079205747022538
0.078904844661093
0.078646243353451
0.078427965407034
0.078247764490500
0.078103182196931
0.077991615043712
0.077910390075708
0.077856846503019
0.077828420183905
0.077822727306699
0.077837643371230
0.077871373547803
0.077922510712564
0.077990077918534
0.078073552741728
0.078172871806241
0.078288414792118
0.078420968305915
0.078571671080156
0.078741942996061
0.078933401328021
0.079147768329145
0.079386774766714
0.079652064240923
0.079945103063254
0.080267100133903
0.080618940661042
0.081001136745649
0.081413796866123
0.081856615200140
0.082328880587192
0.082829503835915
0.083357061084623
0.083909850092568
0.084485955722725
0.085083320508188
0.085699816090432
0.086333311477153
0.086981734470926
0.087643123232482
0.088315665715751
0.088997725588775
0.089687854172862
0.090384788829753
0.091087439044868
0.091794862144228
0.092506231104887
0.093220797249147
0.093937850741506
0.094656681738869
0.095376544797421
0.096096628742963
0.096816033703332
0.097533756424488
0.098248684389945
0.098959598678676
0.099665184966394
0.100364051629040
0.101054753566019
0.101735820135638
0.102405785487767
0.103063219582333
0.103706758282954
0.104335131094046
0.104947185345298
0.105541905897422
0.106118429726080
0.106676055018983
0.107214244679741
0.107732624361153
0.108230975344939
0.108709222742301
0.109167419612237
0.109605727684974
0.110024395441308
0.110423734338814
0.110804093996641
0.111165837153789
0.111509315201953
0.111834845062377
0.112142688125022
0.112433031895762
0.112705974902025
0.112961515289502
0.113199543403981
0.113419838497781
0.113622069536008
0.113805799912985
0.113970495733771
0.114115537180506
0.114240232378548
0.114343833111664
0.114425551714590
0.114484578497545
0.114520099128868
0.114531311512978
0.114517441841359
0.114477759651373
0.114411591886162
0.114318336093094
0.114197473013098
0.114048578886367
0.113871337822203
0.113665554548316
0.113431167768579
0.113168264224975
0.112877093390733
0.112558082533373
0.112211851697125
0.111839227983455
0.111441258375406
0.111019220272117
0.110574628886456
0.110109240717651
0.109625052441913
0.109124294761061
0.108609420998575
0.108083090516252
0.107548147319931
0.107007594505250
0.106464565439204
0.105922292758270
0.105384076370466
0.104853251664937
0.104333159053411
0.103827115796119
0.103338390811631
0.102870182853890
0.102425602085008
0.102007654708111
0.101619229981365
0.101263088643093
0.100941851565881
0.100657987347541
0.100413797553682
0.100211398457152
0.100052698370702
0.099939370028459
0.099872817917609
0.099854140965115
0.099884091510488
0.099963032006743
0.100090891349056
0.100267123098392
0.100490668113878
0.100759924209502
0.101072725392870
0.101426333022189
0.101817440839082
0.102242195316541
0.102696232130351
0.103174728853251
0.103672473224276
0.104183945604152
0.104703413534215
0.105225035710992
0.105742972205689
0.106251497423854
0.106745112132224
0.107218650884136
0.107667381347694
0.108087092368320
0.108474168057031
0.108825645758368
0.109139256383860
0.109413446262743
0.109647380326492
0.109840927075874
0.109994626351915
0.110109641425056
0.110187697316888
0.110231007570517
0.110242191889927
0.110224187182830
0.110180154576352
0.110113384944176
0.110027205401456
0.109924889102769
0.109809570528617
0.109684168274171
0.109551317162391
0.109413311290974
0.109272059384430
0.109129053552604
0.108985352248917
0.108841577870634
0.108697929048192
0.108554207234518
0.108409856737248
0.108264016852430
0.108115584278462
0.107963283539836
0.107805742760473
0.107641571825813
0.107469439789214
0.107288148334889
0.107096698222685
0.106894345916241
0.106680648031567
0.106455491822073
0.106219110611995
0.105972083866078
0.105715322394661
