0.119227949110585
0.118548225810085
0.117875198888286
0.117209432142734
0.116551352124299
0.115901291175934
0.115259525919110
0.114626310600317
0.114001904973072
0.113386596635336
0.112780717962236
0.112184657965450
0.111598869570544
0.111023872930098
0.110460255482457
0.109908669523142
0.109369828078459
0.108844499859499
0.108333504031017
0.107837705455829
0.107358010974547
0.106895367156766
0.106450759818412
0.106025215447075
0.105619804519676
0.105235646542492
0.104873916500091
0.104535852274767
0.104222762498259
0.103936034228558
0.103677139809986
0.103447642276223
0.103249198692602
0.103083560902712
0.102952573239647
0.102858166876892
0.102802350619295
0.102787198061807
0.102814831163913
0.102887400393325
0.103007061677676
0.103175950464489
0.103396153227017
0.103669676769117
0.103998415681434
0.104384118291061
0.104828351436438
0.105332464397632
0.105897552327921
0.106524419572337
0.107213543326359
0.107965038183430
0.108778622239412
0.109653585557301
0.110588761934484
0.111582505042400
0.112632670107713
0.113736602357620
0.114891133443595
0.116092586974560
0.117336794123491
0.118619120018180
0.119934501290981
0.121277494755035
0.122642336713276
0.124023011915310
0.125413330684049
0.126807012269755
0.128197772084963
0.129579410158895
0.130945897949308
0.132291460581818
0.133610651661983
0.134898418025325
0.136150152146887
0.137361730407700
0.138529535985648
0.139650465771076
0.140721921367854
0.141741784891463
0.142708380881394
0.143620426173767
0.144476970005618
0.145277326926550
0.146021005266763
0.146707633952496
0.147336890378808
0.147908431860918
0.148421832910814
0.148876530250381
0.149271777102560
0.149606607923440
0.149879814372879
0.150089932986773
0.150235244721391
0.150313786294270
0.150323373044741
0.150261632873113
0.150126050678909
0.149914022591153
0.149622919153092
0.149250156476756
0.148793274210218
0.148250018957766
0.147618431562393
0.146896936409059
0.146084430650202
0.145180371011688
0.144184855630319
0.143098698228083
0.141923491867114
0.140661659573980
0.139316489288004
0.137892150884726
0.136393693452703
0.134827021551088
0.133198849829334
0.131516636123087
0.129788493919240
0.128023085870803
0.126229500798561
0.124417117301650
0.122595457675921
0.120774036275418
0.118962206723645
0.117169012471909
0.115403045105857
0.113672314522726
0.111984134654774
0.110345027821779
0.108760650087281
0.107235739204886
0.105774085910589
0.104378528483784
0.103050969701014
0.101792414576191
0.100603026648069
0.099482200062015
0.098428644313905
0.097440478286621
0.096515330114631
0.095650439453043
0.094842758892607
0.094089051534856
0.093385982102495
0.092730199387957
0.092118408315534
0.091547430388465
0.091014251791389
0.090516058902615
0.090050261423960
0.089614503745335
0.089206665516415
0.088824852690837
0.088467380534139
0.088132750242025
0.087819620899780
0.087526778527868
0.087253103906159
0.086997540754859
0.086759065681047
0.086536661084558
0.086329291966257
0.086135887307647
0.085955326406393
0.085786430271879
0.085627957922320
0.085478607193917
0.085337019485180
0.085201787725874
0.085071466786967
0.084944585538732
0.084819659817999
0.084695205676978
0.084569752445696
0.084441855334270
0.084310107513550
0.084173151824257
0.084029692456547
0.083878507094966
0.083718460121958
0.083548517503395
0.083367763934491
0.083175422701646
0.082970878519766
0.082753703345825
0.082523684864465
0.082280857011506
0.082025531571002
0.081758329577419
0.081480211002445
0.081192501029729
0.080896911139576
0.080595553252765
0.080290945324166
0.079986007030745
0.079684044554705
0.079388723903162
0.079104032706253
0.078834230966773
0.078583791763618
0.078357333405583
0.078159544959865
0.077995107413545
0.077868612944681
0.077784484868609
0.077746900778828
0.077759721224014
0.077826425965248
0.077950059460168
0.078133186749665
0.078377860408442
0.078685598696022
0.079057374542448
0.079493614553444
0.079994206849405
0.080558516281476
0.081185405409157
0.081873259582461
0.082620014544786
0.083423185149794
0.084279894049740
0.085186899541302
0.086140622122050
0.087137169688233
0.088172361664769
0.089241752675055
0.090340656608820
0.091464172113047
0.092607210601779
0.093764527849902
0.094930760104803
0.096100465425491
0.097268170654988
0.098428424066819
0.099575853322939
0.100705227963297
0.101811525242944
0.102889997766863
0.103936241069710
0.104946259068320
0.105916525195284
0.106844037013139
0.107726362215220
0.108561674138872
0.109348775240596
0.110087107395820
0.110776748367261
0.111418394310133
0.112013328721327
0.112563378763280
0.113070860372370
0.113538513969261
0.113969432901932
0.114366986954099
0.114734743332414
0.115076387502960
0.115395646087195
0.115696213763347
0.115981685772052
0.116255497221039
0.116520869952668
0.116780767311457
0.117037856756666
0.117294479934399
0.117552629576227
0.117813932440865
0.118079637468173
0.118350608367023
0.118627319998670
0.118909858125261
0.119197922342859
0.119490832279991
0.119787537384657
0.120086630814910
0.120386368064563
0.120684690976854
0.120979257714000
0.121267479058351
0.121546561130330
0.121813554238256
0.122065407153000
0.122299025660031
0.122511333820586
0.122699336011022
0.122860177541220
0.122991201509654
0.123089999557200
0.123154454345420
0.123182771908491
0.123173502498277
0.123125549135588
0.123038163762089
0.122910931613939
0.122743745161336
0.122536769627333
0.122290402665769
0.122005231198287
0.121681988649109
0.121321515849492
0.120924728700975
0.120492595291074
0.120026124564823
0.119526367901945
0.118994434075402
0.118431517124811
0.117838935725562
0.117218181731806
0.116570974776977
0.115899319182760
0.115205559000281
0.114492426818852
0.113763082046212
0.113021134693720
0.112270651278013
0.111516140250304
0.110762515344948
0.110015036348209
0.109279227966039
0.108560778651308
0.107865422370124
0.107198807280806
0.106566356111429
0.105973123605803
0.105423656729983
0.104921863372363
0.104470895026791
0.104073048432389
0.103729690383233
0.103441208956716
0.103206993292858
0.103025442847594
0.102894005804714
0.102809245127654
0.102766929624327
0.102762146439521
0.102789430623808
0.102842906887375
0.102916438349758
0.103003777045949
0.103098711135938
0.103195204165673
0.103287522309262
0.103370346243770
0.103438865122396
0.103488850971111
0.103516712690648
0.103519529657477
0.103495065647734
0.103441764429248
0.103358728860697
0.103245685695006
0.103102938507594
0.102931311268109
0.102732085063135
0.102506930377513
0.102257837176553
0.101987044823888
0.101696973641508
0.101390159687725
0.101069194108731
0.100736668218220
0.100395125279636
0.100047019804745
0.099694685033932
0.099340309118606
0.098985920373964
0.098633381800902
0.098284394880822
0.097940512421224
0.097603159972354
0.097273665049418
0.096953293089448
0.096643288759911
0.096344920934087
0.096059529375681
0.095788570952343
0.095533663045047
0.095296621755793
0.095079492554500
0.094884571157110
0.094714412694823
0.094571827616117
0.094459863249324
0.094381770527290
0.094340956014262
0.094340920050514
0.094385182509960
0.094477198315637
0.094620265442290
0.094817428620546
0.095071382313072
0.095384376734635
0.095758130717088
0.096193755067509
0.096691689732736
0.097251657576306
0.097872636913928
0.098552854170195
0.099289797149418
0.100080248500907
