0.203543458051783
0.204570299466052
0.205490558413009
0.206295179503815
0.206975876981363
0.207525261456557
0.207936961114680
0.208205733836704
0.208327566806995
0.208299760437783
0.208120993823236
0.207791369427602
0.207312435294494
0.206687183715154
0.205920025987203
0.205016743604491
0.203984416914932
0.202831332939210
0.201566874632626
0.200201394372595
0.198746074845952
0.197212780779626
0.195613905097075
0.193962213088508
0.192270688059724
0.190552381681850
0.188820271917556
0.187087130968289
0.185365405194489
0.183667108432038
0.182003729589001
0.180386154882171
0.178824604586243
0.177328583738939
0.175906845889070
0.174567368701187
0.173317340045884
0.172163153108312
0.171110409034141
0.170163925692253
0.169327751254057
0.168605181454839
0.167998779596462
0.167510398556427
0.167141204270161
0.166891700338099
0.166761753566140
0.166750620370108
0.166856974058307
0.167078933051029
0.167414090104757
0.167859542587440
0.168411923806764
0.169067435334297
0.169821880203109
0.170670696793037
0.171608993162703
0.172631581545849
0.173733012704430
0.174907609823203
0.176149501639439
0.177452654524279
0.178810903265734
0.180217980343271
0.181667543526200
0.183153201669220
0.184668538615736
0.186207135151764
0.187762588979997
0.189328532706431
0.190898649853009
0.192466688931706
0.194026475642037
0.195571923287435
0.197097041548793
0.198595943806350
0.200062853263550
0.201492108196038
0.202878166721643
0.204215611557713
0.205499155293721
0.206723646752830
0.207884079038902
0.208975599859106
0.209993524671599
0.210933353130230
0.211790789182751
0.212561765028081
0.213242468956379
0.213829376890392
0.214319287227554
0.214709358360478
0.214997148041384
0.215180653565586
0.215258351592360
0.215229236308120
0.215092854575175
0.214849336704270
0.214499421542931
0.214044474683079
0.213486498756117
0.212828134994385
0.212072655485209
0.211223945815799
0.210286478092238
0.209265274600577
0.208165862650767
0.206994221393948
0.205756721621106
0.204460059729780
0.203111187180255
0.201717236852121
0.200285447755762
0.198823089554066
0.197337388311055
0.195835454811403
0.194324216693581
0.192810355515738
0.191300249732921
0.189799924412013
0.188315008351210
0.186850699107426
0.185411736270118
0.184002383155802
0.182626416935125
0.181287127044776
0.179987321581168
0.178729341222419
0.177515080082136
0.176346012764434
0.175223226768000
0.174147459280703
0.173119137319247
0.172138420104240
0.171205242523603
0.170319358529138
0.169480383334905
0.168687833342429
0.167941162806720
0.167239796376491
0.166583156788911
0.165970687168477
0.165401867565889
0.164876225568606
0.164393341013193
0.163952845022644
0.163554413772436
0.163197757550182
0.162882605809865
0.162608689028068
0.162375718243320
0.162183363199388
0.162031230018704
0.161918839305174
0.161845605518683
0.161810818380890
0.161813626967887
0.161853027025047
0.161927851908342
0.162036767419555
0.162178270665211
0.162350692935048
0.162552206469196
0.162780834867125
0.163034466788405
0.163310872507047
0.163607722809239
0.163922609669230
0.164253068100610
0.164596598560290
0.164950689280174
0.165312837916483
0.165680571938668
0.166051467228118
0.166423164420752
0.166793382605996
0.167159930086367
0.167520712004809
0.167873734759574
0.168217107245376
0.168549039082537
0.168867836118572
0.169171893605968
0.169459687570840
0.169729764985955
0.169980733443230
0.170211251081396
0.170420017559752
0.170605766875343
0.170767262795972
0.170903297622921
0.171012694904860
0.171094316598406
0.171147075013067
0.171169949692695
0.171162009176425
0.171122437356238
0.171050563913251
0.170945898079415
0.170808164745522
0.170637341730139
0.170433696848165
0.170197823281935
0.169930671671424
0.169633577311335
0.169308280877198
0.168956941204328
0.168582138813084
0.168186869109711
0.167774524488539
0.167348864910513
0.166913976923042
0.166474221503404
0.166034171535696
0.165598540152256
0.165172101565812
0.164759606370189
0.164365693578263
0.163994801880472
0.163651082733912
0.163338317921978
0.163059844153727
0.162818487100797
0.162616507003094
0.162455557622369
0.162336659898922
0.162260191188769
0.162225890446696
0.162232879196437
0.162279697615222
0.162364354577523
0.162484390072032
0.162636948043470
0.162818857430122
0.163026718978001
0.163256995317401
0.163506101786938
0.163770495578879
0.164046760948676
0.164331688468502
0.164622346594644
0.164916144145191
0.165210882630984
0.165504797732940
0.165796589557880
0.166085441620275
0.166371028779116
0.166653514600510
0.166933538813943
0.167212195682763
0.167491004219107
0.167771871244261
0.168057048332837
0.168349083689376
0.168650769995859
0.168965089244064
0.169295155533452
0.169644156777243
0.170015296219898
0.170411734629426
0.170836533988745
0.171292603470435
0.171782648437768
0.172309123169644
0.172874187956387
0.173479671155363
0.174127036728978
0.174817357711913
0.175551295969584
0.176329088516093
0.177150540558493
0.178015025326351
0.178921490632983
0.179868471998854
0.180854112050292
0.181876185789316
0.182932131214411
0.184019084659216
0.185133920107934
0.186273291644680
0.187433678101842
0.188611428892521
0.189802809948280
0.191004048640129
0.192211376542514
0.193421068912550
0.194629479803879
0.195833071821438
0.197028439651966
0.198212326677092
0.199381634189767
0.200533422987067
0.201664907396140
0.202773442095852
0.203856502412374
0.204911659077830
0.205936548731517
0.206928841696218
0.207886208761752
0.208806288839074
0.209686659399126
0.210524811572399
0.211318131653852
0.212063890534424
0.212759242271087
0.213401232623877
0.213986817947092
0.214512894343329
0.214976336497104
0.215374045124311
0.215703001530981
0.215960327393271
0.216143347572567
0.216249653581824
0.216277165234583
0.216224188042180
0.216089464077638
0.215872214289661
0.215572170614190
0.215189596675993
0.214725296375980
0.214180610195700
0.213557399591506
0.212858020369719
0.212085286404635
0.211242425460391
0.210333029185925
0.209360999555445
0.208330494115959
0.207245872375688
0.206111645525479
0.204932431438290
0.203712916552978
0.202457825835836
0.201171901547632
0.199859891048478
0.198526543372094
0.197176613818711
0.195814875375100
0.194446135391274
0.193075255643979
0.191707173710369
0.190346923470827
0.188999652561736
0.187670634707000
0.186365275066094
0.185089107036176
0.183847779323289
0.182647032534886
0.181492665023489
0.180390488207189
0.179346272084550
0.178365682126857
0.177454209148587
0.176617094108407
0.175859250062306
0.175185183665670
0.174598918694670
0.174103924026713
0.173703048387168
0.173398463942163
0.173191620506706
0.173083211759001
0.173073154424032
0.173160580933000
0.173343845601041
0.173620543915428
0.173987544109797
0.174441029834470
0.174976552432888
0.175589091110084
0.176273119136629
0.177022674172774
0.177831430818945
0.178692773594300
0.179599868703789
0.180545733163795
0.181523300102036
0.182525479314037
0.183545212430946
0.184575522317949
0.185609556567143
0.186640625163713
0.187662232583074
0.188668104715477
0.189652211112465
0.190608783108483
0.191532328394502
0.192417642614645
0.193259818527829
0.194054253231475
0.194796653890151
0.195483042354595
0.196109759000948
0.196673466069591
0.197171150739892
0.197600128141821
0.197958044477174
0.198242880399853
0.198452954784139
0.198586928988672
