0.009655867562879
0.009653426132976
0.009650826605499
0.009648242922657
0.009645853336048
0.009643829826319
0.009642327725830
0.009641476159005
0.009641369873852
0.009642062962878
0.009643564866547
0.009645838923280
0.009648803584193
0.009652336256599
0.009656279586703
0.009660449847788
0.009664646974048
0.009668665679458
0.009672307031864
0.009675389819065
0.009677761048256
0.009679304963045
0.009679950041036
0.009679673545626
0.009678503342022
0.009676516841937
0.009673837105314
0.009670626291295
0.009667076805185
0.009663400624327
0.009659817395628
0.009656541974404
0.009653772113487
0.009651677010591
0.009650387380377
0.009649987637486
0.009650510662204
0.009651935477626
0.009654188004036
0.009657144881789
0.009660640178195
0.009664474626664
0.009668426897367
0.009672266276552
0.009675766043633
0.009678716786703
0.009680938891286
0.009682293474829
0.009682691118984
0.009682097869037
0.009680538118788
0.009678094171660
0.009674902455309
0.009671146557194
0.009667047431755
0.009662851295495
0.009658815864998
0.009655195696409
0.009652227446975
0.009650115895871
0.009649021531146
0.009649050433368
0.009650247068063
0.009652590444430
0.009655993915243
0.009660308692141
0.009665330942725
0.009670812132336
0.009676472085795
0.009682014083139
0.009687141178047
0.009691572845656
0.009695061032955
0.009697404702589
0.009698462029400
0.009698159525423
0.009696497527508
0.009693551674267
0.009689470215402
0.009684467225136
0.009678812020024
0.009672815297208
0.009666812700161
0.009661146674230
0.009656147584614
0.009652115128210
0.009649301073688
0.009647894310351
0.009648009077622
0.009649677088497
0.009652844059725
0.009657370929151
0.009663039788582
0.009669564302238
0.009676604130121
0.009683782646453
0.009690707048295
0.009696989800094
0.009702270264832
0.009706235338140
0.009708637931019
0.009709312239408
0.009708184890927
0.009705281263792
0.009700726519945
0.009694741171707
0.009687631294137
0.009679773788640
0.009671597381252
0.009663560286384
0.009656125669607
0.009649736189602
0.009644788980565
0.009641612446380
0.009640446174657
0.009641425143952
0.009644569196661
0.009649778492399
0.009656835354340
0.009665412589126
0.009675088016151
0.009685364602453
0.009695695282854
0.009705511268820
0.009714252429219
0.009721398174687
0.009726497204485
0.009729194486325
0.009729253937326
0.009726575455248
0.009721205206287
0.009713338397661
0.009703314135173
0.009691602369914
0.009678783354354
0.009665520435093
0.009652527386204
0.009640531813128
0.009630236414156
0.009622280059319
0.009617200723505
0.009615402284850
0.009617127068864
0.009622435786512
0.009631196189015
0.009643081356672
0.009657578071278
0.009674005213103
0.009691541597867
0.009709262152531
0.009726180846971
0.009741298377105
0.009753652256885
0.009762366741737
0.009766699890093
0.009766085083068
0.009760164469666
0.009748812084501
0.009732144788923
0.009710519700467
0.009684517379893
0.009654910714906
0.009622620146279
0.009588656594001
0.009554054125353
0.009519795030772
0.009486730505526
0.009455500547608
0.009426456950698
0.009399593377486
0.009374486431120
0.009350251396646
0.009325515903166
0.009298414172008
0.009266603784813
0.009227306053634
0.009177370134041
0.009113360028367
0.009031662618991
0.008928613892750
0.008800639608673
0.008644405862514
0.008456974349688
0.008235956655201
0.007979661630462
0.007687229870478
0.007358749490433
0.006995347818420
0.006599254262426
0.006173830456575
0.005723564817649
0.005254029813836
0.004771801522720
0.004284342389151
0.003799849436625
0.003327071487936
0.002875100162068
0.002453140487209
0.002070267861376
0.001735178765412
0.001455943058752
0.001239765845864
0.001092766779933
0.001019784269658
0.001024211385033
0.001107869338707
0.001270923280674
0.001511843823614
0.001827416259416
0.002212797884913
0.002661622280753
0.003166147837537
0.003717446353055
0.004305626186411
0.004920083297178
0.005549772562253
0.006183491083664
0.006810164801816
0.007419129625018
0.008000398481488
0.008544906187154
0.009044724784084
0.009493243012474
0.009885304797648
0.010217303018416
0.010487226324748
0.010694658337215
0.010840730132470
0.010928028442408
0.010960463416255
0.010943101065231
0.010881966585397
0.010783825599699
0.010655950948193
0.010505882968371
0.010341191238301
0.010169245507292
0.009997003025332
0.009830818726751
0.009676283757075
0.009538096693736
0.009419970546010
0.009324577275803
0.009253530209614
0.009207403364011
0.009185785431353
0.009187365014867
0.009210042702551
0.009251064761282
0.009307172641243
0.009374762123189
0.009450045824428
0.009529212901796
0.009608580140182
0.009684729173721
0.009754625326232
0.009815714444363
0.009865995092442
0.009904064540427
0.009929138062098
0.009941042126318
0.009940183068515
0.009927493734437
0.009904361360845
0.009872540571284
0.009834055799777
0.009791097699255
0.009745918141022
0.009700728270674
0.009657603766590
0.009618400968257
0.009584686928344
0.009557685724326
0.009538242576132
0.009526806491111
0.009523431332527
0.009527794417824
0.009539231030460
0.009556782602874
0.009579255821920
0.009605289539800
0.009633426154655
0.009662184060189
0.009690127851017
0.009715933200989
0.009738443690997
0.009756717330672
0.009770061070794
0.009778052212916
0.009780546260576
0.009777671393136
0.009769810350017
0.009757571063491
0.009741747848977
0.009723275333947
0.009703177566129
0.009682514880042
0.009662331115470
0.009643603674977
0.009627198688721
0.009613833236817
0.009604046180154
0.009598178690701
0.009596365075255
0.009598533976603
0.009604419537599
0.009613581649760
0.009625433999826
0.009639278292976
0.009654342784067
0.009669823097765
0.009684923269406
0.009698894990497
0.009711073190813
0.009720906323461
0.009727980026482
0.009732033197909
0.009732965921594
0.009730839098211
0.009725866048951
0.009718396748391
0.009708895689579
0.009697914672410
0.009686062023273
0.009673969890697
0.009662261313464
0.009651518723884
0.009642255433210
0.009634891456218
0.009629734778914
0.009626968871064
0.009626646910165
0.009628692832799
0.009632908981139
0.009638989783983
0.009646540619141
0.009655100761337
0.009664169138003
0.009673231502526
0.009681787594703
0.009689376892102
0.009695601660238
0.009700146177423
0.009702791231946
0.009703423252401
0.009702037722502
0.009698736833941
0.009693721629313
0.009687279166467
0.009679765481969
0.009671585332594
0.009663169840445
0.009654953252864
0.009647350049427
0.009640733585196
0.009635417355303
0.009631639807472
0.009629553425332
0.009629218567808
0.009630602291355
0.009633582116221
0.009637954439212
0.009643447056925
0.009649735057370
0.009656459174363
0.009663245586064
0.009669726081530
0.009675557519361
0.009680439559363
0.009684129757912
0.009686455273559
0.009687320622584
0.009686711143824
0.009684692066140
0.009681403307854
0.009677050362689
0.009671891829604
0.009666224313817
0.009660365554854
0.009654636718382
0.009649344818206
0.009644766212425
0.009641132045153
0.009638616387106
0.009637327671619
0.009637303836265
0.009638511374503
0.009640848288073
0.009644150720687
0.009648202858112
0.009652749509499
0.009657510648313
0.009662197095647
0.009666526478475
0.009670238592722
0.009673109345401
0.009674962538574
0.009675678885036
0.009675201804252
0.009673539728014
0.009670764838618
