0.007927012666307
0.007948098951975
0.007966322060831
0.007981214418311
0.007992460073897
0.007999902455381
0.008003544128359
0.008003538734839
0.008000175704097
0.007993858712949
0.007985079199685
0.007974386487780
0.007962356238036
0.007949559012133
0.007936530693510
0.007923746375702
0.007911599102165
0.007900384538817
0.007890292299112
0.007881404242698
0.007873699656032
0.007867066820747
0.007861320106236
0.007856221408026
0.007851504510596
0.007846900795848
0.007842164654423
0.007837096989442
0.007831565327875
0.007825519265580
0.007819000254987
0.007812145082584
0.007805182757039
0.007798424916385
0.007792250242403
0.007787083721011
0.007783371889925
0.007781555452942
0.007782040801596
0.007785172061423
0.007791205268550
0.007800286183959
0.007812433073672
0.007827525533174
0.007845300127274
0.007865353268511
0.007887151386146
0.007910048062865
0.007933307456240
0.007956132994867
0.007977700060826
0.007997191154445
0.008013831894528
0.008026926144251
0.008035888572767
0.008040273064385
0.008039795566193
0.008034350212946
0.008024017873291
0.008009066609817
0.007989943920639
0.007967261014686
0.007941769748461
0.007914333200788
0.007885891167414
0.007857422104190
0.007829903223893
0.007804270548355
0.007781380729168
0.007761976375579
0.007746656469989
0.007735853216780
0.007729816369738
0.007728605731271
0.007732092129816
0.007739966779109
0.007751758524136
0.007766858103450
0.007784548224856
0.007804037978110
0.007824499908016
0.007845107954464
0.007865074438316
0.007883684335107
0.007900325228791
0.007914511567412
0.007925902139457
0.007934310038323
0.007939704764530
0.007942206511241
0.007942073067899
0.007939680139455
0.007935496196569
0.007930053229551
0.007923914963408
0.007917644194989
0.007911770931759
0.007906762945925
0.007903000212239
0.007900754481810
0.007900174969744
0.007901280816498
0.007903960637918
0.007907979124711
0.007912990305860
0.007918556768848
0.007924173847042
0.007929297553815
0.007933374873157
0.007935874914235
0.007936319405387
0.007934311041289
0.007929558302050
0.007921895528730
0.007911297257734
0.007897886076316
0.007881933551324
0.007863854090708
0.007844191909254
0.007823601573661
0.007802822885283
0.007782651110271
0.007763903776674
0.007747385417868
0.007733851745248
0.007723974775954
0.007718310421632
0.007717269961959
0.007721096684681
0.007729848777177
0.007743389310267
0.007761383872509
0.007783306103548
0.007808451050587
0.007835955946230
0.007864827692295
0.007893976046530
0.007922251259956
0.007948484713284
0.007971530960713
0.007990309515256
0.008003844705412
0.008011301999352
0.008012019327147
0.008005532128407
0.007991591103350
0.007970171938570
0.007941476601683
0.007905926137079
0.007864145233328
0.007816939156618
0.007765263940156
0.007710190974607
0.007652867349313
0.007594473441011
0.007536179331399
0.007479101655794
0.007424262443600
0.007372551411417
0.007324693017703
0.007281219392152
0.007242450022870
0.007208478830286
0.007179168989143
0.007154155589064
0.007132855959888
0.007114487238791
0.007098090529727
0.007082560808095
0.007066681559486
0.007049163014321
0.007028682752279
0.007003927402430
0.006973634156842
0.006936630845858
0.006891873390263
0.006838479546235
0.006775757989909
0.006703231945100
0.006620656735672
0.006528030837484
0.006425600208260
0.006313855880539
0.006193525006928
0.006065555741461
0.005931096519883
0.005791470459074
0.005648145726571
0.005502702830840
0.005356799848538
0.005212136634708
0.005070419055153
0.004933324238465
0.004802467770678
0.004679373652290
0.004565447710361
0.004461955013489
0.004370001681001
0.004290521316469
0.004224266136037
0.004171802710264
0.004133512099504
0.004109594041834
0.004100074752379
0.004104817815914
0.004123537601702
0.004155814600610
0.004201112078464
0.004258793454463
0.004328139846706
0.004408367275431
0.004498643075366
0.004598101138259
0.004705855682114
0.004821013322069
0.004942683296447
0.005069985778193
0.005202058274600
0.005338060185448
0.005477175649999
0.005618614865719
0.005761614105249
0.005905434692360
0.006049361221814
0.006192699321986
0.006334773262458
0.006474923701651
0.006612505852123
0.006746888313889
0.006877452789763
0.007003594852289
0.007124725880725
0.007240276230225
0.007349699635825
0.007452478793021
0.007548131996768
0.007636220663949
0.007716357512784
0.007788215128421
0.007851534608835
0.007906133960722
0.007951915902460
0.007988874731121
0.008017101923354
0.008036790165337
0.008048235544382
0.008051837682950
0.008048097653152
0.008037613574466
0.008021073866977
0.007999248204628
0.007972976285093
0.007943154602495
0.007910721473775
0.007876640626905
0.007841883707419
0.007807412097430
0.007774158467356
0.007743008494435
0.007714783183794
0.007690222217634
0.007669968737008
0.007654555929678
0.007644395758237
0.007639770116401
0.007640824649825
0.007647565422303
0.007659858550103
0.007677432867495
0.007699885626087
0.007726691169878
0.007757212467437
0.007790715322514
0.007826385024993
0.007863345145763
0.007900678122369
0.007937447228169
0.007972719467306
0.008005588892866
0.008035199808026
0.008060769282111
0.008081608397639
0.008097141643031
0.008106923880802
0.008110654354366
0.008108187249170
0.008099538395853
0.008084887793683
0.008064577739991
0.008039106472656
0.008009117364324
0.007975383844232
0.007938790361277
0.007900309834734
0.007860978161532
0.007821866456018
0.007784051785211
0.007748587226016
0.007716472108087
0.007688623315498
0.007665848501846
0.007648822027604
0.007638064357448
0.007633925561464
0.007636573451118
0.007645986752243
0.007661953577292
0.007684075311568
0.007711775877135
0.007744316187323
0.007780813457633
0.007820264898735
0.007861575187055
0.007903586991273
0.007945113731536
0.007984973665296
0.008022024332134
0.008055196352464
0.008083525564163
0.008106182499221
0.008122498251083
0.008131985863466
0.008134356483022
0.008129529659930
0.008117637349871
0.008099021363501
0.008074224220136
0.008043973583758
0.008009160683643
0.007970813339984
0.007930064417569
0.007888116708764
0.007846205392191
0.007805559318308
0.007767362431875
0.007732716650305
0.007702607474820
0.007677873519137
0.007659181001565
0.007647004066534
0.007641611588322
0.007643060872192
0.007651198416353
0.007665667642773
0.007685923256190
0.007711251658664
0.007740796640282
0.007773589392573
0.007808581755279
0.007844681513274
0.007880788510429
0.007915830341332
0.007948796418573
0.007978769290038
0.008004952193357
0.008026691978721
0.008043496701222
0.008055047373935
0.008061203577124
0.008062002830955
0.008057653852674
0.008048524028085
0.008035121625058
0.008018073457636
0.007998098867069
0.007975981015325
0.007952536582106
0.007928585013939
0.007904918490050
0.007882273742509
0.007861306796868
0.007842571585418
0.007826503231190
0.007813406611914
0.007803450596032
0.007796668106007
0.007792961917414
0.007792115856374
0.007793810824057
0.007797644866237
0.007803156328610
0.007809849003663
0.007817218089487
0.007824775749709
0.007832075088738
0.007838731437184
0.007844439974806
0.007848988896642
0.007852267543430
0.007854269159543
0.007855088198808
0.007854912358230
0.007854009769383
0.007852712005327
0.007851393756624
0.007850450184667
0.007850273067214
0.007851226905480
0.007853626162452
0.007857714748988
0.007863648770738
