0.004064179723836
0.004060872990722
0.004055725264463
0.004049138388283
0.004041632091739
0.004033802712548
0.004026275667168
0.004019655472293
0.004014477313229
0.004011164028915
0.004009991948735
0.004011068309016
0.004014322054860
0.004019508769706
0.004026229355704
0.004033961001242
0.004042098003397
0.004049999238385
0.004057038552130
0.004062654115779
0.004066392873611
0.004067946595838
0.004067176704920
0.004064125919183
0.004059015783199
0.004052230250479
0.004044286565833
0.004035795678801
0.004027415230594
0.004019798733024
0.004013544855529
0.004009150733306
0.004006972906604
0.004007198921951
0.004009831814878
0.004014688712515
0.004021413717803
0.004029504146653
0.004038348167859
0.004047271020121
0.004055586317631
0.004062648555561
0.004067902820072
0.004070927902920
0.004071469504204
0.004069460942765
0.004065029727614
0.004058489405878
0.004050317213818
0.004041119134053
0.004031584923296
0.004022436447726
0.004014373188769
0.004008019019661
0.004003874283363
0.004002276828776
0.004003375011002
0.004007114780040
0.004013241935517
0.004021319490573
0.004030758950570
0.004040863257224
0.004050878256093
0.004060048882963
0.004067675883965
0.004073168815513
0.004076091320371
0.004076195228597
0.004073440846892
0.004068001817329
0.004060254071333
0.004050749591678
0.004040176835445
0.004029310678490
0.004018955540789
0.004009885881360
0.004002788470513
0.003998210738290
0.003996519068340
0.003997870186967
0.004002197840779
0.004009215833890
0.004018437290215
0.004029208807647
0.004040757067750
0.004052244539027
0.004062830232406
0.004071731084629
0.004078279486845
0.004081972746025
0.004082510845623
0.004079819716259
0.004074058274821
0.004065608664361
0.004055050341635
0.004043119825720
0.004030658955534
0.004018555331994
0.004007679183112
0.003998821148391
0.003992635415240
0.003989592261034
0.003989943388413
0.003993702537287
0.004000642780085
0.004010310733841
0.004022056736741
0.004035078920839
0.004048478144042
0.004061319989666
0.004072699551687
0.004081804530535
0.004087972279242
0.004090736853417
0.004089862800838
0.004085363329578
0.004077501555232
0.004066774675545
0.004053882076968
0.004039679464967
0.004025122055852
0.004011200610157
0.003998874577482
0.003989006828545
0.003982304358994
0.003979268967834
0.003980161266492
0.003984980505099
0.003993461667391
0.004005090152071
0.004019133200352
0.004034686121889
0.004050730386527
0.004066199851354
0.004080050833911
0.004091331459997
0.004099245727915
0.004103208040646
0.004102884544877
0.004098218444633
0.004089437475209
0.004077042865830
0.004061780313679
0.004044594661208
0.004026571037062
0.004008866119146
0.003992633847095
0.003978950306128
0.003968742597724
0.003962726296770
0.003961355581840
0.003964789346249
0.003972875601147
0.003985155330928
0.004000885728766
0.004019081504726
0.004038571799595
0.004058069228673
0.004076246785927
0.004091817811193
0.004103613995425
0.004110656486151
0.004112215552062
0.004107854947147
0.004097458038281
0.004081233867922
0.004059702546738
0.004033660633909
0.004004128388196
0.003972281886391
0.003939373940662
0.003906648447906
0.003875253232141
0.003846156572441
0.003820072438668
0.003797398998313
0.003778174239588
0.003762051622541
0.003748297576853
0.003735811475336
0.003723167493389
0.003708676583823
0.003690465717102
0.003666570615182
0.003635037489042
0.003594028809448
0.003541927918042
0.003477437327658
0.003399665859471
0.003308200299709
0.003203157998423
0.003085217736426
0.002955627205894
0.002816186533441
0.002669208368049
0.002517456107590
0.002364062797998
0.002212434065383
0.002066139097938
0.001928794155242
0.001803943330962
0.001694941325371
0.001604842801217
0.001536302515106
0.001491489860585
0.001472020760149
0.001478909039022
0.001512538545432
0.001572656393637
0.001658386840077
0.001768264500214
0.001900284909309
0.002051969853831
0.002220444472534
0.002402522859824
0.002594798802012
0.002793738333300
0.002995770998509
0.003197377031869
0.003395168078349
0.003585959565132
0.003766833343376
0.003935189732531
0.004088788582114
0.004225779394316
0.004344720906376
0.004444590802551
0.004524786406975
0.004585117303377
0.004625790844362
0.004647391465907
0.004650854630095
0.004637436100771
0.004608677133370
0.004566366050441
0.004512496594389
0.004449223410393
0.004378815021923
0.004303604720045
0.004225939891456
0.004148130449908
0.004072397198180
0.004000821117073
0.003935294736519
0.003877476874257
0.003828752113245
0.003790196416301
0.003762550235146
0.003746200355001
0.003741171523954
0.003747128651930
0.003763390035457
0.003788951683782
0.003822522405119
0.003862568877267
0.003907369494842
0.003955075376662
0.004003776552218
0.004051571045014
0.004096634350229
0.004137286679045
0.004172055322968
0.004199729584985
0.004219405932489
0.004230521346269
0.004232873262336
0.004226625015289
0.004212296275057
0.004190738600234
0.004163096884255
0.004130758116078
0.004095289483784
0.004058368386779
0.004021707360352
0.003986977228977
0.003955731970234
0.003929338774446
0.003908916618359
0.003895286335540
0.003888934671737
0.003889994179539
0.003898240061160
0.003913104246294
0.003933706134980
0.003958898587787
0.003987326953499
0.004017498232066
0.004047856918181
0.004076863691879
0.004103072941411
0.004125205134307
0.004142210296748
0.004153319309236
0.004158080355762
0.004156378641852
0.004148438382058
0.004134807001771
0.004116322449435
0.004094065420753
0.004069299105881
0.004043399738683
0.004017781716753
0.003993821344732
0.003972783315923
0.003955753884894
0.003943584306071
0.003936847541252
0.003935810504373
0.003940423255466
0.003950325624439
0.003964870790448
0.003983164416027
0.004004117087525
0.004026507090527
0.004049049990274
0.004070471122795
0.004089576952524
0.004105321324961
0.004116862934877
0.004123610826312
0.004125255413736
0.004121783327974
0.004113475301736
0.004100887267905
0.004084815796114
0.004066249886253
0.004046311920593
0.004026191203764
0.004007073954566
0.003990073828393
0.003976167028917
0.003966135810981
0.003960523695178
0.003959605033903
0.003963370726227
0.003971530922831
0.003983534548116
0.003998604454901
0.004015786079093
0.004034006636071
0.004052141249390
0.004069081968030
0.004083805440326
0.004095435085290
0.004103293933662
0.004106944883366
0.004106215893308
0.004101208578144
0.004092289706261
0.004080066178288
0.004065345105338
0.004049081547802
0.004032317255799
0.004016114320201
0.004001487961043
0.003989342726746
0.003980416149316
0.003975233411889
0.003974075867379
0.003976965347167
0.003983665175536
0.003993697725832
0.004006377288637
0.004020856040107
0.004036180063952
0.004051351747250
0.004065394478937
0.004077415454866
0.004086662541625
0.004092571561757
0.004094801007445
0.004093252024796
0.004088072481042
0.004079644968433
0.004068559643046
0.004055573776477
0.004041560750028
0.004027451890239
0.004014174989066
0.004002593544147
0.003993450683445
0.003987321410084
0.003984576239877
0.003985358543561
0.003989576998015
0.003996913555200
0.004006846318992
0.004018685744568
0.004031621705878
0.004044778270228
0.004057272521027
0.004068273512656
0.004077057442120
0.004083055380756
0.004085890409385
0.004085401709366
0.004081654034096
0.004074931963318
0.004065719361974
0.004054665458460
0.004042539857944
