0.005409322595782
0.005364245620778
0.005319207605299
0.005274437874333
0.005230213992160
0.005186860351852
0.005144743279229
0.005104262898276
0.005065842232818
0.005029914213405
0.004996907404650
0.004967231355978
0.004941262501300
0.004919331489060
0.004901712716492
0.004888616678979
0.004880185539261
0.004876492087420
0.004877542018685
0.004883279220489
0.004893593550624
0.004908330420598
0.004927301384799
0.004950294885367
0.004977086318176
0.005007446665521
0.005041149079495
0.005077972985567
0.005117705493925
0.005160140139674
0.005205073203614
0.005252298075225
0.005301598292145
0.005352740012488
0.005405464738279
0.005459483105117
0.005514470485081
0.005570065021871
0.005625868538793
0.005681450544875
0.005736355328194
0.005790111886076
0.005842246217049
0.005892295305930
0.005939821985573
0.005984429767581
0.006025776706392
0.006063587398893
0.006097662322486
0.006127883871455
0.006154218653568
0.006176715842217
0.006195501627979
0.006210770060277
0.006222770798243
0.006231794484583
0.006238156604403
0.006242180783005
0.006244182506835
0.006244454218520
0.006243252642860
0.006240789052335
0.006237222988236
0.006232659729618
0.006227151561687
0.006220702653510
0.006213277127571
0.006204809705092
0.006195218153692
0.006184416657500
0.006172329180713
0.006158901906509
0.006144113903042
0.006127985292196
0.006110582366589
0.006092019304974
0.006072456362365
0.006052094644452
0.006031167801148
0.006009931176938
0.005988649123266
0.005967581299549
0.005946968857012
0.005927021408935
0.005907905641713
0.005889736316428
0.005872570257550
0.005856403733701
0.005841173417960
0.005826760886134
0.005813000385865
0.005799689402275
0.005786601370640
0.005773499754830
0.005760152630410
0.005746346888471
0.005731901211388
0.005716677062134
0.005700587067697
0.005683600354784
0.005665744599754
0.005647104770385
0.005627818749719
0.005608070227253
0.005588079406979
0.005568092204398
0.005548368677771
0.005529171458568
0.005510754911854
0.005493355672979
0.005477185079500
0.005462423856901
0.005449219235750
0.005437684490094
0.005427900706015
0.005419920428455
0.005413772705146
0.005409468957600
0.005407009066425
0.005406387064020
0.005407595880646
0.005410630685235
0.005415490492311
0.005422177860905
0.005430696678527
0.005441048190620
0.005453225591070
0.005467207620939
0.005482951721195
0.005500387343653
0.005519410038568
0.005539876906196
0.005561603925245
0.005584365558528
0.005607896892721
0.005631898404551
0.005656043270747
0.005679986965139
0.005703378724720
0.005725874327730
0.005747149519862
0.005766913356565
0.005784920704620
0.005800983166806
0.005814977758642
0.005826852772620
0.005836630407227
0.005844405907372
0.005850343150367
0.005854666806524
0.005857651394863
0.005859607731419
0.005860867419899
0.005861766153192
0.005862626672266
0.005863742261327
0.005865361642437
0.005867676069144
0.005870809310044
0.005874811065008
0.005879654176821
0.005885235798825
0.005891382465988
0.005897858804480
0.005904379415304
0.005910623292350
0.005916249994605
0.005920916694536
0.005924295175966
0.005926087858194
0.005926041979047
0.005923961175048
0.005919713846188
0.005913237877525
0.005904541499355
0.005893700289974
0.005880850547116
0.005866179463078
0.005849912722122
0.005832300286279
0.005813601238623
0.005794068605462
0.005773935077936
0.005753400499309
0.005732621880274
0.005711706557073
0.005690708924780
0.005669630971466
0.005648426619881
0.005627009664213
0.005605264882606
0.005583061722696
0.005560269807289
0.005536775398136
0.005512497893048
0.005487405417884
0.005461528610608
0.005434971776815
0.005407920720347
0.005380646711773
0.005353506243248
0.005326936421124
0.005301446057432
0.005277602727928
0.005256016257965
0.005237319269151
0.005222145561881
0.005211107215195
0.005204771351680
0.005203637538675
0.005208116777308
0.005218512969194
0.005235007650120
0.005257648645475
0.005286343139840
0.005320855470439
0.005360809759235
0.005405697300128
0.005454888424760
0.005507648391393
0.005563156684055
0.005620528980503
0.005678840952879
0.005737153008226
0.005794535059085
0.005850090437404
0.005902978125998
0.005952432577060
0.005997780511419
0.006038454238465
0.006074001197370
0.006104089586958
0.006128510116014
0.006147174059992
0.006160107946696
0.006167445306757
0.006169416010012
0.006166333763672
0.006158582371455
0.006146601345701
0.006130871429441
0.006111900526599
0.006090210461040
0.006066324895092
0.006040758641502
0.006014008505912
0.005986545705264
0.005958809826172
0.005931204219889
0.005904092679718
0.005877797213892
0.005852596712128
0.005828726306130
0.005806377241210
0.005785697105086
0.005766790297348
0.005749718665595
0.005734502278048
0.005721120344264
0.005709512332350
0.005699579360351
0.005691185959425
0.005684162315889
0.005678307097649
0.005673390958163
0.005669160788586
0.005665344757407
0.005661658138312
0.005657809883352
0.005653509851841
0.005648476558405
0.005642445258635
0.005635176150418
0.005626462435739
0.005616137963621
0.005604084161986
0.005590235966014
0.005574586464026
0.005557190009542
0.005538163589597
0.005517686293706
0.005495996793327
0.005473388815848
0.005450204676947
0.005426827017078
0.005403668967917
0.005381163048742
0.005359749156989
0.005339862067928
0.005321918892418
0.005306306956690
0.005293372562659
0.005283411060944
0.005276658622398
0.005273286029257
0.005273394726801
0.005277015284446
0.005284108315576
0.005294567803095
0.005308226677254
0.005324864398718
0.005344216217203
0.005365983708284
0.005389846140894
0.005415472197832
0.005442531562241
0.005470705894676
0.005499698757204
0.005529244091318
0.005559112922869
0.005589118046778
0.005619116533546
0.005649009994800
0.005678742642515
0.005708297272199
0.005737689390490
0.005766959788813
0.005796165933603
0.005825372597387
0.005854642191333
0.005884025276845
0.005913551730294
0.005943223010579
0.005973005934172
0.006002828297905
0.006032576607980
0.006062096077527
0.006091192948240
0.006119639078728
0.006147178628262
0.006173536555115
0.006198428549227
0.006221571934906
0.006242697015729
0.006261558294748
0.006277944991799
0.006291690297749
0.006302678853256
0.006310852015552
0.006316210578055
0.006318814729537
0.006318781176446
0.006316277496819
0.006311513939424
0.006304733019689
0.006296197386799
0.006286176537305
0.006274933023719
0.006262708847415
0.006249712731051
0.006236108935689
0.006222008222985
0.006207461466138
0.006192456289431
0.006176916971271
0.006160707686975
0.006143639003031
0.006125477372582
0.006105957230542
0.006084795153675
0.006061705442818
0.006036416406636
0.006008686582868
0.005978320126024
0.005945180620719
0.005909202645722
0.005870400512644
0.005828873730339
0.005784808895815
0.005738477877738
0.005690232331853
0.005640494760654
0.005589746494228
0.005538513117361
0.005487347992564
0.005436814623180
0.005387468660250
0.005339840377898
0.005294418422931
0.005251635585445
0.005211857240715
0.005175372982702
0.005142391812133
0.005113041064829
0.005087369077603
0.005065351399124
0.005046900171663
0.005031876146214
0.005020102657112
0.005011380780647
0.005005504841161
0.005002277411603
0.005001522984805
0.005003099565738
0.005006907549967
0.005012895403408
0.005021061835188
0.005031454349163
0.005044164259764
0.005059318453045
0.005077068353277
