0.000884028647961
0.000834621495944
0.000785407792617
0.000736968333448
0.000689897538099
0.000644793951565
0.000602250486438
0.000562844613823
0.000527128716853
0.000495620819989
0.000468795898594
0.000447077956635
0.000430833036030
0.000420363290290
0.000415902218973
0.000417611120320
0.000425576779323
0.000439810370004
0.000460247516158
0.000486749426454
0.000519104999239
0.000557033780852
0.000600189659070
0.000648165180214
0.000700496393276
0.000756668145495
0.000816119778702
0.000878251201897
0.000942429339956
0.001007994978396
0.001074270037163
0.001140565310608
0.001206188704670
0.001270453985406
0.001332690025677
0.001392250500180
0.001448523935140
0.001500943970533
0.001548999642888
0.001592245449103
0.001630310909864
0.001662909318811
0.001689845343547
0.001711021139583
0.001726440650177
0.001736211794561
0.001740546294381
0.001739756952059
0.001734252273368
0.001724528416740
0.001711158550148
0.001694779798479
0.001676078065609
0.001655771110997
0.001634590346062
0.001613261886276
0.001592487447212
0.001572925703454
0.001555174736212
0.001539756177445
0.001527101615144
0.001517541757183
0.001511298761816
0.001508482034591
0.001509087668097
0.001513001567312
0.001520006164593
0.001529790490319
0.001541963233485
0.001556068307059
0.001571602330810
0.001588033364574
0.001604820171414
0.001621431265950
0.001637363010015
0.001652156056331
0.001665409510158
0.001676792276467
0.001686051182535
0.001693015607766
0.001697598507928
0.001699793882897
0.001699670897641
0.001697365017954
0.001693066657636
0.001687007945431
0.001679448302182
0.001670659566640
0.001660911419408
0.001650457827547
0.001639525168576
0.001628302595072
0.001616935074840
0.001605519393406
0.001594103243421
0.001582687358295
0.001571230484187
0.001559656834422
0.001547865541587
0.001535741522153
0.001523167101528
0.001510033717567
0.001496253028662
0.001481766797744
0.001466555002487
0.001450641729822
0.001434098542751
0.001417045151759
0.001399647373394
0.001382112506373
0.001364682392664
0.001347624550127
0.001331221858389
0.001315761346137
0.001301522663098
0.001288766822698
0.001277725772610
0.001268593292557
0.001261517636083
0.001256596230611
0.001253872634395
0.001253335826486
0.001254921783703
0.001258517183309
0.001263964967958
0.001271071425580
0.001279614375427
0.001289352015046
0.001300031972740
0.001311400125798
0.001323208784320
0.001335223900770
0.001347231041788
0.001359039945988
0.001370487583495
0.001381439723809
0.001391791102278
0.001401464347009
0.001410407883093
0.001418593066874
0.001426010818134
0.001432668012833
0.001438583875115
0.001443786567810
0.001448310130020
0.001452191853414
0.001455470131055
0.001458182759154
0.001460365627648
0.001462051703703
0.001463270195466
0.001464045782599
0.001464397814590
0.001464339405577
0.001463876391934
0.001463006161946
0.001461716410674
0.001459983912674
0.001457773436126
0.001455036940377
0.001451713202551
0.001447728006418
0.001442994998808
0.001437417277254
0.001430889720591
0.001423302016279
0.001414542279157
0.001404501101480
0.001393075828418
0.001380174820995
0.001365721453141
0.001349657592948
0.001331946340935
0.001312573839029
0.001291550020489
0.001268908239289
0.001244703792807
0.001219011428540
0.001191921998417
0.001163538487782
0.001133971695446
0.001103335872692
0.001071744640162
0.001039307491085
0.001006127157704
0.000972298066736
0.000937906042484
0.000903029336878
0.000867740979214
0.000832112350196
0.000796217800419
0.000760140058006
0.000723976108350
0.000687843184639
0.000651884483722
0.000616274219509
0.000581221645577
0.000546973719035
0.000513816136619
0.000482072548301
0.000452101839149
0.000424293462269
0.000399060899383
0.000376833416008
0.000358046360717
0.000343130328446
0.000332499562868
0.000326540010164
0.000325597454471
0.000329966163728
0.000339878454066
0.000355495543051
0.000376900009391
0.000404090112321
0.000436976151361
0.000475378970236
0.000519030631455
0.000567577213764
0.000620583616891
0.000677540199247
0.000737871026596
0.000800943474591
0.000866078905883
0.000932564133149
0.000999663382009
0.001066630480791
0.001132721025665
0.001197204297328
0.001259374736860
0.001318562820906
0.001374145207702
0.001425554053451
0.001472285421577
0.001513906724080
0.001550063144244
0.001580482993140
0.001604981949663
0.001623466126446
0.001635933893925
0.001642476384385
0.001643276589597
0.001638606962414
0.001628825436904
0.001614369795523
0.001595750337012
0.001573540836024
0.001548367834733
0.001520898366783
0.001491826282585
0.001461857418970
0.001431693931353
0.001402018178175
0.001373476610238
0.001346664166444
0.001322109707709
0.001300263028243
0.001281483965091
0.001266034081196
0.001254071324396
0.001245647966362
0.001240712005106
0.001239112077406
0.001240605779676
0.001244871144992
0.001251520878032
0.001260118816838
0.001270197978052
0.001281279457525
0.001292891406321
0.001304587286822
0.001315962636767
0.001326669630248
0.001336428821563
0.001345037586031
0.001352374925180
0.001358402474680
0.001363161733257
0.001366767710536
0.001369399362086
0.001371287331962
0.001372699648987
0.001373926116163
0.001375262188072
0.001376993145937
0.001379379353250
0.001382643307881
0.001386959102871
0.001392444773007
0.001399157845139
0.001407094235440
0.001416190455996
0.001426328916122
0.001437345940424
0.001449041984978
0.001461193422880
0.001473565197181
0.001485923606739
0.001498048500682
0.001509744209080
0.001520848627771
0.001531239998371
0.001540841072741
0.001549620515165
0.001557591565127
0.001564808148197
0.001571358771958
0.001577358668880
0.001582940741057
0.001588245917241
0.001593413547764
0.001598572437428
0.001603833052770
0.001609281343161
0.001614974492248
0.001620938775932
0.001627169555383
0.001633633288588
0.001640271311514
0.001647005028829
0.001653742071474
0.001660382929176
0.001666827552790
0.001672981444276
0.001678760808484
0.001684096426061
0.001688936013861
0.001693244960255
0.001697005448637
0.001700214104233
0.001702878408547
0.001705012214767
0.001706630760555
0.001707745607761
0.001708359940080
0.001708464620063
0.001708035348699
0.001707031188800
0.001705394613508
0.001703053130716
0.001699922420715
0.001695910815656
0.001690924852678
0.001684875554062
0.001677685032361
0.001669292989479
0.001659662677535
0.001648785915772
0.001636686809738
0.001623423892756
0.001609090500681
0.001593813293094
0.001577748941333
0.001561079109434
0.001544003952159
0.001526734439004
0.001509483879823
0.001492459072851
0.001475851517178
0.001459829128333
0.001444528867999
0.001430050649104
0.001416452808585
0.001403749356234
0.001391909114175
0.001380856763039
0.001370475713498
0.001360612630891
0.001351083361297
0.001341679943930
0.001332178350314
0.001322346567768
0.001311952643894
0.001300772329763
0.001288596000481
0.001275234589862
0.001260524347038
0.001244330302380
0.001226548412759
0.001207106436798
0.001185963664131
0.001163109684325
0.001138562427327
0.001112365735384
0.001084586735041
0.001055313266967
0.001024651602297
0.000992724629383
0.000959670637925
0.000925642762651
0.000890809080987
0.000855353293224
0.000819475854490
0.000783395379284
0.000747350104906
0.000711599181866
0.000676423558406
0.000642126242159
0.000609031753420
0.000577484628669
0.000547846886670
0.000520494428463
