0.055390747227316
0.055548738520386
0.055682060666609
0.055784338870074
0.055850507437559
0.055877063104159
0.055862250409331
0.055806169686131
0.055710801663566
0.055579946431792
0.055419078413299
0.055235122843375
0.055036162913032
0.054831089998659
0.054629212142065
0.054439838022767
0.054271854980555
0.054133320134037
0.054031083270160
0.053970458959957
0.053954963334412
0.053986128215697
0.054063401960420
0.054184142578034
0.054343704606073
0.054535617035278
0.054751845468997
0.054983127857317
0.055219369741400
0.055450082133309
0.055664843071389
0.055853762630033
0.056007930788022
0.056119828095391
0.056183680508433
0.056195742029607
0.056154491800044
0.056060735919763
0.055917608359264
0.055730469699370
0.055506706903775
0.055255441695298
0.054987159180237
0.054713271964995
0.054445637974776
0.054196052381693
0.053975735378244
0.053794837928045
0.053661987065655
0.053583890819315
0.053565020453342
0.053607384567869
0.053710405784224
0.053870906444520
0.054083205146078
0.054339321211070
0.054629279561038
0.054941504123172
0.055263284027630
0.055581293629994
0.055882144950879
0.056152949573266
0.056381866447487
0.056558612453380
0.056674913946534
0.056724879816868
0.056705279720012
0.056615714976672
0.056458674014227
0.056239468966818
0.055966054958111
0.055648738460618
0.055299785754033
0.054932946699313
0.054562912630199
0.054204729989471
0.053873193285023
0.053582241928721
0.053344385506395
0.053170181009400
0.053067783577011
0.053042589434614
0.053096986081146
0.053230220528061
0.053438391693623
0.053714568101183
0.054049027018775
0.054429606312287
0.054842155761667
0.055271070590524
0.055699886644106
0.056111914150534
0.056490885413858
0.056821591176324
0.057090480773133
0.057286202568014
0.057400063445161
0.057426389249151
0.057362771883607
0.057210193148780
0.056973020144309
0.056658871998830
0.056278362619596
0.055844728890984
0.055373358108283
0.054881232246276
0.054386309787401
0.053906868156324
0.053460831243644
0.053065107003178
0.052734959663689
0.052483439732306
0.052320892743457
0.052254564716717
0.052288318650028
0.052422472235260
0.052653762501831
0.052975438442675
0.053377478030703
0.053846921565418
0.054368309161625
0.054924206552599
0.055495800355290
0.056063541636495
0.056607815099256
0.057109610520026
0.057551173220041
0.057916611327859
0.058192439333754
0.058368039872859
0.058436028701402
0.058392511328788
0.058237223603085
0.057973552575513
0.057608438044394
0.057152159156537
0.056618014187852
0.056021905010839
0.055381840676962
0.054717376909082
0.054049010047823
0.053397545084808
0.052783457828489
0.052226270992630
0.051743963104149
0.051352427647963
0.051064997871882
0.050892050249755
0.050840696842504
0.050914573808369
0.051113730202762
0.051434618081163
0.051870181877672
0.052410042171330
0.053040766355887
0.053746216466663
0.054507962546284
0.055305748488940
0.056117996313830
0.056922334289570
0.057696134254280
0.058417043828152
0.059063499961659
0.059615211357601
0.060053598695472
0.060362183212793
0.060526915997531
0.060536442255008
0.060382296769544
0.060059028726388
0.059564255939271
0.058898650295126
0.058065857839690
0.057072358352888
0.055927270476640
0.054642109443373
0.053230505202408
0.051707889251995
0.050091158762048
0.048398326627028
0.046648165935257
0.044859856998774
0.043052644578295
0.041245512283978
0.039456880358842
0.037704332182090
0.036004373888657
0.034372230512274
0.032821681044743
0.031364933785219
0.030012542349820
0.028773361742606
0.027654542970795
0.026661563836132
0.025798292764829
0.025067081863849
0.024468884823064
0.024003394831328
0.023669197348239
0.023463932378911
0.023384460841006
0.023427029693465
0.023587430714268
0.023861148166397
0.024243491070219
0.024729706396501
0.025315070193932
0.025994954451381
0.026764868348572
0.027620473446791
0.028557573288961
0.029572078789494
0.030659951671657
0.031817129026196
0.033039432793348
0.034322468586153
0.035661518754034
0.037051434913285
0.038486535330869
0.039960512530476
0.041466356290928
0.042996296828729
0.044541772406335
0.046093424899347
0.047641126008198
0.049174035837344
0.050680694515891
0.052149146429952
0.053567095513377
0.054922088935382
0.056201725467205
0.057393883839770
0.058486965553298
0.059470145896983
0.060333626407158
0.061068881655588
0.061668893129370
0.062128363048047
0.062443901262717
0.062614178890622
0.062640043044730
0.062524587903180
0.062273178404555
0.061893424023767
0.061395101347850
0.060790025496600
0.060091871783404
0.059315950349709
0.058478937795892
0.057598571036721
0.056693309698288
0.055781974315946
0.054883368363641
0.054015892723196
0.053197161571418
0.052443628812543
0.051770234108018
0.051190077255000
0.050714129144362
0.050350986798938
0.050106679068248
0.049984528456751
0.049985073312144
0.050106053225609
0.050342459027029
0.050686647227639
0.051128517204433
0.051655747870507
0.052254089069414
0.052907701505490
0.053599537711471
0.054311755393322
0.055026153511894
0.055724620690910
0.056389585005987
0.057004453931365
0.057554033215376
0.058024913733136
0.058405815929144
0.058687882310674
0.058864909574754
0.058933513329289
0.058893219977109
0.058746482137285
0.058498615940845
0.058157660611153
0.057734162870238
0.057240890844170
0.056692484212828
0.056105049300264
0.055495709569503
0.054882123510593
0.054281983137436
0.053712507188364
0.053189943616374
0.052729096026610
0.052342888351685
0.052041981243644
0.051834452412516
0.051725551477848
0.051717537858306
0.051809607856466
0.051997914465472
0.052275680607141
0.052633403592648
0.053059145669455
0.053538902678052
0.054057040186664
0.054596784096114
0.055140750699153
0.055671499618069
0.056172091997848
0.056626635850253
0.057020800559995
0.057342283290173
0.057581211352156
0.057730466504786
0.057785919567845
0.057746566603338
0.057614561145467
0.057395140440696
0.057096447275418
0.056729252594910
0.056306587623864
0.055843297457803
0.055355530983427
0.054860184392753
0.054374317384137
0.053914562315313
0.053496547034803
0.053134351838586
0.052840019976299
0.052623139390479
0.052490510965968
0.052445915572995
0.052489988708788
0.052620207700934
0.052830992369209
0.053113915900123
0.053458018624278
0.053850213554449
0.054275769089376
0.054718851349521
0.055163106303650
0.055592260263628
0.055990716537244
0.056344126073322
0.056639910816478
0.056867720184763
0.057019803534551
0.057091284595610
0.057080327531042
0.056988188364101
0.056819149862148
0.056580342410335
0.056281457772291
0.055934366751703
0.055552655475194
0.055151098166083
0.054745086744049
0.054350039267175
0.053980810060238
0.053651124309970
0.053373058952813
0.053156589867572
0.053009222782679
0.052935722016008
0.052937947312647
0.053014804784362
0.053162313452301
0.053373784330869
0.053640104547932
0.053950114852699
0.054291065184518
0.054649129911690
0.055009962023526
0.055359264065446
0.055683353007020
0.055969696551144
0.056207399616426
0.056387621804771
0.056503909517561
0.056552429890412
0.056532097735169
0.056444591044113
0.056294255146681
0.056087900127543
0.055834500431454
0.055544809518174
0.055230905828622
0.054905689042617
0.054582347538224
0.054273819025184
0.053992266478195
0.053748590735979
0.053551999493195
0.053409649964746
0.053326379350266
0.053304533503874
0.053343900077729
0.053441748031677
