0.056668901262254
0.056687911615208
0.056706967681018
0.056726185170171
0.056745697955694
0.056765646712505
0.056786164500017
0.056807360419045
0.056829302884567
0.056852004352044
0.056875409465382
0.056899388520137
0.056923737835385
0.056948188104323
0.056972421075672
0.056996094059710
0.057018870831819
0.057040456616900
0.057060634082411
0.057079296745786
0.057096475999480
0.057112358134160
0.057127288323264
0.057141759504510
0.057156385396054
0.057171858415063
0.057188894887497
0.057208171489193
0.057230258170551
0.057255553729570
0.057284230576865
0.057316194990809
0.057351068257568
0.057388192560649
0.057426663426703
0.057465388110094
0.057503166720609
0.057538790412138
0.057571148810815
0.057599337309800
0.057622754094404
0.057641176921795
0.057654810818056
0.057664299932841
0.057670699673790
0.057675408706705
0.057680064158743
0.057686407059122
0.057696128337125
0.057710708230057
0.057731263445653
0.057758416668154
0.057792201895823
0.057832016673216
0.057876628683752
0.057924239665303
0.057972604571036
0.058019198756303
0.058061421198125
0.058096817804156
0.058123306146351
0.058139381770662
0.058144286771285
0.058138123611268
0.058121901097748
0.058097504704018
0.058067589662646
0.058035401922515
0.058004538597142
0.057978665350291
0.057961212727037
0.057955076293690
0.057962346280967
0.057984091079638
0.058020215448649
0.058069408881321
0.058129192628132
0.058196065931903
0.058265743732554
0.058333470134167
0.058394384980069
0.058443915569771
0.058478162373357
0.058494246888277
0.058490591677855
0.058467107054800
0.058425265539595
0.058368053653253
0.058299800159558
0.058225889808176
0.058152381151796
0.058085555336671
0.058031429193524
0.057995269917609
0.057981149740750
0.057991577100603
0.058027235975993
0.058086857588760
0.058167239093704
0.058263412887454
0.058368958588079
0.058476438456548
0.058577926930079
0.058665596823371
0.058732319296883
0.058772232370448
0.058781233823669
0.058757358766304
0.058701009720198
0.058615017226659
0.058504521070791
0.058376675332925
0.058240193679535
0.058104763611749
0.057980368868251
0.057876567019967
0.057801773866090
0.057762607143706
0.057763339157440
0.057805501356966
0.057887674043629
0.058005481919968
0.058151801953991
0.058317175000096
0.058490397858986
0.058659259024637
0.058811370234540
0.058935037938689
0.059020114553909
0.059058769239574
0.059046122002698
0.058980693007413
0.058864630538852
0.058703695417881
0.058506995843648
0.058286483579625
0.058056238953384
0.057831587179432
0.057628100994454
0.057460553630664
0.057341891081545
0.057282293037123
0.057288387680987
0.057362676950785
0.057503216363936
0.057703577859869
0.057953106283176
0.058237461255485
0.058539417464277
0.058839879043336
0.059119048864704
0.059357682189246
0.059538347001959
0.059646610995173
0.059672077767491
0.059609202276879
0.059457827516349
0.059223400082767
0.058916840859156
0.058554067323814
0.058155184820105
0.057743384217409
0.057343601556638
0.056981010408620
0.056679428868578
0.056459729689683
0.056338343624590
0.056325942495902
0.056426380056746
0.056635955820367
0.056943050476843
0.057328162227091
0.057764352448324
0.058218087740779
0.058650444781827
0.059018625658527
0.059277715465231
0.059382601758690
0.059289967552818
0.058960266247527
0.058359588291517
0.057461335284072
0.056247627187816
0.054710381704042
0.052852020840295
0.050685777350674
0.048235592073690
0.045535611258629
0.042629309849941
0.039568281595074
0.036410749113551
0.033219856256929
0.030061810944308
0.027003949122714
0.024112789715853
0.021452146699015
0.019081358222213
0.017053684547960
0.015414917081296
0.014202230567603
0.013443300208561
0.013155695522452
0.013346553679713
0.014012527089627
0.015139993383940
0.016705510696167
0.018676497213297
0.021012111224361
0.023664306081212
0.026579033353486
0.029697566725998
0.032957918599457
0.036296320712048
0.039648739270796
0.042952394026009
0.046147249491670
0.049177445251581
0.051992631215368
0.054549173077579
0.056811193394593
0.058751414934795
0.060351775550271
0.061603787970206
0.062508623739725
0.063076908019365
0.063328220985024
0.063290311856749
0.062998042738846
0.062492090963317
0.061817449897810
0.061021778561789
0.060153659234239
0.059260828911561
0.058388454443004
0.057577522012305
0.056863409084497
0.056274700917288
0.055832304369427
0.055548899351465
0.055428753380449
0.055467908015543
0.055654728300704
0.055970788650636
0.056392051854496
0.056890282987929
0.057434627891364
0.057993277232953
0.058535132588839
0.059031390782065
0.059456967018144
0.059791685974469
0.060021182522173
0.060137469526564
0.060139148329523
0.060031257054871
0.059824771692129
0.059535793872119
0.059184476255592
0.058793750524453
0.058387933272351
0.057991291033191
0.057626646915490
0.057314107760354
0.057069982629998
0.056905951255774
0.056828525568291
0.056838829537680
0.056932703353636
0.057101118634326
0.057330873038645
0.057605516469145
0.057906447960439
0.058214113122290
0.058509227177848
0.058773948460206
0.058992931668611
0.059154198916137
0.059249779033987
0.059276080916820
0.059233983906585
0.059128646216070
0.058969050044150
0.058767318221900
0.058537850945227
0.058296341556110
0.058058736811918
0.057840209270294
0.057654207235721
0.057511641365822
0.057420256991262
0.057384228167839
0.057403994344481
0.057476344314450
0.057594735895402
0.057749824620317
0.057930161595837
0.058123010430062
0.058315226380186
0.058494138012416
0.058648372828494
0.058768573351190
0.058847958673702
0.058882697835937
0.058872074782360
0.058818439143835
0.058726951671533
0.058605146844121
0.058462347055109
0.058308972087261
0.058155793705765
0.058013187788733
0.057890435348404
0.057795119219039
0.057732655478124
0.057705988417791
0.057715465852046
0.057758898603407
0.057831795080379
0.057927749839818
0.058038954751549
0.058156793536357
0.058272475539286
0.058377662918281
0.058465047029865
0.058528834500259
0.058565110885237
0.058572059361111
0.058550022826602
0.058501409316942
0.058430451895810
0.058342844389639
0.058245282746139
0.058144947860812
0.058048969030086
0.057963907573757
0.057895297656888
0.057847276178560
0.057822326218652
0.057821149535814
0.057842673690374
0.057884189280107
0.057941603276961
0.058009786233059
0.058082984768597
0.058155266695374
0.058220964618843
0.058275084952654
0.058313652829203
0.058333969070685
0.058334762716160
0.058316230984080
0.058279967322568
0.058228786682060
0.058166464694753
0.058097413507082
0.058026321156573
0.057957783342812
0.057895956119159
0.057844255512374
0.057805125615411
0.057779890694005
0.057768699811069
0.057770564983440
0.057783486543699
0.057804652759180
0.057830695362974
0.057857978869711
0.057882899635629
0.057902170675636
0.057913070207857
0.057913635545524
0.057902788954251
0.057880387997551
0.057847199202175
0.057804800066048
0.057755420008578
0.057701735393221
0.057646636901179
0.057592989091146
0.057543401868404
0.057500031871720
0.057464428662733
0.057437436374550
0.057419156530184
0.057408972510828
0.057405631081593
0.057407371883434
0.057412092227975
0.057417532150484
0.057421463640239
0.057421868313038
0.057417089435991
0.057405946971238
0.057387807896776
0.057362608152143
0.057330826777452
0.057293416801878
0.057251700861933
0.057207242121475
0.057161702637646
0.057116701778458
