0.000594510537697
0.000607237930809
0.000620581679311
0.000634382627743
0.000648470724231
0.000662669449646
0.000676800111562
0.000690685851464
0.000704155264205
0.000717045579948
0.000729205405220
0.000740497056696
0.000750798545338
0.000760005277953
0.000768031537884
0.000774811788234
0.000780301812707
0.000784479675314
0.000787346445599
0.000788926605802
0.000789268035087
0.000788441457286
0.000786539244886
0.000783673493989
0.000779973321794
0.000775581387200
0.000770649692524
0.000765334785121
0.000759792536317
0.000754172725990
0.000748613699285
0.000743237383133
0.000738144951653
0.000733413409977
0.000729093326006
0.000725207881272
0.000721753339249
0.000718700946909
0.000716000198964
0.000713583310025
0.000711370663909
0.000709276946842
0.000707217626675
0.000705115416522
0.000702906359916
0.000700545195451
0.000698009700419
0.000695303771858
0.000692459075675
0.000689535174983
0.000686618132222
0.000683817660619
0.000681262974261
0.000679097548331
0.000677473048795
0.000676542722210
0.000676454550606
0.000677344474334
0.000679329968913
0.000682504232923
0.000686931205910
0.000692641591487
0.000699630014658
0.000707853396729
0.000717230588360
0.000727643262878
0.000738938038663
0.000750929771037
0.000763405929966
0.000776131958611
0.000788857487898
0.000801323262390
0.000813268611619
0.000824439278307
0.000834595390773
0.000843519342413
0.000851023318523
0.000856956192558
0.000861209503406
0.000863722225721
0.000864484059971
0.000863536999981
0.000860974984904
0.000856941509798
0.000851625152845
0.000845253074523
0.000838082650186
0.000830391506203
0.000822466334252
0.000814590950849
0.000807034142349
0.000800037882848
0.000793806528139
0.000788497569788
0.000784214478137
0.000781002072968
0.000778844739518
0.000777667661743
0.000777341082513
0.000777687431602
0.000778490997522
0.000779509669229
0.000780488148453
0.000781171941551
0.000781321387688
0.000780724971822
0.000779211207344
0.000776658452221
0.000773002139351
0.000768239049112
0.000762428420339
0.000755689874669
0.000748198306884
0.000740176059689
0.000731882845143
0.000723603988330
0.000715637645610
0.000708281686241
0.000701820921350
0.000696515319990
0.000692589772454
0.000690225852620
0.000689555901723
0.000690659614472
0.000693563164232
0.000698240765862
0.000704618450894
0.000712579726671
0.000721972713697
0.000732618306767
0.000744318886165
0.000756867114307
0.000770054387716
0.000783678569765
0.000797550700985
0.000811500464860
0.000825380272071
0.000839067909406
0.000852467776180
0.000865510797120
0.000878153153717
0.000890374014584
0.000902172469318
0.000913563880768
0.000924575869186
0.000935244131029
0.000945608277727
0.000955707858240
0.000965578705979
0.000975249727437
0.000984740227818
0.000994057848562
0.001003197172713
0.001012139036041
0.001020850563609
0.001029285932273
0.001037387838405
0.001045089626681
0.001052318010027
0.001058996283705
0.001065047909261
0.001070400318690
0.001074988767982
0.001078760054558
0.001081675907349
0.001083715863080
0.001084879458987
0.001085187600648
0.001084683003169
0.001083429652506
0.001081511288432
0.001079028967716
0.001076097821402
0.001072843169294
0.001069396193871
0.001065889401551
0.001062452109131
0.001059206186414
0.001056262262689
0.001053716566881
0.001051648521735
0.001050119155627
0.001049170336312
0.001048824774143
0.001049086693007
0.001049943029504
0.001051364997943
0.001053309852259
0.001055722686137
0.001058538138194
0.001061681907020
0.001065072027381
0.001068619908894
0.001072231186932
0.001075806477195
0.001079242155807
0.001082431302509
0.001085264943403
0.001087633711154
0.001089430005813
0.001090550691059
0.001090900302773
0.001090394684498
0.001088964903138
0.001086561243943
0.001083157041758
0.001078752080179
0.001073375284845
0.001067086453269
0.001059976801385
0.001052168164454
0.001043810763751
0.001035079535709
0.001026169110975
0.001017287620696
0.001008649589671
0.001000468244510
0.000992947614351
0.000986274827801
0.000980613010252
0.000976095159792
0.000972819328925
0.000970845366300
0.000970193382259
0.000970844000416
0.000972740351439
0.000975791662097
0.000979878199571
0.000984857254415
0.000990569790753
0.000996847362934
0.001003518895785
0.001010416950698
0.001017383149778
0.001024272501199
0.001030956455267
0.001037324615684
0.001043285127131
0.001048763851182
0.001053702521234
0.001058056127991
0.001061789826180
0.001064875668433
0.001067289463525
0.001069008025192
0.001070007028073
0.001070259624003
0.001069735900597
0.001068403191211
0.001066227176956
0.001063173662792
0.001059210865046
0.001054312019633
0.001048458109796
0.001041640518621
0.001033863432696
0.001025145855583
0.001015523129118
0.001005047902154
0.000993790526089
0.000981838890419
0.000969297736960
0.000956287506929
0.000942942780489
0.000929410365053
0.000915847078802
0.000902417262653
0.000889290040767
0.000876636339887
0.000864625674274
0.000853422707502
0.000843183615742
0.000834052298691
0.000826156512227
0.000819604028112
0.000814478956943
0.000810838396862
0.000808709588230
0.000808087760049
0.000808934844808
0.000811179213446
0.000814716541577
0.000819411863820
0.000825102808446
0.000831603934082
0.000838712019312
0.000846212090477
0.000853883918300
0.000861508675188
0.000868875425918
0.000875787127248
0.000882065837379
0.000887556882894
0.000892131795886
0.000895689912875
0.000898158614223
0.000899492271567
0.000899670054771
0.000898692822584
0.000896579377155
0.000893362397394
0.000889084377222
0.000883793881050
0.000877542391342
0.000870381964657
0.000862363837483
0.000853538037276
0.000843953963977
0.000833661820019
0.000822714689272
0.000811171003985
0.000799097098645
0.000786569534440
0.000773676889574
0.000760520748709
0.000747215686949
0.000733888125793
0.000720674034201
0.000707715550052
0.000695156697550
0.000683138466306
0.000671793589864
0.000661241408597
0.000651583219182
0.000642898497235
0.000635242331020
0.000628644324628
0.000623109123874
0.000618618594570
0.000615135550191
0.000612608794624
0.000610979126543
0.000610185855298
0.000610173313064
0.000610896821118
0.000612327583467
0.000614456039424
0.000617293305141
0.000620870466708
0.000625235644772
0.000630448921591
0.000636575392834
0.000643676765106
0.000651802053339
0.000660978028729
0.000671200119573
0.000682424468859
0.000694561802719
0.000707473665303
0.000720971434883
0.000734818362582
0.000748734681342
0.000762405632337
0.000775492063163
0.000787643080485
0.000798510101199
0.000807761549962
0.000815097403226
0.000820262783208
0.000823059858268
0.000823357404364
0.000821097517828
0.000816299132764
0.000809058175419
0.000799544371047
0.000787994894411
0.000774705212851
0.000760017602196
0.000744307914614
0.000727971240150
0.000711407129261
0.000695005033616
0.000679130580399
0.000664113226463
0.000650235749295
0.000637725928484
0.000626750660978
0.000617412641958
0.000609749635935
0.000603736263732
0.000599288143400
0.000596268148375
0.000594494485205
0.000593750245623
0.000593794053032
0.000594371400487
0.000595226264980
0.000596112580367
0.000596805157949
0.000597109659452
0.000596871251981
0.000595981608964
0.000594383965770
0.000592075994023
0.000589110325039
0.000585592629894
0.000581677250635
0.000577560472131
0.000573471624408
0.000569662307367
0.000566394128911
