0.000619254992477
0.000626864254760
0.000634732528060
0.000642751944239
0.000650820332684
0.000658846397797
0.000666754235561
0.000674486961190
0.000682009275880
0.000689308863698
0.000696396574945
0.000703305415586
0.000710088419417
0.000716815527683
0.000723569637615
0.000730442006076
0.000737527207388
0.000744917846759
0.000752699224531
0.000760944134297
0.000769707962334
0.000779024239265
0.000788900779195
0.000799316527938
0.000810219230616
0.000821524019185
0.000833113010913
0.000844835997564
0.000856512289643
0.000867933758514
0.000878869089681
0.000889069222136
0.000898273901545
0.000906219220478
0.000912645959394
0.000917308481351
0.000919983875958
0.000920480998865
0.000918649017280
0.000914385054177
0.000907640527766
0.000898425810952
0.000886812888460
0.000872935766117
0.000856988484307
0.000839220701062
0.000819930933352
0.000799457670403
0.000778168692388
0.000756449033722
0.000734688115010
0.000713266625465
0.000692543763782
0.000672845437653
0.000654453980074
0.000637599866409
0.000622455814055
0.000609133522442
0.000597683172539
0.000588095660371
0.000580307396980
0.000574207376237
0.000569646099609
0.000566445859715
0.000564411826941
0.000563343358136
0.000563044954199
0.000563336332543
0.000564061147723
0.000565093983830
0.000566345349310
0.000567764521613
0.000569340208080
0.000571099103549
0.000573102527878
0.000575441412324
0.000578229968655
0.000581598416413
0.000585685161314
0.000590628812236
0.000596560398196
0.000603596103828
0.000611830786799
0.000621332478578
0.000632138005985
0.000644249809989
0.000657633984170
0.000672219511056
0.000687898641871
0.000704528344260
0.000721932732280
0.000739906391130
0.000758218512649
0.000776617763059
0.000794837808158
0.000812603420025
0.000829637080916
0.000845665983162
0.000860429298712
0.000873685559873
0.000885219956823
0.000894851321462
0.000902438535832
0.000907886081679
0.000911148440373
0.000912233063293
0.000911201664449
0.000908169640466
0.000903303497040
0.000896816252590
0.000888960893990
0.000880022069592
0.000870306313497
0.000860131194052
0.000849813860936
0.000839659521789
0.000829950405604
0.000820935762559
0.000812823407561
0.000805773239104
0.000799893060292
0.000795236901543
0.000791805902891
0.000789551667541
0.000788381857405
0.000788167675494
0.000788752777839
0.000789963086041
0.000791616934994
0.000793534990924
0.000795549411599
0.000797511790077
0.000799299519708
0.000800820333701
0.000802014898507
0.000802857467223
0.000803354718109
0.000803543006073
0.000803484334995
0.000803261411619
0.000802972165212
0.000802724111353
0.000802628905703
0.000802797378642
0.000803335270323
0.000804339804854
0.000805897159304
0.000808080805073
0.000810950632129
0.000814552715695
0.000818919553312
0.000824070589483
0.000830012854544
0.000836741572039
0.000844240630619
0.000852482867521
0.000861430165311
0.000871033415935
0.000881232450715
0.000891956067132
0.000903122299540
0.000914639079511
0.000926405412013
0.000938313157569
0.000950249461005
0.000962099808545
0.000973751632339
0.000985098320475
0.000996043436977
0.001006504915326
0.001016418964699
0.001025743423325
0.001034460309136
0.001042577353657
0.001050128358640
0.001057172282303
0.001063791038362
0.001070086070447
0.001076173840963
0.001082180441231
0.001088235583771
0.001094466274024
0.001100990475349
0.001107911077057
0.001115310451734
0.001123245847656
0.001131745808737
0.001140807752969
0.001150396775924
0.001160445683701
0.001170856204373
0.001181501281863
0.001192228323692
0.001202863254748
0.001213215222522
0.001223081802983
0.001232254567363
0.001240524884843
0.001247689850663
0.001253558239880
0.001257956391303
0.001260733922333
0.001261769163481
0.001260974182437
0.001258299244516
0.001253736532830
0.001247322932207
0.001239141670491
0.001229322613770
0.001218041031953
0.001205514690077
0.001191999179338
0.001177781478589
0.001163171828591
0.001148494102320
0.001134074958561
0.001120232165062
0.001107262563757
0.001095430216265
0.001084955306285
0.001076004381573
0.001068682488829
0.001063027689516
0.001059008345369
0.001056523433710
0.001055406001515
0.001055429702200
0.001056318190232
0.001057756986603
0.001059407283166
0.001060921035487
0.001061956610082
0.001062194208584
0.001061350291755
0.001059190271020
0.001055538821924
0.001050287297899
0.001043397876555
0.001034904245438
0.001024908819413
0.001013576666575
0.001001126493142
0.000987819189933
0.000973944565394
0.000959806975725
0.000945710607463
0.000931945169758
0.000918772713651
0.000906416217090
0.000895050462948
0.000884795600276
0.000875713625380
0.000867807858404
0.000861025332686
0.000855261867252
0.000850369465345
0.000846165580370
0.000842443719324
0.000838984815113
0.000835568793042
0.000831985781361
0.000828046467009
0.000823591170587
0.000818497302716
0.000812684960825
0.000806120524489
0.000798818202947
0.000790839575377
0.000782291239542
0.000773320745238
0.000764111035172
0.000754873647863
0.000745840956795
0.000737257729504
0.000729372292339
0.000722427583568
0.000716652371468
0.000712252906083
0.000709405263866
0.000708248632719
0.000708879769609
0.000711348841948
0.000715656835087
0.000721754669638
0.000729544122437
0.000738880583540
0.000749577609557
0.000761413153209
0.000774137264080
0.000787480971112
0.000801165979481
0.000814914749418
0.000828460478668
0.000841556489087
0.000853984525572
0.000865561514426
0.000876144398431
0.000885632764975
0.000893969106636
0.000901136693671
0.000907155185899
0.000912074257541
0.000915965642128
0.000918914115564
0.000921008014989
0.000922329932268
0.000922948219648
0.000922909899884
0.000922235486185
0.000920916093604
0.000918913071053
0.000916160212263
0.000912568426427
0.000908032577548
0.000902440047850
0.000895680456023
0.000887655874656
0.000878290849244
0.000867541526882
0.000855403255825
0.000841916113992
0.000827167958352
0.000811294748672
0.000794478076978
0.000776940016009
0.000758935573244
0.000740743190135
0.000722653848495
0.000704959429802
0.000687941013200
0.000671857792211
0.000656937239849
0.000643367061176
0.000631289348473
0.000620797206107
0.000611933950709
0.000604694828585
0.000599031037624
0.000594855705585
0.000592051369152
0.000590478424921
0.000589983988450
0.000590410601543
0.000591604269398
0.000593421383739
0.000595734189075
0.000598434568545
0.000601436054382
0.000604674096226
0.000608104739419
0.000611701966832
0.000615454035428
0.000619359188022
0.000623421139559
0.000627644725637
0.000632032061456
0.000636579496058
0.000641275565531
0.000646100056697
0.000651024196958
0.000656011893901
0.000661021866377
0.000666010442875
0.000670934757008
0.000675756046334
0.000680442760152
0.000684973203209
0.000689337482822
0.000693538582863
0.000697592454549
0.000701527085827
0.000705380583023
0.000709198365397
0.000713029631143
0.000716923298789
0.000720923658879
0.000725065986230
0.000729372363077
0.000733847949389
0.000738477910434
0.000743225175978
0.000748029163188
0.000752805549235
0.000757447132666
0.000761825776931
0.000765795387086
0.000769195832741
0.000771857697558
0.000773607708219
0.000774274673641
0.000773695747854
0.000771722817090
0.000768228802677
0.000763113666372
0.000756309903763
0.000747787314841
0.000737556849501
0.000725673340465
0.000712236957845
0.000697393249170
0.000681331666629
