0.017626090240406
0.017602040390946
0.017576023552628
0.017548040515342
0.017518090167284
0.017486169856549
0.017452275819075
0.017416403656743
0.017378548847655
0.017338707269654
0.017296875717818
0.017253052397166
0.017207237372992
0.017159432963087
0.017109644058569
0.017057878362951
0.017004146542388
0.016948462283544
0.016890842259173
0.016831306005064
0.016769875715410
0.016706575966735
0.016641433383185
0.016574476258108
0.016505734148355
0.016435237458611
0.016363017033193
0.016289103772220
0.016213528287822
0.016136320614193
0.016057509982914
0.015977124672072
0.015895191934535
0.015811738007338
0.015726788200682
0.015640367061678
0.015552498604823
0.015463206598385
0.015372514893594
0.015280447781703
0.015187030362906
0.015092288910577
0.014996251214531
0.014898946887832
0.014800407623170
0.014700667386814
0.014599762540628
0.014497731885425
0.014394616621984
0.014290460229176
0.014185308261803
0.014079208073709
0.013972208474518
0.013864359330736
0.013755711123979
0.013646314480592
0.013536219687896
0.013425476212742
0.013314132237915
0.013202234231191
0.013089826560697
0.012976951168471
0.012863647312038
0.012749951381396
0.012635896796091
0.012521513984291
0.012406830442868
0.012291870874761
0.012176657397246
0.012061209812440
0.011945545929343
0.011829681925216
0.011713632732970
0.011597412440717
0.011481034689572
0.011364513056272
0.011247861408141
0.011131094219317
0.011014226838900
0.010897275703745
0.010780258490841
0.010663194206606
0.010546103212764
0.010429007190807
0.010311929049174
0.010194892779209
0.010077923267622
0.009961046074450
0.009844287186506
0.009727672756822
0.009611228840766
0.009494981139301
0.009378954759257
0.009263173999532
0.009147662170941
0.009032441455936
0.008917532812748
0.008802955926690
0.008688729209522
0.008574869845892
0.008461393884094
0.008348316366741
0.008235651495515
0.008123412822963
0.008011613463435
0.007900266314687
0.007789384281496
0.007678980492732
0.007569068503846
0.007459662477502
0.007350777336123
0.007242428881422
0.007134633877387
0.007027410094718
0.006920776316279
0.006814752304626
0.006709358734081
0.006604617091106
0.006500549547783
0.006397178814051
0.006294527974960
0.006192620319480
0.006091479167530
0.005991127701638
0.005891588809254
0.005792884941069
0.005695037989888
0.005598069193620
0.005501999064880
0.005406847348565
0.005312633007598
0.005219374235902
0.005127088496583
0.005035792582351
0.004945502694338
0.004856234534837
0.004768003408989
0.004680824330186
0.004594712123908
0.004509681524888
0.004425747262856
0.004342924132722
0.004261227045770
0.004180671059309
0.004101271383236
0.004023043362926
0.003946002438984
0.003870164085316
0.003795543727980
0.003722156648041
0.003650017872388
0.003579142056937
0.003509543367024
0.003441235359914
0.003374230874313
0.003308541931546
0.003244179652679
0.003181154195271
0.003119474712819
0.003059149339109
0.003000185198858
0.002942588445105
0.002886364322846
0.002831517257515
0.002778050965995
0.002725968587035
0.002675272827208
0.002625966117948
0.002578050778730
0.002531529181148
0.002486403908502
0.002442677905575
0.002400354613456
0.002359438084718
0.002319933074797
0.002281845106139
0.002245180502525
0.002209946391917
0.002176150677169
0.002143801974969
0.002112909524397
0.002083483067467
0.002055532704916
0.002029068731289
0.002004101454053
0.001980641001956
0.001958697128219
0.001938279014310
0.001919395080042
0.001902052805554
0.001886258570412
0.001872017514530
0.001859333424996
0.001848208652126
0.001838644057188
0.001830638993342
0.001824191320327
0.001819297452458
0.001815952438490
0.001814150070979
0.001813883021878
0.001815143000339
0.001817920928044
0.001822207126877
0.001827991513398
0.001835263794447
0.001844013658181
0.001854230955094
0.001865905863935
0.001879029037952
0.001893591727646
0.001909585876938
0.001927004190627
0.001945840171904
0.001966088129701
0.001987743156597
0.002010801078921
0.002035258381561
0.002061112110701
0.002088359758371
0.002116999133150
0.002147028221725
0.002178445046175
0.002211247521858
0.002245433320662
0.002280999744055
0.002317943609965
0.002356261156939
0.002395947968365
0.002436998918792
0.002479408143574
0.002523169032186
0.002568274244745
0.002614715750401
0.002662484885512
0.002711572428797
0.002761968690083
0.002813663608784
0.002866646857929
0.002920907949389
0.002976436335945
0.003033221505985
0.003091253066922
0.003150520813875
0.003211014780712
0.003272725271228
0.003335642868954
0.003399758424908
0.003465063023373
0.003531547926621
0.003599204500235
0.003668024121417
0.003737998073290
0.003809117428725
0.003881372927658
0.003954754852152
0.004029252903603
0.004104856086545
0.004181552603333
0.004259329763769
0.004338173913312
0.004418070382964
0.004499003463323
0.004580956404515
0.004663911442911
0.004747849854661
0.004832752035192
0.004918597602907
0.005005365524509
0.005093034258560
0.005181581913243
0.005270986413746
0.005361225674276
0.005452277769534
0.005544121100391
0.005636734548709
0.005730097616515
0.005824190545278
0.005918994411643
0.006014491196751
0.006110663827125
0.006207496186020
0.006304973095079
0.006403080267067
0.006501804231377
0.006601132234812
0.006701052120900
0.006801552191628
0.006902621055956
0.007004247469815
0.007106420172500
0.007209127724351
0.007312358350524
0.007416099795308
0.007520339191051
0.007625062945151
0.007730256647888
0.007835905003105
0.007941991782872
0.008048499806416
0.008155410942678
0.008262706135036
0.008370365445914
0.008478368118294
0.008586692650605
0.008695316880998
0.008804218076814
0.008913373024931
0.009022758118856
0.009132349438689
0.009242122820598
0.009352053913074
0.009462118217998
0.009572291115407
0.009682547871762
0.009792863632452
0.009903213400143
0.010013572001441
0.010123914045032
0.010234213875048
0.010344445523830
0.010454582668463
0.010564598595482
0.010674466177970
0.010784157868854
0.010893645713645
0.011002901385084
0.011111896241277
0.011220601407867
0.011328987883704
0.011437026668343
0.011544688908599
0.011651946060288
0.011758770060382
0.011865133503926
0.011971009819468
0.012076373436338
0.012181199936891
0.012285466186961
0.012389150438083
0.012492232395660
0.012594693248131
0.012696515653255
0.012797683678947
0.012898182697506
0.012997999233646
0.013097120768306
0.013195535501820
0.013293232081516
0.013390199300212
0.013486425773285
0.013581899602963
0.013676608039197
0.013770537146879
0.013863671489285
0.013955993837352
0.014047484913868
0.014138123180751
0.014227884676463
0.014316742909160
0.014404668809597
0.014491630746001
0.014577594601299
0.014662523911142
0.014746380059359
0.014829122525664
0.014910709178863
0.014991096607418
0.015070240478132
0.015148095912902
0.015224617873052
0.015299761540712
0.015373482686935
0.015445738016987
0.015516485484172
0.015585684564910
0.015653296489328
0.015719284423385
0.015783613600421
0.015846251401989
0.015907167389686
0.015966333291555
0.016023722948208
0.016079312225255
0.016133078899657
0.016185002528412
0.016235064308340
0.016283246935708
0.016329534474077
0.016373912237976
0.016416366698933
0.016456885419032
0.016495457015573
0.016532071158664
0.016566718601764
0.016599391243352
0.016630082216147
0.016658785998704
0.016685498542811
0.016710217409024
0.016732941901880
