0.017933548500056
0.017887810726303
0.017834086262616
0.017773298306965
0.017706601907293
0.017635368541718
0.017561163450166
0.017485715892692
0.017410882794760
0.017338606526956
0.017270867842217
0.017209635243881
0.017156812269399
0.017114184335283
0.017083366888796
0.017065756643435
0.017062487634066
0.017074393712585
0.017101978918839
0.017145396910365
0.017204440327917
0.017278540624106
0.017366778504738
0.017467904743072
0.017580370743556
0.017702367870910
0.017831874239024
0.017966707386513
0.018104581063733
0.018243164228423
0.018380140298700
0.018513264744158
0.018640419205253
0.018759660511529
0.018869263210406
0.018967754507626
0.019053940843173
0.019126925666666
0.019186118317681
0.019231234243453
0.019262287084914
0.019279573419737
0.019283651158810
0.019275312743781
0.019255554385128
0.019225542612529
0.019186579385454
0.019140066937455
0.019087473410677
0.019030300186900
0.018970051648330
0.018908207915924
0.018846200925357
0.018785394020118
0.018727065075596
0.018672393023668
0.018622447528859
0.018578181477258
0.018540425879162
0.018509886755265
0.018487143572314
0.018472648814648
0.018466728319363
0.018469582060878
0.018481285141358
0.018501788822384
0.018530921516543
0.018568389741317
0.018613779118344
0.018666555575468
0.018726066974169
0.018791545438146
0.018862110697736
0.018936774787152
0.019014448435612
0.019093949477678
0.019174013571797
0.019253307458805
0.019330444914681
0.019404005455518
0.019472555740208
0.019534673491139
0.019588973620175
0.019634136111752
0.019668935083615
0.019692268325429
0.019703186513126
0.019700921219477
0.019684910794786
0.019654823181126
0.019610574752446
0.019552344342933
0.019480581736764
0.019396010041112
0.019299621546164
0.019192666884021
0.019076637524005
0.018953241875053
0.018824375495842
0.018692086128949
0.018558534466242
0.018425951709387
0.018296595104030
0.018172702693212
0.018056448551877
0.017949899729384
0.017854976043208
0.017773413739320
0.017706733870378
0.017656216050779
0.017622878038271
0.017607461375905
0.017610423116708
0.017631933456449
0.017671878926324
0.017729870654024
0.017805257093551
0.017897140553551
0.018004396821054
0.018125697179996
0.018259532157604
0.018404236390843
0.018558014082652
0.018718964606289
0.018885107908270
0.019054409449105
0.019224804500524
0.019394221683330
0.019560605678552
0.019721939074625
0.019876263325319
0.020021698788670
0.020156463799265
0.020278892698825
0.020387452717314
0.020480759563578
0.020557591554803
0.020616902091778
0.020657830274900
0.020679709455924
0.020682073533580
0.020664660827017
0.020627415398484
0.020570485743672
0.020494220822145
0.020399163458382
0.020286041203037
0.020155754801242
0.020009364467522
0.019848074213036
0.019673214508857
0.019486223597928
0.019288627787780
0.019082021066233
0.018868044383739
0.018648364939529
0.018424655795512
0.018198576122829
0.017971752362377
0.017745760553190
0.017522110052320
0.017302228837180
0.017087450546860
0.016879003383001
0.016678000953754
0.016485435106590
0.016302170757747
0.016128942688498
0.015966354241990
0.015814877820196
0.015674857049460
0.015546510456507
0.015429936475689
0.015325119593683
0.015231937430652
0.015150168557474
0.015079500857121
0.015019540254182
0.014969819658983
0.014929808000334
0.014898919251828
0.014876521388595
0.014861945242151
0.014854493248000
0.014853448101676
0.014858081351901
0.014867661963077
0.014881464872413
0.014898779549684
0.014918918540458
0.014941225938363
0.014965085690820
0.014989929598806
0.015015244828244
0.015040580712384
0.015065554595146
0.015089856448539
0.015113251996223
0.015135584092558
0.015156772143419
0.015176809411974
0.015195758128205
0.015213742412737
0.015230939129451
0.015247566892283
0.015263873563266
0.015280122684536
0.015296579379326
0.015313496329176
0.015331100480145
0.015349581144619
0.015369080143540
0.015389684574835
0.015411422697730
0.015434263292230
0.015458118693226
0.015482851516631
0.015508284899584
0.015534215878539
0.015560431339286
0.015586725803025
0.015612920173722
0.015638880473676
0.015664535544640
0.015689892696211
0.015715050344006
0.015740206796598
0.015765664517891
0.015791829403284
0.015819204852864
0.015848380690278
0.015880017247073
0.015914825193645
0.015953541934125
0.015996905578995
0.016045627653647
0.016100365783849
0.016161697614113
0.016230097160250
0.016305914675263
0.016389360924531
0.016480496532512
0.016579226792501
0.016685302039713
0.016798323393633
0.016917753396402
0.017042930827112
0.017173088772528
0.017307374895189
0.017444872768325
0.017584623147518
0.017725644120601
0.017866949214244
0.018007562728140
0.018146531801789
0.018282934978244
0.018415887295587
0.018544542191983
0.018668090736185
0.018785758877150
0.018896803531644
0.019000508389424
0.019096180308410
0.019183147098579
0.019260757359502
0.019328382852820
0.019385423671550
0.019431316229180
0.019465543850695
0.019487649522311
0.019497250163004
0.019494051632448
0.019477863596880
0.019448613342779
0.019406357659480
0.019351292003167
0.019283756298680
0.019204236921648
0.019113364618095
0.019011908346545
0.018900765253338
0.018780947199961
0.018653564438449
0.018519807166317
0.018380925778369
0.018238210665159
0.018092972386493
0.017946522976716
0.017800159023141
0.017655147009311
0.017512711241916
0.017374024496415
0.017240201334159
0.017112293874786
0.016991289662208
0.016878111149073
0.016773616249026
0.016678599371760
0.016593792363396
0.016519864822038
0.016457423341339
0.016407009347068
0.016369095325516
0.016344079389271
0.016332278276345
0.016333919023772
0.016349129688107
0.016377929595098
0.016420219683015
0.016475773553926
0.016544229861802
0.016625086644661
0.016717698151054
0.016821274621786
0.016934885370538
0.017057465368088
0.017187825381409
0.017324665559459
0.017466592200399
0.017612137289151
0.017759780267651
0.017907971399991
0.018055156026670
0.018199798970065
0.018340408358873
0.018475558181943
0.018603908958909
0.018724226021074
0.018835395024441
0.018936434459012
0.019026505065474
0.019104916212462
0.019171129415890
0.019224759288152
0.019265572283204
0.019293483649267
0.019308553012591
0.019310978993976
0.019301093208206
0.019279353920446
0.019246339540613
0.019202742035142
0.019149360234555
0.019087092923613
0.019016931526574
0.018939952149481
0.018857306718954
0.018770212964506
0.018679943028579
0.018587810552389
0.018495156171202
0.018403331453289
0.018313681424588
0.018227525927892
0.018146140163091
0.018070734836526
0.018002436406961
0.017942267949274
0.017891131162689
0.017849790028535
0.017818856575475
0.017798779141887
0.017789833441021
0.017792116641044
0.017805544575502
0.017829852106458
0.017864596578035
0.017909164226557
0.017962779357751
0.018024516062653
0.018093312221409
0.018167985536079
0.018247251336591
0.018329741914022
0.018414027147993
0.018498636205701
0.018582080095082
0.018662874850952
0.018739565118863
0.018810747876675
0.018875095999593
0.018931381333345
0.018978496896032
0.019015477786737
0.019041520343447
0.019055999069425
0.019058480840825
0.019048735922865
0.019026745360171
0.018992704369978
0.018947021454237
0.018890313055995
0.018823393712553
0.018747261797411
0.018663081088162
0.018572158540875
0.018475918785484
0.018375875973914
0.018273603706501
0.018170703827418
0.018068774912574
