0.004601944794488
0.004751163716865
0.004907667788911
0.005070158799034
0.005237332379455
0.005407907880927
0.005580654273567
0.005754411653455
0.005928108205998
0.006100772725606
0.006271543005018
0.006439670577326
0.006604522412979
0.006765580239252
0.006922438160265
0.007074799213797
0.007222471411656
0.007365363680588
0.007503481960212
0.007636925534879
0.007765883490663
0.007890631011327
0.008011525072311
0.008128998973863
0.008243555085807
0.008355755167453
0.008466207683481
0.008575551662797
0.008684436839984
0.008793500070069
0.008903338304067
0.009014478736972
0.009127347069849
0.009242235138729
0.009359269429768
0.009478382197748
0.009599287011846
0.009721460551380
0.009844132354460
0.009966283980814
0.010086658691997
0.010203782291368
0.010315995224593
0.010421495447531
0.010518390956303
0.010604760280918
0.010678718706897
0.010738487544616
0.010782463445066
0.010809284588386
0.010817890564419
0.010807572929533
0.010778013757804
0.010729309993541
0.010661982033043
0.010576965684646
0.010475587439904
0.010359523792743
0.010230746124163
0.010091453384427
0.009943995413607
0.009790790211224
0.009634238770843
0.009476641219495
0.009320117938367
0.009166539094541
0.009017465597959
0.008874103936696
0.008737276668112
0.008607409590424
0.008484535828985
0.008368316285584
0.008258075157582
0.008152848573230
0.008051443841292
0.007952506401015
0.007854591298571
0.007756235915330
0.007656030730391
0.007552685104878
0.007445085412026
0.007332343282247
0.007213832259716
0.007089211747121
0.006958437718398
0.006821760276312
0.006679708696064
0.006533065104230
0.006382828375246
0.006230170170857
0.006076385292071
0.005922838653489
0.005770911226468
0.005621947234599
0.005477204730202
0.005337811445041
0.005204727505450
0.005078716247122
0.004960323974350
0.004849869100023
0.004747440693565
0.004652906071247
0.004565926702778
0.004485981393886
0.004412395448679
0.004344374326792
0.004281040194501
0.004221469728286
0.004164731562183
0.004109921871653
0.004056196748273
0.004002800230272
0.003949087100797
0.003894539834641
0.003838779350753
0.003781569498619
0.003722815459573
0.003662556469664
0.003600953461824
0.003538272377675
0.003474864012072
0.003411141327383
0.003347555212619
0.003284569668786
0.003222637380806
0.003162176592176
0.003103550134701
0.003047047384214
0.002992869815323
0.002941120713691
0.002891799472571
0.002844800750424
0.002799918598541
0.002756855482932
0.002715235926747
0.002674624293954
0.002634546030104
0.002594511482345
0.002554041250557
0.002512691887531
0.002470080681092
0.002425908225903
0.002379977535500
0.002332208559838
0.002282647159656
0.002231467840059
0.002178969850740
0.002125566603137
0.002071768715934
0.002018161357577
0.001965376885399
0.001914064063949
0.001864855361646
0.001818333960705
0.001775002161623
0.001735252817776
0.001699345301432
0.001667387288948
0.001639323374320
0.001614931193946
0.001593825390969
0.001575469384459
0.001559194555507
0.001544226134904
0.001529714788300
0.001514772653524
0.001498512396659
0.001480087720869
0.001458733684922
0.001433805165589
0.001404811827738
0.001371448046451
0.001333616355946
0.001291443180195
0.001245285830086
0.001195730031344
0.001143577574600
0.001089824049669
0.001035627032674
0.000982265525024
0.000931091881124
0.000883477886053
0.000840757031388
0.000804165360526
0.000774783488423
0.000753482520818
0.000740876585881
0.000737284534656
0.000742703062624
0.000756793059573
0.000778880425786
0.000807971925702
0.000842785920471
0.000881797068837
0.000923293355325
0.000965443139640
0.001006369361934
0.001044227619602
0.001077284578146
0.001103993106783
0.001123060642999
0.001133507581990
0.001134712939671
0.001126445125369
0.001108876349882
0.001082579949181
0.001048510685065
0.001007968853214
0.000962549750718
0.000914080697570
0.000864548343329
0.000816019400352
0.000770558213992
0.000730144699188
0.000696596139019
0.000671496156853
0.000656133847645
0.000651455599108
0.000658031568022
0.000676038123886
0.000705256858674
0.000745090018616
0.000794591475414
0.000852511655153
0.000917354218205
0.000987441765329
0.001060987461903
0.001136169245766
0.001211203227602
0.001284413009959
0.001354291934817
0.001419555702772
0.001479183362357
0.001532445311029
0.001578917639609
0.001618482847076
0.001651317610703
0.001677868880114
0.001698820042115
0.001715049254386
0.001727582259097
0.001737542061500
0.001746097803037
0.001754414991263
0.001763608993955
0.001774703389525
0.001788594418200
0.001806022424158
0.001827550839314
0.001853552950271
0.001884206420072
0.001919495308423
0.001959219145230
0.002003008455939
0.002050346004874
0.002100592906054
0.002153018643613
0.002206833942910
0.002261225339978
0.002315390216702
0.002368571011034
0.002420087287258
0.002469364372763
0.002515957345752
0.002559569300169
0.002600063022519
0.002637465486688
0.002671964897526
0.002703900375958
0.002733744756658
0.002762081339574
0.002789575773112
0.002816944524966
0.002844921595213
0.002874225229392
0.002905526387888
0.002939420620782
0.002976404791068
0.003016859797756
0.003061040093965
0.003109070398101
0.003160949585199
0.003216561347284
0.003275690850716
0.003338046315777
0.003403284214784
0.003471036639257
0.003540939327449
0.003612658868117
0.003685917696948
0.003760515666712
0.003836347186460
0.003913413173209
0.003991827325876
0.004071816501281
0.004153715233428
0.004237954679982
0.004325046496784
0.004415562327446
0.004510109748215
0.004609305627236
0.004713747942344
0.004823987153199
0.004940498242644
0.005063654529241
0.005193704308213
0.005330751301617
0.005474739790516
0.005625445162712
0.005782470440327
0.005945249154666
0.006113054714898
0.006285016177726
0.006460140074253
0.006637337696426
0.006815456998485
0.006993318039633
0.007169750693580
0.007343633189652
0.007513929938680
0.007679727043373
0.007840263903863
0.007994959408649
0.008143431350416
0.008285507923465
0.008421230439742
0.008550846735581
0.008674795120235
0.008793679126133
0.008908233743337
0.009019284238842
0.009127699055751
0.009234338638214
0.009340002315951
0.009445375589068
0.009550980264176
0.009657129894224
0.009763892859223
0.009871065190711
0.009978154892857
0.010084379057564
0.010188674526056
0.010289722237922
0.010385984758115
0.010475755815100
0.010557220053623
0.010628520638655
0.010687831876495
0.010733433674794
0.010763784469514
0.010777589220055
0.010773859221539
0.010751960802977
0.010711650459179
0.010653094580336
0.010576872665162
0.010483963693312
0.010375716147770
0.010253802973237
0.010120163488198
0.009976934895518
0.009826376524686
0.009670790261525
0.009512440761824
0.009353478997983
0.009195872457505
0.009041344914895
0.008891328159270
0.008746927411833
0.008608901448783
0.008477657697928
0.008353261843419
0.008235460792798
0.008123717269714
0.008017253823616
0.007915103715727
0.007816165961142
0.007719261782693
0.007623189856993
0.007526777991618
0.007428929242387
0.007328660932887
0.007225135542867
0.007117682954203
0.007005814049858
0.006889226122052
0.006767800934989
0.006641596584913
0.006510834493430
0.006375882953803
0.006237238627160
0.006095507266319
0.005951384745521
0.005805639216106
0.005659094915523
0.005512617855649
0.005367103331528
0.005223464945668
0.005082624654800
0.004945503228571
0.004813010470326
