0.007123526772228
0.007026538414441
0.006932057951955
0.006839648743143
0.006748854441173
0.006659217029335
0.006570292422517
0.006481663355869
0.006392949469371
0.006303814664750
0.006213971946768
0.006123186055347
0.006031274243930
0.005938105563103
0.005843598971758
0.005747720530132
0.005650479842192
0.005551925823435
0.005452141788966
0.005351239799293
0.005249354178654
0.005146634139734
0.005043235511386
0.004939311669155
0.004835003903126
0.004730431610604
0.004625682855193
0.004520805970004
0.004415802981554
0.004310625675154
0.004205175098180
0.004099305196469
0.003992831099249
0.003885542315131
0.003777220788813
0.003667663414733
0.003556708235154
0.003444263194530
0.003330336009199
0.003215063469915
0.003098738348971
0.002981832051977
0.002865011247134
0.002749146923021
0.002635314660794
0.002524785340048
0.002419006003062
0.002319571146740
0.002228185258733
0.002146617926029
0.002076653285076
0.002020035921237
0.001978415538570
0.001953292794306
0.001945968622224
0.001957499162352
0.001988658088128
0.002039907702136
0.002111379689962
0.002202865914488
0.002313819136809
0.002443363099048
0.002590311028057
0.002753191338843
0.002930279145496
0.003119632128109
0.003319129350000
0.003526511754782
0.003739423274949
0.003955451725380
0.004172168907160
0.004387169581069
0.004598109160992
0.004802740106339
0.004998947047708
0.005184780658419
0.005358490191739
0.005518554453078
0.005663710788167
0.005792981466808
0.005905696653759
0.006001513009790
0.006080426879899
0.006142781019821
0.006189263896871
0.006220900779356
0.006239036094186
0.006245306870824
0.006241607480238
0.006230046293806
0.006212895299903
0.006192534095313
0.006171389986825
0.006151876171647
0.006136330096150
0.006126954110970
0.006125760444934
0.006134522317374
0.006154732712466
0.006187571971144
0.006233884941449
0.006294167994866
0.006368565792888
0.006456877301061
0.006558570219838
0.006672802749584
0.006798451441421
0.006934143809192
0.007078294386624
0.007229142996913
0.007384794143622
0.007543256612077
0.007702482567991
0.007860405633316
0.008014977589171
0.008164203486539
0.008306175026852
0.008439102102125
0.008561342359618
0.008671428586721
0.008768093610662
0.008850292291121
0.008917220070785
0.008968327458343
0.009003329767961
0.009022211443388
0.009025224363058
0.009012879658852
0.008985932783093
0.008945361816952
0.008892339314261
0.008828198298178
0.008754393351618
0.008672458041629
0.008583960169199
0.008490456518078
0.008393448871948
0.008294343067371
0.008194412745862
0.008094769264831
0.007996338934288
0.007899848380659
0.007805818423405
0.007714566410495
0.007626216523761
0.007540717163033
0.007457864175114
0.007377328432206
0.007298686100938
0.007221449886907
0.007145099592523
0.007069110481645
0.006992978189433
0.006916239230156
0.006838486514477
0.006759379663339
0.006678650269474
0.006596102582748
0.006511610358577
0.006425110791516
0.006336596547678
0.006246106906600
0.006153718930030
0.006059539404375
0.005963698073851
0.005866342416741
0.005767633944368
0.005667745748814
0.005566860816788
0.005465170484938
0.005362872351718
0.005260166990754
0.005157252929795
0.005054319558838
0.004951537893699
0.004849049423490
0.004746953583706
0.004645294690287
0.004544049413839
0.004443116040011
0.004342306830596
0.004241344756391
0.004139865713026
0.004037427060244
0.003933522958867
0.003827606541924
0.003719118478174
0.003607521003022
0.003492336040693
0.003373185658229
0.003249832807548
0.003122220150701
0.002990504740393
0.002855086447518
0.002716628283333
0.002576067139400
0.002434613937843
0.002293742715334
0.002155168720049
0.002020816144128
0.001892776609378
0.001773259940643
0.001664539076079
0.001568891162252
0.001488536959880
0.001425580648263
0.001381951976744
0.001359352490637
0.001359207282195
0.001382623411845
0.001430355837364
0.001502781402311
0.001599881187402
0.001721231330517
0.001866002275880
0.002032966316374
0.002220513234427
0.002426673810817
0.002649150939218
0.002885358038983
0.003132464383737
0.003387446847275
0.003647147405910
0.003908335529657
0.004167774352968
0.004422289255379
0.004668837225093
0.004904575149412
0.005126925001171
0.005333633794284
0.005522826184543
0.005693047707274
0.005843296876954
0.005973044721394
0.006082240771443
0.006171305054461
0.006241106217059
0.006292926495728
0.006328414826779
0.006349529903463
0.006358475415855
0.006357630021190
0.006349474770044
0.006336520747396
0.006321239577248
0.006305999195117
0.006293006932613
0.006284261508361
0.006281515010206
0.006286245418509
0.006299639692905
0.006322586956737
0.006355680891706
0.006399230121434
0.006453275131088
0.006517610147458
0.006591808389169
0.006675249181832
0.006767145603674
0.006866571564449
0.006972487501768
0.007083764180302
0.007199204376652
0.007317562503588
0.007437562452485
0.007557914096962
0.007677328993768
0.007794535834348
0.007908296143400
0.008017420595843
0.008120786142868
0.008217353917189
0.008306187646558
0.008386472064378
0.008457530588375
0.008518841363513
0.008570050651783
0.008610982513206
0.008641643768686
0.008662223369154
0.008673085513603
0.008674756151203
0.008667902853773
0.008653308433221
0.008631839078942
0.008604408174997
0.008571937298213
0.008535316169614
0.008495363509992
0.008452790818385
0.008408171039104
0.008361913906049
0.008314249458185
0.008265220821190
0.008214686869470
0.008162334847893
0.008107702476673
0.008050208520892
0.007989190313323
0.007923946308106
0.007853781441206
0.007778052902111
0.007696213892236
0.007607853061675
0.007512727569973
0.007410788091992
0.007302194561532
0.007187321981588
0.007066756194893
0.006941280063995
0.006811851019706
0.006679571367460
0.006545653065983
0.006411378893217
0.006278061981576
0.006147005639494
0.006019465190127
0.005896613271058
0.005779509678577
0.005669076438986
0.005566078382160
0.005471109113345
0.005384581958418
0.005306725219946
0.005237580942646
0.005177006354068
0.005124677216361
0.005080092485077
0.005042579900174
0.005011302405211
0.004985265572053
0.004963326468055
0.004944204610623
0.004926495784831
0.004908689535366
0.004889191074840
0.004866348176851
0.004838483353840
0.004803931275446
0.004761080988556
0.004708422086201
0.004644593571929
0.004568433811645
0.004479029685426
0.004375762871111
0.004258351125817
0.004126882488735
0.003981840507419
0.003824118880796
0.003655024298115
0.003476266711158
0.003289936780453
0.003098470756441
0.002904603565459
0.002711311342217
0.002521745063206
0.002339157272315
0.002166824139227
0.002007965247283
0.001865663569631
0.001742788064613
0.001641921210817
0.001565293618907
0.001514727612564
0.001491591376350
0.001496764935764
0.001530618875105
0.001593006322200
0.001683268344879
0.001800252521114
0.001942344071256
0.002107508585187
0.002293345047980
0.002497147573466
0.002715974004852
0.002946719343985
0.003186191834080
0.003431189451750
0.003678574568057
0.003925344617843
0.004168696771261
0.004406084827667
0.004635266842339
0.004854342340301
0.005061778354796
0.005256423934689
0.005437513177307
0.005604657242910
0.005757826176331
0.005897321684571
0.006023742282980
0.006137942417358
0.006240987289145
0.006334105154168
0.006418638834818
0.006495998087124
0.006567614307348
0.006634898858825
0.006699206061689
0.006761801628862
0.006823837063955
