0.005710343520981
0.005700029988037
0.005691813329974
0.005686215903229
0.005683599739334
0.005684143846635
0.005687832804417
0.005694457328719
0.005703626750582
0.005714792617453
0.005727281951654
0.005740338116982
0.005753166790217
0.005764984235023
0.005775064947986
0.005782785796486
0.005787663991085
0.005789386616166
0.005787829957354
0.005783067481078
0.005775366002711
0.005765170284370
0.005753076989689
0.005739799550525
0.005726126033321
0.005712872500176
0.005700834618860
0.005690740373033
0.005683206654299
0.005678702286540
0.005677519654661
0.005679756606984
0.005685309702668
0.005693879217355
0.005704985639698
0.005717996727313
0.005732163580831
0.005746663673519
0.005760648370765
0.005773292211117
0.005783841113281
0.005791656727351
0.005796254360611
0.005797332266572
0.005794790570541
0.005788738688875
0.005779490749681
0.005767549203619
0.005753577486651
0.005738363224260
0.005722774013351
0.005707708252783
0.005694043791243
0.005682587304407
0.005674027293119
0.005668893410583
0.005667524488566
0.005670047158088
0.005676366374745
0.005686168494619
0.005698936840499
0.005713978989251
0.005730464339598
0.005747469923630
0.005764031939286
0.005779200133474
0.005792091977324
0.005801943558451
0.005808154272660
0.005810322721907
0.005808271699707
0.005802060744052
0.005791985428266
0.005778563303863
0.005762507164315
0.005744687022068
0.005726082841568
0.005707730610961
0.005690664732804
0.005675859945998
0.005664176042664
0.005656308510820
0.005652747922698
0.005653750416138
0.005659321008495
0.005669210772879
0.005682928135066
0.005699763759594
0.005718827730122
0.005739097035425
0.005759470787800
0.005778830158518
0.005796099740369
0.005810306956052
0.005820636228275
0.005826474907505
0.005827448400576
0.005823442532407
0.005814611870922
0.005801373512567
0.005784386619905
0.005764518779335
0.005742800963375
0.005720373498856
0.005698425926589
0.005678133963882
0.005660596932072
0.005646778980193
0.005637457226168
0.005633179561557
0.005634234346605
0.005640633588433
0.005652110481798
0.005668131437552
0.005687921969249
0.005710505092751
0.005734750254187
0.005759430270371
0.005783283368658
0.005805077168764
0.005823671367366
0.005838075969061
0.005847502147634
0.005851403205105
0.005849503601077
0.005841814624764
0.005828635945401
0.005810542970433
0.005788360630591
0.005763124863795
0.005736033655126
0.005708389981298
0.005681539383538
0.005656805136772
0.005635424086224
0.005618486182207
0.005606880563807
0.005601250732354
0.005601960931505
0.005609075332759
0.005622351037217
0.005641245273157
0.005664936522556
0.005692358676609
0.005722246728021
0.005753191982036
0.005783704331431
0.005812278811634
0.005837463445024
0.005857925307189
0.005872511806058
0.005880304355148
0.005880661937161
0.005873252480644
0.005858070492875
0.005835439984502
0.005806002360834
0.005770689613647
0.005730683797600
0.005687364388498
0.005642245669757
0.005596906754055
0.005552917198351
0.005511761396157
0.005474765020091
0.005443026735595
0.005417358214569
0.005398235153148
0.005385761554680
0.005379648996077
0.005379211976854
0.005383379782390
0.005390724605727
0.005399504995743
0.005407723063550
0.005413193311146
0.005413620471200
0.005406683384286
0.005390121704588
0.005361822125746
0.005319900857305
0.005262779255252
0.005189249807196
0.005098530078474
0.004990302719767
0.004864740196271
0.004722513497443
0.004564784698219
0.004393183841298
0.004209771171077
0.004016986251385
0.003817585923159
0.003614573390952
0.003411120959509
0.003210489069539
0.003015944305781
0.002830678975486
0.002657734690440
0.002499932142514
0.002359808955791
0.002239567143383
0.002141031310443
0.002065618342921
0.002014318919608
0.001987690796993
0.001985863454481
0.002008553361670
0.002055088847399
0.002124443317731
0.002215275390378
0.002325974387864
0.002454709560732
0.002599481393892
0.002758173380876
0.002928602728834
0.003108568576960
0.003295896467751
0.003488477998482
0.003684304793457
0.003881496169586
0.004078320111727
0.004273207422898
0.004464759160431
0.004651747704739
0.004833112025191
0.005007947900100
0.005175494008335
0.005335114932603
0.005486282193960
0.005628554470404
0.005761558137562
0.005884969206804
0.005998497627827
0.006101874773112
0.006194844736950
0.006277159870062
0.006348580741441
0.006408880482637
0.006457853236913
0.006495326217602
0.006521174686623
0.006535339004593
0.006537842785547
0.006528811117282
0.006508487785666
0.006477250468296
0.006435622937747
0.006384283432822
0.006324068511468
0.006255971883333
0.006181137924227
0.006100849789339
0.006016512257243
0.005929629643293
0.005841779310714
0.005754581473595
0.005669666122760
0.005588638009574
0.005513040692268
0.005444320684099
0.005383792743961
0.005332607320198
0.005291721100712
0.005261871540635
0.005243556136845
0.005237017100172
0.005242231944775
0.005258910372860
0.005286497684220
0.005324184786067
0.005370924721054
0.005425455471985
0.005486328642041
0.005551943451679
0.005620585339939
0.005690468312131
0.005759780041466
0.005826728613714
0.005889589706486
0.005946752923594
0.005996765965539
0.006038375314434
0.006070562149838
0.006092572294014
0.006103939112317
0.006104498466336
0.006094395031181
0.006074079539097
0.006044296792086
0.006006064587352
0.005960644010131
0.005909501856824
0.005854266244492
0.005796676727911
0.005738530470447
0.005681626189097
0.005627707708396
0.005578409005923
0.005535202610338
0.005499353120680
0.005471877455505
0.005453513218189
0.005444696288415
0.005445548430518
0.005455875359292
0.005475175336956
0.005502658005464
0.005537272800407
0.005577745959924
0.005622624846317
0.005670328049962
0.005719199552731
0.005767565097482
0.005813788844575
0.005856328396831
0.005893786339586
0.005924956568949
0.005948863863840
0.005964795389006
0.005972323088888
0.005971316237026
0.005961943733022
0.005944666078975
0.005920217309638
0.005889577485328
0.005853936673932
0.005814651638781
0.005773196703739
0.005731110477308
0.005689940276487
0.005651186192229
0.005616246776633
0.005586368304003
0.005562599462057
0.005545753166375
0.005536376963340
0.005534733199660
0.005540789797814
0.005554222096563
0.005574425806674
0.005600540708590
0.005631484297092
0.005665994174912
0.005702677630092
0.005740066517255
0.005776675316152
0.005811060075048
0.005841875871698
0.005867930447425
0.005888231792281
0.005902027679293
0.005908835456408
0.005908460794605
0.005901004544210
0.005886857349740
0.005866682194949
0.005841385570839
0.005812078456348
0.005780028751134
0.005746607180862
0.005713228989446
0.005681293925161
0.005652127108803
0.005626923337568
0.005606697228989
0.005592241351717
0.005584094135708
0.005582518919861
0.005587495000330
0.005598721010523
0.005615630418723
0.005637418396224
0.005663078812127
0.005691449672748
0.005721264963253
0.005751210582180
0.005779981896967
0.005806340396578
0.005829166976882
0.005847509561591
0.005860623027654
0.005867999756153
0.005869389551495
0.005864808143947
0.005854533992374
0.005839093613470
0.005819236159155
0.005795898424182
0.005770161872337
0.005743203605373
0.005716243450414
0.005690489499249
0.005667084490517
0.005647055381439
0.005631268311510
0.005620390922619
0.005614863678193
0.005614881431418
0.005620386045464
0.005631070385334
0.005646393501556
