0.060135093018248
0.060141650717793
0.060148150386622
0.060154571883157
0.060160895292080
0.060167101452112
0.060173172460636
0.060179092137537
0.060184846434283
0.060190423778033
0.060195815343941
0.060201015251602
0.060206020683484
0.060210831924481
0.060215452322464
0.060219888170343
0.060224148511065
0.060228244868397
0.060232190908579
0.060236002040786
0.060239694967887
0.060243287202486
0.060246796566558
0.060250240695241
0.060253636566360
0.060257000076410
0.060260345681111
0.060263686114273
0.060267032193015
0.060270392710960
0.060273774414540
0.060277182051880
0.060280618479353
0.060284084808514
0.060287580575727
0.060291103918560
0.060294651746360
0.060298219897004
0.060301803276695
0.060305395984303
0.060308991425370
0.060312582423002
0.060316161333363
0.060319720172227
0.060323250756545
0.060326744861526
0.060330194390182
0.060333591549048
0.060336929021568
0.060340200129683
0.060343398974669
0.060346520550038
0.060349560822129
0.060352516777199
0.060355386437030
0.060358168847594
0.060360864046882
0.060363473018362
0.060365997635695
0.060368440602556
0.060370805389084
0.060373096164133
0.060375317720557
0.060377475389754
0.060379574941753
0.060381622468419
0.060383624249517
0.060385586604280
0.060387515734002
0.060389417563773
0.060391297593005
0.060393160764846
0.060395011363483
0.060396852946123
0.060398688313088
0.060400519515788
0.060402347898611
0.060404174167781
0.060405998478317
0.060407820529660
0.060409639661433
0.060411454942848
0.060413265252173
0.060415069345794
0.060416865919195
0.060418653664124
0.060420431326898
0.060422197772079
0.060423952053773
0.060425693493864
0.060427421763104
0.060429136957865
0.060430839663058
0.060432530990764
0.060434212584852
0.060435886584286
0.060437555541661
0.060439222298422
0.060440889823294
0.060442561025201
0.060444238555493
0.060445924616160
0.060447620790567
0.060449327911117
0.060451045974328
0.060452774108761
0.060454510595635
0.060456252936663
0.060457997959315
0.060459741946843
0.060461480779429
0.060463210073530
0.060464925308868
0.060466621935857
0.060468295460099
0.060469941504187
0.060471555849911
0.060473134465609
0.060474673523845
0.060476169413623
0.060477618749619
0.060479018378534
0.060480365380403
0.060481657060837
0.060482890929097
0.060484064656682
0.060485176011654
0.060486222764839
0.060487202564831
0.060488112778812
0.060488950295037
0.060489711280026
0.060490390878837
0.060490982840395
0.060491479042029
0.060491868878718
0.060492138473694
0.060492269658770
0.060492238665569
0.060492014463120
0.060491556673225
0.060490812992273
0.060489716046456
0.060488179606005
0.060486094082414
0.060483321230391
0.060479687973033
0.060474979265009
0.060468929904941
0.060461215206145
0.060451440436230
0.060439128942996
0.060423708899059
0.060404498623157
0.060380690474487
0.060351333369553
0.060315314040334
0.060271337238760
0.060217905195403
0.060153296759149
0.060075546777531
0.059982426421778
0.059871425312825
0.059739736459997
0.059584245177163
0.059401523285051
0.059187830035194
0.058939121291351
0.058651068567803
0.058319089539195
0.057938391591477
0.057504029865527
0.057010981042451
0.056454233821767
0.055828896642648
0.055130322689446
0.054354251605976
0.053496966624244
0.052555465005047
0.051527638809830
0.050412462103190
0.049210179758351
0.047922492146285
0.046552729180956
0.045106006520971
0.043589356246308
0.042011824091900
0.040384525378007
0.038720652174237
0.037035425002582
0.035345983544232
0.033671212367154
0.032031499618668
0.030448428890015
0.028944406995755
0.027542233135043
0.026264617708521
0.025133661830444
0.024170311163993
0.023393799975227
0.022821103104709
0.022466414761389
0.022340673534266
0.022451152703606
0.022801133759280
0.023389678984773
0.024211516072982
0.025257044084115
0.026512465764102
0.027960046485620
0.029578495061200
0.031343456644570
0.033228103132438
0.035203802154914
0.037240842135182
0.039309188214437
0.041379242240411
0.043422579615915
0.045412636643631
0.047325324062890
0.049139545663174
0.050837605023270
0.052405488354053
0.053833016862698
0.055113867723736
0.056245468342956
0.057228773844844
0.058067942337633
0.058769926285866
0.059344001074744
0.059801253471769
0.060154053134744
0.060415529605377
0.060599075453676
0.060717893546836
0.060784603000629
0.060810914457674
0.060807381168890
0.060783228177531
0.060746257951002
0.060702827278728
0.060657887320397
0.060615076466764
0.060576854232208
0.060544663749207
0.060519110544461
0.060500146065110
0.060487245776003
0.060479573424445
0.060476125112094
0.060475848967331
0.060477738326079
0.060480898273435
0.060484587066758
0.060488235277731
0.060491446413911
0.060493983300124
0.060495744637125
0.060496735955401
0.060497038711060
0.060496780605489
0.060496109432852
0.060495171948529
0.060494098478104
0.060492993307562
0.060491930351622
0.060490953211544
0.060490078511554
0.060489301334131
0.060488601636210
0.060487950689638
0.060487316814699
0.060486669929262
0.060485984686117
0.060485242190795
0.060484430463712
0.060483543923898
0.060482582225633
0.060481548779658
0.060480449248365
0.060479290233452
0.060478078290285
0.060476819319379
0.060475518313587
0.060474179387311
0.060472805985014
0.060471401160224
0.060469967829608
0.060468508933731
0.060467027470082
0.060465526397983
0.060464008443554
0.060462475851848
0.060460930140961
0.060459371909371
0.060457800735261
0.060456215188092
0.060454612952265
0.060452991043951
0.060451346088066
0.060449674614897
0.060447973335690
0.060446239362832
0.060444470351634
0.060442664554688
0.060440820793871
0.060438938367029
0.060437016914423
0.060435056273263
0.060433056347089
0.060431017011080
0.060428938066025
0.060426819244310
0.060424660262554
0.060422460908865
0.060420221148949
0.060417941234789
0.060415621801981
0.060413263946200
0.060410869274591
0.060408439932894
0.060405978612819
0.060403488545841
0.060400973489008
0.060398437705858
0.060395885941650
0.060393323388040
0.060390755628846
0.060388188556824
0.060385628251816
0.060383080813606
0.060380552147947
0.060378047710835
0.060375572223169
0.060373129374387
0.060370721538196
0.060368349525552
0.060366012398812
0.060363707366816
0.060361429773725
0.060359173185906
0.060356929572034
0.060354689563064
0.060352442772136
0.060350178150370
0.060347884353556
0.060345550096736
0.060343164478194
0.060340717260544
0.060338199103388
0.060335601748321
0.060332918161896
0.060330142644996
0.060327270917446
0.060324300184992
0.060321229192323
0.060318058261503
0.060314789310999
0.060311425847113
0.060307972918056
0.060304437021269
0.060300825957095
0.060297148626155
0.060293414773129
0.060289634685284
0.060285818859137
0.060281977652290
0.060278120939209
0.060274257789264
0.060270396182838
0.060266542777111
0.060262702728053
0.060258879569801
0.060255075147947
0.060251289599833
0.060247521373199
0.060243767274542
0.060240022540117
0.060236280925155
0.060232534809960
0.060228775324364
0.060224992493968
0.060221175412220
0.060217312441487
0.060213391444050
0.060209400040647
0.060205325890513
0.060201156983389
0.060196881931386
0.060192490247362
0.060187972596902
0.060183321013042
0.060178529066248
0.060173591986368
0.060168506737579
0.060163272051144
0.060157888423417
0.060152358087577
0.060146684966992
0.060140874615967
0.060134934150414
