0.024376042437184
0.024903401992412
0.025421833353016
0.025930654162696
0.026428961485254
0.026915623671076
0.027389281454964
0.027848358702824
0.028291082880920
0.028715514961853
0.029119588119941
0.029501154220079
0.029858036782743
0.030188088827258
0.030489253768066
0.030759627374459
0.030997518710875
0.031201507957069
0.031370499066876
0.031503765359463
0.031600986343268
0.031662274342829
0.031688189822554
0.031679744667047
0.031638393071518
0.031566010103406
0.031464858402903
0.031337543880742
0.031186961632596
0.031016233607976
0.030828639836699
0.030627545218900
0.030416324018734
0.030198284263381
0.029976594236527
0.029754213170551
0.029533828088263
0.029317798529713
0.029108110630853
0.028906341709155
0.028713636168401
0.028530693173399
0.028357766178347
0.028194674032866
0.028040823049453
0.027895239106317
0.027756608589757
0.027623326757849
0.027493551937766
0.027365263855686
0.027236324341793
0.027104538652297
0.026967715702381
0.026823725603815
0.026670553042724
0.026506345209519
0.026329453197069
0.026138466007118
0.025932236541377
0.025709899195687
0.025470878916757
0.025214891815612
0.024941937654992
0.024652284735406
0.024346447892553
0.024025160484405
0.023689341386579
0.023340058127451
0.022978487377680
0.022605874060732
0.022223490370282
0.021832595966097
0.021434400571872
0.021030030117009
0.020620497450631
0.020206678512620
0.019789294676363
0.019368901785535
0.018945886197991
0.018520467929802
0.018092710768473
0.017662539003587
0.017229760212767
0.016794093347962
0.016355201198006
0.015912726163823
0.015466328176886
0.015015723522900
0.014560723302789
0.014101270272404
0.013637472849852
0.013169635162767
0.012698282123812
0.012224178667105
0.011748342446188
0.011272049480377
0.010796832435410
0.010324471430658
0.009856977473480
0.009396568826276
0.008945640808593
0.008506729720496
0.008082471740171
0.007675557794243
0.007288685520023
0.006924509531627
0.006585591263734
0.006274349695503
0.005993014251176
0.005743581132243
0.005527774258745
0.005347011885290
0.005202379812679
0.005094611941867
0.005024078717528
0.004990783789211
0.004994368985123
0.005034127454145
0.005109024593282
0.005217726148315
0.005358632662652
0.005529919260833
0.005729579595416
0.005955472664892
0.006205371130269
0.006477009722092
0.006768132339295
0.007076536496175
0.007400113872045
0.007736885856142
0.008085033153211
0.008442918716555
0.008809103497909
0.009182354739346
0.009561646772979
0.009946154531074
0.010335240193998
0.010728433608468
0.011125407287069
0.011525946946140
0.011929918648689
0.012337233688991
0.012747812384926
0.013161547933263
0.013578271434215
0.013997719108175
0.014419502614758
0.014843083247904
0.015267750627947
0.015692606349241
0.016116552877607
0.016538287832435
0.016956303640089
0.017368892413516
0.017774155801834
0.018170019465622
0.018554251769767
0.018924486245649
0.019278247356121
0.019612979097209
0.019926075985563
0.020214916005729
0.020476895121340
0.020709462984436
0.020910159502882
0.021076651943586
0.021206772256237
0.021298554297010
0.021350270613945
0.021360468426249
0.021328004390816
0.021252077703701
0.021132261035868
0.020968528755463
0.020761281847460
0.020511368910075
0.020220102589792
0.019889270816461
0.019521142219540
0.019118465147828
0.018684459779066
0.018222802892618
0.017737604987289
0.017233379555720
0.016715004474298
0.016187675630291
0.015656853082370
0.015128200232704
0.014607516673967
0.014100665557799
0.013613496507352
0.013151765259902
0.012721051370411
0.012326675427783
0.011973617326732
0.011666437194687
0.011409200590502
0.011205409566480
0.011057941115087
0.010968994406019
0.010940048058934
0.010971828495039
0.011064290171590
0.011216608233908
0.011427183828060
0.011693662013717
0.012012961911695
0.012381318425534
0.012794334602503
0.013247043457154
0.013733977879311
0.014249247095628
0.014786618054933
0.015339600064980
0.015901531022001
0.016465663641557
0.017025250214273
0.017573624565256
0.018104280081865
0.018610942880236
0.019087639395404
0.019528757891709
0.019929103589307
0.020283947279941
0.020589067453713
0.020840786073582
0.021035998213259
0.021172195817153
0.021247485850197
0.021260603085273
0.021210917732224
0.021098438052354
0.020923808033417
0.020688300130222
0.020393803012493
0.020042804211095
0.019638367521609
0.019184105014512
0.018684143516443
0.018143085468140
0.017565964131087
0.016958193204905
0.016325511027846
0.015673919659592
0.015009619284001
0.014338938514442
0.013668261330198
0.013003951513633
0.012352275588759
0.011719325377056
0.011110941380911
0.010532638274106
0.009989533818289
0.009486282530906
0.009027015400927
0.008615286882346
0.008254030291161
0.007945522590198
0.007691359369756
0.007492440624261
0.007348967690872
0.007260451461913
0.007225731716693
0.007243007148645
0.007309875400241
0.007423382170495
0.007580078237912
0.007776083054160
0.008007153418493
0.008268755646066
0.008556139598807
0.008864412957273
0.009188614174915
0.009523782669390
0.009865024962923
0.010207575677750
0.010546852513618
0.010878504571696
0.011198453631838
0.011502928226884
0.011788490578282
0.012052056652772
0.012290909763008
0.012502708260702
0.012685487956609
0.012837659946976
0.012958004533185
0.013045661894062
0.013100120114669
0.013121201098056
0.013109044795187
0.013064092090785
0.012987066586601
0.012878955435283
0.012740989303120
0.012574621482647
0.012381506139052
0.012163475658676
0.011922517073312
0.011660747558964
0.011380389049467
0.011083742060622
0.010773158885148
0.010451016388772
0.010119688708758
0.009781520224149
0.009438799228139
0.009093732783803
0.008748423282061
0.008404847242491
0.008064836901563
0.007730065117205
0.007402034082346
0.007082068282506
0.006771312053551
0.006470731996066
0.006181124383732
0.005903127566824
0.005637239221690
0.005383838136791
0.005143210060758
0.004915576973805
0.004701128987355
0.004500057935088
0.004312591598955
0.004139027423200
0.003979764514413
0.003835332711554
0.003706417540588
0.003593879945868
0.003498769814782
0.003422332480957
0.003366007600024
0.003331420033646
0.003320362643631
0.003334771178038
0.003376691714068
0.003448241396383
0.003551563462722
0.003688777770456
0.003861928218671
0.004072928592831
0.004323508437848
0.004615160587591
0.004949091944350
0.005326179012823
0.005746929554435
0.006211451545823
0.006719430408279
0.007270115231843
0.007862314458365
0.008494401221629
0.009164328278757
0.009869652213709
0.010607566357880
0.011374941660116
0.012168374553324
0.012984240709962
0.013818753455727
0.014668025520222
0.015528132744834
0.016395178340635
0.017265356291316
0.018135012526427
0.019000702546750
0.019859244264810
0.020707764927531
0.021543741113063
0.022365030938076
0.023169897773017
0.023957024938719
0.024725521045375
0.025474915830957
0.026205146557018
0.026916535221104
0.027609757042409
0.028285800865997
0.028945922306364
0.029591590608802
0.030224430342975
0.030846159154029
0.031458522879753
0.032063229396298
0.032661882578888
0.033255917758321
0.033846540019845
0.034434666630318
0.035020874794886
0.035605355838706
0.036187876785744
0.036767750168428
0.037343812752103
0.037914413699447
0.038477412534807
0.039030187098768
0.039569651511032
0.040092283986426
0.040594164175984
0.041071019534213
0.041518280046488
0.041931140489087
