0.008512548045047
0.008503874108554
0.008496443475755
0.008490867049290
0.008487611544884
0.008486961088143
0.008488993252311
0.008493571504496
0.008500354720331
0.008508823066907
0.008518318249413
0.008528094971798
0.008537379566541
0.008545431173556
0.008551600638223
0.008555382469430
0.008556455736137
0.008554710642484
0.008550258638921
0.008543425212295
0.008534725850903
0.008524826995635
0.008514494963391
0.008504536772907
0.008495737443150
0.008488798621259
0.008484283308666
0.008482570997588
0.008483826740474
0.008487986613010
0.008494760778055
0.008503654009257
0.008514002192003
0.008525022088100
0.008535870623044
0.008545709209503
0.008553768214691
0.008559406644292
0.008562162454927
0.008561789596160
0.008558278870602
0.008551860913034
0.008542990936003
0.008532316268813
0.008520629025547
0.008508807376814
0.008497749783017
0.008488307106379
0.008481217711493
0.008477050473341
0.008476160050198
0.008478657886687
0.008484401254818
0.008493001303230
0.008503849666402
0.008516161791906
0.008529033879166
0.008541509282894
0.008552649497357
0.008561604460392
0.008567676928933
0.008570376081689
0.008569456271660
0.008564937926106
0.008557108896089
0.008546505996008
0.008533877939431
0.008520132262475
0.008506270026913
0.008493313022411
0.008482228771030
0.008473858832942
0.008468855704143
0.008467632998842
0.008470332663688
0.008476811746598
0.008486649828623
0.008499176726188
0.008513518592742
0.008528659201370
0.008543512071661
0.008556998296914
0.008568124490498
0.008576055235059
0.008580174788095
0.008580133545738
0.008575875839644
0.008567646962662
0.008555978792721
0.008541654905751
0.008525657529047
0.008509099982334
0.008493149293392
0.008478944385133
0.008467515561941
0.008459710952240
0.008456135097304
0.008457104046565
0.008462620185759
0.008472368665375
0.008485735807769
0.008501848354890
0.008519630979303
0.008537878217628
0.008555335983606
0.008570787145529
0.008583135354736
0.008591481407778
0.008595186907420
0.008593920823959
0.008587685691531
0.008576821528212
0.008561987053098
0.008544119289474
0.008524374090104
0.008504051402968
0.008484510128973
0.008467078139236
0.008452963371442
0.008443171889220
0.008438438367321
0.008439173685664
0.008445433226951
0.008456908145631
0.008472940395761
0.008492560766918
0.008514547679812
0.008537503132919
0.008559941056164
0.008580382490881
0.008597451531540
0.008609965866303
0.008617016048049
0.008618028297976
0.008612806649042
0.008601551514070
0.008584853233383
0.008563660727303
0.008539226950896
0.008513034323073
0.008486704586220
0.008461898564831
0.008440211967592
0.008423073673629
0.008411652840585
0.008406780674869
0.008408891842823
0.008417989327930
0.008433635125453
0.008454967598535
0.008480744694753
0.008509410638625
0.008539182270172
0.008568149980032
0.008594387271452
0.008616062414121
0.008631545477637
0.008639504253686
0.008638983181830
0.008629460347761
0.008610878868188
0.008583650439726
0.008548630424953
0.008507065484867
0.008460516349770
0.008410759760716
0.008359674830788
0.008309120003063
0.008260807370521
0.008216181342508
0.008176308483283
0.008141784822372
0.008112666075091
0.008088425063468
0.008067939256106
0.008049509824132
0.008030912019685
0.008009475105838
0.007982188582684
0.007945830137383
0.007897109660126
0.007832822864264
0.007750007562869
0.007646095505068
0.007519052865586
0.007367502995478
0.007190825850695
0.006989229574088
0.006763790960550
0.006516462920978
0.006250048510476
0.005968142530096
0.005675043081952
0.005375636692366
0.005075261662859
0.004779555120743
0.004494289788894
0.004225206760792
0.003977850548951
0.003757412383280
0.003568587194546
0.003415448961986
0.003301348177654
0.003228834134142
0.003199603631676
0.003214476580623
0.003273397899704
0.003375464127022
0.003518972311924
0.003701488072903
0.003919929212227
0.004170660982747
0.004449599006242
0.004752315935310
0.005074148212435
0.005410299683088
0.005755939331543
0.006106290992090
0.006456713506769
0.006802770416995
0.007140288856908
0.007465407831814
0.007774616492927
0.008064783343545
0.008333177523184
0.008577483413523
0.008795809798891
0.008986694705906
0.009149106858583
0.009282444437087
0.009386531543478
0.009461612480036
0.009508343658985
0.009527782708562
0.009521374139001
0.009490930798738
0.009438610297590
0.009366885606329
0.009278509162481
0.009176470016667
0.009063943833744
0.008944235905089
0.008820717715493
0.008696758019623
0.008575649796264
0.008460534839308
0.008354328088683
0.008259644078943
0.008178728067366
0.008113394479911
0.008064975269628
0.008034280610976
0.008021574054148
0.008026563841508
0.008048411556189
0.008085758649507
0.008136770703847
0.008199198560529
0.008270454710904
0.008347702648498
0.008427956245659
0.008508185683439
0.008585426058420
0.008656884539930
0.008720041873803
0.008772744134951
0.008813280922410
0.008840446659844
0.008853582295699
0.008852595465851
0.008837958055875
0.008810681042468
0.008772267462227
0.008724645307100
0.008670083035306
0.008611091172448
0.008550314122020
0.008490416775541
0.008433970785665
0.008383345425074
0.008340607793609
0.008307436759717
0.008285054443733
0.008274178293007
0.008274995894347
0.008287163656660
0.008309829421054
0.008341677965263
0.008380997314383
0.008425762799932
0.008473734970729
0.008522566793449
0.008569915122121
0.008613551189438
0.008651464893341
0.008681957922950
0.008703721279991
0.008715893484404
0.008718096673888
0.008710448874562
0.008693551883120
0.008668455403473
0.008636599262994
0.008599736635132
0.008559842158862
0.008519009619949
0.008479344401585
0.008442856191347
0.008411357429577
0.008386372697797
0.008369063686331
0.008360173574404
0.008359993644009
0.008368353782534
0.008384637269880
0.008407818960241
0.008436524726278
0.008469108901493
0.008503745497476
0.008538528239504
0.008571573998027
0.008601124021414
0.008625637507810
0.008643872484649
0.008654949670647
0.008658395938607
0.008654165126613
0.008642635197920
0.008624582056934
0.008601131617591
0.008573692919467
0.008543876129326
0.008513400093183
0.008483994669943
0.008457303350414
0.008434791629359
0.008417666254989
0.008406809848856
0.008402734504633
0.008405556886357
0.008414996116515
0.008430394441398
0.008450759359304
0.008474824670620
0.008501126827928
0.008528092091370
0.008554129380460
0.008577723394724
0.008597522571506
0.008612416761512
0.008621600114404
0.008624615543540
0.008621378230572
0.008612176873850
0.008597652706645
0.008578757634047
0.008556694082168
0.008532840245114
0.008508665287729
0.008485639661520
0.008465145979759
0.008448395856435
0.008436357743142
0.008429700119348
0.008428753444859
0.008433493125710
0.008443544446912
0.008458209067207
0.008476511336657
0.008497261470679
0.008519131571474
0.008540739695443
0.008560736673942
0.008577890236268
0.008591161168833
0.008599766762116
0.008603227614660
0.008601394929584
0.008594456685884
0.008582922414706
0.008567587673478
0.008549480600922
0.008529794070653
0.008509807867447
0.008490805930207
0.008473993999367
0.008460422955666
0.008450922745591
0.008446051082348
0.008446060136451
0.008450883250590
0.008460142406542
0.008473175822552
0.008489083755846
0.008506789411293
0.008525110889895
0.008542839412187
0.008558818666567
0.008572020085387
0.008581609144459
0.008586998394405
