0.008526273381359
0.008537210207337
0.008546316440912
0.008552925428354
0.008556544574297
0.008556891467018
0.008553915139430
0.008547800923354
0.008538958522060
0.008527994117648
0.008515668460702
0.008502843880203
0.008490423932626
0.008479289926389
0.008470238776594
0.008463926551080
0.008460821670553
0.008461171051875
0.008464981582731
0.008472018251082
0.008481819098446
0.008493726001930
0.008506929196155
0.008520522497410
0.008533565453021
0.008545148158674
0.008554454297360
0.008560818067716
0.008563771078552
0.008563075961979
0.008558744353896
0.008551037947060
0.008540452467258
0.008527685580485
0.008513590830659
0.008499120660289
0.008485262316523
0.008472970941832
0.008463104358383
0.008456363963282
0.008453245763468
0.008454004919111
0.008458636275774
0.008466872306659
0.008478198726709
0.008491886856966
0.008507040689036
0.008522655601266
0.008537684877570
0.008551109631171
0.008562007476995
0.008569615347081
0.008573382201732
0.008573008033308
0.008568466448440
0.008560009190345
0.008548152155240
0.008533643686843
0.008517417118736
0.008500530596589
0.008484098079263
0.008469216030707
0.008456890630911
0.008447970331431
0.008443088257579
0.008442618335364
0.008446648136804
0.008454970350138
0.008467093563161
0.008482271778968
0.008499550847709
0.008517828877678
0.008535926758383
0.008552664249135
0.008566936704197
0.008577787445081
0.008584471056255
0.008586503454837
0.008583695430002
0.008576167408333
0.008564344407727
0.008548931416092
0.008530870689161
0.008511283623111
0.008491400847746
0.008472484941919
0.008455750647117
0.008442287618850
0.008432990599687
0.008428501434039
0.008429166604088
0.008435012996694
0.008445743474824
0.008460752595861
0.008479161570200
0.008499870364070
0.008521623793541
0.008543087595991
0.008562929852275
0.008579902803152
0.008592920075258
0.008601124605076
0.008603943105567
0.008601123724764
0.008592754549225
0.008579261747474
0.008561387361163
0.008540147963066
0.008516776540044
0.008492650959462
0.008469213181232
0.008447883938325
0.008429977894216
0.008416624279902
0.008408697716355
0.008406763357525
0.008411039676892
0.008421381213272
0.008437282446586
0.008457902756747
0.008482111198169
0.008508548668509
0.008535704029257
0.008561999906665
0.008585883312422
0.008605915909390
0.008620858727792
0.008629746414356
0.008631946656716
0.008627201237530
0.008615646192260
0.008597809714292
0.008574587705188
0.008547198135154
0.008517116587272
0.008485996439456
0.008455578028704
0.008427591791519
0.008403660745068
0.008385207743828
0.008373372711819
0.008368944523778
0.008372311419397
0.008383432827365
0.008401834307002
0.008426626050302
0.008456544096790
0.008490012169203
0.008525220908251
0.008560220330855
0.008593020609577
0.008621695809375
0.008644485044384
0.008659885639158
0.008666733286661
0.008664264864954
0.008652160468105
0.008630562275442
0.008600069069417
0.008561706453915
0.008516874057912
0.008467272171930
0.008414811299622
0.008361508964585
0.008309378753639
0.008260316974231
0.008215992439875
0.008177744770817
0.008146496217299
0.008122681401234
0.008106198560404
0.008096384907562
0.008092017631464
0.008091340918393
0.008092118213472
0.008091707822747
0.008087158928507
0.008075324195886
0.008052984425846
0.008016980187840
0.007964345065082
0.007892435076887
0.007799049006393
0.007682534748243
0.007541877380289
0.007376765428038
0.007187632695143
0.006975674036750
0.006742834509965
0.006491772400537
0.006225797650576
0.005948788154912
0.005665087214127
0.005379386097146
0.005096596150359
0.004821715176955
0.004559692892634
0.004315300144908
0.004093006274795
0.003896868522548
0.003730436760851
0.003596676113155
0.003497909218557
0.003435779076728
0.003411232585306
0.003424524104044
0.003475237677074
0.003562325943479
0.003684163287332
0.003838610434483
0.004023087500462
0.004234652430738
0.004470081843400
0.004725951471864
0.004998713693723
0.005284770000285
0.005580536687081
0.005882502504974
0.006187277481740
0.006491632583649
0.006792530316503
0.007087146749660
0.007372885771757
0.007647386643523
0.007908526095238
0.008154416321078
0.008383400250229
0.008594045428334
0.008785137728437
0.008955675936115
0.009104868029068
0.009232129708875
0.009337085454975
0.009419572072402
0.009479644410006
0.009517582649572
0.009533900322791
0.009529352015531
0.009504939579040
0.009461915594771
0.009401782839927
0.009326288577612
0.009237412648090
0.009137348561411
0.009028477078268
0.008913332103201
0.008794559086984
0.008674866525413
0.008556971530399
0.008443540816274
0.008337128769913
0.008240114539729
0.008154640270170
0.008082552713127
0.008025350457405
0.007984138928915
0.007959595128535
0.007951943797765
0.007960946344398
0.007985903435568
0.008025671690552
0.008078694399773
0.008143045679888
0.008216486968241
0.008296534283410
0.008380534250644
0.008465746528340
0.008549429988394
0.008628929810299
0.008701762554268
0.008765696286834
0.008818822944666
0.008859620336520
0.008887001493889
0.008900349479638
0.008899536239090
0.008884924615536
0.008857353235197
0.008818104576296
0.008768857152442
0.008711623339941
0.008648674939292
0.008582459060542
0.008515507338716
0.008450341799642
0.008389380891454
0.008334849259941
0.008288694768737
0.008252516045575
0.008227503476898
0.008214396085092
0.008213456121433
0.008224462515788
0.008246723568252
0.008279108479581
0.008320096530382
0.008367841968720
0.008420251986358
0.008475074587453
0.008529992708083
0.008582720652846
0.008631098791565
0.008673182512617
0.008707321659242
0.008732227072604
0.008747021413885
0.008751272113412
0.008745005068110
0.008728698545016
0.008703257611011
0.008669970258842
0.008630447199120
0.008586548001794
0.008540296867048
0.008493791758266
0.008449110918756
0.008408220906435
0.008372890211561
0.008344612274467
0.008324541303375
0.008313443724410
0.008311667400807
0.008319129965654
0.008335326756437
0.008359357957052
0.008389973682630
0.008425634923152
0.008464587530491
0.008504945824302
0.008544781934278
0.008582216712897
0.008615507959729
0.008643131803173
0.008663853386676
0.008676783493351
0.008681418395757
0.008677661007971
0.008665822309453
0.008646602962612
0.008621056012864
0.008590532493416
0.008556612609832
0.008521025907394
0.008485564388387
0.008451992915473
0.008421961389595
0.008396923115500
0.008378063466133
0.008366242441954
0.008361954017325
0.008365304308793
0.008376009633116
0.008393414496696
0.008416528526498
0.008444080370505
0.008474585715498
0.008506425838876
0.008537932568578
0.008567475200151
0.008593544830229
0.008614831715834
0.008630291650749
0.008639197943176
0.008641176350763
0.008636221238384
0.008624692222009
0.008607291595158
0.008585023847912
0.008559139528576
0.008531066515311
0.008502332416717
0.008474482272633
0.008448995956273
0.008427209674832
0.008410245728998
0.008398954235344
0.008393869864138
0.008395185833165
0.008402746468903
0.008416058648687
0.008434321424227
0.008456472151364
0.008481246565112
0.008507249490045
0.008533032304155
0.008557172910773
0.008578353838300
0.008595434189935
0.008607511501098
0.008613970114295
0.008614513421230
0.008609178211083
0.008598330354350
0.008582642089793
0.008563052210550
0.008540711406980
0.008516915863696
0.008493032878070
0.008470422727558
0.008450361235360
0.008433967453106
