0.008425413239064
0.008431045391545
0.008440488906016
0.008453207038444
0.008468460276963
0.008485349710827
0.008502870299020
0.008519970860046
0.008535617185096
0.008548854474959
0.008558865329263
0.008565019773678
0.008566914281147
0.008564397398592
0.008557580391224
0.008546832213952
0.008532759059071
0.008516169654544
0.008498028341936
0.008479398695964
0.008461381014840
0.008445047378421
0.008431378118133
0.008421203460577
0.008415153801409
0.008413621556436
0.008416736854152
0.008424358519229
0.008436080898627
0.008451256154287
0.008469030743448
0.008488393982219
0.008508235887872
0.008527410960360
0.008544804223798
0.008559395722455
0.008570319759089
0.008576915469359
0.008578765825685
0.008575722827518
0.008567917423714
0.008555753581085
0.008539886811755
0.008521188349859
0.008500696976410
0.008479561184976
0.008458974922174
0.008440110496718
0.008424052409679
0.008411735809093
0.008403893017451
0.008401011135862
0.008403303118667
0.008410693970907
0.008422822888924
0.008439061287208
0.008458545779858
0.008480224360503
0.008502913294668
0.008525361643128
0.008546319906017
0.008564609038776
0.008579186055704
0.008589202607230
0.008594053284442
0.008593410949528
0.008587247084870
0.008575835959410
0.008559742285603
0.008539792936577
0.008517034162673
0.008492676542097
0.008468030578448
0.008444436381182
0.008423191204393
0.008405478755482
0.008392304110001
0.008384437785388
0.008382372049007
0.008386291890139
0.008396062305756
0.008411232678080
0.008431058105130
0.008454536633464
0.008480460484497
0.008507478608885
0.008534167288407
0.008559105065115
0.008580948036742
0.008598501528449
0.008610784335192
0.008617082115872
0.008616987088859
0.008610421897334
0.008597646343334
0.008579246586671
0.008556107321182
0.008529368327492
0.008500367612209
0.008470574036175
0.008441512873875
0.008414688105507
0.008391505405481
0.008373199749713
0.008360771323026
0.008354932981493
0.008356071936277
0.008364227606602
0.008379086777579
0.008399996335039
0.008425992977705
0.008455848470073
0.008488128237764
0.008521260457323
0.008553612284506
0.008583569522340
0.008609615867084
0.008630407893050
0.008644842143070
0.008652111069140
0.008651745098276
0.008643638756075
0.008628059533445
0.008605638995070
0.008577346463505
0.008544446431778
0.008508441622534
0.008471004287962
0.008433898901376
0.008398899802914
0.008367707609662
0.008341868273221
0.008322698561838
0.008311221464254
0.008308114570918
0.008313673904903
0.008327794976151
0.008349972050211
0.008379315791999
0.008414588604331
0.008454256168534
0.008496552947729
0.008539558766804
0.008581283066474
0.008619753066078
0.008653101877488
0.008679652599551
0.008697994589119
0.008707048443027
0.008706116719297
0.008694918052234
0.008673603045816
0.008642751129087
0.008603348389594
0.008556747228569
0.008504609467607
0.008448835246574
0.008391480656046
0.008334667519736
0.008280489064698
0.008230915378160
0.008187702545845
0.008152309200971
0.008125823896313
0.008108906260265
0.008101744333755
0.008104029833864
0.008114952380641
0.008133212985876
0.008157056366145
0.008184320936223
0.008212504688964
0.008238844597321
0.008260406702218
0.008274183691192
0.008277196537055
0.008266596658098
0.008239765082149
0.008194405241589
0.008128626287036
0.008041014171727
0.007930688211434
0.007797341348429
0.007641262922842
0.007463343359974
0.007265060796264
0.007048450268329
0.006816056658317
0.006570873105511
0.006316267041690
0.006055896371690
0.005793618589494
0.005533395786282
0.005279198566089
0.005034911837082
0.004804245296021
0.004590651177992
0.004397251514586
0.004226776745723
0.004081517080441
0.003963287518746
0.003873406949865
0.003812691251381
0.003781459847759
0.003779554762579
0.003806370831212
0.003860895441296
0.003941755945392
0.004047272748295
0.004175516011342
0.004324363935184
0.004491560674890
0.004674772098382
0.004871637810492
0.005079818118132
0.005297034894578
0.005521105599599
0.005749970014981
0.005981709550410
0.006214559252971
0.006446912906365
0.006677321826934
0.006904488148132
0.007127253530048
0.007344584334720
0.007555554370879
0.007759326334419
0.007955133054972
0.008142259606830
0.008320027256951
0.008487780107322
0.008644875147184
0.008790676266767
0.008924552602887
0.009045881393099
0.009154055314757
0.009248494084360
0.009328659897503
0.009394076107317
0.009444348376180
0.009479187398372
0.009498432185944
0.009502072841756
0.009490271715913
0.009463381857376
0.009421961731755
0.009366785278047
0.009298846518371
0.009219358110489
0.009129743436751
0.009031622047207
0.008926788510245
0.008817184962108
0.008704867877771
0.008591969801144
0.008480656964507
0.008373083888720
0.008271346181833
0.008177432840539
0.008093179404410
0.008020223316619
0.007959962807751
0.007913520543605
0.007881713166714
0.007865027718507
0.007863605758967
0.007877235807840
0.007905354520697
0.007947056789025
0.008001114720836
0.008066005221716
0.008139945660488
0.008220936873924
0.008306812546101
0.008395293795876
0.008484047625985
0.008570747735644
0.008653136081019
0.008729083490364
0.008796647608189
0.008854126459856
0.008900105997615
0.008933500112756
0.008953581775899
0.008960004195776
0.008952811161535
0.008932436047211
0.008899689300571
0.008855734600769
0.008802054237632
0.008740404626601
0.008672763213446
0.008601268328654
0.008528153810281
0.008455680415423
0.008386066175476
0.008321417913029
0.008263666125212
0.008214505349295
0.008175341964004
0.008147251149675
0.008130944440125
0.008126748958862
0.008134599053841
0.008154040641168
0.008184248152578
0.008224053567843
0.008271986614914
0.008326324850296
0.008385152001696
0.008446422674653
0.008508031303760
0.008567883074293
0.008623964457070
0.008674410991664
0.008717570022068
0.008752056233987
0.008776798061160
0.008791073314517
0.008794532735142
0.008787210570446
0.008769521710974
0.008742245389356
0.008706495917807
0.008663681409935
0.008615451879206
0.008563638513133
0.008510186272257
0.008457082241182
0.008406282351829
0.008359639196495
0.008318833643124
0.008285312854561
0.008260237098830
0.008244437424605
0.008238385875355
0.008242179441753
0.008255538422922
0.008277819304050
0.008308041683865
0.008344928224336
0.008386956070679
0.008432417724592
0.008479488968017
0.008526301145209
0.008571014930364
0.008611892644422
0.008647366240912
0.008676098254592
0.008697033290992
0.008709438017742
0.008712928084024
0.008707480923104
0.008693433963087
0.008671468359455
0.008642578945844
0.008608031653509
0.008569310153000
0.008528053903906
0.008485990143189
0.008444862586006
0.008406359745697
0.008372045796199
0.008343296799838
0.008321244909561
0.008306732835135
0.008300280449375
0.008302064918752
0.008311915191313
0.008329321085253
0.008353456616679
0.008383216609541
0.008417265068686
0.008454093292243
0.008492085274088
0.008529587620180
0.008564980989850
0.008596749986003
0.008623548462869
0.008644257397044
0.008658032772052
0.008664341347412
0.008662982703700
0.008654096553775
0.008638154961418
0.008615939783228
0.008588506317131
0.008557134770200
0.008523271719843
0.008488464208513
0.008454289459906
0.008422283416193
0.008393871359936
0.008370303796306
0.008352600534199
0.008341505528970
0.008337454551918
0.008340557155679
0.008350593738302
0.008367027803926
0.008389032808134
