0.008368000191477
0.008360081037138
0.008357271765921
0.008359752073996
0.008367446298820
0.008380025519512
0.008396921909982
0.008417354707664
0.008440366597877
0.008464868806586
0.008489692767286
0.008513645901969
0.008535568847867
0.008554391381451
0.008569184343510
0.008579205052016
0.008583933994413
0.008583101003675
0.008576699623109
0.008564988929310
0.008548482683621
0.008527926290670
0.008504262628469
0.008478588349668
0.008452102711879
0.008426051354186
0.008401667679955
0.008380114621039
0.008362429540463
0.008349474880766
0.008341896891250
0.008340094383122
0.008344198985946
0.008354067835216
0.008369289035656
0.008389199646071
0.008412915347802
0.008439370417438
0.008467366150516
0.008495625498043
0.008522851398936
0.008547786130602
0.008569268963218
0.008586289490982
0.008598034220395
0.008603924310654
0.008603642768973
0.008597149884743
0.008584686218371
0.008566763019245
0.008544140507440
0.008517794990841
0.008488876280085
0.008458657287118
0.008428478031676
0.008399686519756
0.008373579089746
0.008351342840674
0.008334002662991
0.008322375190282
0.008317031689451
0.008318271520505
0.008326107341755
0.008340262731343
0.008360182362983
0.008385054334970
0.008413843729532
0.008445335996379
0.008478188330140
0.008510986864211
0.008542307248095
0.008570776022672
0.008595130164740
0.008614272240814
0.008627318788217
0.008633639821705
0.008632887734872
0.008625014311926
0.008610275068299
0.008589220676735
0.008562675785892
0.008531706077505
0.008497574912488
0.008461691364006
0.008425551807160
0.008390677514067
0.008358550877733
0.008330552950461
0.008307904930008
0.008291616061691
0.008282440154520
0.008280842546244
0.008286978911971
0.008300686813104
0.008321490349607
0.008348617732047
0.008381031054077
0.008417467043634
0.008456487123132
0.008496534733641
0.008535997590204
0.008573272346105
0.008606829059271
0.008635272876220
0.008657400475225
0.008672249033982
0.008679135797183
0.008677686702177
0.008667852959808
0.008649914964204
0.008624473400608
0.008592427914667
0.008554944181237
0.008513410647963
0.008469386613086
0.008424543614706
0.008380602349614
0.008339267496235
0.008302162883912
0.008270769428524
0.008246368144360
0.008229990349150
0.008222376911008
0.008223948052811
0.008234784843511
0.008254623080813
0.008282859820671
0.008318572351877
0.008360548964628
0.008407330436110
0.008457260768737
0.008508545381357
0.008559314682490
0.008607690757089
0.008651854781798
0.008690112752440
0.008720957162894
0.008743122414889
0.008755631958413
0.008757835454755
0.008749434607748
0.008730496710782
0.008701455392572
0.008663098497432
0.008616543489146
0.008563201204530
0.008504729187609
0.008442976193159
0.008379919746559
0.008317598875298
0.008258044278674
0.008203208272066
0.008154896829677
0.008114705957023
0.008083964456950
0.008063684918501
0.008054524466648
0.008056756474730
0.008070254073411
0.008094485903813
0.008128524171823
0.008171064678650
0.008220458141567
0.008274751789352
0.008331739928142
0.008389021932667
0.008444065930210
0.008494276313579
0.008537063146161
0.008569911506445
0.008590448859298
0.008596508633342
0.008586188323656
0.008557900621111
0.008510416287881
0.008442897746144
0.008354922616658
0.008246496728112
0.008118056409501
0.007970460168418
0.007804970140697
0.007623223963872
0.007427197971571
0.007219162821749
0.007001632853005
0.006777310605167
0.006549028039308
0.006319686045661
0.006092193834586
0.005869409765982
0.005654085088245
0.005448811932379
0.005255976744882
0.005077720150584
0.004915904020695
0.004772086289798
0.004647503826434
0.004543063423762
0.004459340747312
0.004396586863586
0.004354741782531
0.004333454283949
0.004332107166551
0.004349846960953
0.004385617085296
0.004438193393789
0.004506221072428
0.004588251869495
0.004682780707419
0.004788280802849
0.004903236518727
0.005026173281228
0.005155684011267
0.005290451640889
0.005429267406001
0.005571044725652
0.005714828592436
0.005859800506827
0.006005279089415
0.006150716598155
0.006295691662446
0.006439898621544
0.006583133921035
0.006725280077162
0.006866287764047
0.007006156612279
0.007144915328068
0.007282601749196
0.007419243446470
0.007554839456885
0.007689343696834
0.007822650551078
0.007954583066500
0.008084884100673
0.008213210686008
0.008339131773576
0.008462129419695
0.008581603376614
0.008696878949592
0.008807217889882
0.008911832009772
0.009009899134502
0.009100580948705
0.009183042253233
0.009256471122326
0.009320099440811
0.009373223305298
0.009415222790643
0.009445580611153
0.009463899242859
0.009469916116342
0.009463516536842
0.009444744037786
0.009413807924082
0.009371087811398
0.009317135016928
0.009252670705803
0.009178580745739
0.009095907271597
0.009005837011914
0.008909686481986
0.008808884203273
0.008704950166737
0.008599472817987
0.008494083903668
0.008390431579974
0.008290152243332
0.008194841597834
0.008106025520985
0.008025131326206
0.007953460044371
0.007892160355408
0.007842204792636
0.007804368816151
0.007779213306867
0.007767070970298
0.007768037060386
0.007781964740738
0.007808465296472
0.007846913297799
0.007896456700165
0.007956031748936
0.008024382442835
0.008100084202965
0.008181571296041
0.008267167473728
0.008355119216441
0.008443630910591
0.008530901243674
0.008615160071785
0.008694704998829
0.008767936905473
0.008833393678044
0.008889781412708
0.008936002407899
0.008971179307769
0.008994674821367
0.009006106516222
0.009005356270946
0.008992574069243
0.008968175926883
0.008932835862894
0.008887471955068
0.008833226655887
0.008771441685411
0.008703627959197
0.008631431147937
0.008556593596763
0.008480913451269
0.008406201939483
0.008334239839541
0.008266734217578
0.008205276545830
0.008151303304670
0.008106060132906
0.008070570518084
0.008045609914034
0.008031686039032
0.008029025948556
0.008037570296538
0.008056975003944
0.008086620349802
0.008125627293886
0.008172880638847
0.008227058448826
0.008286666967316
0.008350080124246
0.008415582595068
0.008481415276282
0.008545821974468
0.008607096070749
0.008663625920032
0.008713937773804
0.008756735075576
0.008790933067453
0.008815687762437
0.008830418477397
0.008834823282992
0.008828886906004
0.008812880812789
0.008787355405985
0.008753124475918
0.008711242258655
0.008662973659434
0.008609758397956
0.008553170015234
0.008494870844753
0.008436564188051
0.008379945041158
0.008326650788823
0.008278213314101
0.008236013958622
0.008201242711935
0.008174862906544
0.008157582549833
0.008149833238255
0.008151757377569
0.008163204182101
0.008183734653674
0.008212635456165
0.008248941314212
0.008291465284874
0.008338835988998
0.008389540654570
0.008441972626123
0.008494481839859
0.008545426659436
0.008593225416246
0.008636406002571
0.008673651925881
0.008703843345777
0.008726091777283
0.008739767349749
0.008744517752086
0.008740278264185
0.008727272561919
0.008706004279636
0.008677239609925
0.008641981506288
0.008601436321415
0.008556973954020
0.008510082783518
0.008462320838261
0.008415264764787
0.008370458239091
0.008329361483984
0.008293303528428
0.008263438765594
0.008240709238239
0.008225813905874
0.008219185932528
0.008220978782477
0.008231061630895
0.008249024295137
0.008274191579081
0.008305646607544
0.008342262420339
0.008382740806693
0.008425657100663
0.008469509436998
0.008512770793274
