0.489400979487060
0.492719451445347
0.495596654229852
0.497996412483468
0.499889380538663
0.501253464151862
0.502074118045758
0.502344516385844
0.502065595773999
0.501245972735995
0.499901739963741
0.498056147703249
0.495739178619020
0.492987026183436
0.489841488111388
0.486349287566422
0.482561335791888
0.478531950461125
0.474318044390581
0.469978299320767
0.465572339247481
0.461159917289570
0.456800129324458
0.452550666627236
0.448467118537303
0.444602334776320
0.441005855485654
0.437723415377531
0.434796526642001
0.432262143465596
0.430152409240659
0.428494485822776
0.427310462569418
0.426617341406557
0.426427092856171
0.426746776845185
0.427578721226554
0.428920750289042
0.430766455117979
0.433105497490391
0.435923939032366
0.439204587614608
0.442927353388664
0.447069607442116
0.451606536743931
0.456511489828952
0.461756308501352
0.467311641691115
0.473147238449908
0.479232217900158
0.485535314737023
0.492025099613580
0.498670174405909
0.505439342951202
0.512301758375360
0.519227048575615
0.526185421798228
0.533147754551691
0.540085664321885
0.546971569707505
0.553778740670854
0.560481341600602
0.567054469808669
0.573474191933976
0.579717580503233
0.585762752607416
0.591588912298546
0.597176397904319
0.602506735009484
0.607562695377880
0.612328361603298
0.616789196799637
0.620932118188555
0.624745573034711
0.628219615030189
0.631345978955471
0.634118151254580
0.636531434063802
0.638583000229446
0.640271936938919
0.641599275765316
0.642568007180049
0.643183077908254
0.643451369874462
0.643381659895433
0.642984559708578
0.642272436361908
0.641259313422951
0.639960753876134
0.638393725962428
0.636576453563211
0.634528253037375
0.632269358683424
0.629820739214327
0.627203907801683
0.624440728367259
0.621553220873782
0.618563368393674
0.615492928713679
0.612363253164968
0.609195115251603
0.606008551485591
0.602822716623842
0.599655755242637
0.596524691281701
0.593445336845407
0.590432221171082
0.587498540269358
0.584656127320592
0.581915443484444
0.579285588359848
0.576774328932443
0.574388145478265
0.572132292569561
0.570010873059258
0.568026922715589
0.566182503041606
0.564478799749624
0.562916224368053
0.561494516533339
0.560212844658878
0.559069902865823
0.558064002299559
0.557193155228474
0.556455150617925
0.555847620181078
0.555368094219075
0.555014046868311
0.554782930663515
0.554672200598041
0.554679328112178
0.554801805664611
0.555037142739653
0.555382854312907
0.555836442940745
0.556395375753290
0.557057057716823
0.557818802587783
0.558677803006030
0.559631101167454
0.560675561473509
0.561807846476272
0.563024397320854
0.564321419732743
0.565694876407392
0.567140486436526
0.568653732155492
0.570229873526547
0.571863969892625
0.573550908656763
0.575285440174748
0.577062217905666
0.578875842657768
0.580720909606224
0.582592056652878
0.584484012652575
0.586391644046789
0.588309998524951
0.590234344469559
0.592160205128108
0.594083386680828
0.595999999626164
0.597906473172483
0.599799562589455
0.601676349722927
0.603534237100482
0.605370936240699
0.607184450921230
0.608973056254496
0.610735274464843
0.612469848260456
0.614175712652609
0.615851966001839
0.617497840975552
0.619112675993955
0.620695887631691
0.622246944340324
0.623765341768647
0.625250579890254
0.626702142101473
0.628119476429734
0.629501978988337
0.630848979824227
0.632159731324806
0.633433399369144
0.634669057422510
0.635865683771972
0.637022162080982
0.638137285397248
0.639209763680379
0.640238234824224
0.641221279037710
0.642157436322941
0.643045226658410
0.643883172367272
0.644669822035588
0.645403775251988
0.646083707377191
0.646708393524779
0.647276730948307
0.647787759084957
0.648240676600699
0.648634854912422
0.648969847820273
0.649245397060525
0.649461433773852
0.649618076065211
0.649715622997980
0.649754545506571
0.649735474819967
0.649659189057497
0.649526598684031
0.649338731495373
0.649096717747543
0.648801775952266
0.648455199743251
0.648058346082409
0.647612624933779
0.647119490395104
0.646580433153306
0.645996974028817
0.645370658301390
0.644703050470546
0.643995729098646
0.643250281412411
0.642468297395132
0.641651363181801
0.640801053664191
0.639918924315326
0.639006502343145
0.638065277374580
0.637096691945918
0.636102132128889
0.635082918651235
0.634040298874415
0.632975439971925
0.631889423611752
0.630783242391669
0.629657798211801
0.628513902701554
0.627352279753969
0.626173570164746
0.624978338329469
0.623767080923569
0.622540237474462
0.621298202733594
0.620041340763082
0.618770000663408
0.617484533878775
0.616185313019398
0.614872752130146
0.613547328307007
0.612209604515181
0.610860253393171
0.609500081738652
0.608130055266985
0.606751323119275
0.605365241480693
0.603973395561806
0.602577619105069
0.601180010515839
0.599782944690898
0.598389079634700
0.597001357019591
0.595622995962193
0.594257479453642
0.592908533090854
0.591580096002271
0.590276284133698
0.589001346345375
0.587759614055867
0.586555445437480
0.585393165407360
0.584277002855042
0.583211026691228
0.582199082384810
0.581244730672840
0.580351190078968
0.579521284763385
0.578757399057666
0.578061439819664
0.577434807488464
0.576878376439836
0.576392484952338
0.575976934805225
0.575631000255299
0.575353445888916
0.575142552627048
0.574996150979927
0.574911660506245
0.574886134329829
0.574916307502145
0.574998647967522
0.575129408884757
0.575304681077182
0.575520444419257
0.575772617014938
0.576057101079140
0.576369824495934
0.576706777096197
0.577064040774117
0.577437812649103
0.577824420582133
0.578220330475852
0.578622144931275
0.579026593003180
0.579430510992549
0.579830814437937
0.580224461714894
0.580608409918998
0.580979563985558
0.581334720277705
0.581670506143629
0.581983317190020
0.582269254229702
0.582524062025643
0.582743072059118
0.582921151589449
0.583052661239703
0.583131423234982
0.583150702237961
0.583103200474910
0.582981068530835
0.582775932826640
0.582478940384336
0.582080821054576
0.581571966936428
0.580942528278126
0.580182524722455
0.579281970363430
0.578231010722495
0.577020069440466
0.575640002221404
0.574082255360453
0.572339026040693
0.570403421494039
0.568269614087575
0.565932989416332
0.563390284554936
0.560639713740574
0.557681078926200
0.554515862853771
0.551147302550273
0.547580441442979
0.543822158621631
0.539881174142752
0.535768029669715
0.531495044167883
0.527076244820296
0.522527273787584
0.517865271897164
0.513108740799757
0.508277385563798
0.503391940078216
0.498473977987500
0.493545712179307
0.488629786071982
0.483749060099630
0.478926396858973
0.474184448362326
0.469545448734680
0.465031015503594
0.460661962364848
0.456458125974515
0.452438208930462
0.448619640677520
0.445018457614805
0.441649203215639
0.438524848505033
0.435656732789298
0.433054524109262
0.430726198502204
0.428678036815592
0.426914637523787
0.425438943760081
0.424252282593379
0.423354414451253
0.422743590519329
0.422416615929334
0.422368916583712
0.422594607551937
0.423086561110866
0.423836472687082
0.424834923191247
0.426071436509934
0.427534531236401
0.429211766072219
0.431089778710833
0.433154318412895
0.435390272890848
0.437781690525092
0.440311799320619
0.442963024367655
0.445717005875640
0.448554620092398
0.451456005584969
0.454400597434204
0.457367171872084
0.460333903764934
0.463278439115335
0.466177984425442
