0.002087424777453
0.002087426722479
0.002087428657504
0.002087430582541
0.002087432497607
0.002087434402720
0.002087436297896
0.002087438183150
0.002087440058492
0.002087441923927
0.002087443779461
0.002087445625095
0.002087447460830
0.002087449286667
0.002087451102607
0.002087452908648
0.002087454704788
0.002087456491025
0.002087458267350
0.002087460033756
0.002087461790233
0.002087463536774
0.002087465273372
0.002087467000028
0.002087468716745
0.002087470423534
0.002087472120409
0.002087473807385
0.002087475484480
0.002087477151708
0.002087478809083
0.002087480456611
0.002087482094301
0.002087483722153
0.002087485340171
0.002087486948355
0.002087488546705
0.002087490135223
0.002087491713907
0.002087493282756
0.002087494841764
0.002087496390925
0.002087497930229
0.002087499459668
0.002087500979234
0.002087502488921
0.002087503988730
0.002087505478666
0.002087506958738
0.002087508428960
0.002087509889348
0.002087511339918
0.002087512780683
0.002087514211653
0.002087515632837
0.002087517044239
0.002087518445861
0.002087519837705
0.002087521219771
0.002087522592061
0.002087523954575
0.002087525307313
0.002087526650270
0.002087527983444
0.002087529306825
0.002087530620405
0.002087531924174
0.002087533218125
0.002087534502252
0.002087535776558
0.002087537041047
0.002087538295728
0.002087539540616
0.002087540775726
0.002087542001070
0.002087543216663
0.002087544422512
0.002087545618624
0.002087546805003
0.002087547981650
0.002087549148567
0.002087550305754
0.002087551453211
0.002087552590939
0.002087553718935
0.002087554837195
0.002087555945712
0.002087557044475
0.002087558133472
0.002087559212687
0.002087560282108
0.002087561341721
0.002087562391515
0.002087563431478
0.002087564461597
0.002087565481853
0.002087566492215
0.002087567492636
0.002087568483045
0.002087569463338
0.002087570433369
0.002087571392935
0.002087572341763
0.002087573279480
0.002087574205589
0.002087575119419
0.002087576020074
0.002087576906356
0.002087577776669
0.002087578628893
0.002087579460216
0.002087580266928
0.002087581044140
0.002087581785427
0.002087582482370
0.002087583123958
0.002087583695825
0.002087584179272
0.002087584550016
0.002087584776610
0.002087584818426
0.002087584623116
0.002087584123415
0.002087583233119
0.002087581842059
0.002087579809822
0.002087576957945
0.002087573060233
0.002087567830798
0.002087560909337
0.002087551843057
0.002087540064594
0.002087524865107
0.002087505361627
0.002087480457601
0.002087448795366
0.002087408699161
0.002087358107053
0.002087294489984
0.002087214755898
0.002087115136730
0.002086991055790
0.002086836972913
0.002086646204527
0.002086410715667
0.002086120880868
0.002085765210837
0.002085330041860
0.002084799185093
0.002084153533208
0.002083370622338
0.002082424148005
0.002081283434624
0.002079912859405
0.002078271233020
0.002076311141236
0.002073978253970
0.002071210610820
0.002067937895148
0.002064080712173
0.002059549890279
0.002054245828830
0.002048057920111
0.002040864077464
0.002032530406229
0.002022911058428
0.002011848316184
0.001999172952316
0.001984704919161
0.001968254418174
0.001949623402870
0.001928607565879
0.001904998856971
0.001878588572501
0.001849171047496
0.001816547969426
0.001780533317155
0.001740958909879
0.001697680528719
0.001650584548590
0.001599594990027
0.001544680870719
0.001485863705036
0.001423224968067
0.001356913309660
0.001287151275178
0.001214241264656
0.001138570442546
0.001060614298011
0.000980938552583
0.000900199119673
0.000819139840324
0.000738587753121
0.000659445703968
0.000582682163887
0.000509318199742
0.000440411632720
0.000377038520756
0.000320272211055
0.000271160324083
0.000230700146496
0.000199813022524
0.000179318435886
0.000169908561588
0.000172124133121
0.000186332510030
0.000212708838641
0.000251221170709
0.000301620338247
0.000363435276410
0.000435974340833
0.000518332983848
0.000609407940366
0.000707917835932
0.000812429875456
0.000921392012070
0.001033169743487
0.001146086450813
0.001258465994899
0.001368676130240
0.001475171196966
0.001576532516425
0.001671504951094
0.001759028197629
0.001838261561384
0.001908601206388
0.001969689177090
0.002021413834094
0.002063901719130
0.002097501246041
0.002122758984322
0.002140389639474
0.002151241120740
0.002156256304759
0.002156433239755
0.002152785580194
0.002146304992640
0.002137927131979
0.002128502560963
0.002118773688460
0.002109358450713
0.002100741076817
0.002093269888024
0.002087161704670
0.002082512097354
0.002079310441036
0.002077458527756
0.002076791376811
0.002077098854807
0.002078146780488
0.002079696332487
0.002081520788769
0.002083418886459
0.002085224379221
0.002086811664089
0.002088097629050
0.002089040117279
0.002089633597891
0.002089902765492
0.002089894856170
0.002089671466244
0.002089300597620
0.002088849540586
0.002088379054898
0.002087939139328
0.002087566504715
0.002087283701763
0.002087099715383
0.002087011732340
0.002087007724019
0.002087069462813
0.002087175606478
0.002087304533596
0.002087436686438
0.002087556264833
0.002087652205499
0.002087718466117
0.002087753703961
0.002087760489739
0.002087744225476
0.002087711940717
0.002087671126600
0.002087628736741
0.002087590443130
0.002087560190466
0.002087540049369
0.002087530332544
0.002087529911716
0.002087536658673
0.002087547931202
0.002087561032536
0.002087573588752
0.002087583808936
0.002087590614716
0.002087593645715
0.002087593163265
0.002087589884845
0.002087584785655
0.002087578901910
0.002087573164044
0.002087568278608
0.002087564667175
0.002087562460588
0.002087561538924
0.002087561602343
0.002087562255978
0.002087563092892
0.002087563762382
0.002087564015528
0.002087563725013
0.002087562880955
0.002087561568048
0.002087559931441
0.002087558139242
0.002087556348664
0.002087554680887
0.002087553207282
0.002087551947174
0.002087550875304
0.002087549935744
0.002087549058537
0.002087548175508
0.002087547232526
0.002087546196679
0.002087545058010
0.002087543826574
0.002087542526299
0.002087541187432
0.002087539839318
0.002087538504823
0.002087537197179
0.002087535919380
0.002087534665741
0.002087533424884
0.002087532183266
0.002087530928422
0.002087529651319
0.002087528347510
0.002087527017103
0.002087525663766
0.002087524293193
0.002087522911443
0.002087521523557
0.002087520132669
0.002087518739724
0.002087517343735
0.002087515942408
0.002087514532941
0.002087513112756
0.002087511680046
0.002087510234016
0.002087508774858
0.002087507303495
0.002087505821209
0.002087504329264
0.002087502828615
0.002087501319740
0.002087499802632
0.002087498276900
0.002087496741942
0.002087495197140
0.002087493642007
0.002087492076283
0.002087490499945
0.002087488913163
0.002087487316217
0.002087485709397
0.002087484092930
0.002087482466936
0.002087480831415
0.002087479186278
0.002087477531384
0.002087475866592
0.002087474191794
0.002087472506940
0.002087470812040
0.002087469107145
0.002087467392328
0.002087465667658
0.002087463933184
0.002087462188922
0.002087460434859
0.002087458670957
0.002087456897172
0.002087455113461
0.002087453319791
0.002087451516149
0.002087449702534
0.002087447878955
0.002087446045429
0.002087444201966
0.002087442348576
0.002087440485258
0.002087438612007
0.002087436728814
0.002087434835670
0.002087432932568
0.002087431019506
0.002087429096485
0.002087427163509
0.002087425220584
