0.002087434842540
0.002087436789133
0.002087438725691
0.002087440652265
0.002087442568910
0.002087444475682
0.002087446372627
0.002087448259783
0.002087450137170
0.002087452004794
0.002087453862645
0.002087455710700
0.002087457548929
0.002087459377294
0.002087461195757
0.002087463004282
0.002087464802834
0.002087466591383
0.002087468369905
0.002087470138379
0.002087471896796
0.002087473645152
0.002087475383457
0.002087477111733
0.002087478830012
0.002087480538341
0.002087482236770
0.002087483925356
0.002087485604150
0.002087487273198
0.002087488932531
0.002087490582166
0.002087492222104
0.002087493852330
0.002087495472819
0.002087497083536
0.002087498684445
0.002087500275505
0.002087501856680
0.002087503427937
0.002087504989246
0.002087506540585
0.002087508081936
0.002087509613291
0.002087511134650
0.002087512646025
0.002087514147442
0.002087515638937
0.002087517120557
0.002087518592355
0.002087520054384
0.002087521506696
0.002087522949331
0.002087524382316
0.002087525805662
0.002087527219365
0.002087528623407
0.002087530017757
0.002087531402379
0.002087532777233
0.002087534142279
0.002087535497477
0.002087536842794
0.002087538178198
0.002087539503665
0.002087540819174
0.002087542124714
0.002087543420281
0.002087544705881
0.002087545981529
0.002087547247249
0.002087548503068
0.002087549749015
0.002087550985109
0.002087552211356
0.002087553427742
0.002087554634222
0.002087555830720
0.002087557017122
0.002087558193272
0.002087559358973
0.002087560513977
0.002087561657982
0.002087562790621
0.002087563911450
0.002087565019923
0.002087566115378
0.002087567197002
0.002087568263795
0.002087569314530
0.002087570347697
0.002087571361437
0.002087572353459
0.002087573320941
0.002087574260402
0.002087575167550
0.002087576037096
0.002087576862533
0.002087577635866
0.002087578347291
0.002087578984809
0.002087579533770
0.002087579976321
0.002087580290744
0.002087580450671
0.002087580424137
0.002087580172458
0.002087579648888
0.002087578797025
0.002087577548921
0.002087575822848
0.002087573520658
0.002087570524666
0.002087566693999
0.002087561860291
0.002087555822649
0.002087548341769
0.002087539133058
0.002087527858640
0.002087514118061
0.002087497437520
0.002087477257418
0.002087452917993
0.002087423642785
0.002087388519658
0.002087346479049
0.002087296269127
0.002087236427475
0.002087165248891
0.002087080748899
0.002086980622480
0.002086862197554
0.002086722382693
0.002086557608521
0.002086363762266
0.002086136114870
0.002085869240116
0.002085556925195
0.002085192072180
0.002084766589891
0.002084271275710
0.002083695686951
0.002083028001511
0.002082254867628
0.002081361242739
0.002080330221606
0.002079142854106
0.002077777953328
0.002076211894945
0.002074418409138
0.002072368366789
0.002070029562067
0.002067366494027
0.002064340150408
0.002060907797352
0.002057022779449
0.002052634335127
0.002047687433136
0.002042122636568
0.002035876001594
0.002028879018798
0.002021058605713
0.002012337159770
0.002002632681505
0.001991858978324
0.001979925959512
0.001966740033378
0.001952204617460
0.001936220772520
0.001918687970587
0.001899505006559
0.001878571061781
0.001855786926562
0.001831056386707
0.001804287776876
0.001775395700827
0.001744302915382
0.001710942371301
0.001675259400104
0.001637214031298
0.001596783419522
0.001553964355773
0.001508775831289
0.001461261616903
0.001411492814805
0.001359570333905
0.001305627234383
0.001249830881862
0.001192384847057
0.001133530482902
0.001073548108417
0.001012757726936
0.000951519206251
0.000890231849720
0.000829333290855
0.000769297649336
0.000710632894142
0.000653877369451
0.000599595451416
0.000548372318697
0.000500807836770
0.000457509575365
0.000419084999671
0.000386132898898
0.000359234140008
0.000338941859382
0.000325771230360
0.000320188969218
0.000322602765629
0.000333350845037
0.000352691888907
0.000380795553670
0.000417733839388
0.000463473564017
0.000517870197828
0.000580663304424
0.000651473819322
0.000729803373951
0.000815035841921
0.000906441245685
0.001003182115539
0.001104322339921
0.001208838487005
0.001315633513900
0.001423552712756
0.001531401674437
0.001637965982186
0.001742032281888
0.001842410314485
0.001937955442033
0.002027591154261
0.002110331009317
0.002185299442864
0.002251750875440
0.002309086560427
0.002356868645032
0.002394830964667
0.002422886156904
0.002441128763831
0.002449834089661
0.002449452691649
0.002440600503874
0.002424044721849
0.002400685707270
0.002371535302138
0.002337692065482
0.002300314059131
0.002260589906987
0.002219708930524
0.002178831218035
0.002139058513132
0.002101406806845
0.002066781485907
0.002035955827144
0.002009553535250
0.001988035900681
0.001971694009320
0.001960646270535
0.001954841350661
0.001954066411376
0.001957960363842
0.001966031667274
0.001977680032274
0.001992221242030
0.002008914184869
0.002026989105470
0.002045676033613
0.002064232341764
0.002081968417294
0.002098270511226
0.002112619940714
0.002124607972782
0.002133945896253
0.002140469989929
0.002144141309288
0.002145040431967
0.002143357514140
0.002139378206056
0.002133466146161
0.002126042891385
0.002117566239543
0.002108507953663
0.002099331904549
0.002090473606744
0.002082322036095
0.002075204488754
0.002069375077998
0.002065007275044
0.002062190692773
0.002060932097570
0.002061160425342
0.002062735384064
0.002065459056767
0.002069089784487
0.002073357514976
0.002077979754491
0.002082677258736
0.002087188644298
0.002091283190550
0.002094771228171
0.002097511666456
0.002099416388059
0.002100451426036
0.002100635023404
0.002100032848787
0.002098750793529
0.002096925897236
0.002094716033792
0.002092289034164
0.002089811924424
0.002087440918283
0.002085312726845
0.002083537640086
0.002082194702540
0.002081329158987
0.002080952194387
0.002081042845754
0.002081551831483
0.002082406933824
0.002083519489167
0.002084791492806
0.002086122811764
0.002087418020550
0.002088592427588
0.002089576939538
0.002090321510163
0.002090797032245
0.002090995646690
0.002090929554436
0.002090628516119
0.002090136305435
0.002089506439671
0.002088797542091
0.002088068694718
0.002087375117728
0.002086764466107
0.002086273969972
0.002085928567867
0.002085740098767
0.002085707535161
0.002085818162702
0.002086049546969
0.002086372079219
0.002086751863332
0.002087153696724
0.002087543908273
0.002087892844357
0.002088176836564
0.002088379537331
0.002088492567825
0.002088515480911
0.002088455096211
0.002088324310158
0.002088140518280
0.002087923807770
0.002087695084965
0.002087474294991
0.002087278871261
0.002087122523013
0.002087014432958
0.002086958897683
0.002086955404319
0.002086999101341
0.002087081591918
0.002087191957018
0.002087317903619
0.002087446931205
0.002087567416694
0.002087669532740
0.002087745935194
0.002087792180113
0.002087806856788
0.002087791448427
0.002087749954396
0.002087688325566
0.002087613776298
0.002087534042190
0.002087456652102
0.002087388276525
0.002087334203139
0.002087297975690
0.002087281215548
0.002087283628130
0.002087303180156
0.002087336419836
0.002087378901497
0.002087425669608
0.002087471754830
0.002087512636713
0.002087544633375
0.002087565187422
0.002087573028415
0.002087568204441
0.002087551987597
0.002087526669436
0.002087495271721
0.002087461204390
0.002087427906077
0.002087398502490
0.002087375514762
0.002087360643664
