0.033479272850896
0.033277151464269
0.033058216997663
0.032827303999186
0.032589557597386
0.032350317591226
0.032114997439011
0.031888960956683
0.031677399601908
0.031485213216592
0.031316897026981
0.031176437558505
0.031067219915574
0.030991948609486
0.030952583797091
0.030950294426764
0.030985429385865
0.031057507315128
0.031165225311318
0.031306486291051
0.031478444347273
0.031677567006538
0.031899712900523
0.032140223008888
0.032394023321354
0.032655736512195
0.032919800026070
0.033180587844696
0.033432533141730
0.033670249039353
0.033888644753218
0.034083034550153
0.034249237140699
0.034383663380484
0.034483390453288
0.034546221046241
0.034570726394625
0.034556272460628
0.034503028906957
0.034411960922435
0.034284804342743
0.034124024876011
0.033932762581437
0.033714763051975
0.033474297012937
0.033216070261932
0.032945126038318
0.032666742019805
0.032386324199447
0.032109299898449
0.031841012121146
0.031586617361354
0.031350988828542
0.031138626883136
0.030953578258942
0.030799365413728
0.030678927093358
0.030594570927713
0.030547938604753
0.030539983899359
0.030570963572036
0.030640440904930
0.030747301413672
0.030889780067257
0.031065499167754
0.031271515889105
0.031504378351026
0.031760189010287
0.032034674087049
0.032323257707205
0.032621139430971
0.032923373851020
0.033224950977327
0.033520876177893
0.033806248511242
0.034076336365196
0.034326649403861
0.034553005918287
0.034751594773530
0.034919031243759
0.035052406126031
0.035149327621143
0.035207955565792
0.035227027693785
0.035205877695057
0.035144444930108
0.035043275744527
0.034903516414046
0.034726897835708
0.034515712165667
0.034272781689344
0.034001420295265
0.033705388009825
0.033388839136170
0.033056264625490
0.032712429392356
0.032362305365906
0.032011001143955
0.031663689185644
0.031325531537953
0.031001605140074
0.030696827785155
0.030415885839184
0.030163164819903
0.029942683923070
0.029758035547934
0.029612330817686
0.029508152013793
0.029447512745820
0.029431826561701
0.029461884568971
0.029537842487559
0.029659217392033
0.029824894229163
0.030033142018830
0.030281639466937
0.030567509542106
0.030887362398044
0.031237345864742
0.031613202588195
0.032010332773898
0.032423861387275
0.032848708587139
0.033279662118438
0.033711450369214
0.034138814804447
0.034556580526133
0.034959723773404
0.035343435266957
0.035703178415938
0.036034741539499
0.036334283405737
0.036598371553330
0.036824013031526
0.037008677367282
0.037150311739815
0.037247348507804
0.037298705388789
0.037303778729990
0.037262430431416
0.037174969183007
0.037042126755668
0.036865030139967
0.036645170355711
0.036384368760688
0.036084741668779
0.035748664048083
0.035378733011219
0.034977731735359
0.034548594362401
0.034094372333551
0.033618202511392
0.033123277340121
0.032612817194855
0.032090044977151
0.031558162929447
0.031020331568566
0.030479650579909
0.029939141470949
0.029401731755992
0.028870240433941
0.028347364526549
0.027835666465132
0.027337562147227
0.026855309528911
0.026390997670946
0.025946536214415
0.025523645321244
0.025123846173589
0.024748452180612
0.024398561088777
0.024075048229956
0.023778561168279
0.023509516020153
0.023268095721282
0.023054250499304
0.022867700781142
0.022707942721107
0.022574256480568
0.022465717324611
0.022381209527815
0.022319443002931
0.022278972485694
0.022258219029470
0.022255493487951
0.022269021595743
0.022296970198209
0.022337474135714
0.022388663255597
0.022448689009127
0.022515750091408
0.022588116599914
0.022664152221769
0.022742334010076
0.022821269374007
0.022899709983901
0.022976562378779
0.023050895156545
0.023121942723510
0.023189105676513
0.023251947984401
0.023310191222793
0.023363706193834
0.023412502328402
0.023456715319682
0.023496593472402
0.023532483270300
0.023564814664825
0.023594086570991
0.023620853022326
0.023645710387322
0.023669285986809
0.023692228377387
0.023715199483567
0.023738868673467
0.023763908783256
0.023790994007325
0.023820799487689
0.023854002360543
0.023891283953006
0.023933332771301
0.023980847884847
0.024034542290427
0.024095145837350
0.024163407308600
0.024240095283746
0.024325997455746
0.024421918133995
0.024528673737800
0.024647086165205
0.024777974008805
0.024922141679576
0.025080366588562
0.025253384621138
0.025441874216404
0.025646439432141
0.025867592431144
0.026105735865600
0.026361145660925
0.026633954708206
0.026924137964766
0.027231499435684
0.027555661466307
0.027896056718387
0.028251923132472
0.028622302099085
0.029006039973873
0.029401792980343
0.029808035451260
0.030223071269533
0.030645048284448
0.031071975402487
0.031501741986110
0.031932139141031
0.032360882434274
0.032785635562741
0.033204034485703
0.033613711544347
0.034012319116612
0.034397552394735
0.034767170924341
0.035119018605400
0.035451041924205
0.035761306258961
0.036048010176496
0.036309497711089
0.036544268685402
0.036750987195367
0.036928488433139
0.037075784062834
0.037192066391316
0.037276711589573
0.037329282219073
0.037349529301891
0.037337394144261
0.037293010081834
0.037216704263189
0.037108999528371
0.036970616374035
0.036802474929163
0.036605696798290
0.036381606565815
0.036131732698354
0.035857807534899
0.035561766019327
0.035245742808558
0.034912067383951
0.034563256804337
0.034202005766762
0.033831173685288
0.033453768558198
0.033072927468145
0.032691893646051
0.032313990125439
0.031942590116308
0.031581084333363
0.031232845618938
0.030901191302775
0.030589343835328
0.030300390315300
0.030037241602498
0.029802591761256
0.029598878615482
0.029428246212217
0.029292509985538
0.029193125386395
0.029131160696928
0.029107274680969
0.029121699637560
0.029174230323512
0.029264219097179
0.029390577511680
0.029551784455403
0.029745900804180
0.029970590416829
0.030223147177392
0.030500527666730
0.030799388936391
0.031116130761536
0.031446941669423
0.031787847977406
0.032134765030505
0.032483549804144
0.032830054032376
0.033170177035237
0.033499917449582
0.033815423114099
0.034113038419130
0.034389348502901
0.034641219755214
0.034865836174688
0.035060731213540
0.035223814831856
0.035353395568943
0.035448197520223
0.035507372182637
0.035530505197867
0.035517618080184
0.035469165063614
0.035386025241437
0.035269490200253
0.035121247371667
0.034943359338405
0.034738239339748
0.034508623225368
0.034257538108708
0.033988267972828
0.033704316484985
0.033409367282568
0.033107242003844
0.032801856353221
0.032497174513004
0.032197162242041
0.031905739036031
0.031626729763637
0.031363816235839
0.031120489211396
0.030900001386927
0.030705321963541
0.030539093420776
0.030403591160051
0.030300686701447
0.030231815126804
0.030197947456658
0.030199568626500
0.030236661687805
0.030308698800215
0.030414639502922
0.030552936655982
0.030721550326853
0.030917969765809
0.031139243468065
0.031382017163645
0.031642579411583
0.031916914306964
0.032200760641846
0.032489676698856
0.032779109703710
0.033064468824732
0.033341200487929
0.033604864679348
0.033851210835818
0.034076251883727
0.034276334975341
0.034448207494888
0.034589076962603
0.034696663553979
0.034769244072260
0.034805686362577
0.034805473333235
0.034768715949506
0.034696154783707
0.034589149937069
0.034449659388748
0.034280206069385
0.034083834195197
0.033864055627825
0.033624787239500
0.033370280457319
0.033105044329771
0.032833763599105
