0.041148772023693
0.041104994117764
0.041043730101622
0.040967184212919
0.040877888840439
0.040778607603407
0.040672217280297
0.040561573844681
0.040449369564636
0.040337989445865
0.040229376121292
0.040124912516837
0.040025331199605
0.039930658231867
0.039840197651585
0.039752560464875
0.039665739397493
0.039577227775548
0.039484177978117
0.039383592124584
0.039272535222125
0.039148359080722
0.039008924050735
0.038852805156091
0.038679469539967
0.038489413310892
0.038284247822621
0.038066728036683
0.037840718753554
0.037611097972860
0.037383600248092
0.037164606419620
0.036960889327899
0.036779327829622
0.036626603495243
0.036508895627197
0.036431590621635
0.036399021170683
0.036414249388925
0.036478905720272
0.036593092561230
0.036755358086140
0.036962741974194
0.037210890832579
0.037494237310114
0.037806233422168
0.038139625664962
0.038486757260661
0.038839881479649
0.039191469519462
0.039534496913135
0.039862693867007
0.040170747205953
0.040454444596011
0.040710755238014
0.040937845064164
0.041135028383988
0.041302661672037
0.041441988531957
0.041554947600388
0.041643957099092
0.041711690785354
0.041760860129113
0.041794016663940
0.041813386684853
0.041820747925035
0.041817354711771
0.041803914593671
0.041780615784105
0.041747201224414
0.041703081870479
0.041647479157626
0.041579584673232
0.041498723984972
0.041404511399837
0.041296983168050
0.041176698240211
0.041044798022950
0.040903019498115
0.040753659376369
0.040599490427771
0.040443634539833
0.040289400173332
0.040140094513050
0.039998822571698
0.039868286670820
0.039750600013086
0.039647127452631
0.039558365097362
0.039483868127976
0.039422233331040
0.039371139497364
0.039327445241693
0.039287340182441
0.039246542010556
0.039200528992908
0.039144795090317
0.039075113277720
0.038987791939667
0.038879909428222
0.038749513002955
0.038595770355207
0.038419064627800
0.038221027106086
0.038004505370549
0.037773468436507
0.037532854027702
0.037288366411043
0.037046235957035
0.036812953619066
0.036594994727256
0.036398546807068
0.036229255555890
0.036092001697243
0.035990719290567
0.035928263358565
0.035906331591634
0.035925441609173
0.035984962015400
0.036083192489996
0.036217485586048
0.036384400920228
0.036579881140142
0.036799438498684
0.037038341060074
0.037291788460465
0.037555068654161
0.037823689061925
0.038093477839119
0.038360653420319
0.038621862892166
0.038874191925666
0.039115150813334
0.039342642488236
0.039554919174329
0.039750534498813
0.039928297501876
0.040087234065822
0.040226559950501
0.040345667991650
0.040444130238228
0.040521714026508
0.040578409359585
0.040614463611992
0.040630418614690
0.040627144667173
0.040605866004201
0.040568172709413
0.040516014974507
0.040451676876423
0.040377728386245
0.040296956015837
0.040212274226996
0.040126621349812
0.040042845167486
0.039963584425852
0.039891153239834
0.039827435643349
0.039773797337289
0.039731021032556
0.039699270688113
0.039678088458514
0.039666426364730
0.039662712678962
0.039664950877970
0.039670846891622
0.039677958383361
0.039683858077932
0.039686301824997
0.039683391267614
0.039673720762618
0.039656498635389
0.039631633964884
0.039599781861006
0.039562342540880
0.039521412309052
0.039479687629462
0.039440326638123
0.039406775455936
0.039382569286547
0.039371120304647
0.039375505570768
0.039398268518825
0.039441246891974
0.039505438370503
0.039590912645681
0.039696775526970
0.039821187073364
0.039961432003751
0.040114037075783
0.040274927026409
0.040439608298958
0.040603368333781
0.040761477778148
0.040909383584150
0.041042882519119
0.041158266928962
0.041252437416847
0.041322980128888
0.041368209263600
0.041387177952651
0.041379662559714
0.041346126553451
0.041287670366918
0.041205973097812
0.041103230666565
0.040982093345860
0.040845603671918
0.040697133930930
0.040540320954631
0.040378995079700
0.040217099972996
0.040058600649829
0.039907378364236
0.039767112979397
0.039641155702205
0.039532397403200
0.039443139834350
0.039374978610112
0.039328707589070
0.039304254120897
0.039300653443463
0.039316068374482
0.039347857495373
0.039392691518678
0.039446713778487
0.039505737134906
0.039565466386116
0.039621732845290
0.039670726305192
0.039709209328401
0.039734699705585
0.039745608948085
0.039741327652531
0.039722252239806
0.039689751617638
0.039646076409106
0.039594217199409
0.039537721488082
0.039480481463234
0.039426506187528
0.039379692239454
0.039343606312846
0.039321291846419
0.039315109600550
0.039326619432181
0.039356507572891
0.039404560722718
0.039469685445850
0.039549968871962
0.039642774701584
0.039744867068360
0.039852553959032
0.039961841621751
0.040068591656138
0.040168673197623
0.040258103688909
0.040333173069158
0.040390547701344
0.040427351899749
0.040441226420882
0.040430364661675
0.040393528500569
0.040330046665254
0.040239799174439
0.040123191753722
0.039981124156820
0.039814956039200
0.039626473456117
0.039417858234140
0.039191661456057
0.038950781181466
0.038698443390371
0.038438184083040
0.038173829595587
0.037909471588738
0.037649432913227
0.037398220701396
0.037160463602719
0.036940831058300
0.036743933846135
0.036574206740747
0.036435775902733
0.036332315408580
0.036266898999360
0.036241854518938
0.036258629490475
0.036317676731073
0.036418368749581
0.036558948875859
0.036736525642204
0.036947114938977
0.037185732001763
0.037446532501388
0.037722999075237
0.038008166751016
0.038294878069458
0.038576056498113
0.038844985109010
0.039095576598378
0.039322620641723
0.039521995335782
0.039690831058681
0.039827617404691
0.039932246793808
0.040005991748917
0.040051416472278
0.040072227016356
0.040073067804017
0.040059275291860
0.040036601993940
0.040010925734538
0.039987959768960
0.039972979247440
0.039970578405529
0.039984470911235
0.040017343106950
0.040070766623232
0.040145173219278
0.040239890952361
0.040353237134622
0.040482660231594
0.040624920101075
0.040776293934644
0.040932794070794
0.041090383565703
0.041245176042636
0.041393607841263
0.041532572745161
0.041659512422205
0.041772458973548
0.041870029432541
0.041951375455293
0.042016094574000
0.042064112036478
0.042095544256324
0.042110556116896
0.042109224729382
0.042091421717270
0.042056724721159
0.042004366678954
0.041933228677205
0.041841878970842
0.041728657342161
0.041591800543456
0.041429601371442
0.041240591173136
0.041023733473129
0.040778615092626
0.040505620702877
0.040206077264028
0.039882356228477
0.039537923658045
0.039177331383017
0.038806145835858
0.038430815004110
0.038058477823651
0.037696724026162
0.037353315724249
0.037035884650507
0.036751620789288
0.036506969029994
0.036307350365937
0.036156923064490
0.036058397206729
0.036012913161349
0.036019991091142
0.036077554702297
0.036182028372538
0.036328502777996
0.036510960418135
0.036722549229138
0.036955889960634
0.037203401305793
0.037457626006127
0.037711541329958
0.037958838421821
0.038194156960723
0.038413264223175
0.038613170858772
0.038792179260329
0.038949864138998
0.039086988584622
0.039205362297284
0.039307651630935
0.039397153435880
0.039477546303161
0.039552633623047
0.039626092842447
0.039701244461305
0.039780852712855
0.039866967637359
0.039960815530801
0.040062741703885
0.040172206314494
0.040287830935325
0.040407490676915
0.040528444274049
0.040647492699053
0.040761155687217
0.040865855099766
