0.040192869287863
0.039993269840756
0.039820022602073
0.039672727311478
0.039549765367306
0.039448423942056
0.039365064219595
0.039295326133422
0.039234360345237
0.039177076961280
0.039118399712297
0.039053514072862
0.038978098093998
0.038888525568401
0.038782032509763
0.038656839747142
0.038512226625044
0.038348553249567
0.038167231302397
0.037970646018573
0.037762034348933
0.037545326468173
0.037324959523056
0.037105673743751
0.036892301694973
0.036689561487236
0.036501864204105
0.036333144668057
0.036186723040370
0.036065202734594
0.035970407848371
0.035903360929340
0.035864299538614
0.035852727906241
0.035867498119725
0.035906913858684
0.035968848765374
0.036050871166532
0.036150367043148
0.036264653850300
0.036391078953182
0.036527097972457
0.036670330104228
0.036818589365970
0.036969892584368
0.037122446654210
0.037274619044371
0.037424896614408
0.037571838469052
0.037714028785213
0.037850035298044
0.037978378462054
0.038097515272282
0.038205840424540
0.038301706014702
0.038383459435961
0.038449497641259
0.038498334600124
0.038528677684840
0.038539507940098
0.038530158768860
0.038500387524451
0.038450434827689
0.038381067096174
0.038293598726892
0.038189891542581
0.038072330415073
0.037943775328032
0.037807491451459
0.037667059991755
0.037526273586762
0.037389020783072
0.037259164629226
0.037140420628435
0.037036239222120
0.036949697642121
0.036883405410331
0.036839427026262
0.036819224518893
0.036823621604965
0.036852790246191
0.036906259482098
0.036982945575014
0.037081201770971
0.037198885375733
0.037333439379102
0.037481985532895
0.037641425590515
0.037808547334329
0.037980132033214
0.038153060067702
0.038324411616535
0.038491559501820
0.038652251530652
0.038804679944532
0.038947535894403
0.039080047203162
0.039201998065582
0.039313729774904
0.039416122060853
0.039510555176566
0.039598853476827
0.039683211874598
0.039766107227021
0.039850197357779
0.039938211035963
0.040032832763882
0.040136586637903
0.040251723799741
0.040380118058381
0.040523174111975
0.040681752423435
0.040856114206041
0.041045889174675
0.041250067747922
0.041467018293711
0.041694528855339
0.041929871641938
0.042169887486789
0.042411086535784
0.042649760686330
0.042882102802079
0.043104327512817
0.043312788484575
0.043504087405371
0.043675170549681
0.043823409614393
0.043946664500383
0.044043326776563
0.044112343631981
0.044153223122386
0.044166022383410
0.044151321158575
0.044110183438544
0.044044110209772
0.043954986268321
0.043845023790427
0.043716704906217
0.043572724951635
0.043415937440498
0.043249301171704
0.043075829331307
0.042898540022829
0.042720407405426
0.042544312564915
0.042372993393656
0.042208993098107
0.042054607453888
0.041911831537600
0.041782307319574
0.041667274132923
0.041567524570788
0.041483368740349
0.041414609964534
0.041360534932200
0.041319920936675
0.041291062214538
0.041271816528024
0.041259672072725
0.041251833603288
0.041245325432605
0.041237107761665
0.041224201726257
0.041203817686180
0.041173480704228
0.041131146920254
0.041075304653029
0.041005054567624
0.040920164111588
0.040821092607148
0.040708984824568
0.040585632471206
0.040453404715993
0.040315150528405
0.040174077142853
0.040033610269554
0.039897242680748
0.039768378444729
0.039650180320901
0.039545427653663
0.039456391524368
0.039384732976854
0.039331428883551
0.039296728544291
0.039280142499561
0.039280463391488
0.039295817116257
0.039323741071611
0.039361285090635
0.039405129729325
0.039451715980904
0.039497380242585
0.039538488455794
0.039571563752717
0.039593402625843
0.039601175533851
0.039592508897805
0.039565546553191
0.039518989833577
0.039452116504528
0.039364779686069
0.039257388655978
0.039130873987818
0.038986639835944
0.038826506339781
0.038652645099709
0.038467510506558
0.038273769422711
0.038074231355849
0.037871780876899
0.037669313648722
0.037469677082070
0.037275616342377
0.037089726207608
0.036914409126367
0.036751839740552
0.036603936104450
0.036472337833254
0.036358391426746
0.036263143016362
0.036187338755999
0.036131433003215
0.036095604308037
0.036079779038347
0.036083662227691
0.036106774943945
0.036148497161743
0.036208114798533
0.036284869266694
0.036378007626164
0.036486831216473
0.036610740524048
0.036749274016285
0.036902138759182
0.037069230835303
0.037250643892636
0.037446664575141
0.037657754099592
0.037884515832287
0.038127649360478
0.038387892220454
0.038665951107794
0.038962425024610
0.039277723382301
0.039611982545833
0.039964984648456
0.040336082698771
0.040724136024971
0.041127459939445
0.041543793153954
0.041970285932766
0.042403511249226
0.042839500330941
0.043273802970227
0.043701571879196
0.044117669230195
0.044516792395781
0.044893614845248
0.045242937225083
0.045559842904285
0.045839851752221
0.046079065677288
0.046274299517664
0.046423191254577
0.046524286210741
0.046577090881632
0.046582093287208
0.046540748172584
0.046455426960491
0.046329333987867
0.046166392159356
0.045971102635720
0.045748384462874
0.045503401063069
0.045241381192966
0.044967442279698
0.044686423951998
0.044402739087121
0.044120248816622
0.043842166717981
0.043570995927245
0.043308501219596
0.043055716311444
0.042812984837701
0.042580031750938
0.042356060370264
0.042139869061927
0.041929980630416
0.041724776988188
0.041522631581604
0.041322032382992
0.041121688992248
0.040920618480597
0.040718205987606
0.040514237666960
0.040308905271189
0.040102783368860
0.039896781797740
0.039692077378320
0.039490030060447
0.039292089484834
0.039099698366308
0.038914199125436
0.038736749814462
0.038568254631479
0.038409313246252
0.038260191843927
0.038120817316203
0.037990794489361
0.037869444773990
0.037755863247644
0.037648990024941
0.037547690900312
0.037450841717723
0.037357410757691
0.037266533638946
0.037177575790279
0.037090178415348
0.037004284988096
0.036920146602898
0.036838305876154
0.036759560465646
0.036684908553758
0.036615479751857
0.036552455759594
0.036496985705436
0.036450101373509
0.036412637477685
0.036385161788286
0.036367919280390
0.036360793602568
0.036363288120814
0.036374527642764
0.036393280744263
0.036418001475267
0.036446888180879
0.036477956293122
0.036509121274350
0.036538287454476
0.036563438316221
0.036582723844568
0.036594540852994
0.036597602701202
0.036590995487675
0.036574218588410
0.036547208269062
0.036510343968830
0.036464437689984
0.036410707681470
0.036350738240494
0.036286427943744
0.036219928942469
0.036153580106614
0.036089836787778
0.036031199804571
0.035980145961766
0.035939062028279
0.035910183655196
0.035895540252374
0.035896906398527
0.035915759969692
0.035953246863033
0.036010151987619
0.036086876102073
0.036183418101397
0.036299362481891
0.036433871924141
0.036585685201450
0.036753120910418
0.036934087793720
0.037126102643994
0.037326316906401
0.037531553105889
0.037738352092240
0.037943031811150
0.038141757875109
0.038330625638630
0.038505752806458
0.038663380859796
0.038799982822576
0.038912374161568
0.038997822977021
0.039054155149202
0.039079849809371
0.039074120440340
0.039036977107741
0.038969265788703
0.038872681493007
0.038749752838641
0.038603796907894
0.038438844516059
0.038259537405078
0.038071000253870
0.037878691697485
0.037688239691867
0.037505267479892
0.037335217048510
0.037183177272142
0.037053723888128
0.036950778039772
0.036877489366160
