0.099527694847191
0.099864566062553
0.100159728859618
0.100410930349948
0.100616308452622
0.100774405189580
0.100884175297884
0.100944990051672
0.100956636272757
0.100919310599597
0.100833609177336
0.100700513023328
0.100521369410063
0.100297869687115
0.100032024032719
0.099726133680832
0.099382761208802
0.099004699492229
0.098594939936261
0.098156640576203
0.097693094605499
0.097207699837335
0.096703929539480
0.096185305003362
0.095655370121259
0.095117668153462
0.094575720774522
0.094033009397923
0.093492958695683
0.092958922156638
0.092434169467500
0.091921875456073
0.091425110307820
0.090946830755671
0.090489871948149
0.090056939721592
0.089650603036401
0.089273286382489
0.088927262012470
0.088614641919397
0.088337369535720
0.088097211188311
0.087895747398018
0.087734364158551
0.087614244366614
0.087536359601687
0.087501462468897
0.087510079722075
0.087562506376873
0.087658801006958
0.087798782391564
0.087982027651836
0.088207871979084
0.088475410022108
0.088783498965736
0.089130763300266
0.089515601253371
0.089936192833275
0.090390509415126
0.090876324791763
0.091391227604734
0.091932635070864
0.092497807922257
0.093083866482078
0.093687807802886
0.094306523797006
0.094936820288042
0.095575436907669
0.096219067751524
0.096864382692079
0.097508049224707
0.098146754696670
0.098777228738622
0.099396265686025
0.100000746745875
0.100587661634420
0.101154129386729
0.101697418021227
0.102214962733894
0.102704382299465
0.103163493371866
0.103590322404041
0.103983114948135
0.104340342149935
0.104660704315219
0.104943131497836
0.105186781137489
0.105391032856064
0.105555480601461
0.105679922403899
0.105764348077868
0.105808925260372
0.105813984219872
0.105780001898431
0.105707585660294
0.105597457213253
0.105450437144334
0.105267430470173
0.105049413546282
0.104797422611120
0.104512544163265
0.104195907286829
0.103848677954953
0.103472055257790
0.103067269423325
0.102635581429827
0.102178283950676
0.101696703327717
0.101192202239643
0.100666182717836
0.100120089163535
0.099555411036230
0.098973684912247
0.098376495652684
0.097765476468420
0.097142307724355
0.096508714382264
0.095866462039054
0.095217351572060
0.094563212453145
0.093905894837014
0.093247260564899
0.092589173252139
0.091933487646710
0.091282038456073
0.090636628842474
0.089999018783186
0.089370913483643
0.088753952019445
0.088149696369290
0.087559620986568
0.086985103043636
0.086427413470673
0.085887708900960
0.085367024626564
0.084866268662406
0.084386217012026
0.083927510224034
0.083490651323215
0.083076005193201
0.082683799477558
0.082314127051767
0.081966950099211
0.081642105799472
0.081339313606731
0.081058184060451
0.080798229030467
0.080558873255517
0.080339466989760
0.080139299528061
0.079957613339858
0.079793618505831
0.079646507123468
0.079515467329156
0.079399696577469
0.079298413824056
0.079210870277900
0.079136358421696
0.079074219045346
0.079023846095666
0.078984689213640
0.078956253906421
0.078938099381863
0.078929834155413
0.078931109619226
0.078941611837999
0.078961051901825
0.078989155220508
0.079025650183659
0.079070256634720
0.079122674613558
0.079182573811229
0.079249584152192
0.079323287874953
0.079403213423708
0.079488831393710
0.079579552694662
0.079674729013061
0.079773655569464
0.079875576083822
0.079979689784639
0.080085160228836
0.080191125641376
0.080296710438964
0.080401037571639
0.080503241300600
0.080602480029805
0.080697948822115
0.080788891256551
0.080874610319624
0.080954478068536
0.081027943854691
0.081094540949891
0.081153891472281
0.081205709562161
0.081249802807323
0.081286071961825
0.081314509040097
0.081335193899252
0.081348289446335
0.081354035624267
0.081352742341134
0.081344781513190
0.081330578393696
0.081310602358720
0.081285357318476
0.081255371919857
0.081221189703201
0.081183359374669
0.081142425355070
0.081098918766346
0.081053349017713
0.081006196153880
0.080957904126720
0.080908875148118
0.080859465274244
0.080809981359097
0.080760679496836
0.080711765047644
0.080663394310291
0.080615677866440
0.080568685577721
0.080522453167861
0.080476990270223
0.080432289768087
0.080388338203058
0.080345126978624
0.080302664043649
0.080260985706764
0.080220168209554
0.080180338675736
0.080141685056651
0.080104464710884
0.080069011287968
0.080035739631952
0.080005148479103
0.079977820793014
0.079954421657339
0.079935693728459
0.079922450333973
0.079915566384894
0.079915967345947
0.079924616576460
0.079942501410771
0.079970618389577
0.080009958080267
0.080061489933898
0.080126147618736
0.080204815245650
0.080298314860212
0.080407395522194
0.080532724227622
0.080674878854819
0.080834343237155
0.081011504385152
0.081206651802632
0.081419978769004
0.081651585395655
0.081901483211165
0.082169600989483
0.082455791508737
0.082759838916154
0.083081466376640
0.083420343697850
0.083776094651454
0.084148303746902
0.084536522257648
0.084940273348019
0.085359056198939
0.085792349079890
0.086239611360522
0.086700284496092
0.087173792055013
0.087659538883123
0.088156909517534
0.088665265973064
0.089183945027201
0.089712255126198
0.090249473026772
0.090794840276787
0.091347559625777
0.091906791444174
0.092471650219952
0.093041201194534
0.093614457196869
0.094190375736165
0.094767856419513
0.095345738770269
0.095922800535274
0.096497756582550
0.097069258504340
0.097635895051403
0.098196193531560
0.098748622306866
0.099291594518159
0.099823473151892
0.100342577541670
0.100847191365731
0.101335572162251
0.101805962338088
0.102256601594928
0.102685740642159
0.103091656010398
0.103472665726454
0.103827145562254
0.104153545529665
0.104450406262781
0.104716374910984
0.104950220161792
0.105150846022732
0.105317304016791
0.105448803485639
0.105544719747602
0.105604599921472
0.105628166299943
0.105615317234948
0.105566125577990
0.105480834798231
0.105359852976181
0.105203744937938
0.105013222851157
0.104789135646817
0.104532457658538
0.104244276882564
0.103925783256337
0.103578257331926
0.103203059684129
0.102801621343151
0.102375435481228
0.101926050514019
0.101455064704473
0.100964122282250
0.100454911019158
0.099929161133516
0.099388645336462
0.098835179783630
0.098270625657648
0.097696891082050
0.097115933055528
0.096529759097062
0.095940428306296
0.095350051568339
0.094760790666136
0.094174856104519
0.093594503495820
0.093022028405047
0.092459759601060
0.091910050706740
0.091375270284258
0.090857790429979
0.090359973986261
0.089884160504358
0.089432651113510
0.089007692466958
0.088611459946476
0.088246040314330
0.087913414006334
0.087615437263039
0.087353824299095
0.087130129714129
0.086945731352894
0.086801813827678
0.086699352922318
0.086639101103587
0.086621574371682
0.086647040685575
0.086715510199948
0.086826727546699
0.086980166384438
0.087175026422480
0.087410233101030
0.087684440075727
0.087996034612614
0.088343145949406
0.088723656621590
0.089135216689107
0.089575260733103
0.090041027424975
0.090529581404357
0.091037837141735
0.091562584407683
0.092100514927171
0.092648249766100
0.093202366980067
0.093759429053697
0.094316009672978
0.094868719403028
0.095414229888281
0.095949296249961
0.096470777424075
0.096975654259646
0.097461045277790
0.097924220074277
0.098362610427629
0.098773819248229
0.099155627568015
0.099505999822466
0.099823087714547
0.100105232972590
0.100350969320079
0.100559023965097
