0.039993386002549
0.039952844396148
0.039923576180654
0.039904466589104
0.039894139959331
0.039890981314610
0.039893163708681
0.039898682170056
0.039905394930243
0.039911072339575
0.039913453474335
0.039910309942472
0.039899515834690
0.039879122182723
0.039847433721540
0.039803085252613
0.039745114514798
0.039673028225821
0.039586857890282
0.039487202098036
0.039375252365435
0.039252800093543
0.039122222910939
0.038986449500813
0.038848902939282
0.038713423543606
0.038584173190187
0.038465523958146
0.038361934732700
0.038277820018718
0.038217415633185
0.038184646142522
0.038182998876846
0.038215409092072
0.038284160379667
0.038390803772028
0.038536098198007
0.038719974054259
0.038941520723661
0.039198997942747
0.039489870043470
0.039810861312747
0.040158030060034
0.040526858482522
0.040912355082640
0.041309166225249
0.041711693413929
0.042114212999359
0.042510995283249
0.042896420318641
0.043265088099661
0.043611921248516
0.043932258715369
0.044221939382210
0.044477374786059
0.044695610437548
0.044874375403471
0.045012119948723
0.045108041102992
0.045162096044600
0.045175003195498
0.045148230916901
0.045083973703543
0.044985115813285
0.044855182351982
0.044698277970215
0.044519013523053
0.044322421294627
0.044113859688870
0.043898908624001
0.043683257224905
0.043472585765031
0.043272444146888
0.043088129506313
0.042924565760533
0.042786188075896
0.042676835294035
0.042599653315302
0.042557012290743
0.042550440218823
0.042580575185692
0.042647138037933
0.042748926748386
0.042883833146247
0.043048882052126
0.043240292208944
0.043453557752977
0.043683548348430
0.043924625535670
0.044170772337478
0.044415732747748
0.044653157408071
0.044876751571782
0.045080421370891
0.045258414443518
0.045405451148549
0.045516842886512
0.045588594453111
0.045617487862096
0.045601145670716
0.045538072503860
0.045427674178699
0.045270254554249
0.045066990942521
0.044819889591501
0.044531723357997
0.044205954204784
0.043846643559409
0.043458353843735
0.043046044611943
0.042614966714547
0.042170557739059
0.041718341673016
0.041263835308807
0.040812463384983
0.040369483864115
0.039939924115785
0.039528528140166
0.039139714368716
0.038777543048094
0.038445691782011
0.038147437498347
0.037885642943238
0.037662745789166
0.037480748580332
0.037341208016217
0.037245222474643
0.037193417172124
0.037185926918485
0.037222377006596
0.037301863346292
0.037422933463717
0.037583570405863
0.037781181882192
0.038012597115402
0.038274073845011
0.038561317723705
0.038869515971496
0.039193386621224
0.039527244025431
0.039865080532445
0.040200663418661
0.040527645329325
0.040839685678378
0.041130579735403
0.041394391527389
0.041625586242291
0.041819157569467
0.041970745368907
0.042076739235414
0.042134363913165
0.042141743106013
0.042097938994837
0.042002965680573
0.041857775778097
0.041664220444000
0.041424984179728
0.041143496759044
0.040823825536727
0.040470552159543
0.040088638284287
0.039683285283491
0.039259793070347
0.038823423095065
0.038379270261694
0.037932148004902
0.037486490078444
0.037046271777630
0.036614952390443
0.036195439693691
0.035790076331024
0.035400646976986
0.035028404350282
0.034674111428643
0.034338096667862
0.034020318659984
0.033720436491151
0.033437882078448
0.033171930967151
0.032921768435512
0.032686548256060
0.032465442066701
0.032257677974113
0.032062567706724
0.031879522316437
0.031708057061482
0.031547786656426
0.031398412524727
0.031259704016979
0.031131475754623
0.031013563322780
0.030905799472774
0.030807992817193
0.030719910725456
0.030641267777377
0.030571720729621
0.030510870519733
0.030458271398019
0.030413446860705
0.030375911676911
0.030345198972165
0.030320891063386
0.030302652541427
0.030290263970802
0.030283654521885
0.030282931866077
0.030288407744196
0.030300617756500
0.030320334111971
0.030348570307319
0.030386576974608
0.030435828432815
0.030497999795066
0.030574934811803
0.030668604962597
0.030781060636880
0.030914375557530
0.031070585891019
0.031251625743596
0.031459260954117
0.031695023250481
0.031960146928477
0.032255510231071
0.032581583546598
0.032938386402463
0.033325455006815
0.033741821787816
0.034186008006352
0.034656030085114
0.035149419820402
0.035663258141792
0.036194221580048
0.036738640118350
0.037292564658981
0.037851841959157
0.038412194595505
0.038969303322894
0.039518889111771
0.040056792184776
0.040579045528661
0.041081940625334
0.041562083514175
0.042016439749167
0.042442367326587
0.042837637206336
0.043200441604566
0.043529390768691
0.043823499430626
0.044082164545259
0.044305136237896
0.044492484090823
0.044644560985680
0.044761966682104
0.044845513157904
0.044896193472615
0.044915155561142
0.044903681939178
0.044863175832611
0.044795153757113
0.044701244100006
0.044583190821780
0.044442861024257
0.044282254847045
0.044103515969162
0.043908940917925
0.043700985425124
0.043482266217105
0.043255556870547
0.043023776693191
0.042789971978381
0.042557289410055
0.042328941835536
0.042108167051625
0.041898180641104
0.041702124230818
0.041523010802159
0.041363668858114
0.041226687331920
0.041114363110224
0.041028652943499
0.040971131338250
0.040942955783137
0.040944840371369
0.040977038562803
0.041039335499900
0.041131049969356
0.041251045801492
0.041397752234559
0.041569192549805
0.041763020110284
0.041976560812799
0.042206860885598
0.042450738928816
0.042704841092774
0.042965698312113
0.043229784552751
0.043493575075363
0.043753603767107
0.044006518638080
0.044249134618579
0.044478482828160
0.044691855520845
0.044886845947197
0.045061382419780
0.045213755929915
0.045342640747047
0.045447107542036
0.045526628715187
0.045581075778975
0.045610708841420
0.045616158453004
0.045598400309229
0.045558723531245
0.045498693465590
0.045420110137424
0.045324963646405
0.045215387898544
0.045093614111449
0.044961925507957
0.044822614522033
0.044677943682960
0.044530111126021
0.044381221410878
0.044233262027458
0.044088085650931
0.043947397891701
0.043812749993206
0.043685535678813
0.043566991156236
0.043458197167142
0.043360081930153
0.043273423871154
0.043198853163852
0.043136851308651
0.043087748246161
0.043051716815750
0.043028764708587
0.043018724405206
0.043021241906008
0.043035765335973
0.043061534711554
0.043097574281172
0.043142688879053
0.043195465659270
0.043254282402993
0.043317323324131
0.043382602949641
0.043447998239451
0.043511288660021
0.043570203461062
0.043622474954285
0.043665896183436
0.043698381031643
0.043718024557120
0.043723161198644
0.043712418459087
0.043684763763370
0.043639542394178
0.043576504725712
0.043495821387362
0.043398085474865
0.043284301461566
0.043155861019298
0.043014506508626
0.042862283413625
0.042701483451112
0.042534580455744
0.042364161413159
0.042192855171159
0.042023261398227
0.041857882280005
0.041699059254724
0.041548916800662
0.041409314919981
0.041281811535199
0.041167635550666
0.041067670856788
0.040982451093595
0.040912164565580
0.040856668331128
0.040815510193395
0.040787957106379
0.040773028386295
0.040769532085325
0.040776102938259
0.040791240423988
0.040813345680806
0.040840756261783
0.040871777996697
0.040904713522035
0.040937887332330
0.040969667477666
0.040998484268508
0.041022846537762
0.041041356141813
0.041052721451336
0.041055770586506
0.041049465090894
0.041032914618084
0.041005393031981
0.040966356105578
