0.006414797198206
0.006403940180188
0.006388113307896
0.006367440387505
0.006342117432894
0.006312410276049
0.006278649889047
0.006241225626912
0.006200576718910
0.006157182429218
0.006111551370470
0.006064210481765
0.006015694175603
0.005966534117645
0.005917250033629
0.005868341845382
0.005820283330733
0.005773517388758
0.005728452881050
0.005685462919894
0.005644884392232
0.005607018449596
0.005572131661979
0.005540457528842
0.005512198062109
0.005487525200491
0.005466581877170
0.005449482637111
0.005436313779424
0.005427133076931
0.005421969192835
0.005420820967474
0.005423656782188
0.005430414219842
0.005441000231640
0.005455291988807
0.005473138548214
0.005494363397462
0.005518767872667
0.005546135367269
0.005576236178757
0.005608832778189
0.005643685239803
0.005680556538904
0.005719217418004
0.005759450534858
0.005801053640913
0.005843841592369
0.005887647065072
0.005932319923912
0.005977725281989
0.006023740368599
0.006070250402465
0.006117143732373
0.006164306557029
0.006211617566329
0.006258942855422
0.006306131450373
0.006353011750983
0.006399389144550
0.006445044977607
0.006489736995215
0.006533201274197
0.006575155592890
0.006615304100616
0.006653343079808
0.006688967536355
0.006721878312351
0.006751789391830
0.006778435064924
0.006801576628903
0.006821008334068
0.006836562326241
0.006848112392430
0.006855576378670
0.006858917215304
0.006858142551313
0.006853303062405
0.006844489554340
0.006831829031084
0.006815479935060
0.006795626792977
0.006772474515073
0.006746242598289
0.006717159475668
0.006685457236111
0.006651366912038
0.006615114498860
0.006576917831154
0.006536984397648
0.006495510132050
0.006452679171093
0.006408664526274
0.006363629573240
0.006317730224068
0.006271117614383
0.006223941110699
0.006176351425267
0.006128503617071
0.006080559759848
0.006032691071619
0.005985079325618
0.005937917399350
0.005891408865692
0.005845766585831
0.005801210325623
0.005757963481663
0.005716249066867
0.005676285163644
0.005638280101366
0.005602427649779
0.005568902537543
0.005537856602779
0.005509415858576
0.005483678711002
0.005460715501698
0.005440569464606
0.005423259091638
0.005408781800745
0.005397118699016
0.005388240140231
0.005382111698243
0.005378700121222
0.005377978802898
0.005379932309386
0.005384559535924
0.005391875136455
0.005401908967730
0.005414703413227
0.005430308593507
0.005448775619689
0.005470148195490
0.005494453010415
0.005521689481947
0.005551819489097
0.005584757786053
0.005620363788119
0.005658435380437
0.005698705314084
0.005740840627996
0.005784445375511
0.005829066750490
0.005874204510925
0.005919323400041
0.005963868078585
0.006007279919244
0.006049014885628
0.006088561632460
0.006125458926379
0.006159311500923
0.006189803524224
0.006216708970116
0.006239898336051
0.006259341335247
0.006275105394963
0.006287350005559
0.006296317173608
0.006302318424980
0.006305718969801
0.006306919771826
0.006306338353716
0.006304389213440
0.006301464724790
0.006297917348908
0.006294043898304
0.006290072476889
0.006286152577199
0.006282348658503
0.006278637366275
0.006274908393688
0.006270968837479
0.006266550770544
0.006261321646848
0.006254897073849
0.006246855434668
0.006236753815837
0.006224144694410
0.006208592856688
0.006189692055360
0.006167080957696
0.006140457989545
0.006109594734167
0.006074347597634
0.006034667501419
0.005990607406310
0.005942327510102
0.005890097995316
0.005834299234496
0.005775419391675
0.005714049392014
0.005650875269823
0.005586667950097
0.005522270571524
0.005458583519663
0.005396547406730
0.005337124306873
0.005281277629725
0.005229951086214
0.005184047264400
0.005144406384529
0.005111785836851
0.005086841118870
0.005070108777561
0.005061991924782
0.005062748830538
0.005072485010163
0.005091149111201
0.005118532778212
0.005154274534915
0.005197867579841
0.005248671251160
0.005305925785954
0.005368769885606
0.005436260507908
0.005507394242394
0.005581129590922
0.005656409471565
0.005732183289365
0.005807427969621
0.005881167423846
0.005952490009666
0.006020563647564
0.006084648362829
0.006144106124095
0.006198407944734
0.006247138295628
0.006289996944313
0.006326798384562
0.006357469052268
0.006382042539418
0.006400653020919
0.006413527102730
0.006420974288416
0.006423376249232
0.006421175074073
0.006414860673258
0.006404957516230
0.006392010898520
0.006376572957093
0.006359188683417
0.006340382216958
0.006320643734307
0.006300417276001
0.006280089869793
0.006259982311227
0.006240341946597
0.006221337767369
0.006203058068336
0.006185510844974
0.006168627011357
0.006152266412664
0.006136226491221
0.006120253348496
0.006104054834353
0.006087315195951
0.006069710738201
0.006050925891070
0.006030669050014
0.006008687556823
0.005984781219522
0.005958813830289
0.005930722226449
0.005900522546702
0.005868313457097
0.005834276252034
0.005798671867931
0.005761834974225
0.005724165421847
0.005686117427916
0.005648186953096
0.005610897782178
0.005574786847820
0.005540389342342
0.005508224144625
0.005478780051109
0.005452503245319
0.005429786373014
0.005410959514365
0.005396283264414
0.005385944052189
0.005380051750397
0.005378639554057
0.005381666039418
0.005389019255306
0.005400522647925
0.005415942577330
0.005434997148900
0.005457366055951
0.005482701109631
0.005510637119436
0.005540802781983
0.005572831237420
0.005606369962579
0.005641089688230
0.005676692055281
0.005712915761911
0.005749541000572
0.005786392040202
0.005823337873966
0.005860290924611
0.005897203875953
0.005934064776857
0.005970890639942
0.006007719827111
0.006044603573849
0.006081597050040
0.006118750383517
0.006156100080707
0.006193661265056
0.006231421117679
0.006269333846989
0.006307317436859
0.006345252330122
0.006382982100514
0.006420316057472
0.006457033620886
0.006492890203676
0.006527624255318
0.006560965054965
0.006592640803236
0.006622386550191
0.006649951514929
0.006675105398989
0.006697643368736
0.006717389476808
0.006734198403244
0.006747955515847
0.006758575368429
0.006765998866417
0.006770189423934
0.006771128507654
0.006768811005096
0.006763240864772
0.006754427431551
0.006742382843740
0.006727120772410
0.006708656674059
0.006687009602629
0.006662205495125
0.006634281716406
0.006603292532935
0.006569315091415
0.006532455413894
0.006492853891857
0.006450689770981
0.006406184166105
0.006359601229983
0.006311247214213
0.006261467298819
0.006210640218599
0.006159170868859
0.006107481219293
0.006055999991753
0.006005151655904
0.005955345358622
0.005906964423359
0.005860357032446
0.005815828639355
0.005773636553421
0.005733987003349
0.005697034827213
0.005662885766541
0.005631601172349
0.005603204773338
0.005577691022129
0.005555034433486
0.005535199266293
0.005518148882667
0.005503854144166
0.005492300274646
0.005483491726726
0.005477454726462
0.005474237329038
0.005473906985889
0.005476545789333
0.005482243713102
0.005491090296182
0.005503165314691
0.005518529046233
0.005537212750117
0.005559209964601
0.005584469161562
0.005612888204734
0.005644310937247
0.005678526086481
0.005715268528992
0.005754222815526
0.005795028725255
0.005837288507830
0.005880575388108
0.005924442856128
0.005968434246155
0.006012092123252
0.006054967041302
0.006096625308128
0.006136655485260
0.006174673454530
0.006210325993265
0.006243292906428
0.006273287860293
0.006300058141842
