0.019406731403950
0.019429254611150
0.019455874150526
0.019486382456869
0.019520559631354
0.019558175255277
0.019598990237639
0.019642758613543
0.019689229216712
0.019738147162877
0.019789255099833
0.019842294202620
0.019897004916194
0.019953127470723
0.020010402214127
0.020068569820717
0.020127371442698
0.020186548872111
0.020245844774775
0.020305003045668
0.020363769318338
0.020421891641247
0.020479121313372
0.020535213852096
0.020589930050193
0.020643037067237
0.020694309494875
0.020743530335775
0.020790491842230
0.020834996171903
0.020876855833517
0.020915893912990
0.020951944088717
0.020984850461645
0.021014467239818
0.021040658326934
0.021063296869292
0.021082264814982
0.021097452533490
0.021108758533805
0.021116089305667
0.021119359293278
0.021118490995106
0.021113415168953
0.021104071109554
0.021090406957737
0.021072379996349
0.021049956888870
0.021023113821835
0.020991836521096
0.020956120123656
0.020915968900108
0.020871395836173
0.020822422094210
0.020769076385697
0.020711394292543
0.020649417578289
0.020583193529366
0.020512774362050
0.020438216722945
0.020359581300677
0.020276932555093
0.020190338558635
0.020099870933980
0.020005604863369
0.019907619139129
0.019805996222193
0.019700822276041
0.019592187147343
0.019480184271073
0.019364910486394
0.019246465759155
0.019124952816572
0.019000476708503
0.018873144316949
0.018743063840322
0.018610344281236
0.018475094965964
0.018337425120459
0.018197443522308
0.018055258240796
0.017910976469239
0.017764704445516
0.017616547449325
0.017466609858520
0.017314995242776
0.017161806470834
0.017007145808006
0.016851114983225
0.016693815209388
0.016535347146636
0.016375810804771
0.016215305387740
0.016053929089244
0.015891778853528
0.015728950118868
0.015565536562880
0.015401629868469
0.015237319527132
0.015072692692693
0.014907834093754
0.014742826007798
0.014577748294388
0.014412678479901
0.014247691882131
0.014082861760250
0.013918259474267
0.013753954638309
0.013590015253700
0.013426507810726
0.013263497351785
0.013101047492904
0.012939220405041
0.012778076760584
0.012617675653789
0.012458074506200
0.012299328969223
0.012141492835905
0.011984617972710
0.011828754279811
0.011673949685429
0.011520250176362
0.011367699863395
0.011216341077107
0.011066214486989
0.010917359234959
0.010769813073489
0.010623612498629
0.010478792869190
0.010335388505145
0.010193432760597
0.010052958069347
0.009913995963729
0.009776577069910
0.009640731084817
0.009506486741337
0.009373871769064
0.009242912857889
0.009113635630928
0.008986064631993
0.008860223331012
0.008736134148830
0.008613818500794
0.008493296856667
0.008374588812898
0.008257713172248
0.008142688025250
0.008029530828050
0.007918258471752
0.007808887339409
0.007701433348136
0.007595911975294
0.007492338269216
0.007390726846283
0.007291091877291
0.007193447066744
0.007097805629110
0.007004180265945
0.006912583147396
0.006823025900786
0.006735519608065
0.006650074812781
0.006566701536212
0.006485409301323
0.006406207162471
0.006329103738318
0.006254107245203
0.006181225528340
0.006110466088581
0.006041836103029
0.005975342438522
0.005910991657726
0.005848790018321
0.005788743466359
0.005730857625360
0.005675137782940
0.005621588876842
0.005570215482091
0.005521021800675
0.005474011654734
0.005429188483723
0.005386555345537
0.005346114921104
0.005307869521616
0.005271821097333
0.005237971246812
0.005206321225476
0.005176871952617
0.005149624016228
0.005124577675361
0.005101732860098
0.005081089169500
0.005062645868165
0.005046401882180
0.005032355795283
0.005020505845990
0.005010849926285
0.005003385582229
0.004998110016572
0.004995020093171
0.004994112342774
0.004995382969545
0.004998827857584
0.005004442576739
0.005012222387048
0.005022162241359
0.005034256785914
0.005048500358949
0.005064886987656
0.005083410384064
0.005104063940617
0.005126840726281
0.005151733484033
0.005178734630452
0.005207836257961
0.005239030139979
0.005272307738936
0.005307660216784
0.005345078447360
0.005384553029693
0.005426074301242
0.005469632349976
0.005515217024305
0.005562817940029
0.005612424483757
0.005664025812559
0.005717610849993
0.005773168278988
0.005830686532368
0.005890153782059
0.005951557928115
0.006014886588731
0.006080127092307
0.006147266472379
0.006216291465960
0.006287188515428
0.006359943773721
0.006434543112214
0.006510972130322
0.006589216165634
0.006669260303257
0.006751089383030
0.006834688003414
0.006920040521071
0.007007131045511
0.007095943428551
0.007186461248769
0.007278667791524
0.007372546025481
0.007468078576811
0.007565247702406
0.007664035263451
0.007764422700597
0.007866391011721
0.007969920732957
0.008074991923273
0.008181584152440
0.008289676491850
0.008399247507255
0.008510275252248
0.008622737261150
0.008736610539908
0.008851871553749
0.008968496210521
0.009086459839002
0.009205737161820
0.009326302263091
0.009448128551267
0.009571188718085
0.009695454694795
0.009820897607026
0.009947487729747
0.010075194443666
0.010203986194279
0.010333830454469
0.010464693691184
0.010596541336350
0.010729337761751
0.010863046257241
0.010997629011358
0.011133047093223
0.011269260434491
0.011406227810196
0.011543906817471
0.011682253851381
0.011821224077479
0.011960771401040
0.012100848433380
0.012241406455993
0.012382395383604
0.012523763727428
0.012665458560075
0.012807425483530
0.012949608601553
0.013091950497596
0.013234392219075
0.013376873268469
0.013519331601340
0.013661703631023
0.013803924239423
0.013945926793100
0.014087643163703
0.014229003751755
0.014369937512878
0.014510371985708
0.014650233321020
0.014789446311875
0.014927934424966
0.015065619833674
0.015202423453642
0.015338264981933
0.015473062940996
0.015606734728717
0.015739196675807
0.015870364111635
0.016000151439376
0.016128472221103
0.016255239273049
0.016380364771020
0.016503760365540
0.016625337306103
0.016745006573668
0.016862679020426
0.016978265515856
0.017091677098125
0.017202825130058
0.017311621459105
0.017417978580972
0.017521809806871
0.017623029434602
0.017721552923874
0.017817297076486
0.017910180222029
0.018000122409812
0.018087045607631
0.018170873907827
0.018251533740870
0.018328954096430
0.018403066751597
0.018473806505601
0.018541111420130
0.018604923064075
0.018665186761381
0.018721851840577
0.018774871884520
0.018824204978932
0.018869813958447
0.018911666649008
0.018949736105681
0.018984000845131
0.019014445072218
0.019041058900320
0.019063838565113
0.019082786631598
0.019097912194144
0.019109231069257
0.019116765980641
0.019120546735953
0.019120610394419
0.019117001424263
0.019109771848689
0.019098981378931
0.019084697532762
0.019066995736710
0.019045959410218
0.019021680029993
0.018994257172853
0.018963798535551
0.018930419930198
0.018894245254138
0.018855406433322
0.018814043338459
0.018770303673407
0.018724342835413
0.018676323746951
0.018626416658973
0.018574798925401
0.018521654748701
0.018467174896319
0.018411556387710
0.018355002151602
0.018297720653105
0.018239925490218
0.018181834959278
0.018123671588958
0.018065661642488
0.018008034587920
0.017951022536446
0.017894859649002
0.017839781511668
0.017786024480635
0.017733824997829
0.017683418878565
0.017635040572871
0.017588922402393
0.017545293774998
0.017504380379390
0.017466403362191
0.017431578490058
0.017400115299497
0.017372216237095
