0.001372950066453
0.001373984995928
0.001374996049580
0.001375893846891
0.001376598411818
0.001377046269463
0.001377196125705
0.001377032624876
0.001376567847730
0.001375840409070
0.001374912224321
0.001373863218702
0.001372784433475
0.001371770125383
0.001370909545230
0.001370279111864
0.001369935665711
0.001369911394336
0.001370210878998
0.001370810528351
0.001371660458978
0.001372688670300
0.001373807161882
0.001374919471569
0.001375928987933
0.001376747321135
0.001377302008476
0.001377542885626
0.001377446567005
0.001377018639638
0.001376293370202
0.001375330938291
0.001374212421760
0.001373032954232
0.001371893633621
0.001370892870243
0.001370117914136
0.001369637289111
0.001369494786624
0.001369705541985
0.001370254539681
0.001371097688575
0.001372165388910
0.001373368300014
0.001374604828593
0.001375769708599
0.001376762947793
0.001377498381481
0.001377911103764
0.001377963138547
0.001377646859053
0.001376985853262
0.001376033147832
0.001374866926412
0.001373584090980
0.001372292198936
0.001371100448383
0.001370110467566
0.001369407684407
0.001369054006763
0.001369082436975
0.001369494084312
0.001370257839459
0.001371312752738
0.001372572931103
0.001373934556964
0.001375284452453
0.001376509480959
0.001377506004702
0.001378188609092
0.001378497362405
0.001378402998238
0.001377909578474
0.001377054402116
0.001375905153021
0.001374554508579
0.001373112642654
0.001371698232137
0.001370428702704
0.001369410515173
0.001368730293889
0.001368447532496
0.001368589485787
0.001369148679246
0.001370083254903
0.001371320140571
0.001372760798340
0.001374289096279
0.001375780671903
0.001377113031536
0.001378175566376
0.001378878669206
0.001379161205039
0.001378995719219
0.001378390947045
0.001377391405469
0.001376074082424
0.001374542473884
0.001372918434074
0.001371332482845
0.001369913341745
0.001368777536296
0.001368019901074
0.001367705756100
0.001367865393240
0.001368491329730
0.001369538567122
0.001370927855103
0.001372551719771
0.001374282794126
0.001375983802544
0.001377518415596
0.001378762117844
0.001379612225167
0.001379996250510
0.001379877943018
0.001379260505612
0.001378186716134
0.001376735920025
0.001375018109062
0.001373165531544
0.001371322476243
0.001369634019862
0.001368234613868
0.001367237404412
0.001366725127017
0.001366743299516
0.001367296261530
0.001368346389868
0.001369816573691
0.001371595780057
0.001373547299203
0.001375519048462
0.001377355150370
0.001378907897205
0.001380049178896
0.001380680487082
0.001380740712288
0.001380211116105
0.001379117073237
0.001377526423187
0.001375544529570
0.001373306396745
0.001370966419634
0.001368686525771
0.001366623595000
0.001364917101896
0.001363677914482
0.001362979100668
0.001362849447215
0.001363270195762
0.001364175261446
0.001365454939754
0.001366962845813
0.001368525586882
0.001369954461533
0.001371058323399
0.001371656655126
0.001371591876291
0.001370739959428
0.001369018547387
0.001366391944594
0.001362872581366
0.001358518807892
0.001353429144081
0.001347733373612
0.001341581106057
0.001335128622721
0.001328524955691
0.001321898215669
0.001315343177337
0.001308911051551
0.001302602226837
0.001296362558929
0.001290083540578
0.001283606412243
0.001276729996646
0.001269221776505
0.001260831503648
0.001251306445916
0.001240407258696
0.001227923419326
0.001213687188692
0.001197585163365
0.001179566646946
0.001159648289273
0.001137914701580
0.001114515036244
0.001089655801815
0.001063590447713
0.001036606479590
0.001009011039959
0.000981115996760
0.000953223617206
0.000925613862774
0.000898534225932
0.000872192847774
0.000846755420194
0.000822346102553
0.000799052389414
0.000776933572854
0.000756032170106
0.000736387453584
0.000718050041884
0.000701096399849
0.000685642061318
0.000671852433127
0.000659950161350
0.000650218233711
0.000642998244202
0.000638683541801
0.000637707306741
0.000640525925232
0.000647598346525
0.000659362385460
0.000676209161573
0.000698457028201
0.000726326431400
0.000759917142954
0.000799189233391
0.000843948993553
0.000893840785476
0.000948345517702
0.001006786112627
0.001068339982283
0.001132058173683
0.001196890504999
0.001261715708078
0.001325375337587
0.001386710015780
0.001444596464394
0.001497983736769
0.001545927105147
0.001587618176711
0.001622409999644
0.001649836166258
0.001669623209783
0.001681695908648
0.001686175439883
0.001683370644201
0.001673762963248
0.001657985869725
0.001636799821781
0.001611063925324
0.001581705576475
0.001549689379652
0.001515986596690
0.001481546284312
0.001447269129368
0.001413984803952
0.001382433447975
0.001353251657653
0.001326963127792
0.001303973875715
0.001284571776176
0.001268929968569
0.001257113566918
0.001249089013678
0.001244735371906
0.001243856845925
0.001246195854874
0.001251446051295
0.001259264771230
0.001269284515342
0.001281123183711
0.001294392911825
0.001308707473734
0.001323688323271
0.001338969429945
0.001354201128193
0.001369053234814
0.001383217698882
0.001396411032406
0.001408376731289
0.001418887838891
0.001427749734048
0.001434803147790
0.001439927334503
0.001443043250269
0.001444116529310
0.001443160003849
0.001440235487060
0.001435454535570
0.001428977928121
0.001421013639799
0.001411813154670
0.001401666040026
0.001390892798251
0.001379836111859
0.001368850697627
0.001358292080638
0.001348504682471
0.001339809684372
0.001332493171386
0.001326795083797
0.001322899495708
0.001320926706688
0.001320927571979
0.001322880412116
0.001326690737766
0.001332193904846
0.001339160684291
0.001347305596495
0.001356297729097
0.001365773634821
0.001375351799909
0.001384648088576
0.001393291509700
0.001400939621821
0.001407292893741
0.001412107371058
0.001415205063068
0.001416481557169
0.001415910485475
0.001413544605715
0.001409513409604
0.001404017329778
0.001397318773832
0.001389730363365
0.001381600890093
0.001373299613177
0.001365199606293
0.001357660915016
0.001351014301696
0.001345546334881
0.001341486523722
0.001338997106990
0.001338165985128
0.001339003137755
0.001341440704916
0.001345336736053
0.001350482434484
0.001356612555862
0.001363418464981
0.001370563224216
0.001377697985503
0.001384478891440
0.001390583663316
0.001395727066553
0.001399674496692
0.001402253019573
0.001403359323469
0.001402964192692
0.001401113284388
0.001397924174234
0.001393579823588
0.001388318800842
0.001382422754149
0.001376201772959
0.001369978384442
0.001364071002165
0.001358777674276
0.001354360964995
0.001351034746658
0.001348953582463
0.001348205246929
0.001348806768661
0.001350704196302
0.001353776093276
0.001357840570049
0.001362665474836
0.001367981194941
0.001373495380591
0.001378908798994
0.001383931464438
0.001388298174282
0.001391782612007
0.001394209255617
0.001395462449000
0.001395492148781
0.001394316041696
0.001392017927406
0.001388742468061
0.001384686607283
0.001380088146171
0.001375212122169
0.001370335758881
0.001365732834375
0.001361658347290
0.001358334342348
0.001355937690338
0.001354590506023
0.001354353736804
0.001355224273906
0.001357135736522
0.001359962869187
0.001363529285787
0.001367618101734
0.001371984830236
0.001376371788764
0.001380523175461
0.001384199937438
0.001387193566144
0.001389338018576
0.001390519073663
0.001390680584255
0.001389827268320
0.001388023887343
0.001385390873724
0.001382096679496
0.001378347313437
