8.282352627232847226e+03
8.282585148260683127e+03
8.282817572412757727e+03
8.283049887522318386e+03
8.283282081397443108e+03
8.283514141821962767e+03
8.283746056556368785e+03
8.283977813338686246e+03
8.284209399885385210e+03
8.284440803892295662e+03
8.284672013035507916e+03
8.284903014972311212e+03
8.285133797342088656e+03
8.285364347767244908e+03
8.285594653854155695e+03
8.285824703194053654e+03
8.286054483364036059e+03
8.286283981927921559e+03
8.286513186437252443e+03
8.286742084432225965e+03
8.286970663442609293e+03
8.287198910988738135e+03
8.287426814582457155e+03
8.287654361728054937e+03
8.287881539923258970e+03
8.288108336660194254e+03
8.288334739426305532e+03
8.288560735705379557e+03
8.288786312978516435e+03
8.289011458725030025e+03
8.289236160423544789e+03
8.289460405552848897e+03
8.289684181592967434e+03
8.289907476026100994e+03
8.290130276337629766e+03
8.290352570017066682e+03
8.290574344559090605e+03
8.290795587464512209e+03
8.291016286241245325e+03
8.291236428405352854e+03
8.291456001481981730e+03
8.291674993006390650e+03
8.291893390524948700e+03
8.292111181596113965e+03
8.292328353791455811e+03
8.292544894696615302e+03
8.292760791912351124e+03
8.292976033055492735e+03
8.293190605760008111e+03
8.293404497677905965e+03
8.293617696480336235e+03
8.293830189858525046e+03
8.294041965524791522e+03
8.294253011213566424e+03
8.294463314682390774e+03
8.294672863712878097e+03
8.294881646111751252e+03
8.295089649711871971e+03
8.295296862373144904e+03
8.295503271983609011e+03
8.295708866460383433e+03
8.295913633750695226e+03
8.296117561832848878e+03
8.296320638717243128e+03
8.296522852447333207e+03
8.296724191100678581e+03
8.296924642789870632e+03
8.297124195663556748e+03
8.297322837907426219e+03
8.297520557745185215e+03
8.297717343439560864e+03
8.297913183293241673e+03
8.298108065649912533e+03
8.298301978895180582e+03
8.298494911457592025e+03
8.298686851809581640e+03
8.298877788468444123e+03
8.299067709997316342e+03
8.299256605006123209e+03
8.299444462152563574e+03
8.299631270143047004e+03
8.299817017733656030e+03
8.300001693731117484e+03
8.300185286993724731e+03
8.300367786432312641e+03
8.300549181011176188e+03
8.300729459749009038e+03
8.300908611719874898e+03
8.301086626054111548e+03
8.301263491939240339e+03
8.301439198620964817e+03
8.301613735403991086e+03
8.301787091653026437e+03
8.301959256793668828e+03
8.302130220313276368e+03
8.302299971761942288e+03
8.302468500753324406e+03
8.302635796965583722e+03
8.302801850142268449e+03
8.302966650093156204e+03
8.303130186695218072e+03
8.303292449893408048e+03
8.303453429701588902e+03
8.303613116203341633e+03
8.303771499552925889e+03
8.303928569976000290e+03
8.304084317770586495e+03
8.304238733307853181e+03
8.304391807032947327e+03
8.304543529465860047e+03
8.304693891202252416e+03
8.304842882914221263e+03
8.304990495351195932e+03
8.305136719340664058e+03
8.305281545789030133e+03
8.305424965682384936e+03
8.305566970087305890e+03
8.305707550151631949e+03
8.305846697105256681e+03
8.305984402260832212e+03
8.306120657014640528e+03
8.306255452847248307e+03
8.306388781324330921e+03
8.306520634097345464e+03
8.306651002904338384e+03
8.306779879570582125e+03
8.306907256009391858e+03
8.307033124222785773e+03
8.307157476302179930e+03
8.307280304429115859e+03
8.307401600875949953e+03
8.307521358006504670e+03
8.307639568276787031e+03
8.307756224235627087e+03
8.307871318525341849e+03
8.307984843882382847e+03
8.308096793138020075e+03
8.308207159218889501e+03
8.308315935147729761e+03
8.308423114043916939e+03
8.308528689124117591e+03
8.308632653702874450e+03
8.308735001193188509e+03
8.308835725107168400e+03
8.308934819056510605e+03
8.309032276753157930e+03
8.309128092009785178e+03
8.309222258740417601e+03
8.309314770960912938e+03
8.309405622789538029e+03
8.309494808447485411e+03
8.309582322259404464e+03
8.309668158653910723e+03
8.309752312164177056e+03
8.309834777428339294e+03
8.309915549189352532e+03
8.309994622292097119e+03
8.310071991671078649e+03
8.310147652309278783e+03
8.310221599119287930e+03
8.310293826636810991e+03
8.310364328315487001e+03
8.310433095100894207e+03
8.310500113022490041e+03
8.310565360355547455e+03
8.310628807961042185e+03
8.310690434968115369e+03
8.310750292272086881e+03
8.310808688875069492e+03
8.310866655988998900e+03
8.310926978387611598e+03
8.310996283639769899e+03
8.311088938514132678e+03
8.311233764132473880e+03
8.311484721334385540e+03
8.311936519462786237e+03
8.312745274529355811e+03
8.314152593618930041e+03
8.316508645281923236e+03
8.320286102761709117e+03
8.326073101903448332e+03
8.334530993197262433e+03
8.346303656866706660e+03
8.361871455381025953e+03
8.381355609901102071e+03
8.404297113031771005e+03
8.429454805436413153e+03
8.454683902321532514e+03
8.476961534127449340e+03
8.492613051551052195e+03
8.497758946844060119e+03
8.488950510308404773e+03
8.463903193954189192e+03
8.422186140469540987e+03
8.365702020951945087e+03
8.298806591624304929e+03
8.227975971046827908e+03
8.161022564442229850e+03
8.105966921224943690e+03
8.069764826869102762e+03
8.057139911683666469e+03
8.069764826869240096e+03
8.105966921225209262e+03
8.161022564442600924e+03
8.227975971047277199e+03
8.298806591624801513e+03
8.365702020952454404e+03
8.422186140470035753e+03
8.463903193954643939e+03
8.488950510308804951e+03
8.497758946844391176e+03
8.492613051551314129e+03
8.476961534127642153e+03
8.454683902321668938e+03
8.429454805436498646e+03
8.404297113031821937e+03
8.381355609901127536e+03
8.361871455381036867e+03
8.346303656866706660e+03
8.334530993197258795e+03
8.326073101903444694e+03
8.320286102761707298e+03
8.316508645281921417e+03
8.314152593618928222e+03
8.312745274529353992e+03
8.311936519462786237e+03
8.311484721334385540e+03
8.311233764132473880e+03
8.311088938514132678e+03
8.310996283639771718e+03
8.310926978387611598e+03
8.310866655988998900e+03
8.310808688875069492e+03
8.310750292272086881e+03
8.310690434968115369e+03
8.310628807961042185e+03
8.310565360355547455e+03
8.310500113022490041e+03
8.310433095100894207e+03
8.310364328315487001e+03
8.310293826636810991e+03
8.310221599119287930e+03
8.310147652309278783e+03
8.310071991671078649e+03
8.309994622292097119e+03
8.309915549189352532e+03
8.309834777428339294e+03
8.309752312164177056e+03
8.309668158653912542e+03
8.309582322259406283e+03
8.309494808447487230e+03
8.309405622789538029e+03
8.309314770960911119e+03
8.309222258740415782e+03
8.309128092009785178e+03
8.309032276753159749e+03
8.308934819056510605e+03
8.308835725107168400e+03
8.308735001193188509e+03
8.308632653702872631e+03
8.308528689124117591e+03
8.308423114043915120e+03
8.308315935147729761e+03
8.308207159218891320e+03
8.308096793138020075e+03
8.307984843882382847e+03
8.307871318525343668e+03
8.307756224235627087e+03
8.307639568276787031e+03
8.307521358006504670e+03
8.307401600875948134e+03
8.307280304429115859e+03
8.307157476302179930e+03
8.307033124222785773e+03
8.306907256009393677e+03
8.306779879570582125e+03
8.306651002904340203e+03
8.306520634097349102e+03
8.306388781324330921e+03
8.306255452847250126e+03
8.306120657014640528e+03
8.305984402260832212e+03
8.305846697105256681e+03
8.305707550151631949e+03
8.305566970087305890e+03
8.305424965682384936e+03
8.305281545789030133e+03
8.305136719340665877e+03
8.304990495351194113e+03
8.304842882914221263e+03
8.304693891202252416e+03
8.304543529465860047e+03
8.304391807032947327e+03
8.304238733307853181e+03
8.304084317770588314e+03
8.303928569976000290e+03
8.303771499552925889e+03
8.303613116203341633e+03
8.303453429701587083e+03
8.303292449893408048e+03
8.303130186695218072e+03
8.302966650093156204e+03
8.302801850142268449e+03
8.302635796965585541e+03
8.302468500753324406e+03
8.302299971761942288e+03
8.302130220313278187e+03
8.301959256793670647e+03
8.301787091653026437e+03
8.301613735403991086e+03
8.301439198620964817e+03
8.301263491939240339e+03
8.301086626054111548e+03
8.300908611719874898e+03
8.300729459749009038e+03
8.300549181011174369e+03
8.300367786432314460e+03
8.300185286993724731e+03
8.300001693731117484e+03
8.299817017733656030e+03
8.299631270143047004e+03
8.299444462152561755e+03
8.299256605006123209e+03
8.299067709997316342e+03
8.298877788468444123e+03
8.298686851809581640e+03
8.298494911457592025e+03
8.298301978895178763e+03
8.298108065649912533e+03
8.297913183293241673e+03
8.297717343439560864e+03
8.297520557745185215e+03
8.297322837907426219e+03
8.297124195663556748e+03
8.296924642789870632e+03
8.296724191100678581e+03
8.296522852447333207e+03
8.296320638717243128e+03
8.296117561832848878e+03
8.295913633750695226e+03
8.295708866460383433e+03
8.295503271983609011e+03
8.295296862373144904e+03
8.295089649711871971e+03
8.294881646111751252e+03
8.294672863712878097e+03
8.294463314682387136e+03
8.294253011213566424e+03
8.294041965524793341e+03
8.293830189858525046e+03
8.293617696480338054e+03
8.293404497677905965e+03
8.293190605760008111e+03
8.292976033055492735e+03
8.292760791912349305e+03
8.292544894696615302e+03
8.292328353791455811e+03
8.292111181596113965e+03
8.291893390524946881e+03
8.291674993006390650e+03
8.291456001481981730e+03
8.291236428405351035e+03
8.291016286241245325e+03
8.290795587464514028e+03
8.290574344559092424e+03
8.290352570017066682e+03
8.290130276337631585e+03
8.289907476026099175e+03
8.289684181592965615e+03
8.289460405552847078e+03
8.289236160423544789e+03
8.289011458725030025e+03
8.288786312978516435e+03
8.288560735705377738e+03
8.288334739426305532e+03
8.288108336660194254e+03
8.287881539923258970e+03
8.287654361728053118e+03
8.287426814582457155e+03
8.287198910988736316e+03
8.286970663442609293e+03
8.286742084432225965e+03
8.286513186437252443e+03
8.286283981927921559e+03
8.286054483364034240e+03
8.285824703194053654e+03
8.285594653854155695e+03
8.285364347767244908e+03
8.285133797342088656e+03
8.284903014972311212e+03
8.284672013035507916e+03
8.284440803892295662e+03
8.284209399885385210e+03
8.283977813338688065e+03
8.283746056556368785e+03
8.283514141821962767e+03
8.283282081397443108e+03
8.283049887522318386e+03
8.282817572412757727e+03
8.282585148260681308e+03
