0.000235864937103
0.000232122919921
0.000227765260059
0.000222880853996
0.000217583987699
0.000212010115854
0.000206310560262
0.000200646351287
0.000195181486563
0.000190075917858
0.000185478597901
0.000181520922270
0.000178310886921
0.000175928249933
0.000174420938317
0.000173802879794
0.000174053368620
0.000175117997816
0.000176911111747
0.000179319657306
0.000182208243124
0.000185425157969
0.000188809054858
0.000192195978675
0.000195426403466
0.000198351951369
0.000200841487591
0.000202786323311
0.000204104308387
0.000204742655186
0.000204679400276
0.000203923478366
0.000202513449169
0.000200514979358
0.000198017235538
0.000195128387868
0.000191970455909
0.000188673747535
0.000185371148229
0.000182192512166
0.000179259389398
0.000176680296739
0.000174546705533
0.000172929879596
0.000171878653396
0.000171418196235
0.000171549764801
0.000172251405810
0.000173479534051
0.000175171280269
0.000177247478756
0.000179616146983
0.000182176299203
0.000184821932758
0.000187446029465
0.000189944424294
0.000192219408893
0.000194182957183
0.000195759483192
0.000196888066156
0.000197524103318
0.000197640375638
0.000197227534316
0.000196294035899
0.000194865569690
0.000192984032983
0.000190706116945
0.000188101569094
0.000185251197717
0.000182244680004
0.000179178230175
0.000176152177397
0.000173268496945
0.000170628332702
0.000168329545424
0.000166464319552
0.000165116861904
0.000164361227895
0.000164259314580
0.000164859063912
0.000166192923262
0.000168276612455
0.000171108246526
0.000174667860316
0.000178917374534
0.000183801032886
0.000189246326528
0.000195165405951
0.000201456962381
0.000208008541746
0.000214699235507
0.000221402675274
0.000227990243233
0.000234334398958
0.000240312015921
0.000245807618362
0.000250716411387
0.000254947004060
0.000258423736569
0.000261088537528
0.000262902255501
0.000263845428854
0.000263918479075
0.000263141333749
0.000261552505433
0.000259207670788
0.000256177809818
0.000252546977284
0.000248409786936
0.000243868694043
0.000239031162845
0.000234006803315
0.000228904556556
0.000223830000877
0.000218882841831
0.000214154640063
0.000209726821302
0.000205669003887
0.000202037671156
0.000198875209029
0.000196209323001
0.000194052843402
0.000192403922470
0.000191246621157
0.000190551876978
0.000190278836199
0.000190376523961
0.000190785814658
0.000191441652193
0.000192275456539
0.000193217640052
0.000194200145589
0.000195158909804
0.000196036150422
0.000196782376727
0.000197358028784
0.000197734663348
0.000197895622708
0.000197836146231
0.000197562911764
0.000197093023786
0.000196452495209
0.000195674298062
0.000194796082881
0.000193857685779
0.000192898554531
0.000191955229649
0.000191059013290
0.000190233947991
0.000189495209825
0.000188847997718
0.000188286974084
0.000187796283444
0.000187350146947
0.000186914003467
0.000186446143434
0.000185899760855
0.000185225332662
0.000184373222812
0.000183296401459
0.000181953166598
0.000180309756508
0.000178342745486
0.000176041122452
0.000173407961511
0.000170461605428
0.000167236297054
0.000163782209971
0.000160164848217
0.000156463805627
0.000152770898081
0.000149187706303
0.000145822592009
0.000142787275388
0.000140193085613
0.000138147017047
0.000136747740366
0.000136081728583
0.000136219661434
0.000137213267076
0.000139092746843
0.000141864907248
0.000145512094145
0.000149991988474
0.000155238283283
0.000161162220161
0.000167654922549
0.000174590426319
0.000181829277050
0.000189222540682
0.000196616061133
0.000203854795662
0.000210787066102
0.000217268580436
0.000223166102780
0.000228360678168
0.000232750348871
0.000236252328388
0.000238804625125
0.000240367127910
0.000240922178549
0.000240474662048
0.000239051643443
0.000236701572787
0.000233493069035
0.000229513282062
0.000224865822898
0.000219668248442
0.000214049090711
0.000208144433754
0.000202094064205
0.000196037253171
0.000190108265873
0.000184431737701
0.000179118097114
0.000174259252247
0.000169924784258
0.000166158901983
0.000162978405538
0.000160371878959
0.000158300283089
0.000156699050944
0.000155481701989
0.000154544894077
0.000153774728831
0.000153054025573
0.000152270188596
0.000151323220588
0.000150133388349
0.000148648031284
0.000146847021949
0.000144746442367
0.000142400128358
0.000139898852453
0.000137367057518
0.000134957208992
0.000132841993563
0.000131204744883
0.000130228611554
0.000130085088842
0.000130922604770
0.000132855877060
0.000135956736528
0.000140247044641
0.000145694221210
0.000152209748921
0.000159650843653
0.000167825284737
0.000176499200284
0.000185407412826
0.000194265782858
0.000202784854183
0.000210684014680
0.000217705346074
0.000223626349482
0.000228270799666
0.000231517095758
0.000233303632212
0.000233630900291
0.000232560234992
0.000230209330843
0.000226744848525
0.000222372609161
0.000217326012925
0.000211853414181
0.000206205230865
0.000200621559083
0.000195321006402
0.000190491354215
0.000186282519110
0.000182802116133
0.000180113745616
0.000178237942949
0.000177155560167
0.000176813201043
0.000177130217104
0.000178006697414
0.000179331853777
0.000180992215526
0.000182879101382
0.000184894924210
0.000186957999552
0.000189005660876
0.000190995622625
0.000192905665843
0.000194731840361
0.000196485473944
0.000198189346309
0.000199873420726
0.000201570527271
0.000203312361330
0.000205126103025
0.000207031883957
0.000209041234829
0.000211156549497
0.000213371506298
0.000215672303978
0.000218039503788
0.000220450226116
0.000222880432162
0.000225307029084
0.000227709569056
0.000230071364972
0.000232379912854
0.000234626586775
0.000236805649308
0.000238912692196
0.000240942681734
0.000242887826167
0.000244735504605
0.000246466496899
0.000248053731796
0.000249461728611
0.000250646849535
0.000251558410512
0.000252140624510
0.000252335278207
0.000252084977770
0.000251336746982
0.000250045725688
0.000248178701215
0.000245717211156
0.000242659982114
0.000239024513301
0.000234847672688
0.000230185241824
0.000225110418020
0.000219711353736
0.000214087877186
0.000208347590743
0.000202601581016
0.000196959994074
0.000191527730434
0.000186400497611
0.000181661425314
0.000177378402929
0.000173602244739
0.000170365729979
0.000167683506957
0.000165552797395
0.000163954792714
0.000162856600888
0.000162213582629
0.000161971909404
0.000162071182690
0.000162446972050
0.000163033156746
0.000163763988374
0.000164575827145
0.000165408538571
0.000166206567378
0.000166919729127
0.000167503775610
0.000167920796858
0.000168139520742
0.000168135561668
0.000167891654464
0.000167397890437
0.000166651952198
0.000165659324650
0.000164433443770
0.000162995734183
0.000161375482294
0.000159609494285
0.000157741497448
0.000155821258181
0.000153903409117
0.000152045999458
0.000150308804595
0.000148751451643
0.000147431434585
0.000146402105035
0.000145710731109
0.000145396717085
0.000145490070594
0.000146010192563
0.000146965049125
0.000148350765486
0.000150151660843
0.000152340722375
0.000154880496449
0.000157724357663
0.000160818102043
0.000164101800043
0.000167511838160
0.000170983074739
0.000174451035414
0.000177854076111
0.000181135445743
0.000184245186271
0.000187141813812
0.000189793730903
0.000192180326434
0.000194292726383
0.000196134165380
0.000197719956814
0.000199077047842
0.000200243155830
0.000201265494522
0.000202199111677
0.000203104874817
