0.000196014184797
0.000193331680648
0.000190572274721
0.000187826492915
0.000185193591246
0.000182777785519
0.000180683981561
0.000179013227366
0.000177858129188
0.000177298479876
0.000177397339312
0.000178197784094
0.000179720508234
0.000181962410651
0.000184896251607
0.000188471402280
0.000192615652777
0.000197237987708
0.000202232188181
0.000207481077548
0.000212861197780
0.000218247685362
0.000223519110919
0.000228562055220
0.000233275214912
0.000237572862665
0.000241387526227
0.000244671796442
0.000247399222813
0.000249564303627
0.000251181623186
0.000252284228772
0.000252921372426
0.000253155766004
0.000253060511242
0.000252715869602
0.000252206029841
0.000251616015658
0.000251028852957
0.000250523088271
0.000250170718890
0.000250035563618
0.000250172073043
0.000250624551840
0.000251426744501
0.000252601721280
0.000254161993603
0.000256109787869
0.000258437412875
0.000261127668105
0.000264154256364
0.000267482182998
0.000271068143413
0.000274860918779
0.000278801815150
0.000282825192111
0.000286859132502
0.000290826304220
0.000294645058330
0.000298230795295
0.000301497613865
0.000304360236314
0.000306736180960
0.000308548129848
0.000309726418058
0.000310211552887
0.000309956657672
0.000308929727411
0.000307115582361
0.000304517411622
0.000301157811382
0.000297079241125
0.000292343844886
0.000287032612069
0.000281243881920
0.000275091225750
0.000268700769715
0.000262208046763
0.000255754487839
0.000249483678474
0.000243537516608
0.000238052410593
0.000233155652624
0.000228962092840
0.000225571223587
0.000223064762940
0.000221504802733
0.000220932560334
0.000221367746881
0.000222808538826
0.000225232116010
0.000228595709103
0.000232838083121
0.000237881372514
0.000243633177360
0.000249988829565
0.000256833742333
0.000264045765029
0.000271497478044
0.000279058377381
0.000286596915282
0.000293982380033
0.000301086613967
0.000307785582481
0.000313960817610
0.000319500766638
0.000324302078851
0.000328270861730
0.000331323931676
0.000333390074314
0.000334411316219
0.000334344194553
0.000333160994817
0.000330850910982
0.000327421068127
0.000322897336513
0.000317324859203
0.000310768213540
0.000303311130991
0.000295055710083
0.000286121073467
0.000276641441952
0.000266763624720
0.000256643954598
0.000246444728543
0.000236330244585
0.000226462555440
0.000216997083758
0.000208078262849
0.000199835377995
0.000192378786044
0.000185796684053
0.000180152581214
0.000175483602567
0.000171799719036
0.000169083957827
0.000167293602116
0.000166362341836
0.000166203290811
0.000166712742245
0.000167774497383
0.000169264573186
0.000171056076179
0.000173024022387
0.000175049888129
0.000177025693226
0.000178857445929
0.000180467815945
0.000181797946113
0.000182808361682
0.000183478985873
0.000183808318192
0.000183811874946
0.000183520026769
0.000182975393746
0.000182229973351
0.000181342179291
0.000180373960714
0.000179388151957
0.000178446174969
0.000177606182003
0.000176921687845
0.000176440701856
0.000176205333111
0.000176251809883
0.000176610829597
0.000177308138861
0.000178365236093
0.000179800091558
0.000181627790645
0.000183861024444
0.000186510375158
0.000189584370263
0.000193089306060
0.000197028865949
0.000201403579268
0.000206210181196
0.000211440942005
0.000217083034505
0.000223118002270
0.000229521379075
0.000236262493627
0.000243304474907
0.000250604454448
0.000258113944696
0.000265779358978
0.000273542629971
0.000281341880714
0.000289112105247
0.000296785824492
0.000304293695815
0.000311565070351
0.000318528508627
0.000325112280398
0.000331244886792
0.000336855650407
0.000341875420525
0.000346237435679
0.000349878374386
0.000352739607705
0.000354768645865
0.000355920747178
0.000356160633214
0.000355464231954
0.000353820352602
0.000351232183933
0.000347718503866
0.000343314492300
0.000338072052213
0.000332059565118
0.000325361034769
0.000318074605896
0.000310310480152
0.000302188287108
0.000293834001277
0.000285376524470
0.000276944074250
0.000268660532335
0.000260641910609
0.000252993086890
0.000245804948151
0.000239152056808
0.000233090927651
0.000227658971044
0.000222874124549
0.000218735162348
0.000215222641892
0.000212300421894
0.000209917666341
0.000208011236379
0.000206508365844
0.000205329516410
0.000204391313829
0.000203609476268
0.000202901657612
0.000202190141337
0.000201404332476
0.000200483005203
0.000199376270754
0.000198047234440
0.000196473311679
0.000194647171854
0.000192577276655
0.000190287977794
0.000187819139103
0.000185225251694
0.000182574019195
0.000179944404060
0.000177424145681
0.000175106786205
0.000173088269320
0.000171463209079
0.000170320957608
0.000169741629551
0.000169792264428
0.000170523322774
0.000171965715715
0.000174128558572
0.000176997816338
0.000180535972623
0.000184682805027
0.000189357291446
0.000194460606739
0.000199880101810
0.000205494091987
0.000211177223676
0.000216806141943
0.000222265151188
0.000227451549266
0.000232280324126
0.000236687931554
0.000240634921778
0.000244107248626
0.000247116173716
0.000249696764526
0.000251905073269
0.000253814167214
0.000255509254403
0.000257082206358
0.000258625817105
0.000260228152839
0.000261967337665
0.000263907088608
0.000266093259833
0.000268551585611
0.000271286729101
0.000274282655513
0.000277504260093
0.000280900099929
0.000284406009582
0.000287949328821
0.000291453439560
0.000294842300364
0.000298044680615
0.000300997830934
0.000303650378601
0.000305964302039
0.000307915911461
0.000309495837890
0.000310708103975
0.000311568412148
0.000312101834203
0.000312340118205
0.000312318841901
0.000312074636442
0.000311642681505
0.000311054635501
0.000310337116394
0.000309510794190
0.000308590100352
0.000307583507100
0.000306494285017
0.000305321614174
0.000304061904357
0.000302710175033
0.000301261355039
0.000299711384033
0.000298058029780
0.000296301373753
0.000294443958273
0.000292490627368
0.000290448126794
0.000288324553010
0.000286128754152
0.000283869786956
0.000281556522360
0.000279197470476
0.000276800865170
0.000274375012906
0.000271928873598
0.000269472806904
0.000267019389414
0.000264584189700
0.000262186381362
0.000259849080242
0.000257599310607
0.000255467535055
0.000253486721518
0.000251690964655
0.000250113724007
0.000248785783277
0.000247733069842
0.000246974497536
0.000246520006239
0.000246368967262
0.000246509103987
0.000246916043687
0.000247553571650
0.000248374606170
0.000249322857095
0.000250335076234
0.000251343759817
0.000252280125748
0.000253077164970
0.000253672559276
0.000254011268208
0.000254047614615
0.000253746739971
0.000253085353190
0.000252051755981
0.000250645188628
0.000248874597103
0.000246756970537
0.000244315432855
0.000241577290585
0.000238572238534
0.000235330905949
0.000231883889241
0.000228261366407
0.000224493327009
0.000220610385431
0.000216645079775
0.000212633500156
0.000208617043732
0.000204644064107
0.000200771172983
0.000197063963768
0.000193596960081
0.000190452644837
0.000187719494134
0.000185489019573
0.000183851906801
0.000182893420387
0.000182688319023
0.000183295584318
0.000184753305995
0.000187074082429
0.000190241286040
0.000194206508172
0.000198888439311
0.000204173361661
0.000209917337186
0.000215950071623
0.000222080330697
0.000228102685904
0.000233805280678
0.000238978239420
0.000243422296421
0.000246957202196
0.000249429472393
0.000250719078569
