0.101471177434869
0.101492029152742
0.101513224304722
0.101534735974627
0.101556537726817
0.101578604473737
0.101600912841739
0.101623441025409
0.101646168180781
0.101669073461279
0.101692134840497
0.101715327888233
0.101738624668060
0.101761992906223
0.101785395545339
0.101808790747303
0.101832132354225
0.101855370761738
0.101878454112335
0.101901329683948
0.101923945334490
0.101946250868421
0.101968199215318
0.101989747349275
0.102010856925766
0.102031494662106
0.102051632531056
0.102071247867193
0.102090323496827
0.102108847991361
0.102126816110706
0.102144229450836
0.102161097243551
0.102177437185525
0.102193276107406
0.102208650242634
0.102223604828726
0.102238192779042
0.102252472204471
0.102266502643221
0.102280339969833
0.102294030094583
0.102307601721528
0.102321058594673
0.102334371812938
0.102347472921378
0.102360248574979
0.102372537610855
0.102384131346357
0.102394777839219
0.102404190700145
0.102412062840329
0.102418085272105
0.102421970769030
0.102423481843651
0.102422462130876
0.102418869887919
0.102412811956024
0.102404576193857
0.102394660108813
0.102383793203050
0.102372950439550
0.102363354244033
0.102356462614087
0.102353941228111
0.102357617948976
0.102369418808995
0.102391285441316
0.102425074973403
0.102472444589932
0.102534724258520
0.102612782428075
0.102706890776958
0.102816595214635
0.102940601226658
0.103076682197755
0.103221619457424
0.103371182387468
0.103520155956253
0.103662421476612
0.103791094238742
0.103898719004409
0.103977521267144
0.104019708830374
0.104017814813774
0.103965069877491
0.103855788479200
0.103685751575319
0.103452566553649
0.103155984515794
0.102798155440540
0.102383803318640
0.101920306048380
0.101417668637125
0.100888382908552
0.100347172241488
0.099810625580477
0.099296730736792
0.098824322498730
0.098412465952832
0.098079799371704
0.097843863787639
0.097720447752064
0.097722975670518
0.097861966486288
0.098144586442884
0.098574315357158
0.099150740531179
0.099869486434616
0.100722281953637
0.101697160696850
0.102778783934069
0.103948870546579
0.105186714160231
0.106469764614901
0.107774249212666
0.109075808811073
0.110350124730201
0.111573514487587
0.112723477364438
0.113779174494006
0.114721832276816
0.115535062190298
0.116205094210402
0.116720924870321
0.117074384263361
0.117260128925644
0.117275569441428
0.117120742789321
0.116798139934424
0.116312499054624
0.115670574185926
0.114880888115277
0.113953477178029
0.112899634360159
0.111731655873934
0.110462595254978
0.109106028074970
0.107675829603439
0.106185967183223
0.104650308683623
0.103082448124098
0.101495549372243
0.099902208665060
0.098314336539950
0.096743059560363
0.095198641963180
0.093690427038184
0.092226797685911
0.090815155211035
0.089461915024085
0.088172517577031
0.086951452578352
0.085802294345103
0.084727746068317
0.083729690798266
0.082809247090925
0.081966827479452
0.081202198220148
0.080514539081725
0.079902502269332
0.079364269872381
0.078897609475075
0.078499927755044
0.078168322012359
0.077899629620443
0.077690475382243
0.077537316725436
0.077436486599070
0.077384233861067
0.077376760889917
0.077410258128786
0.077480935284561
0.077585048960031
0.077718926589749
0.077878986669355
0.078061755400191
0.078263880000476
0.078482139045630
0.078713450280730
0.078954876388824
0.079203629195967
0.079457072749364
0.079712725625640
0.079968262722957
0.080221516677057
0.080470478931530
0.080713300400043
0.080948291593382
0.081173922053590
0.081388818943190
0.081591764676597
0.081781693546357
0.081957687378638
0.082118970338309
0.082264903082055
0.082394976517303
0.082508805457530
0.082606122466179
0.082686772152081
0.082750706122506
0.082797978723239
0.082828743607906
0.082843251091995
0.082841846170898
0.082824967024579
0.082793143800183
0.082746997460423
0.082687238508921
0.082614665449197
0.082530162894510
0.082434699312212
0.082329324449377
0.082215166537317
0.082093429404611
0.081965389637135
0.081832393908492
0.081695856567441
0.081557257515483
0.081418140345040
0.081280110644788
0.081144834322252
0.081014035751715
0.080889495533237
0.080773047648642
0.080666575822295
0.080572008935350
0.080491315396262
0.080426496430925
0.080379578314907
0.080352603621114
0.080347621592608
0.080366677768884
0.080411802993273
0.080485001910932
0.080588241034974
0.080723436418415
0.080892440928573
0.081097031085258
0.081338893400595
0.081619610151129
0.081940644524217
0.082303325110457
0.082708829759345
0.083158168871815
0.083652168264669
0.084191451801391
0.084776424034890
0.085407253145075
0.086083854474044
0.086805874962867
0.087572678777232
0.088383334378003
0.089236603251733
0.090130930471554
0.091064437216709
0.092034915345152
0.093039824092311
0.094076288962782
0.095141102890681
0.096230729766420
0.097341310458971
0.098468671497589
0.099608336609288
0.100755541331823
0.101905250931166
0.103052181843384
0.104190826831520
0.105315483998681
0.106420289731306
0.107499255565550
0.108546308880375
0.109555337229036
0.110520236032069
0.111434959274618
0.112293572782472
0.113090309596497
0.113819626924047
0.114476264116996
0.115055301106007
0.115552216705817
0.115962946192824
0.116283937540534
0.116512205678195
0.116645384112404
0.116681773221416
0.116620384499808
0.116460980001190
0.116204106203413
0.115851121509795
0.115404216606012
0.114866426919730
0.114241636481418
0.113534572561170
0.112750790556732
0.111896648729886
0.110979272527652
0.110006508376662
0.108986866997968
0.107929456450568
0.106843905270431
0.105740276224792
0.104628971346854
0.103520629053437
0.102426014278038
0.101355902675798
0.100320960076581
0.099331618479315
0.098397949995509
0.097529540261929
0.096735362949685
0.096023657095928
0.095401809069936
0.094876241051501
0.094452307939712
0.094134204617815
0.093924885469148
0.093825997965418
0.093837832029257
0.093959286707083
0.094187855477287
0.094519631266002
0.094949331953308
0.095470346832995
0.096074804146246
0.096753659451060
0.097496804222195
0.098293193707556
0.099130992702067
0.099997737544402
0.100880512300092
0.101766136770455
0.102641363665099
0.103493082000578
0.104308523544828
0.105075468922039
0.105782449832827
0.106418943737624
0.106975557305069
0.107444194949969
0.107818208883925
0.108092527282024
0.108263757434243
0.108330261101592
0.108292199732156
0.108151547705705
0.107912072358785
0.107579280183492
0.107160329278289
0.106663908842350
0.106100087228411
0.105480130785516
0.104816296414387
0.104121601407649
0.103409574738869
0.102693994484004
0.101988616493413
0.101306899770974
0.100661734249272
0.100065176768103
0.099528201061109
0.099060467426957
0.098670117503876
0.098363599178127
0.098145526139256
0.098018575951629
0.097983429750010
0.098038755797898
0.098181238185695
0.098405650910760
0.098704976495744
0.099070567191953
0.099492345709852
0.099959041350694
0.100458456413580
0.100977756852638
0.101503780389717
0.102023354676007
0.102523617664710
0.102992332124507
0.103418186202955
0.103791072146626
0.104102335701349
0.104344989345252
0.104513883337794
0.104605829581744
0.104619674469504
0.104556318192583
0.104418679401872
0.104211605581305
0.103941731000541
0.103617285603043
0.103247859622667
0.102844130062240
0.102417556369716
0.101980053671090
0.101543652726908
0.101120156337954
0.100720802208078
0.100355942258355
0.100034748065050
