0.001138466395817
0.001150452375951
0.001162432422654
0.001174408272992
0.001186381907583
0.001198355519067
0.001210331476238
0.001222312286500
0.001234300560187
0.001246298981155
0.001258310288971
0.001270337278920
0.001282382826881
0.001294449946943
0.001306541890323
0.001318662294715
0.001330815393692
0.001343006296062
0.001355241345237
0.001367528568622
0.001379878226882
0.001392303472500
0.001404821126553
0.001417452581904
0.001430224840145
0.001443171688648
0.001456335022945
0.001469766318433
0.001483528254046
0.001497696489079
0.001512361592838
0.001527631125091
0.001543631863592
0.001560512173026
0.001578444507766
0.001597628038609
0.001618291391396
0.001640695482849
0.001665136436272
0.001691948556800
0.001721507342741
0.001754232506180
0.001790590972429
0.001831099824192
0.001876329152412
0.001926904771863
0.001983510755607
0.002046891738609
0.002117854937219
0.002197271827918
0.002286079425939
0.002385281102173
0.002495946875320
0.002619213115745
0.002756281597994
0.002908417840675
0.003076948675437
0.003263258991219
0.003468787605913
0.003695022225054
0.003943493456216
0.004215767858341
0.004513440017303
0.004838123652376
0.005191441772877
0.005575015919890
0.005990454544312
0.006439340589391
0.006923218362953
0.007443579801483
0.008001850244642
0.008599373854381
0.009237398827157
0.009917062560493
0.010639376945923
0.011405213968873
0.012215291801959
0.013070161581344
0.013970195055844
0.014915573295447
0.015906276639574
0.016942076055848
0.018022526067353
0.019146959390518
0.020314483407035
0.021523978571863
0.022774098835747
0.024063274135123
0.025389714975279
0.026751419104602
0.028146180249185
0.029571598848556
0.031025094705255
0.032503921434010
0.034005182570817
0.035525849178787
0.037062778766607
0.038612735317267
0.040172410209600
0.041738443803548
0.043307447451897
0.044876025696846
0.046440798409080
0.047998422630005
0.049545613884433
0.051079166741012
0.052595974410904
0.054093047191303
0.055567529579024
0.057016715900183
0.058438064324559
0.059829209157061
0.061187971323495
0.062512366992943
0.063800614304266
0.065051138188903
0.066262573306080
0.067433765129178
0.068563769243257
0.069651848933047
0.070697471158086
0.071700301026811
0.072660194894089
0.073577192216989
0.074451506311293
0.075283514156425
0.076073745399154
0.076822870706539
0.077531689616364
0.078201118028611
0.078832175474632
0.079425972291455
0.079983696817251
0.080506602710342
0.080995996478193
0.081453225284446
0.081879665081122
0.082276709089289
0.082645756624524
0.082988202232926
0.083305425068937
0.083598778407280
0.083869579137630
0.084119097041830
0.084348543599644
0.084559060010241
0.084751704053808
0.084927435352021
0.085087098519831
0.085231403637289
0.085360903413255
0.085475966368478
0.085576745340978
0.085663140620509
0.085734757061489
0.085790854616552
0.085830291888425
0.085851462528856
0.085852224632299
0.085829823689633
0.085780810191339
0.085700953603361
0.085585155179296
0.085427362908212
0.085220492806602
0.084956361712491
0.084625637683137
0.084217814975133
0.083721221324153
0.083123065756452
0.082409535362809
0.081565949251051
0.080576977171598
0.079426928997609
0.078100119272728
0.076581308379537
0.074856218534018
0.072912118827030
0.070738469019684
0.068327606922083
0.065675459170923
0.062782250353493
0.059653181032424
0.056299041665858
0.052736727059685
0.048989615182644
0.045087775225880
0.041067972922559
0.036973446480229
0.032853434005588
0.028762442853567
0.024759262584648
0.020905735682734
0.017265313245018
0.013901435767241
0.010875791104517
0.008246511864204
0.006066382101014
0.004381127558472
0.003227864323286
0.002633777334836
0.002615092680557
0.003176396244106
0.004310336565804
0.005997732484519
0.008208087223910
0.010900491174723
0.014024876885028
0.017523572858759
0.021333088730392
0.025386054094804
0.029613227339408
0.033945489565703
0.038315742094313
0.042660633800064
0.046922056012811
0.051048357101766
0.054995245126339
0.058726363991232
0.062213545294432
0.065436753492821
0.068383755273352
0.071049554457836
0.073435640978286
0.075549106283926
0.077401678072643
0.079008724787886
0.080388275369507
0.081560092895829
0.082544832667876
0.083363306632430
0.084035867438914
0.084581917407922
0.085019540671545
0.085365251010137
0.085633843605083
0.085838336075708
0.085989982687503
0.086098345343127
0.086171405677231
0.086215704024132
0.086236492963681
0.086237895343493
0.086223058925125
0.086194301949585
0.086153245850193
0.086100932988166
0.086037928617141
0.085964407297005
0.085880224698381
0.085784976204869
0.085678043976532
0.085558634232085
0.085425806482981
0.085278496348253
0.085115533425648
0.084935655516003
0.084737520310957
0.084519715470322
0.084280767841950
0.084019152417549
0.083733301474825
0.083421614229981
0.083082467215207
0.082714225502662
0.082315254818870
0.081883934530367
0.081418671431490
0.080917914226865
0.080380168572785
0.079804012521361
0.079188112197479
0.078531237529431
0.077832277848438
0.077090257168989
0.076304348960430
0.075473890220229
0.074598394660840
0.073677564825344
0.072711302952463
0.071699720419507
0.070643145602748
0.069542130008817
0.068397452548154
0.067210121842121
0.065981376478938
0.064712683159627
0.063405732703123
0.062062433909022
0.060684905306365
0.059275464846793
0.057836617629656
0.056371041774619
0.054881572583513
0.053371185157029
0.051842975653119
0.050300141392155
0.048745960028868
0.047183768022572
0.045616938645072
0.044048859769862
0.042482911686719
0.040922445182664
0.039370760123545
0.037831084760423
0.036306555971637
0.034800200635314
0.033314918308338
0.031853465366866
0.030418440740812
0.029012273350622
0.027637211329719
0.026295313090577
0.024988440266974
0.023718252539961
0.022486204330955
0.021293543322424
0.020141310745239
0.019030343352232
0.017961276980054
0.016934551586249
0.015950417635719
0.015008943700504
0.014110025129133
0.013253393636628
0.012438627663578
0.011665163352381
0.010932305990726
0.010239241776348
0.009585049763002
0.008968713855126
0.008389134727574
0.007845141556963
0.007335503462168
0.006858940563215
0.006414134579932
0.005999738904036
0.005614388090581
0.005256706726729
0.004925317647389
0.004618849478279
0.004335943497221
0.004075259813883
0.003835482876681
0.003615326322979
0.003413537195154
0.003228899550445
0.003060237496759
0.002906417689881
0.002766351329737
0.002638995694732
0.002523355253579
0.002418482393771
0.002323477804829
0.002237490552891
0.002159717881215
0.002089404768731
0.002025843276196
0.001968371706667
0.001916373604238
0.001869276612141
0.001826551208689
0.001787709337045
0.001752302942600
0.001719922429811
0.001690195048752
0.001662783220425
0.001637382808915
0.001613721348005
0.001591556229557
0.001570672861068
0.001550882800089
0.001532021873693
0.001513948291792
0.001496540763818
0.001479696629002
0.001463330011115
0.001447370009143
0.001431758935704
0.001416450615236
0.001401408753891
0.001386605392729
0.001372019455167
0.001357635398687
0.001343441979582
0.001329431138015
0.001315597008905
0.001301935062239
0.001288441374302
0.001275112029144
0.001261942647416
0.001248928037538
0.001236061962119
0.001223337010680
0.001210744568067
0.001198274866607
0.001185917108993
0.001173659648226
0.001161490210622
0.001149396147962
0.001137364705320
