0.020961857093297
0.020744295865195
0.020520358887703
0.020294447219107
0.020071081631201
0.019854792823904
0.019650012060016
0.019460964973389
0.019291571154425
0.019145351910946
0.019025348348410
0.018934051620066
0.018873346873558
0.018844472074065
0.018847992522981
0.018883791522634
0.018951077268014
0.019048405681846
0.019173718555084
0.019324396016039
0.019497322032889
0.019688961361068
0.019895446083991
0.020112669667682
0.020336386262273
0.020562312841020
0.020786231675291
0.021004090606267
0.021212098594556
0.021406814110202
0.021585224068992
0.021744811226318
0.021883608205050
0.022000236654876
0.022093930411286
0.022164541934675
0.022212531753981
0.022238941103059
0.022245348408783
0.022233810753659
0.022206791878273
0.022167078695955
0.022117688650031
0.022061770540590
0.022002501672090
0.021942984316702
0.021886144544999
0.021834636441903
0.021790754601323
0.021756357580007
0.021732804695136
0.021720908179176
0.021720902269993
0.021732430326793
0.021754550537519
0.021785760236366
0.021824038297484
0.021866904529219
0.021911494478617
0.021954647584018
0.021993006198435
0.022023122660897
0.022041571327439
0.022045062296362
0.022030553479508
0.021995357685542
0.021937241493089
0.021854512898231
0.021746095017269
0.021611583503719
0.021451285787977
0.021266240756401
0.021058218039401
0.020829696659593
0.020583823384417
0.020324351715287
0.020055563009924
0.019782171758869
0.019509217505363
0.019241946295059
0.018985684855923
0.018745710929045
0.018527123290466
0.018334715018475
0.018172853469137
0.018045370227706
0.017955464011034
0.017905619115236
0.017897541546100
0.017932114451660
0.018009373914069
0.018128505569653
0.018287861931117
0.018484999703657
0.018716735835796
0.018979220543764
0.019268025110386
0.019578241898838
0.019904593748107
0.020241549737164
0.020583444221774
0.020924596061080
0.021259425056560
0.021582562816658
0.021888955526258
0.022173956429076
0.022433406208930
0.022663699867679
0.022861839127931
0.023025469821994
0.023152904150639
0.023243128092711
0.023295794608264
0.023311203594328
0.023290269816810
0.023234480249943
0.023145842404184
0.023026825314836
0.022880294899582
0.022709445377831
0.022517728384228
0.022308781310013
0.022086356276678
0.021854250994937
0.021616242596279
0.021376025352101
0.021137153023653
0.020902986420856
0.020676646594495
0.020460973948250
0.020258493436921
0.020071385916540
0.019901465630817
0.019750163755710
0.019618517877929
0.019507167251283
0.019416353653849
0.019345927655406
0.019295360094950
0.019263758558787
0.019249888637512
0.019252199722344
0.019268855075710
0.019297765876113
0.019336628892807
0.019382967391603
0.019434174810726
0.019487560676643
0.019540398157203
0.019589972576443
0.019633630145961
0.019668826105964
0.019693171419352
0.019704477128516
0.019700795471031
0.019680456860204
0.019642101872292
0.019584707445689
0.019507606589163
0.019410501015640
0.019293466263395
0.019156949034584
0.019001756667719
0.018829038860536
0.018640261966538
0.018437176395373
0.018221777846776
0.017996263292712
0.017762982785168
0.017524388301284
0.017282980937038
0.017041257821012
0.016801660137293
0.016566523619645
0.016338032807525
0.016118180240121
0.015908731610540
0.015711197713849
0.015526813806175
0.015356526755289
0.015200990114624
0.015060567001647
0.014935340417248
0.014825130414430
0.014729517320572
0.014647870045383
0.014579378372608
0.014523088042245
0.014477937384303
0.014442794266113
0.014416492161840
0.014397864242497
0.014385774512813
0.014379145181803
0.014376979639499
0.014378380614825
0.014382563300293
0.014388863439065
0.014396740570349
0.014405776811820
0.014415671715678
0.014426233862123
0.014437369945849
0.014449072164882
0.014461404735558
0.014474490333184
0.014488497197388
0.014503627548001
0.014520107836849
0.014538181219234
0.014558102473257
0.014580135432974
0.014604552840433
0.014631638369263
0.014661690435797
0.014695027298771
0.014731992860639
0.014772962526359
0.014818348451651
0.014868603523227
0.014924223457914
0.014985746483970
0.015053750173009
0.015128845120227
0.015211665318544
0.015302855232522
0.015403053743479
0.015512875301102
0.015632888771680
0.015763594612219
0.015905401116698
0.016058600570275
0.016223346204986
0.016399630873182
0.016587268341116
0.016785878054287
0.016994874139836
0.017213459292088
0.017440624039581
0.017675151720774
0.017915629307713
0.018160464019298
0.018407905466107
0.018656072874904
0.018902986760495
0.019146604252786
0.019384857154037
0.019615691700662
0.019837108939555
0.020047204603212
0.020244207381896
0.020426514543917
0.020592723944574
0.020741661586477
0.020872404043871
0.020984295234800
0.021076957210630
0.021150294824857
0.021204494334718
0.021240016172192
0.021257582288594
0.021258158622788
0.021242933361936
0.021213291751736
0.021170788267823
0.021117116980475
0.021054080931611
0.020983561298385
0.020907487045024
0.020827805668565
0.020746455530606
0.020665340142370
0.020586304641153
0.020511114569347
0.020441436949284
0.020378823544142
0.020324696112108
0.020280333401976
0.020246859605967
0.020225233981045
0.020216241373034
0.020220483426648
0.020238370335859
0.020270113078431
0.020315716180276
0.020374971163381
0.020447450938430
0.020532505503144
0.020629259392925
0.020736611395480
0.020853237080489
0.020977594704679
0.021107935029360
0.021242315529969
0.021378619386092
0.021514579517561
0.021647807781252
0.021775829269122
0.021896121457150
0.022006157754432
0.022103454799837
0.022185622658656
0.022250416892118
0.022295791316466
0.022319950143110
0.022321398103482
0.022298987116977
0.022251958061389
0.022179976254657
0.022083159354778
0.021962096530010
0.021817857940555
0.021651993800975
0.021466522553124
0.021263907964619
0.021047025269084
0.020819116772135
0.020583737651354
0.020344692969592
0.020105967189152
0.019871647710878
0.019645844159017
0.019432605283099
0.019235835447035
0.019059212719329
0.018906110565293
0.018779525072257
0.018682009514060
0.018615617885211
0.018581858813218
0.018581660996580
0.018615351023479
0.018682644111391
0.018782647979800
0.018913879736916
0.019074295336293
0.019261330849980
0.019471954519918
0.019702728296657
0.019949877360548
0.020209365950843
0.020476977706262
0.020748398648846
0.021019300921863
0.021285425421189
0.021542661535412
0.021787122329001
0.022015213660112
0.022223695913882
0.022409737246482
0.022570957467467
0.022705461930499
0.022811865047910
0.022889303285752
0.022937437726402
0.022956446499894
0.022947007578288
0.022910272595960
0.022847832500556
0.022761675953242
0.022654141483009
0.022527864459218
0.022385719981351
0.022230762797896
0.022066165360596
0.021895155099514
0.021720951971977
0.021546707297652
0.021375444845645
0.021210005089661
0.021052993495278
0.020906733649869
0.020773225990178
0.020654112823976
0.020550650278766
0.020463687739767
0.020393655258895
0.020340559323473
0.020303987265649
0.020283120469100
0.020276756387605
0.020283339230428
0.020300998993432
0.020327598324927
0.020360786515340
0.020398059695049
0.020436826121451
0.020474475241838
0.020508449040863
0.020536314028546
0.020555832105060
0.020565028459654
0.020562254629802
0.020546244868461
0.020516164046081
0.020471645451528
0.020412817052196
0.020340315025639
0.020255283678331
0.020159361214432
0.020054651199731
