0.023720175367773
0.023729430920790
0.023733306142438
0.023731842820316
0.023725096084673
0.023713134446843
0.023696039805869
0.023673907422883
0.023646845862840
0.023614976903299
0.023578435409978
0.023537369178904
0.023491938745043
0.023442317157354
0.023388689720316
0.023331253702011
0.023270218008958
0.023205802827955
0.023138239235269
0.023067768773593
0.022994642997271
0.022919122986375
0.022841478830300
0.022761989081619
0.022680940181037
0.022598625854353
0.022515346482419
0.022431408445177
0.022347123440939
0.022262807782119
0.022178781668769
0.022095368441269
0.022012893813673
0.021931685089213
0.021852070359603
0.021774377689787
0.021698934289898
0.021626065676211
0.021556094822953
0.021489341306900
0.021426120446709
0.021366742439007
0.021311511493290
0.021260724967739
0.021214672508055
0.021173635191503
0.021137884678317
0.021107682372687
0.021083278595526
0.021064911771246
0.021052807630765
0.021047178432960
0.021048222206779
0.021056122016197
0.021071045250208
0.021093142939966
0.021122549105218
0.021159380132074
0.021203734184148
0.021255690649042
0.021315309622082
0.021382631429154
0.021457676190420
0.021540443426615
0.021630911709538
0.021729038358272
0.021834759182574
0.021947988274766
0.022068617851370
0.022196518145601
0.022331537351749
0.022473501622328
0.022622215118779
0.022777460116363
0.022938997163770
0.023106565297833
0.023279882313580
0.023458645089765
0.023642529969814
0.023831193198052
0.024024271410870
0.024221382182383
0.024422124623977
0.024626080036991
0.024832812617639
0.025041870213127
0.025252785127788
0.025465074977894
0.025678243593689
0.025891781967017
0.026105169242817
0.026317873752595
0.026529354087858
0.026739060211395
0.026946434604125
0.027150913445148
0.027351927822510
0.027548904972090
0.027741269541904
0.027928444879040
0.028109854336351
0.028284922595926
0.028453077006316
0.028613748930405
0.028766375100753
0.028910398979208
0.029045272117501
0.029170455515547
0.029285420974110
0.029389652438491
0.029482647329876
0.029563917860993
0.029632992332716
0.029689416408286
0.029732754361837
0.029762590297942
0.029778529338951
0.029780198776943
0.029767249187148
0.029739355499814
0.029696218027520
0.029637563445065
0.029563145719123
0.029472746984981
0.029366178367785
0.029243280745820
0.029103925453499
0.028948014921850
0.028775483254441
0.028586296736832
0.028380454277771
0.028157987780551
0.027918962443060
0.027663476985262
0.027391663803004
0.027103689047214
0.026799752627748
0.026480088141323
0.026144962723145
0.025794676822064
0.025429563899224
0.025049990050420
0.024656353552525
0.024249084334577
0.023828643374252
0.023395522020716
0.022950241244957
0.022493350818939
0.022025428425084
0.021547078697767
0.021058932198681
0.020561644328129
0.020055894174419
0.019542383303764
0.019021834493179
0.018494990409085
0.017962612234413
0.017425478247199
0.016884382353739
0.016340132579538
0.015793549521379
0.015245464763954
0.014696719264604
0.014148161709790
0.013600646847018
0.013055033795991
0.012512184342850
0.011972961221390
0.011438226385206
0.010908839274734
0.010385655083196
0.009869523025451
0.009361284613773
0.008861771944551
0.008371805999910
0.007892194968200
0.007423732587278
0.006967196514449
0.006523346726879
0.006092923956229
0.005676648161151
0.005275217041258
0.004889304596006
0.004519559731896
0.004166604921230
0.003831034915566
0.003513415516879
0.003214282409278
0.002934140054020
0.002673460650359
0.002432683164664
0.002212212430027
0.002012418318437
0.001833634987408
0.001676160202787
0.001540254739240
0.001426141859783
0.001334006875485
0.001263996786292
0.001216220003733
0.001190746156055
0.001187605976142
0.001206791272372
0.001248254982361
0.001311911309352
0.001397635940796
0.001505266348486
0.001634602169399
0.001785405666222
0.001957402266327
0.002150281177802
0.002363696080933
0.002597265893382
0.002850575607108
0.003123177194934
0.003414590584488
0.003724304697084
0.004051778548997
0.004396442412384
0.004757699033031
0.005134924901942
0.005527471577682
0.005934667056262
0.006355817185280
0.006790207118910
0.007237102810265
0.007695752537583
0.008165388460609
0.008645228203508
0.009134476460590
0.009632326621077
0.010137962409147
0.010650559535441
0.011169287356234
0.011693310536456
0.012221790712779
0.012753888152989
0.013288763407914
0.013825578952186
0.014363500810209
0.014901700163720
0.015439354937430
0.015975651359279
0.016509785491948
0.017040964732343
0.017568409275883
0.018091353542505
0.018609047561445
0.019120758311942
0.019625771017165
0.020123390388776
0.020612941819692
0.021093772522747
0.021565252613097
0.022026776132380
0.022477762012783
0.022917654979324
0.023345926388843
0.023762075004338
0.024165627703442
0.024556140120048
0.024933197218202
0.025296413797600
0.025645434930160
0.025979936327349
0.026299624638067
0.026604237677107
0.026893544584334
0.027167345914925
0.027425473661149
0.027667791206338
0.027894193211864
0.028104605438058
0.028298984500207
0.028477317560850
0.028639621959787
0.028785944783314
0.028916362374344
0.029030979785193
0.029129930174925
0.029213374153274
0.029281499073244
0.029334518274622
0.029372670280684
0.029396217950520
0.029405447589417
0.029400668019861
0.029382209615771
0.029350423302606
0.029305679526078
0.029248367192222
0.029178892581607
0.029097678240514
0.029005161851903
0.028901795089039
0.028788042454606
0.028664380108181
0.028531294684894
0.028389282108110
0.028238846398920
0.028080498485229
0.027914755013160
0.027742137163467
0.027563169475604
0.027378378682029
0.027188292555266
0.026993438770184
0.026794343783876
0.026591531735451
0.026385523367954
0.026176834974564
0.025965977371112
0.025753454896876
0.025539764445518
0.025325394527903
0.025110824368470
0.024896523036690
0.024682948615056
0.024470547404928
0.024259753171450
0.024050986428640
0.023844653765653
0.023641147215062
0.023440843663952
0.023244104308439
0.023051274152162
0.022862681549152
0.022678637791384
0.022499436741200
0.022325354508679
0.022156649173931
0.021993560554172
0.021836310015337
0.021685100327895
0.021540115566423
0.021401521052390
0.021269463339537
0.021144070241111
0.021025450898168
0.020913695888037
0.020808877371981
0.020711049281021
0.020620247538793
0.020536490320275
0.020459778345124
0.020390095204341
0.020327407718888
0.020271666328883
0.020222805511896
0.020180744228885
0.020145386396232
0.020116621382339
0.020094324527196
0.020078357683329
0.020068569776504
0.020064797384557
0.020066865332718
0.020074587303780
0.020087766461462
0.020106196085350
0.020129660215759
0.020157934306903
0.020190785886791
0.020227975222217
0.020269255987336
0.020314375934238
0.020363077564047
0.020415098797048
0.020470173640406
0.020528032852074
0.020588404599508
0.020651015111890
0.020715589324552
0.020781851514387
0.020849525925036
0.020918337380741
0.020988011887745
0.021058277222231
0.021128863503785
0.021199503753484
0.021269934435702
0.021339895982836
0.021409133302168
0.021477396264158
0.021544440171509
0.021610026208402
0.021673921869350
0.021735901367188
0.021795746019750
0.021853244614844
0.021908193753210
0.021960398169156
0.022009671028660
0.022055834204746
0.022098718530003
0.022138164026169
0.022174020110728
0.022206145780540
0.022234409772539
0.022258690701606
0.022278877175729
