0.022146150594249
0.022104954727675
0.022060267014654
0.022012243906997
0.021961050703875
0.021906861293438
0.021849857873241
0.021790230649749
0.021728177517278
0.021663903716736
0.021597621474600
0.021529549622581
0.021459913198498
0.021388943028904
0.021316875294063
0.021243951075913
0.021170415889697
0.021096519199986
0.021022513921852
0.020948655908001
0.020875203422714
0.020802416603471
0.020730556911201
0.020659886570102
0.020590667998036
0.020523163228542
0.020457633325529
0.020394337791743
0.020333533972156
0.020275476453432
0.020220416460656
0.020168601252548
0.020120273516392
0.020075670763957
0.020035024729661
0.019998560772312
0.019966497281695
0.019939045091361
0.019916406898926
0.019898776695233
0.019886339203702
0.019879269331215
0.019877731631887
0.019881879785026
0.019891856088630
0.019907790969726
0.019929802512837
0.019957996007870
0.019992463518664
0.020033283473448
0.020080520278388
0.020134223955420
0.020194429805476
0.020261158098232
0.020334413789404
0.020414186266628
0.020500449124876
0.020593159972318
0.020692260267507
0.020797675188669
0.020909313535862
0.021027067666664
0.021150813466032
0.021280410350858
0.021415701309724
0.021556512978242
0.021702655750335
0.021853923925707
0.022010095893675
0.022170934353492
0.022336186571145
0.022505584672608
0.022678845973371
0.022855673344042
0.023035755611702
0.023218767996619
0.023404372583833
0.023592218829062
0.023781944098257
0.023973174240091
0.024165524190549
0.024358598608720
0.024551992542807
0.024745292125299
0.024938075296142
0.025129912552704
0.025320367725234
0.025508998776435
0.025695358623723
0.025878995982657
0.026059456229960
0.026236282284498
0.026409015504527
0.026577196599438
0.026740366554209
0.026898067564702
0.027049843981911
0.027195243263208
0.027333816928630
0.027465121520181
0.027588719562110
0.027704180520124
0.027811081757424
0.027909009485509
0.027997559707602
0.028076339152626
0.028144966197603
0.028203071776382
0.028250300272599
0.028286310394801
0.028310776031676
0.028323387085356
0.028323850280807
0.028311889949323
0.028287248784230
0.028249688566898
0.028198990861251
0.028134957674999
0.028057412085884
0.027966198831293
0.027861184859651
0.027742259842113
0.027609336643093
0.027462351748320
0.027301265649122
0.027126063181801
0.026936753820979
0.026733371925966
0.026515976939221
0.026284653536152
0.026039511725545
0.025780686900053
0.025508339836265
0.025222656643999
0.024923848664556
0.024612152317801
0.024287828898032
0.023951164318742
0.023602468806448
0.023242076543918
0.022870345263217
0.022487655789115
0.022094411533509
0.021691037941627
0.021277981890895
0.020855711043442
0.020424713153355
0.019985495329868
0.019538583257798
0.019084520376623
0.018623867019719
0.018157199515334
0.017685109250998
0.017208201703143
0.016727095433793
0.016242421056265
0.015754820171885
0.015264944279833
0.014773453662237
0.014281016246764
0.013788306448958
0.013296003996666
0.012804792738913
0.012315359441648
0.011828392572810
0.011344581079190
0.010864613157595
0.010389175022847
0.009918949675142
0.009454615669322
0.008996845888610
0.008546306325338
0.008103654871219
0.007669540119658
0.007244600182623
0.006829461524515
0.006424737815501
0.006031028806677
0.005648919229441
0.005278977721345
0.004921755780710
0.004577786752157
0.004247584845192
0.003931644187895
0.003630437917684
0.003344417311047
0.003074010954070
0.002819623955462
0.002581637203731
0.002360406670032
0.002156262758133
0.001969509702833
0.001800425018055
0.001649258995747
0.001516234256586
0.001401545353404
0.001305358428096
0.001227810922693
0.001169011345140
0.001129039090220
0.001107944315913
0.001105747875406
0.001122441304800
0.001157986866478
0.001212317647954
0.001285337715921
0.001376922325069
0.001486918181176
0.001615143757802
0.001761389665837
0.001925419075043
0.002106968186598
0.002305746755561
0.002521438662065
0.002753702529943
0.003002172391405
0.003266458396261
0.003546147564134
0.003840804577976
0.004149972617163
0.004473174228314
0.004809912231958
0.005159670663059
0.005521915743371
0.005896096883518
0.006281647712663
0.006677987133537
0.007084520400603
0.007500640219057
0.007925727862347
0.008359154305851
0.008800281374358
0.009248462900941
0.009703045894825
0.010163371715838
0.010628777253040
0.011098596105103
0.011572159760057
0.012048798772016
0.012527843932517
0.013008627434124
0.013490484024010
0.013972752145225
0.014454775063424
0.014935901976874
0.015415489107587
0.015892900771517
0.016367510425783
0.016838701690961
0.017305869346550
0.017768420297797
0.018225774512118
0.018677365923459
0.019122643303002
0.019561071094703
0.019992130214261
0.020415318810170
0.020830152985629
0.021236167480164
0.021632916309912
0.022019973365617
0.022396932967482
0.022763410376140
0.023119042259069
0.023463487111920
0.023796425634296
0.024117561059647
0.024426619439019
0.024723349878527
0.025007524730500
0.025278939738359
0.025537414135371
0.025782790697548
0.026014935751023
0.026233739134353
0.026439114116279
0.026630997269579
0.026809348301699
0.026974149842996
0.027125407193441
0.027263148028758
0.027387422067037
0.027498300696919
0.027595876568545
0.027680263148516
0.027751594240161
0.027810023470505
0.027855723745342
0.027888886673903
0.027909721964648
0.027918456793741
0.027915335147823
0.027900617142736
0.027874578319863
0.027837508921803
0.027789713149098
0.027731508399763
0.027663224493384
0.027585202881558
0.027497795846451
0.027401365689256
0.027296283910335
0.027182930382821
0.027061692521436
0.026932964448296
0.026797146157412
0.026654642679627
0.026505863249658
0.026351220476918
0.026191129521740
0.026026007278604
0.025856271567920
0.025682340337886
0.025504630877902
0.025323559044946
0.025139538504324
0.024952979986084
0.024764290558403
0.024573872919138
0.024382124706718
0.024189437831478
0.023996197828472
0.023802783232742
0.023609564977975
0.023416905819381
0.023225159781591
0.023034671632293
0.022845776382266
0.022658798812387
0.022474053028148
0.022291842042131
0.022112457384822
0.021936178744103
0.021763273633655
0.021593997090480
0.021428591401656
0.021267285860399
0.021110296551408
0.020957826165461
0.020810063843109
0.020667185047306
0.020529351464729
0.020396710935494
0.020269397410909
0.020147530938890
0.020031217676549
0.019920549929499
0.019815606217289
0.019716451364412
0.019623136616236
0.019535699779194
0.019454165384527
0.019378544874836
0.019308836812662
0.019245027110305
0.019187089280032
0.019134984703830
0.019088662921816
0.019048061938411
0.019013108545350
0.018983718660610
0.018959797682289
0.018941240856504
0.018927933658317
0.018919752184743
0.018916563558840
0.018918226343929
0.018924590966948
0.018935500149981
0.018950789348979
0.018970287198730
0.018993815963103
0.019021191989641
0.019052226167556
0.019086724388223
0.019124488007254
0.019165314307279
0.019208996960560
0.019255326490587
0.019304090731834
0.019355075286852
0.019408063979942
0.019462839306612
0.019519182878112
0.019576875860316
0.019635699406269
0.019695435081744
0.019755865283173
0.019816773647334
0.019877945452245
0.019939168008674
0.020000231041780
0.020060927062365
0.020121051727277
0.020180404188528
0.020238787430716
0.020296008596362
0.020351879298806
0.020406215922344
0.020458839909288
0.020509578033689
