1.301813505704493252e+02
1.306184393561509296e+02
1.310572744510738232e+02
1.315165022685055192e+02
1.320135426025381378e+02
1.325641535628790280e+02
1.331820324292255862e+02
1.338784676660979471e+02
1.346620568823484234e+02
1.355385044680980684e+02
1.365105109654692797e+02
1.375777639199263263e+02
1.387370370333584333e+02
1.399824009435178880e+02
1.413055449625705933e+02
1.426962047269894356e+02
1.441426860792627167e+02
1.456324707851703977e+02
1.471528850802777697e+02
1.486918077472952291e+02
1.502383906764375752e+02
1.517837618822928221e+02
1.533216789651788758e+02
1.548491002169748754e+02
1.563666411553256239e+02
1.578788863575949222e+02
1.593945301336446505e+02
1.609263248347783417e+02
1.624908223795899858e+02
1.641079027378367812e+02
1.658000924163914078e+02
1.675916861165990781e+02
1.695076952791210942e+02
1.715726577293008006e+02
1.738093525570452584e+02
1.762374731497411062e+02
1.788723183756236779e+02
1.817235667398951477e+02
1.847942004115935788e+02
1.880796449378309489e+02
1.915671859365069167e+02
1.952357159541724059e+02
1.990558530365709373e+02
2.029904576287416944e+02
2.069955566525915458e+02
2.110216636656052742e+02
2.150154627452808427e+02
2.189218022015320173e+02
2.226859235564517689e+02
2.262558326881650714e+02
2.295847048665935688e+02
2.326332048061520368e+02
2.353715978749063140e+02
2.377815300606337132e+02
2.398573627313691077e+02
2.416069638045531178e+02
2.430518793992445126e+02
2.442268386847919714e+02
2.451785782969344609e+02
2.459640097786221418e+02
2.466477920547677911e+02
2.472994087200358422e+02
2.479898844935543138e+02
2.487883041398011130e+02
2.497583181781352550e+02
2.509548308248774902e+02
2.524210653338573138e+02
2.541861893618471129e+02
2.562636580823424310e+02
2.586503962457610442e+02
2.613268938499057867e+02
2.642582359950562250e+02
2.673960290474495878e+02
2.706811261909977588e+02
2.740469999224524145e+02
2.774235612173681602e+02
2.807411888909783784e+02
2.839347114507476135e+02
2.869470799462537798e+02
2.897324852631022623e+02
2.922587069071480528e+02
2.945085310287847165e+02
2.964801402114651410e+02
2.981864520116507720e+02
2.996534619157716861e+02
3.009177230879649869e+02
3.020231636007263774e+02
3.030174956601274516e+02
3.039485054275985476e+02
3.048605225904127565e+02
3.057913539102104323e+02
3.067699248530414025e+02
3.078148106916531788e+02
3.089337580629798481e+02
3.101242067277289038e+02
3.113747275308103326e+02
3.126672053464086503e+02
3.139795240224796089e+02
3.152884618689286071e+02
3.165724869520478251e+02
3.178141545170409472e+02
3.190018541230393794e+02
3.201307278732497821e+02
3.212026763917123731e+02
3.222254760080775213e+02
3.232111370863392494e+02
3.241737269877742165e+02
3.251269499486245422e+02
3.260818105849337485e+02
3.270446818525697950e+02
3.280160508429319179e+02
3.289901308301759286e+02
3.299554147901634451e+02
3.308961179437818600e+02
3.317943314938534627e+02
3.326326043012722948e+02
3.333965999115614522e+02
3.340774551351984201e+02
3.346734990040713456e+02
3.351910751949274072e+02
3.356443364089447527e+02
3.360540277385945274e+02
3.364454245899928537e+02
3.368457145256230660e+02
3.372811895431913172e+02
3.377746312885067823e+02
3.383432231499338059e+02
3.389972199060249523e+02
3.397394699483230625e+02
3.405657482017372217e+02
3.414657527937858958e+02
3.424245713784220015e+02
3.434244436890976431e+02
3.444467221497841365e+02
3.454740242469517284e+02
3.464926224562728976e+02
3.474950704524431444e+02
3.484828791892197160e+02
3.494687414926444262e+02
3.504774362650613284e+02
3.515442750105595451e+02
3.527099886924048064e+02
3.540114928298316954e+02
3.554691220507945673e+02
3.570726056140821356e+02
3.587698978176348419e+02
3.604643229902399071e+02
3.620254922454527104e+02
3.633172982310070438e+02
3.642416138735401887e+02
3.647895518230521930e+02
3.650848211592402208e+02
3.653984393615797899e+02
3.661139429172945938e+02
3.676299118294060122e+02
3.702028682520216307e+02
3.737561822811017009e+02
3.777037914899366342e+02
3.808529466835599351e+02
3.814491434431039920e+02
3.774032483045908748e+02
3.666963394382719343e+02
3.479009488236513334e+02
3.207044610547166030e+02
2.862906352084325476e+02
2.474441876468317503e+02
2.082963175652338919e+02
1.737166727476229084e+02
1.484565585599939368e+02
1.362288450013822967e+02
1.389443831316796150e+02
1.562980755225302687e+02
1.858145185240190074e+02
2.233465398606811618e+02
2.639045231816801333e+02
3.026143305529123495e+02
3.355792272240119019e+02
3.604599240081765288e+02
3.766711976572563572e+02
3.851956354707327819e+02
3.881047438720946730e+02
3.879323683897762294e+02
3.870559953709553156e+02
3.872130247941775565e+02
3.892264747343334079e+02
3.929562125604390985e+02
3.974433488421640277e+02
4.011858597897880827e+02
4.024743277316193826e+02
3.997236722701888993e+02
3.917529322160130505e+02
3.779838048342247703e+02
3.585451194280835807e+02
3.342827587735228008e+02
3.066829435604141736e+02
2.777225530968004250e+02
2.496645951958121259e+02
2.248207366873967317e+02
2.053058105231320383e+02
1.928106753856612272e+02
1.884188213064391277e+02
1.924881026761212865e+02
2.046119683841755261e+02
2.236652770676632827e+02
2.479295228978262458e+02
2.752826054665791276e+02
3.034306080335298361e+02
3.301544296038847506e+02
3.535429529268647002e+02
3.721864866062848023e+02
3.853087906132956846e+02
3.928222203869385680e+02
3.952977360302486431e+02
3.938494775090457551e+02
3.899424777492052385e+02
3.851421364129500944e+02
3.808350826456977529e+02
3.779616903497941962e+02
3.768080435929646228e+02
3.769057785658947068e+02
3.770782046805938990e+02
3.756484832826548086e+02
3.707920483585722309e+02
3.609770700115548152e+02
3.454037039264032956e+02
3.243366808024892407e+02
2.992355195308442717e+02
2.726248145384327017e+02
2.477071715665348677e+02
2.277884940446259066e+02
2.156399345862230348e+02
2.129451170366902772e+02
2.199655687219391496e+02
2.355042867513139129e+02
2.571717006281879776e+02
2.818822058799098045e+02
3.064552359267688644e+02
3.281774203303115769e+02
3.452045495592391262e+02
3.567342710179746064e+02
3.629448172961057821e+02
3.647520212816365301e+02
3.634715426782689747e+02
3.604795497532349486e+02
3.569463402425925551e+02
3.536835311897866632e+02
3.511088553008311237e+02
3.493037478735147943e+02
3.481236487205525805e+02
3.473198587214777717e+02
3.466413426685863328e+02
3.458995318708603008e+02
3.449935940573360540e+02
3.439041086868065236e+02
3.426681304635341121e+02
3.413487003070959531e+02
3.400086146930880773e+02
3.386936707107214488e+02
3.374263216654532016e+02
3.362076996296451625e+02
3.350245825864720928e+02
3.338578743384383642e+02
3.326900222062492958e+02
3.315099791678034080e+02
3.303154004846952603e+02
3.291125121204635207e+02
3.279144389708420704e+02
3.267388008573283855e+02
3.256052003860742161e+02
3.245329710018056630e+02
3.235393260049126525e+02
3.226379034991485923e+02
3.218376477378004665e+02
3.211419826910033635e+02
3.205482829593688052e+02
3.200476948045787822e+02
3.196253807581578030e+02
3.192612443964597446e+02
3.189311409703125264e+02
3.186085084355435129e+02
3.182662806347466926e+02
3.178788879494421735e+02
3.174241239521977036e+02
3.168846656004992610e+02
3.162490778777904552e+02
3.155122035367754165e+02
3.146749224236593250e+02
3.137433487489984145e+02
3.127276054931871840e+02
3.116403627360140263e+02
3.104953452338765487e+02
3.093060029937438458e+02
3.080845003780306115e+02
3.068411214721314764e+02
3.055841213624884176e+02
3.043199846711447663e+02
3.030539935594495091e+02
3.017909649685814202e+02
3.005359959373702168e+02
2.992950581706987805e+02
2.980753073065812373e+02
2.968850145668722007e+02
2.957330827136191829e+02
2.946281673774175260e+02
2.935774815574202989e+02
2.925854087234359326e+02
2.916520831240366078e+02
2.907721111069214430e+02
2.899336030805181963e+02
2.891176629063146493e+02
2.882984426499092478e+02
2.874438199141555970e+02
2.865166976377895480e+02
2.854768679310368498e+02
2.842833277807405352e+02
2.828968901978444137e+02
2.812829034465836457e+02
2.794138758841622803e+02
2.772718056525225165e+02
2.748500325039807990e+02
2.721544615495549806e+02
2.692040527088606154e+02
2.660305213253442389e+02
2.626772505603522632e+02
2.591974704935420846e+02
2.556518083121664517e+02
2.521053551199141793e+02
2.486244250930581074e+02
2.452732002639160100e+02
2.421104584370580710e+02
2.391865729508694471e+02
2.365409523913235716e+02
2.342000578956865979e+02
2.321760978512222948e+02
2.304664574311921399e+02
2.290538764630087485e+02
2.279073464393024722e+02
2.269836586286972420e+02
2.262295023573690855e+02
2.255839872196980309e+02
2.249814462489615607e+02
2.243543693431835493e+02
2.236363173239729178e+02
2.227646762175232880e+02
2.216831275692283612e+02
2.203437323986989327e+02
2.187085521290240990e+02
2.167507577556988849e+02
2.144552069543913149e+02
2.118184961828233668e+02
2.088485197332022949e+02
2.055635890225598246e+02
2.019911823531608377e+02
1.981664074334208863e+02
1.941302659322820432e+02
1.899278113471945630e+02
1.856062888520617662e+02
1.812133391189162808e+02
1.767953380932203231e+02
1.723959321652199890e+02
1.680548139822854523e+02
1.638067691484783381e+02
1.596810090674613605e+02
1.557007909273752944e+02
1.518833129122168657e+02
1.482398616325638159e+02
1.447761798371975033e+02
1.414930158923739896e+02
1.383868123579727296e+02
1.354504891876746910e+02
1.326742774665473235e+02
1.300465619220564122e+02
1.275546943890868477e+02
1.251857456215242479e+02
1.229271689494246544e+02
1.207673559103729701e+02
1.186960707836368272e+02
1.167047576064037031e+02
1.147867194767113119e+02
1.129371755226473226e+02
1.111532056720715218e+02
1.094335971775292933e+02
1.077786096773923816e+02
1.061896773969283458e+02
1.046690679466493350e+02
1.032195171319003890e+02
1.018438583487020708e+02
1.005446636292608531e+02
9.932391135269767801e+01
9.818269319475930956e+01
9.712097019617597482e+01
9.613738501788998292e+01
9.522913464625119673e+01
9.439190512109800579e+01
9.361986737554579463e+01
9.290573107046168388e+01
9.224085143174073664e+01
9.161538258832023018e+01
9.101846977913960757e+01
9.043847204752137259e+01
