0.008382544456956
0.008415877802680
0.008445690608334
0.008471839452550
0.008494158645558
0.008512464041043
0.008526559539377
0.008536245691445
0.008541329638500
0.008541635520117
0.008537014457790
0.008527353277599
0.008512581265775
0.008492674443252
0.008467657081237
0.008437600437156
0.008402618945136
0.008362864323566
0.008318518243183
0.008269784315801
0.008216880205621
0.008160030628382
0.008099461892302
0.008035398459550
0.007968061784719
0.007897671438826
0.007824448277494
0.007748619184258
0.007670422736643
0.007590115021745
0.007507974782108
0.007424307107120
0.007339444998161
0.007253748318051
0.007167599871289
0.007081398630365
0.006995550400893
0.006910456479321
0.006826501077482
0.006744038447360
0.006663380721719
0.006584787482513
0.006508457977631
0.006434526733596
0.006363063070253
0.006294074732477
0.006227515536997
0.006163296615541
0.006101300544886
0.006041397414320
0.005983461711768
0.005927388825928
0.005873109970944
0.005820604442449
0.005769908301819
0.005721118844793
0.005674394521026
0.005629950308331
0.005588048882908
0.005548988238208
0.005513086665860
0.005480666202037
0.005452035746949
0.005427475076155
0.005407220879438
0.005391455793218
0.005380301149582
0.005373813868458
0.005371987592993
0.005374757837426
0.005382010608030
0.005393593694860
0.005409329635720
0.005429029238874
0.005452504526029
0.005479580023420
0.005510101480492
0.005543941320010
0.005581000402207
0.005621205996116
0.005664506168659
0.005710861100899
0.005760232097415
0.005812569248546
0.005867798821254
0.005925811483393
0.005986452406413
0.006049514147949
0.006114733000144
0.006181789219350
0.006250311249712
0.006319883741358
0.006390058868192
0.006460370194103
0.006530348139733
0.006599535980198
0.006667505266317
0.006733869610549
0.006798295909422
0.006860512275742
0.006920312209819
0.006977554828494
0.007032161270697
0.007084107684627
0.007133415451975
0.007180139499296
0.007224355670891
0.007266148182399
0.007305598137046
0.007342773971229
0.007377724513117
0.007410475102751
0.007441026954424
0.007469359663935
0.007495436497325
0.007519211865497
0.007540640209169
0.007559685405336
0.007576329768429
0.007590581759537
0.007602481631665
0.007612104418645
0.007619559905191
0.007624989477245
0.007628560023910
0.007630455323190
0.007630865572291
0.007629975901021
0.007627954819249
0.007624943586939
0.007621047454234
0.007616329601620
0.007610808424497
0.007604458565706
0.007597215821300
0.007588985749431
0.007579655521447
0.007569108289805
0.007557239128950
0.007543971449575
0.007529272705900
0.007513168216702
0.007495752005086
0.007477193724732
0.007457740971457
0.007437716563477
0.007417510692929
0.007397568183908
0.007378371416169
0.007360419766943
0.007344206666283
0.007330195537352
0.007318795989984
0.007310341646742
0.007305070904195
0.007303111772770
0.007304471706028
0.007309033039329
0.007316554326931
0.007326677516729
0.007338940555315
0.007352794694911
0.007367625498420
0.007382776326814
0.007397572957732
0.007411347934043
0.007423463279201
0.007433330340047
0.007440425719163
0.007444302525145
0.007444596483160
0.007441026789962
0.007433391945354
0.007421561123867
0.007405461945073
0.007385065739779
0.007360371576973
0.007331390402189
0.007298130635988
0.007260586491337
0.007218730095812
0.007172508259054
0.007121844422326
0.007066645983705
0.007006816829950
0.006942274546401
0.006872971441089
0.006798918228929
0.006720208994202
0.006637045898568
0.006549762037259
0.006458840872443
0.006364930789505
0.006268853523310
0.006171605476787
0.006074351288702
0.005978409383187
0.005885229630174
0.005796363642113
0.005713428606943
0.005638065890547
0.005571895916453
0.005516471032306
0.005473228191858
0.005443443312559
0.005428189111703
0.005428298082894
0.005444332057674
0.005476559517125
0.005524941490335
0.005589126518357
0.005668454792196
0.005761971209896
0.005868446758470
0.005986407326678
0.006114168807231
0.006249877161268
0.006391551999488
0.006537132184854
0.006684521979270
0.006831636335416
0.006976444066532
0.007117007800487
0.007251519827522
0.007378333170645
0.007495987430719
0.007603229172992
0.007699026817708
0.007782580166449
0.007853324832300
0.007910931943055
0.007955303552241
0.007986564225280
0.008005049272009
0.008011290078411
0.008005996956916
0.007990039893621
0.007964427529759
0.007930284680033
0.007888828667299
0.007841344744799
0.007789160885085
0.007733622238235
0.007676065598232
0.007617794261139
0.007560053706222
0.007504008575048
0.007450721457061
0.007401134006930
0.007356050913607
0.007316127209566
0.007281859348818
0.007253580393954
0.007231459537499
0.007215506045416
0.007205577556568
0.007201392508721
0.007202546297797
0.007208530621497
0.007218755320043
0.007232571913848
0.007249297957530
0.007268241287177
0.007288723236564
0.007310099939295
0.007331780916434
0.007353244269697
0.007374047953212
0.007393836775071
0.007412344974747
0.007429394424532
0.007444888702708
0.007458803473401
0.007471173774154
0.007482078949069
0.007491626066561
0.007499932721563
0.007507110139605
0.007513247473900
0.007518398117658
0.007522568745651
0.007525711656628
0.007527720818217
0.007528431826352
0.007527625790886
0.007525036957291
0.007520363680753
0.007513282192800
0.007503462450503
0.007490585241780
0.007474359643639
0.007454539897663
0.007430940781219
0.007403450614045
0.007372041146042
0.007336773719258
0.007297801278624
0.007255366013986
0.007209792640342
0.007161477552867
0.007110874316718
0.007058476156602
0.007004796286586
0.006950347056175
0.006895618975865
0.006841060717924
0.006787061162567
0.006733934475446
0.006681909062222
0.006631121055900
0.006581612761413
0.006533336221313
0.006486161789952
0.006439891326202
0.006394275352251
0.006349033293470
0.006303875725924
0.006258527425656
0.006212749946569
0.006166362457062
0.006119259641174
0.006071425615284
0.006022943019594
0.005973996704021
0.005924871726801
0.005875945704175
0.005827675872852
0.005780581534323
0.005735222823176
0.005692176963370
0.005652013333031
0.005615268739055
0.005582424301872
0.005553885266680
0.005529964894423
0.005510873352356
0.005496712233639
0.005487475004839
0.005483053329421
0.005483248865331
0.005487789807264
0.005496351159402
0.005508577500285
0.005524106852360
0.005542594204245
0.005563733258522
0.005587275090605
0.005613042598337
0.005640939885439
0.005670956038410
0.005703163105915
0.005737708450230
0.005774801988817
0.005814699158573
0.005857680695702
0.005904030513926
0.005954013071046
0.006007851632032
0.006065708765284
0.006127670252497
0.006193733362460
0.006263800150675
0.006337676119127
0.006415074225780
0.006495623894108
0.006578884361601
0.006664361442886
0.006751526584753
0.006839836969438
0.006928755385825
0.007017768637278
0.007106403384811
0.007194238525426
0.007280913462764
0.007366131922443
0.007449661276626
0.007531327649956
0.007611007360689
0.007688615487790
0.007764092531180
0.007837390236973
0.007908457686468
0.007977228696263
0.008043611452150
0.008107481111640
0.008168675873328
0.008226996743754
0.008282210953448
0.008334058703797
0.008382262684526
0.008426539605014
0.008466612844949
0.008502225260170
0.008533151182131
0.008559206723151
0.008580257638252
0.008596224187118
0.008607082671741
0.008612863579387
0.008613646517552
0.008609552368854
