0.005590644717495
0.005563211569017
0.005539140334263
0.005518713988559
0.005502185569644
0.005489764383531
0.005481605099820
0.005477800312829
0.005478376901865
0.005483296265339
0.005492458246916
0.005505708334505
0.005522847510097
0.005543643973124
0.005567845861574
0.005595194058938
0.005625434202337
0.005658327094542
0.005693656862884
0.005731236390376
0.005770909755266
0.005812551639494
0.005856063888145
0.005901369605518
0.005948405344873
0.005997112076694
0.006047425696187
0.006099267850122
0.006152537825631
0.006207106152822
0.006262810436281
0.006319453758489
0.006376805803562
0.006434606647186
0.006492572962775
0.006550406218962
0.006607802301881
0.006664461897288
0.006720100918742
0.006774460271974
0.006827314300876
0.006878477362673
0.006927808120507
0.006975211309988
0.007020636919496
0.007064076908418
0.007105559759511
0.007145143308693
0.007182906407363
0.007218940041118
0.007253338550217
0.007286191570367
0.007317577240373
0.007347557111940
0.007376173055311
0.007403446293702
0.007429378531814
0.007453954981740
0.007477148945453
0.007498927497196
0.007519257729871
0.007538112992477
0.007555478553038
0.007571356172406
0.007585767164743
0.007598753643328
0.007610377796490
0.007620719197062
0.007629870308083
0.007637930496006
0.007644998989461
0.007651167317514
0.007656511819181
0.007661086831322
0.007664919133407
0.007668004156493
0.007670304354499
0.007671749995453
0.007672242467960
0.007671660024341
0.007669865708231
0.007666717052554
0.007662076994695
0.007655825349082
0.007647870111006
0.007638157844609
0.007626682435087
0.007613491559672
0.007598690350339
0.007582441877063
0.007564964264720
0.007546524458680
0.007527428861228
0.007508011260434
0.007488618652115
0.007469595702293
0.007451268702166
0.007433929922298
0.007417823273030
0.007403132122669
0.007389970016110
0.007378374879902
0.007368307104201
0.007359651669228
0.007352224247173
0.007345780974753
0.007340031371603
0.007334653689544
0.007329311829820
0.007323672869538
0.007317424201153
0.007310289312947
0.007302041322663
0.007292513515841
0.007281606326143
0.007269290415305
0.007255605751234
0.007240656828677
0.007224604412240
0.007207654391052
0.007190044505056
0.007172029823818
0.007153867922765
0.007135804705054
0.007118061760474
0.007100826039892
0.007084242462852
0.007068409877663
0.007053380570831
0.007039163290305
0.007025729519596
0.007013022531462
0.007000968573376
0.006989489402796
0.006978515306104
0.006967997705270
0.006957920481973
0.006948309227582
0.006939237753691
0.006930831363524
0.006923266579205
0.006916767231814
0.006911597037750
0.006908048993730
0.006906432111839
0.006907056174942
0.006910215312888
0.006916171274817
0.006925137298913
0.006937263456933
0.006952624278534
0.006971209344066
0.006992917380573
0.007017554212856
0.007044834719528
0.007074388734018
0.007105770623806
0.007138472088930
0.007171937553386
0.007205581389489
0.007238806122814
0.007271020719000
0.007301658056155
0.007330190737567
0.007356144496400
0.007379108581583
0.007398742684802
0.007414780162936
0.007427027517796
0.007435360304117
0.007439715835929
0.007440083239592
0.007436491549219
0.007428996648662
0.007417667927871
0.007402575536797
0.007383779086307
0.007361318564714
0.007335208115097
0.007305433159093
0.007271951166127
0.007234696162794
0.007193586866220
0.007148538118478
0.007099475107192
0.007046349689851
0.006989158004482
0.006927958453638
0.006862889096849
0.006794183481088
0.006722183979708
0.006647351795881
0.006570272912773
0.006491659434075
0.006412345947712
0.006333280754330
0.006255512021352
0.006180169143338
0.006108439800384
0.006041543399147
0.005980701746993
0.005927107941362
0.005881894547544
0.005846102184376
0.005820649636379
0.005806306562494
0.005803669777563
0.005813143947297
0.005834927366862
0.005869003295191
0.005915137101252
0.005972879254955
0.006041573974967
0.006120373138943
0.006208254878370
0.006304046128767
0.006406448292896
0.006514065104315
0.006625431752674
0.006739044349980
0.006853388875096
0.006966968826617
0.007078330934315
0.007186088418089
0.007288941431114
0.007385694471530
0.007475270685603
0.007556723107430
0.007629242980123
0.007692165377322
0.007744972390222
0.007787294164834
0.007818908069533
0.007839736248306
0.007849841776137
0.007849423585623
0.007838810284479
0.007818452937904
0.007788916852543
0.007750872373770
0.007705084697192
0.007652402699320
0.007593746810153
0.007530095979910
0.007462473829886
0.007391934119663
0.007319545705444
0.007246377203254
0.007173481602604
0.007101881098473
0.007032552420265
0.006966412935300
0.006904307791686
0.006846998342486
0.006795152061861
0.006749334126920
0.006710000798825
0.006677494696015
0.006652042013242
0.006633751704354
0.006622616615306
0.006618516527185
0.006621223046808
0.006630406263707
0.006645643075890
0.006666427071008
0.006692179832877
0.006722263524365
0.006755994575274
0.006792658277564
0.006831524060154
0.006871861182334
0.006912954550091
0.006954120325405
0.006994720967611
0.007034179321123
0.007071991348533
0.007107737105319
0.007141089565098
0.007171820934710
0.007199806147905
0.007225023295523
0.007247550838063
0.007267561551423
0.007285313275114
0.007301136659820
0.007315420242232
0.007328593303030
0.007341107081810
0.007353415023401
0.007365952806566
0.007379118952437
0.007393256821327
0.007408638779605
0.007425453251941
0.007443795269429
0.007463660984331
0.007484946453048
0.007507450798292
0.007530883658584
0.007554876628947
0.007578998202059
0.007602771545276
0.007625694306040
0.007647259534820
0.007666976757475
0.007684392221501
0.007699107384063
0.007710794801817
0.007719210718198
0.007724203815436
0.007725719796207
0.007723801672096
0.007718585850954
0.007710294320620
0.007699223411139
0.007685729771724
0.007670214314777
0.007653104951985
0.007634838974661
0.007615845912394
0.007596531643807
0.007577264436106
0.007558363463367
0.007540090205446
0.007522642969257
0.007506154610890
0.007490693379380
0.007476266658387
0.007462827256930
0.007450281799317
0.007438500690474
0.007427329087480
0.007416598290998
0.007406136980104
0.007395781748294
0.007385386453890
0.007374829971142
0.007364022014961
0.007352906808591
0.007341464465735
0.007329710062986
0.007317690481577
0.007305479196008
0.007293169278237
0.007280864966795
0.007268672217842
0.007256688707293
0.007244993787431
0.007233638916089
0.007222639069948
0.007211965624996
0.007201541136585
0.007191236379597
0.007180869917648
0.007170210362000
0.007158981359482
0.007146869219296
0.007133532956550
0.007118616401959
0.007101761909026
0.007082625088491
0.007060889921253
0.007036283550525
0.007008590036069
0.006977662370727
0.006943432113191
0.006905916080378
0.006865219664948
0.006821536493926
0.006775144316340
0.006726397193329
0.006675714253911
0.006623565463564
0.006570455020662
0.006516903137650
0.006463427070784
0.006410522326653
0.006358644990189
0.006308196084485
0.006259508787148
0.006212839193994
0.006168361144190
0.006126165410029
0.006086263320139
0.006048594639860
0.006013039290680
0.005979432266279
0.005947580909747
0.005917283567418
0.005888348539715
0.005860612215840
0.005833955310826
0.005808316220339
0.005783700666427
0.005760187018211
0.005737926923422
0.005717141165350
0.005698110948332
0.005681165095807
0.005666663900440
