0.002830419996987
0.002829634078193
0.002828575651743
0.002827296280450
0.002825860280969
0.002824341385081
0.002822818843798
0.002821373180287
0.002820081819229
0.002819014829740
0.002818231015601
0.002817774570462
0.002817672487482
0.002817932874053
0.002818544274753
0.002819476051990
0.002820679816795
0.002822091844906
0.002823636358854
0.002825229508099
0.002826783839210
0.002828213018769
0.002829436554987
0.002830384260846
0.002831000212409
0.002831245980243
0.002831102948603
0.002830573584217
0.002829681571865
0.002828470794430
0.002827003197660
0.002825355640978
0.002823615892166
0.002821877972327
0.002820237095653
0.002818784473803
0.002817602265783
0.002816758950122
0.002816305377111
0.002816271725502
0.002816665542164
0.002817470986953
0.002818649341413
0.002820140772214
0.002821867272078
0.002823736635964
0.002825647272074
0.002827493599058
0.002829171745286
0.002830585245477
0.002831650425449
0.002832301177968
0.002832492861035
0.002832205093315
0.002831443277525
0.002830238748771
0.002828647517528
0.002826747652436
0.002824635422331
0.002822420385859
0.002820219676935
0.002818151781783
0.002816330135596
0.002814856882002
0.002813817135490
0.002813274065466
0.002813265081727
0.002813799346476
0.002814856770346
0.002816388572662
0.002818319403240
0.002820550938900
0.002822966786911
0.002825438454243
0.002827832079863
0.002830015580802
0.002831865834174
0.002833275508521
0.002834159169666
0.002834458318346
0.002834145068020
0.002833224238847
0.002831733724790
0.002829743080878
0.002827350372259
0.002824677420907
0.002821863674508
0.002819059000455
0.002816415771603
0.002814080655702
0.002812186544647
0.002810845060962
0.002810140056925
0.002810122477000
0.002810806888849
0.002812169905086
0.002814150621262
0.002816653090176
0.002819550743884
0.002822692568530
0.002825910738932
0.002829029335208
0.002831873697391
0.002834279929816
0.002836104047967
0.002837230268004
0.002837577973439
0.002837106953359
0.002835820589394
0.002833766770600
0.002831036431522
0.002827759733110
0.002824100032484
0.002820245909219
0.002816401626152
0.002812776495755
0.002809573693430
0.002806979102450
0.002805150788700
0.002804209685459
0.002804232019312
0.002805243929748
0.002807218630417
0.002810076334252
0.002813687023775
0.002817875998923
0.002822431985196
0.002827117442835
0.002831680590565
0.002835868552400
0.002839440959189
0.002842183292735
0.002843919252780
0.002844521457213
0.002843919853125
0.002842107318325
0.002839142065309
0.002835146616447
0.002830303292853
0.002824846341470
0.002819051006081
0.002813220018809
0.002807668139949
0.002802705497140
0.002798620562746
0.002795663654984
0.002794031850226
0.002793856149233
0.002795191649736
0.002798011344801
0.002802203996241
0.002807576332418
0.002813859599440
0.002820720264557
0.002827774442087
0.002834605397192
0.002840783292910
0.002845886191779
0.002849521214336
0.002851344700338
0.002851080219539
0.002848533339782
0.002843602180356
0.002836282954558
0.002826669930683
0.002814949506193
0.002801388384008
0.002786316149464
0.002770102856788
0.002753132529726
0.002735773746999
0.002718348705269
0.002701102317304
0.002684173000569
0.002667566833536
0.002651136699097
0.002634567895535
0.002617371478319
0.002598886307039
0.002578290421284
0.002554621970419
0.002526809491368
0.002493710883686
0.002454159992178
0.002407019294015
0.002351236819563
0.002285905132196
0.002210319968605
0.002124036010710
0.002026917232842
0.001919179348909
0.001801422074565
0.001674649215161
0.001540274982930
0.001400115423346
0.001256364373963
0.001111553968739
0.000968500313937
0.000830235573424
0.000699928286165
0.000580794272078
0.000476000940616
0.000388568178595
0.000321269242436
0.000276535201913
0.000256366469440
0.000262254798061
0.000295118845261
0.000355255986878
0.000442312539335
0.000555273927737
0.000692475644670
0.000851635105871
0.001029903752511
0.001223938005043
0.001429986969737
0.001643994164247
0.001861709988303
0.002078811242212
0.002291023706688
0.002494243655227
0.002684654181355
0.002858832388233
0.003013843801796
0.003147320819227
0.003257522575345
0.003343374278356
0.003404484807886
0.003441142153375
0.003454287069552
0.003445466106758
0.003416765907286
0.003370731316377
0.003310270413056
0.003238550000613
0.003158885393284
0.003074628484211
0.002989058075604
0.002905276297060
0.002826114639828
0.002754052707017
0.002691152240679
0.002639008359233
0.002598719248716
0.002570874827160
0.002555564172170
0.002552400796506
0.002560564202689
0.002578855570534
0.002605764952416
0.002639546987318
0.002678301908316
0.002720058515897
0.002762855822435
0.002804820236743
0.002844235442087
0.002879602511784
0.002909688284873
0.002933560568314
0.002950609317750
0.002960553550600
0.002963434337776
0.002959594779270
0.002949648371770
0.002934437603930
0.002914984951178
0.002892438675443
0.002868015959192
0.002842945915743
0.002818414921738
0.002795516520615
0.002775207859281
0.002758274259413
0.002745303107594
0.002736667795026
0.002732521968497
0.002732803890879
0.002737250271599
0.002745418533915
0.002756716152151
0.002770435431287
0.002785791922504
0.002801964576797
0.002818135735736
0.002833529141082
0.002847444306707
0.002859285827161
0.002868586484564
0.002875023344292
0.002878426383926
0.002878779562037
0.002876214586823
0.002870997973450
0.002863512268800
0.002854232561202
0.002843699571198
0.002832490731148
0.002821190703590
0.002810362760994
0.002800522356399
0.002792114061994
0.002785492849941
0.002780910447925
0.002778507233590
0.002778309850791
0.002780234450140
0.002784095189891
0.002789617393107
0.002796454553773
0.002804208226702
0.002812449729764
0.002820742535751
0.002828664235704
0.002835827013977
0.002841895683099
0.002846602477062
0.002849757986347
0.002851257826842
0.002851084857066
0.002849306982465
0.002846070801132
0.002841591541839
0.002836139913721
0.002830026619947
0.002823585379750
0.002817155350920
0.002811063847254
0.002805610203644
0.002801051558775
0.002797591207017
0.002795370023872
0.002794461301290
0.002794869149261
0.002796530437435
0.002799320074333
0.002803059260503
0.002807526213350
0.002812468751606
0.002817618051261
0.002822702845047
0.002827463335403
0.002831664125279
0.002835105539600
0.002837632808294
0.002839142703956
0.002839587366643
0.002838975197592
0.002837368855093
0.002834880531667
0.002831664824853
0.002827909627969
0.002823825556900
0.002819634490244
0.002815557830770
0.002811805095164
0.002808563407269
0.002805988409904
0.002804197025412
0.002803262390350
0.002803211170895
0.002804023338965
0.002805634361330
0.002807939631673
0.002810800864661
0.002814054077107
0.002817518708562
0.002821007385431
0.002824335810916
0.002827332268273
0.002829846256151
0.002831755830052
0.002832973299872
0.002833449025700
0.002833173157543
0.002832175273883
0.002830521983181
0.002828312656157
0.002825673549504
0.002822750659280
0.002819701700786
0.002816687648632
0.002813864284570
0.002811374191131
0.002809339597193
0.002807856429366
0.002806989853592
0.002806771508546
0.002807198540787
0.002808234456078
0.002809811706833
0.002811835847121
0.002814191008550
0.002816746386470
0.002819363379339
0.002821902996878
0.002824233145857
0.002826235415990
0.002827811021357
0.002828885603089
0.002829412663657
0.002829375478553
