0.004036183802327
0.004038805514453
0.004039394991447
0.004037884968001
0.004034382091988
0.004029159235256
0.004022633963955
0.004015334889600
0.004007858634170
0.004000820930486
0.003994805877222
0.003990317534264
0.003987737864543
0.003987294517343
0.003989041147302
0.003992851938766
0.003998430841201
0.004005334813826
0.004013009225940
0.004020832558216
0.004028166781852
0.004034409319810
0.004039042356169
0.004041675467043
0.004042078082385
0.004040199108539
0.004036172079362
0.004030305374723
0.004023058253790
0.004015004598864
0.004006787260679
0.003999066657874
0.003992467750777
0.003987529645480
0.003984661878184
0.003984110899197
0.003985939463813
0.003990020609338
0.003996046736051
0.004003553108004
0.004011953942717
0.004020588258113
0.004028771869260
0.004035851437539
0.004041256308685
0.004044544045973
0.004045436056617
0.004043840483666
0.004039860531126
0.004033787528266
0.004026079231033
0.004017325011110
0.004008200607064
0.003999415927855
0.003991659944160
0.003985546935626
0.003981568265072
0.003980053431682
0.003981143447055
0.003984778635386
0.003990701854384
0.003998476951621
0.004007521101972
0.004017148604973
0.004026622837337
0.004035212422843
0.004042247347273
0.004047170735680
0.004049582323835
0.004049270271882
0.004046228839635
0.004040660504399
0.004032962273814
0.004023697140171
0.004013552749168
0.004003290330403
0.003993687685623
0.003985480497051
0.003979306366410
0.003975655813347
0.003974833962505
0.003976935867634
0.003981837416235
0.003989202603457
0.003998506744697
0.004009074003409
0.004020126532629
0.004030841646679
0.004040412819509
0.004048109995642
0.004053334722872
0.004055665972595
0.004054893178848
0.004051033952837
0.004044335048517
0.004035256384713
0.004024439179746
0.004012660433395
0.004000777010863
0.003989663368360
0.003980147451414
0.003972949457573
0.003968627972067
0.003967537470418
0.003969800372723
0.003975295788868
0.003983665888096
0.003994339547962
0.004006571679883
0.004019495482929
0.004032183927848
0.004043716088658
0.004053243569677
0.004060052248383
0.004063614871371
0.004063630679065
0.004060049148833
0.004053076070135
0.004043161418510
0.004030969788087
0.004017335382566
0.004003204664110
0.003989570640696
0.003977403373128
0.003967581561513
0.003960830008566
0.003957667359150
0.003958367810450
0.003962939525551
0.003971121332232
0.003982398029098
0.003996033339897
0.004011118342227
0.004026632131820
0.004041510640297
0.004054718959146
0.004065322273012
0.004072550586548
0.004075852834511
0.004074936665820
0.004069791141033
0.004060690715066
0.004048180117209
0.004033041006259
0.004016242486622
0.003998878642362
0.003982097110954
0.003967023321100
0.003954685320886
0.003945944105014
0.003941434014298
0.003941517149224
0.003946254852735
0.003955398232223
0.003968398476208
0.003984436454174
0.004002469848885
0.004021294937208
0.004039619179711
0.004056140061287
0.004069625190370
0.004078988540887
0.004083357917617
0.004082129231031
0.004075003951893
0.004062007131622
0.004043484560174
0.004020078916897
0.003992686073487
0.003962393952327
0.003930407452259
0.003897963859562
0.003866243809044
0.003836283208819
0.003808891570760
0.003784581894011
0.003763516648230
0.003745473531241
0.003729833583679
0.003715592994763
0.003701398601453
0.003685605745026
0.003666355881670
0.003641670219036
0.003609554731978
0.003568111248119
0.003515648922337
0.003450790356186
0.003372566863304
0.003280497917023
0.003174650607688
0.003055675937082
0.002924819927731
0.002783908761000
0.002635308412287
0.002481860457854
0.002326796824668
0.002173637188901
0.002026073458260
0.001887846268730
0.001762618671889
0.001653852183135
0.001564690115415
0.001497852661044
0.001455547539132
0.001439399239060
0.001450399006878
0.001488876789171
0.001554495414860
0.001646266403426
0.001762585976956
0.001901289155080
0.002059719250207
0.002234809670867
0.002423174690156
0.002621205742462
0.002825169865733
0.003031307092766
0.003235923892417
0.003435480145903
0.003626667587729
0.003806478118215
0.003972260878960
0.004121767449861
0.004253184956197
0.004365157250437
0.004456794644610
0.004527672909076
0.004577822421487
0.004607708449440
0.004618203590063
0.004610553381188
0.004586336055812
0.004547417349696
0.004495901206265
0.004434077167618
0.004364365206951
0.004289258754226
0.004211266697610
0.004132855207462
0.004056390322475
0.003984082349307
0.003917933244734
0.003859688256952
0.003810793183053
0.003772358635461
0.003745132685663
0.003729483156060
0.003725390651972
0.003732453162797
0.003749902717354
0.003776634163231
0.003811245669418
0.003852090047282
0.003897335472827
0.003945033702283
0.003993193433258
0.004039856104355
0.004083171173575
0.004121467791782
0.004153319807264
0.004177601208742
0.004193529436253
0.004200694452667
0.004199072055173
0.004189020590116
0.004171260983996
0.004146840781249
0.004117083646109
0.004083526501154
0.004047847100716
0.004011785338620
0.003977061937979
0.003945298344913
0.003917941635546
0.003896198043638
0.003880978331490
0.003872857675922
0.003872052049232
0.003878412275162
0.003891436070857
0.003910297490732
0.003933892312228
0.003960897091448
0.003989838911158
0.004019172282258
0.004047359273716
0.004072948757671
0.004094650679053
0.004111401494615
0.004122417366253
0.004127232317896
0.004125719344434
0.004118093356141
0.004104895806980
0.004086961839235
0.004065371726937
0.004041389264086
0.004016390471601
0.003991786546649
0.003968945315697
0.003949115555888
0.003933358408373
0.003922489726155
0.003917036595968
0.003917210479938
0.003922898481608
0.003933673205031
0.003948820604406
0.003967384177790
0.003988222903737
0.004010079512066
0.004031655068916
0.004051685480485
0.004069015403893
0.004082665206711
0.004091887031528
0.004096206675158
0.004095448845265
0.004089744359459
0.004079518942551
0.004065464390250
0.004048493933822
0.004029684594497
0.004010210099614
0.003991268496185
0.003974008906666
0.003959461907074
0.003948477767101
0.003941676290477
0.003939411263012
0.003941751601001
0.003948480251219
0.003959110790346
0.003972920575218
0.003988998273790
0.004006302723695
0.004023729375250
0.004040180121426
0.004054632126287
0.004066201347147
0.004074196798364
0.004078162203755
0.004077902492208
0.004073493556309
0.004065274756026
0.004053824741985
0.004039922226879
0.004024494282799
0.004008555526842
0.003993142127578
0.003979244884520
0.003967745681034
0.003959361384549
0.003954598780408
0.003953723407612
0.003956744261524
0.003963415297728
0.003973253578632
0.003985572820620
0.003999530094849
0.004014182575035
0.004028550567543
0.004041682647062
0.004052718583419
0.004060945892286
0.004065846266506
0.004067128818893
0.004064747948155
0.004058904669244
0.004050031359806
0.004038760990999
0.004025882958511
0.004012288536569
0.003998909681761
0.003986655365377
0.003976349780560
0.003968676640850
0.003964133367282
0.003962998279601
0.003965313009503
0.003970881301410
0.003979284231789
0.003989910740175
0.004002001303335
0.004014701672947
0.004027122901001
0.004038403445296
0.004047769010749
0.004054585950826
0.004058404515745
0.004058988957648
0.004056332436642
0.004050655749233
0.004042390045676
0.004032144833718
0.004020663602629
0.004008770269588
0.003997310288723
0.003987090626286
0.003978822868138
