0.007138164400642
0.007319750665847
0.007488335643010
0.007643973646666
0.007786943114724
0.007917707820198
0.008036873532228
0.008145141919907
0.008243263631925
0.008331992539482
0.008412043093131
0.008484052614687
0.008548550126612
0.008605933022130
0.008656452513061
0.008700208376584
0.008737153077553
0.008767104892311
0.008789769226661
0.008804766927371
0.008811668054110
0.008810029324182
0.008799433278812
0.008779527154779
0.008750059480893
0.008710912551759
0.008662129152437
0.008603932203414
0.008536736348494
0.008461150898809
0.008377973953209
0.008288177917742
0.008192887025368
0.008093347794277
0.007990893645750
0.007886905120377
0.007782767279334
0.007679825953463
0.007579344509385
0.007482462743909
0.007390159402940
0.007303219657994
0.007222208671694
0.007147452153039
0.007079024552659
0.007016745286019
0.006960183105838
0.006908668480309
0.006861313576736
0.006817039206620
0.006774607863422
0.006732661784091
0.006689764796163
0.006644446580288
0.006595247889977
0.006540765232270
0.006479693529919
0.006410865360792
0.006333285504287
0.006246159715261
0.006148916887513
0.006041224051713
0.005922993964001
0.005794385365488
0.005655796311883
0.005507851267745
0.005351382913474
0.005187409808824
0.005017111181661
0.004841800156372
0.004662896699654
0.004481901444915
0.004300371368440
0.004119898044413
0.003942088919613
0.003768551742943
0.003600881982332
0.003440652784065
0.003289406797506
0.003148649018622
0.003019839710892
0.002904386449263
0.002803634402820
0.002718854120183
0.002651226298179
0.002601823284472
0.002571587370504
0.002561306251891
0.002571586348431
0.002602824964318
0.002655182512502
0.002728556209148
0.002822556752709
0.002936489528929
0.003069341824521
0.003219777389137
0.003386139462717
0.003566463092549
0.003758497213963
0.003959736576121
0.004167463177341
0.004378796451955
0.004590751042484
0.004800300616276
0.005004445863152
0.005200284556480
0.005385081388381
0.005556335210862
0.005711841335158
0.005849746663373
0.005968595647013
0.006067365378480
0.006145488511883
0.006202863162043
0.006239849425297
0.006257252679959
0.006256294333987
0.006238571168193
0.006206004852153
0.006160783566120
0.006105297928887
0.006042073596452
0.005973702952771
0.005902778261072
0.005831828487148
0.005763261755449
0.005699315070210
0.005642012546670
0.005593132973826
0.005554187093376
0.005526404552706
0.005510730094470
0.005507828200088
0.005518095124073
0.005541677050469
0.005578492976838
0.005628260884950
0.005690525785720
0.005764688319798
0.005850032742238
0.005945753305212
0.006050978261309
0.006164790926143
0.006286247448802
0.006414391130326
0.006548263295111
0.006686910852512
0.006829390784197
0.006974771858352
0.007122133909238
0.007270565036166
0.007419157077785
0.007566999713595
0.007713173542514
0.007856742494001
0.007996745944497
0.008132190941790
0.008262044980424
0.008385229817838
0.008500616866310
0.008607024731295
0.008703219482644
0.008787918232019
0.008859796539482
0.008917500078787
0.008959660851713
0.008984918058084
0.008991943505118
0.008979471187150
0.008946330397653
0.008891481466257
0.008814052962312
0.008713378992361
0.008589035059744
0.008440870866298
0.008269038430890
0.008074013984624
0.007856612279737
0.007617992213839
0.007359653012673
0.007083420616590
0.006791424357158
0.006486064466165
0.006169971402881
0.005845958390055
0.005516968889479
0.005186021002191
0.004856150929799
0.004530357671125
0.004211551048859
0.003902504967659
0.003605817508937
0.003323879085565
0.003058849434543
0.002812643743647
0.002586927718022
0.002383120923417
0.002202407322063
0.002045751569165
0.001913919382516
0.001807500148547
0.001726929892557
0.001672512819259
0.001644439815631
0.001642802588685
0.001667602467898
0.001718753313317
0.001796078410528
0.001899301676079
0.002028033915458
0.002181755245578
0.002359795093701
0.002561311397555
0.002785270745246
0.003030431202201
0.003295329475771
0.003578273872050
0.003877344215476
0.004190399546075
0.004515094002156
0.004848900860767
0.005189144268873
0.005533037779448
0.005877728431936
0.006220344806384
0.006558047252092
0.006888078357193
0.007207811692150
0.007514796929218
0.007806799607116
0.008081834065755
0.008338188405443
0.008574440710111
0.008789466193475
0.008982435357964
0.009152803675417
0.009300293684031
0.009424870727789
0.009526713826082
0.009606183339931
0.009663787189250
0.009700147370290
0.009715968425912
0.009712009340708
0.009689060079551
0.009647923676681
0.009589404430619
0.009514302387123
0.009423413918175
0.009317537849085
0.009197486266535
0.009064098873821
0.008918259558809
0.008760913714719
0.008593084809541
0.008415888738050
0.008230544608418
0.008038380806646
0.007840835436129
0.007639450533325
0.007435859797815
0.007231769928588
0.007028936010010
0.006829131722385
0.006634115446355
0.006445593572422
0.006265182504085
0.006094370946331
0.005934484095229
0.005786651287710
0.005651778536397
0.005530527169306
0.005423299529067
0.005330232374646
0.005251198286381
0.005185815020015
0.005133462405384
0.005093306058108
0.005064326884326
0.005045355123213
0.005035107500851
0.005032225969404
0.005035316481296
0.005042986298700
0.005053878459917
0.005066702208258
0.005080258424774
0.005093459380259
0.005105342419202
0.005115077492992
0.005121968755845
0.005125450709893
0.005125079622528
0.005120521128754
0.005111535066233
0.005097958666300
0.005079689239244
0.005056667448668
0.005028862172812
0.004996257807980
0.004958844690408
0.004916613109166
0.004869551165780
0.004817646518128
0.004760891837839
0.004699293621850
0.004632883838005
0.004561733757622
0.004485969238260
0.004405786668905
0.004321468776169
0.004233399510906
0.004142077285016
0.004048125902298
0.003952302618402
0.003855502866575
0.003758761291847
0.003663248841194
0.003570265757155
0.003481230414817
0.003397664026213
0.003321171312724
0.003253417317043
0.003196100594739
0.003150923094921
0.003119557113491
0.003103609783901
0.003104585660897
0.003123848052670
0.003162579864287
0.003221744826400
0.003302050092052
0.003403911283133
0.003527421147498
0.003672323038132
0.003837990437085
0.004023413710262
0.004227195187502
0.004447553510910
0.004682337982083
0.004929053368056
0.005184895303058
0.005446796059033
0.005711480066436
0.005975528165137
0.006235449172567
0.006487756992582
0.006729051173862
0.006956098579326
0.007165913663834
0.007355834788163
0.007523594030419
0.007667378093848
0.007785878149307
0.007878326783237
0.007944520634627
0.007984827780004
0.008000179443690
0.007992046149091
0.007962398962688
0.007913656993025
0.007848622771380
0.007770407540551
0.007682348798181
0.007587922670256
0.007490653821928
0.007394025644194
0.007301393387943
0.007215902757035
0.007140416228520
0.007077449052645
0.007029116512081
0.006997093604384
0.006982587870598
0.006986325642886
0.007008551541481
0.007049040631733
0.007107122269857
0.007181714333636
0.007271366262444
0.007374309127459
0.007488510823433
0.007611734420445
0.007741597737375
0.007875632295030
0.008011339969628
0.008146245887646
0.008277946369189
0.008404151025456
0.008522718431418
0.008631685111500
0.008729287877958
0.008813979833624
0.008884440579227
0.008939581339749
0.008978545836330
0.009000707776213
0.009005665813167
0.008993236749143
0.008963447612961
0.008916527075712
