0.022232881741604
0.022233413665910
0.022233982361634
0.022234586602396
0.022235224736608
0.022235894769051
0.022236594454541
0.022237321398073
0.022238073154626
0.022238847321341
0.022239641615154
0.022240453930180
0.022241282371037
0.022242125260718
0.022242981124195
0.022243848651401
0.022244726645200
0.022245613961335
0.022246509447735
0.022247411890237
0.022248319970564
0.022249232240668
0.022250147115464
0.022251062883871
0.022251977736253
0.022252889804888
0.022253797213366
0.022254698130520
0.022255590824904
0.022256473716480
0.022257345423117
0.022258204800356
0.022259050973619
0.022259883362447
0.022260701696448
0.022261506022508
0.022262296702542
0.022263074400803
0.022263840059737
0.022264594863614
0.022265340189813
0.022266077548604
0.022266808513511
0.022267534645610
0.022268257416269
0.022268978133592
0.022269697878080
0.022270417452623
0.022271137350867
0.022271857746451
0.022272578503643
0.022273299207884
0.022274019212874
0.022274737699393
0.022275453740242
0.022276166365530
0.022276874623122
0.022277577630202
0.022278274613391
0.022278964936501
0.022279648116468
0.022280323829182
0.022280991907549
0.022281652334258
0.022282305231382
0.022282950848213
0.022283589547945
0.022284221793009
0.022284848128354
0.022285469161813
0.022286085540922
0.022286697926181
0.022287306961535
0.022287913243719
0.022288517292812
0.022289119526691
0.022289720242017
0.022290319603831
0.022290917644909
0.022291514274813
0.022292109297367
0.022292702434157
0.022293293351007
0.022293881684088
0.022294467062701
0.022295049126512
0.022295627536187
0.022296201977615
0.022296772161073
0.022297337817520
0.022297898694582
0.022298454554623
0.022299005176619
0.022299550362551
0.022300089947798
0.022300623813965
0.022301151901713
0.022301674220872
0.022302190855332
0.022302701960948
0.022303207755843
0.022303708503839
0.022304204492976
0.022304696012040
0.022305183328460
0.022305666670747
0.022306146217914
0.022306622097057
0.022307094388831
0.022307563139111
0.022308028373938
0.022308490114294
0.022308948387198
0.022309403230363
0.022309854688836
0.022310302803638
0.022310747593983
0.022311189036010
0.022311627041752
0.022312061442206
0.022312491977711
0.022312918297592
0.022313339969276
0.022313756495200
0.022314167334067
0.022314571921666
0.022314969685752
0.022315360049409
0.022315742417853
0.022316116144556
0.022316480473488
0.022316834454982
0.022317176832683
0.022317505898115
0.022317819307327
0.022318113850889
0.022318385164239
0.022318627360300
0.022318832560582
0.022318990294918
0.022319086733807
0.022319103711026
0.022319017487795
0.022318797203196
0.022318402948563
0.022317783396094
0.022316872903896
0.022315588011352
0.022313823230392
0.022311446030968
0.022308290913692
0.022304152460858
0.022298777260557
0.022291854609298
0.022283005918492
0.022271772781287
0.022257603700448
0.022239839536826
0.022217697812562
0.022190256094369
0.022156434789875
0.022114979813465
0.022064445715549
0.022003180017724
0.021929309651626
0.021840730555332
0.021735101630239
0.021609844393723
0.021462149767007
0.021288993500347
0.021087161744392
0.020853288212331
0.020583904227507
0.020275502702155
0.019924616734487
0.019527913037026
0.019082299818554
0.018585048041774
0.018033924183739
0.017427331760341
0.016764457973171
0.016045420939573
0.015271412125557
0.014444827873642
0.013569383364756
0.012650202036338
0.011693873455786
0.010708472969059
0.009703537145728
0.008689990143608
0.007680017616559
0.006686886661317
0.005724712489857
0.004808174941969
0.003952190512184
0.003171548127471
0.002480519332883
0.001892455668864
0.001419387704844
0.001071641289520
0.000857486972157
0.000782838158121
0.000851012344734
0.001062567748997
0.001415224848008
0.001903878920344
0.002520705765169
0.003255358589012
0.004095249820061
0.005025907582390
0.006031392980606
0.007094761431141
0.008198549214988
0.009325265351465
0.010457868874624
0.011580212635352
0.012677436785408
0.013736297991777
0.014745423991757
0.015695487100936
0.016579294472376
0.017391797015630
0.018130022671985
0.018792942992221
0.019381284506307
0.019897298098339
0.020344500454612
0.020727401650618
0.021051232154150
0.021321681065866
0.021544655450596
0.021726068309256
0.021871660285361
0.021986857766440
0.022076667782976
0.022145608148873
0.022197669714486
0.022236306463198
0.022264448484848
0.022284532579838
0.022298545335180
0.022308073898044
0.022314360272939
0.022318355703021
0.022320772486630
0.022322131360185
0.022322803295311
0.022323045175031
0.022323029310121
0.022322867126041
0.022322627598354
0.022322351154287
0.022322059809121
0.022321764289807
0.022321468835665
0.022321174276026
0.022320879882718
0.022320584393047
0.022320286504269
0.022319985058096
0.022319679065561
0.022319367668612
0.022319050094144
0.022318725627101
0.022318393609815
0.022318053463123
0.022317704719166
0.022317347054601
0.022316980314771
0.022316604522964
0.022316219873050
0.022315826707667
0.022315425486957
0.022315016754298
0.022314601105329
0.022314179165088
0.022313751575618
0.022313318993596
0.022312882094924
0.022312441581424
0.022311998184073
0.022311552657807
0.022311105764653
0.022310658244392
0.022310210774769
0.022309763925720
0.022309318113804
0.022308873563620
0.022308430282374
0.022307988051985
0.022307546440615
0.022307104832624
0.022306662473314
0.022306218522835
0.022305772112643
0.022305322398059
0.022304868601681
0.022304410044413
0.022303946163202
0.022303476516886
0.022303000783252
0.022302518751357
0.022302030313107
0.022301535457156
0.022301034266616
0.022300526920192
0.022300013694636
0.022299494965201
0.022298971200348
0.022298442947469
0.022297910807676
0.022297375399645
0.022296837314610
0.022296297066604
0.022295755043397
0.022295211464152
0.022294666349388
0.022294119507479
0.022293570539855
0.022293018864630
0.022292463756007
0.022291904394819
0.022291339924381
0.022290769505492
0.022290192365078
0.022289607834361
0.022289015374330
0.022288414588319
0.022287805223303
0.022287187162814
0.022286560414933
0.022285925098649
0.022285281431040
0.022284629716488
0.022283970337770
0.022283303747687
0.022282630459166
0.022281951031656
0.022281266052157
0.022280576110311
0.022279881768344
0.022279183528107
0.022278481798594
0.022277776867991
0.022277068884237
0.022276357847339
0.022275643615325
0.022274925923911
0.022274204418122
0.022273478692386
0.022272748334476
0.022272012968139
0.022271272289530
0.022270526093541
0.022269774287605
0.022269016892355
0.022268254030284
0.022267485904995
0.022266712774583
0.022265934923017
0.022265152633034
0.022264366163253
0.022263575731051
0.022262781501556
0.022261983582044
0.022261182020393
0.022260376806028
0.022259567872077
0.022258755098121
0.022257938313718
0.022257117303765
0.022256291817291
0.022255461581480
0.022254626322417
0.022253785793303
0.022252939809747
0.022252088290510
0.022251231300908
0.022250369095184
0.022249502153826
0.022248631212013
0.022247757276147
0.022246881626740
0.022246005807393
0.022245131601199
0.022244260997173
0.022243396150178
0.022242539338078
0.022241692919496
0.022240859294646
0.022240040870476
0.022239240029957
0.022238459104088
0.022237700344318
0.022236965892721
0.022236257747470
0.022235577721988
0.022234927397340
0.022234308068858
0.022233720689387
0.022233165812613
