0.019767148451100
0.019784037721026
0.019793453211407
0.019795227578591
0.019789319207192
0.019775814262658
0.019754926644391
0.019726995818081
0.019692482540789
0.019651962527257
0.019606118140416
0.019555728222555
0.019501656215458
0.019444836747552
0.019386260893243
0.019326960333562
0.019267990667749
0.019210414141912
0.019155282073306
0.019103617256647
0.019056396642165
0.019014534573681
0.018978866868827
0.018950136012652
0.018928977720496
0.018915909106233
0.018911318668236
0.018915458277847
0.018928437324382
0.018950219137046
0.018980619768167
0.019019309184528
0.019065814874687
0.019119527840840
0.019179710904522
0.019245509216919
0.019315962827427
0.019390021128954
0.019466558965877
0.019544394161150
0.019622306193244
0.019699055731910
0.019773404724535
0.019844136712437
0.019910077049109
0.019970112690261
0.020023211228709
0.020068438855639
0.020104976943479
0.020132136964426
0.020149373482222
0.020156294982879
0.020152672342173
0.020138444763492
0.020113723058425
0.020078790183768
0.020034098991747
0.019980267194561
0.019918069589113
0.019848427632326
0.019772396501037
0.019691149812385
0.019605962220213
0.019518190139594
0.019429250884611
0.019340600533341
0.019253710858169
0.019170045678626
0.019091037007580
0.019018061369478
0.018952416671359
0.018895300003317
0.018847786735094
0.018810811259551
0.018785149712155
0.018771404968512
0.018769994189880
0.018781139149797
0.018804859534178
0.018840969362834
0.018889076633276
0.018948586238324
0.019018706158409
0.019098456878164
0.019186683925852
0.019282073384051
0.019383170171736
0.019488398852088
0.019596086677907
0.019704488547926
0.019811813513468
0.019916252446074
0.020016006453720
0.020109315616217
0.020194487599815
0.020269925707086
0.020334155920990
0.020385852511575
0.020423861790122
0.020447223618306
0.020455190309031
0.020447242590474
0.020423102345153
0.020382741880921
0.020326389540051
0.020254531505281
0.020167909717129
0.020067515874086
0.019954581545617
0.019830564486424
0.019697131298192
0.019556136641241
0.019409599252224
0.019259675074506
0.019108627854219
0.018958797596603
0.018812567313407
0.018672328522217
0.018540445982149
0.018419222167033
0.018310861986539
0.018217438267768
0.018140858504188
0.018082833365867
0.018044847444493
0.018028132679287
0.018033644875649
0.018062043687933
0.018113676391562
0.018188565718401
0.018286401973717
0.018406539593897
0.018547998242200
0.018709468476163
0.018889321955721
0.019085626096565
0.019296163009809
0.019518452507417
0.019749778894170
0.019987221211922
0.020227686551462
0.020467946002099
0.020704672769924
0.020934481963045
0.021153971516549
0.021359763711813
0.021548546734437
0.021717115712604
0.021862412683229
0.021981564946626
0.022071921291653
0.022131085601827
0.022156947388557
0.022147708839798
0.022101908020451
0.022018437914164
0.021896561053901
0.021735919549991
0.021536540388428
0.021298835938065
0.021023599671983
0.020711997174843
0.020365552573452
0.019986130591054
0.019575914486210
0.019137380193539
0.018673267035359
0.018186545419515
0.017680381978851
0.017158102641226
0.016623154145246
0.016079064535576
0.015529403182601
0.014977740874142
0.014427610521877
0.013882469012198
0.013345660710621
0.012820383100922
0.012309655005320
0.011816287790785
0.011342859919615
0.010891695150410
0.010464844639410
0.010064073132548
0.009690849376578
0.009346340814024
0.009031412562602
0.008746630616009
0.008492269140607
0.008268321682447
0.008074516042170
0.007910332522502
0.007775025205008
0.007667645870289
0.007587070139504
0.007532025385432
0.007501119938818
0.007492873100640
0.007505745463519
0.007538169045813
0.007588576749887
0.007655430671650
0.007737248811244
0.007832629764543
0.007940275011280
0.008059008457667
0.008187792938578
0.008325743436046
0.008472136826122
0.008626418024188
0.008788202458775
0.008957274864761
0.009133584447651
0.009317236530513
0.009508480853086
0.009707696747739
0.009915375468459
0.010132099996096
0.010358522684944
0.010595341151761
0.010843272837969
0.011103028698536
0.011375286486607
0.011660664111045
0.011959693544578
0.012272795753149
0.012600257102513
0.012942207676247
0.013298601910576
0.013669201916108
0.014053563815302
0.014451027377907
0.014860709185376
0.015281499500198
0.015712062958034
0.016150843140366
0.016596071024042
0.017045777242468
0.017497808032350
0.017949844680626
0.018399426229532
0.018843975144495
0.019280825600548
0.019707253998939
0.020120511287353
0.020517856625128
0.020896591909696
0.021254096662464
0.021587862761860
0.021895528508493
0.022174911512269
0.022424039903966
0.022641181393922
0.022824869727862
0.022973928124181
0.023087489317595
0.023165011880443
0.023206292544428
0.023211474301376
0.023181050120954
0.023115862185256
0.023017096603890
0.022886273637735
0.022725233523866
0.022536118057439
0.022321348147506
0.022083597622024
0.021825763611782
0.021550933892822
0.021262351611435
0.020963377854323
0.020657452558446
0.020348054279953
0.020038659359082
0.019732701027699
0.019433529008154
0.019144370146254
0.018868290607561
0.018608160145010
0.018366618917469
0.018146047303539
0.017948539113378
0.017775878554004
0.017629521251257
0.017510579575020
0.017419812454337
0.017357619806504
0.017324041640005
0.017318761826276
0.017341116470566
0.017390106748610
0.017464416014388
0.017562430925651
0.017682266279220
0.017821793197797
0.017978670265151
0.018150377167505
0.018334250366341
0.018527520302144
0.018727349610123
0.018930871817910
0.019135229991815
0.019337614802348
0.019535301491430
0.019725685242628
0.019906314481749
0.020074921667623
0.020229451171531
0.020368083887801
0.020489258266986
0.020591687516010
0.020674372765917
0.020736612066561
0.020778005127839
0.020798453788094
0.020798158251067
0.020777609192529
0.020737575895518
0.020679090628141
0.020603429529425
0.020512090315922
0.020406767164158
0.020289323160798
0.020161760743319
0.020026190578385
0.019884799342944
0.019739816883887
0.019593483235976
0.019448015974633
0.019305578370079
0.019168248792625
0.019037991795747
0.018916631274461
0.018805826061871
0.018707048287129
0.018621564774148
0.018550421712766
0.018494432783621
0.018454170865289
0.018429963398301
0.018421891426101
0.018429792278760
0.018453265812113
0.018491684063614
0.018544204137537
0.018609784086659
0.018687201516107
0.018775074598019
0.018871885153746
0.018976003433746
0.019085714204624
0.019199243738028
0.019314787287643
0.019430536638223
0.019544707314641
0.019655565048963
0.019761451119586
0.019860806198011
0.019952192365650
0.020034312994580
0.020106030221946
0.020166379787170
0.020214583043550
0.020250056000652
0.020272415300373
0.020281481076928
0.020277276698630
0.020260025436429
0.020230144150054
0.020188234126578
0.020135069247684
0.020071581700182
0.019998845478957
0.019918057961949
0.019830519862618
0.019737613886245
0.019640782432131
0.019541504694084
0.019441273516418
0.019341572362044
0.019243852743145
0.019149512453573
0.019059874925681
0.018976170013201
0.018899516476211
0.018830906414821
0.018771191865336
0.018721073736833
0.018681093228042
0.018651625824583
0.018632877935730
0.018624886188569
0.018627519356264
0.018640482856860
0.018663325720198
0.018695449883664
0.018736121643247
0.018784485055154
0.018839577055554
0.018900344042252
0.018965659642509
