0.019672130077363
0.019792569759406
0.019917611806312
0.020047311395531
0.020181715368073
0.020320862057903
0.020464781141229
0.020613493505589
0.020767011138607
0.020925337036225
0.021088465130160
0.021256380234306
0.021429058009715
0.021606464947805
0.021788558371347
0.021975286452795
0.022166588249464
0.022362393755050
0.022562623966942
0.022767190968793
0.022975998027761
0.023188939705832
0.023405901984646
0.023626762403213
0.023851390207907
0.024079646514152
0.024311384479167
0.024546449485193
0.024784679332590
0.025025904442224
0.025269948066571
0.025516626508960
0.025765749350420
0.026017119683587
0.026270534353145
0.026525784202320
0.026782654324913
0.027040924322441
0.027300368565906
0.027560756461803
0.027821852721923
0.028083417636608
0.028345207351056
0.028606974144358
0.028868466710931
0.029129430444046
0.029389607721162
0.029648738190804
0.029906559060731
0.030162805387165
0.030417210364856
0.030669505617796
0.030919421490379
0.031166687338840
0.031411031822815
0.031652183196853
0.031889869601764
0.032123819355645
0.032353761244469
0.032579424812118
0.032800540649744
0.033016840684343
0.033228058466437
0.033433929456758
0.033634191311824
0.033828584168310
0.034016850926091
0.034198737529861
0.034373993249205
0.034542370957011
0.034703627406097
0.034857523503926
0.035003824585271
0.035142300682693
0.035272726794677
0.035394883151276
0.035508555477092
0.035613535251416
0.035709619965358
0.035796613375761
0.035874325755700
0.035942574141365
0.036001182575096
0.036049982344346
0.036088812216346
0.036117518668197
0.036135956112169
0.036143987115920
0.036141482617376
0.036128322133992
0.036104393966110
0.036069595394131
0.036023832869195
0.035967022197086
0.035899088715045
0.035819967461192
0.035729603336255
0.035627951257284
0.035514976303055
0.035390653850845
0.035254969704281
0.035107920211943
0.034949512376441
0.034779763953650
0.034598703541820
0.034406370660278
0.034202815817440
0.033988100567866
0.033762297558091
0.033525490560996
0.033277774498468
0.033019255452124
0.032750050661892
0.032470288512239
0.032180108505878
0.031879661224759
0.031569108278218
0.031248622238131
0.030918386560958
0.030578595496590
0.030229453983893
0.029871177532923
0.029503992093740
0.029128133911825
0.028743849370088
0.028351394817505
0.027951036384413
0.027543049784546
0.027127720103904
0.026705341576554
0.026276217347518
0.025840659222898
0.025398987407428
0.024951530229649
0.024498623854955
0.024040611986742
0.023577845555948
0.023110682399284
0.022639486926461
0.022164629776772
0.021686487465382
0.021205442019708
0.020721880606307
0.020236195148674
0.019748781936417
0.019260041226253
0.018770376835314
0.018280195727256
0.017789907591690
0.017299924417449
0.016810660060258
0.016322529805340
0.015835949925542
0.015351337235556
0.014869108642841
0.014389680695818
0.013913469129989
0.013440888412564
0.012972351286241
0.012508268312761
0.012049047416880
0.011595093431387
0.011146807643818
0.010704587345495
0.010268825383548
0.009839909716541
0.009418222974349
0.009004142022924
0.008598037534558
0.008200273564295
0.007811207133072
0.007431187818231
0.007060557351969
0.006699649228329
0.006348788319308
0.006008290500628
0.005678462287741
0.005359600482582
0.005051991831603
0.004755912695575
0.004471628731655
0.004199394588178
0.003939453612614
0.003692037573134
0.003457366394163
0.003235647906330
0.003027077611164
0.002831838460867
0.002650100653502
0.002482021443858
0.002327744970281
0.002187402097702
0.002061110277078
0.001948973421439
0.001851081798705
0.001767511941402
0.001698326573406
0.001643574553775
0.001603290837749
0.001577496454932
0.001566198504672
0.001569390168600
0.001587050740294
0.001619145671985
0.001665626638190
0.001726431616166
0.001801484983006
0.001890697629213
0.001993967088530
0.002111177683813
0.002242200688676
0.002386894504638
0.002545104853462
0.002716664984371
0.002901395895785
0.003099106571220
0.003309594228946
0.003532644585015
0.003768032129212
0.004015520413503
0.004274862352498
0.004545800535466
0.004828067549398
0.005121386312612
0.005425470418378
0.005740024488027
0.006064744532997
0.006399318325257
0.006743425775554
0.007096739318881
0.007458924306621
0.007829639404740
0.008208536997464
0.008595263595826
0.008989460250486
0.009390762968222
0.009798803131483
0.010213207920407
0.010633600736698
0.011059601628751
0.011490827717451
0.011926893622026
0.012367411885390
0.012811993398377
0.013260247822303
0.013711784009285
0.014166210419765
0.014623135536689
0.015082168275806
0.015542918391571
0.016004996878129
0.016468016364897
0.016931591506251
0.017395339364857
0.017858879788192
0.018321835777822
0.018783833851010
0.019244504394271
0.019703482008474
0.020160405845136
0.020614919933566
0.021066673498523
0.021515321268095
0.021960523771510
0.022401947626610
0.022839265816748
0.023272157956887
0.023700310548696
0.024123417224467
0.024541178979682
0.024953304394108
0.025359509841294
0.025759519686368
0.026153066472074
0.026539891092982
0.026919742957841
0.027292380140064
0.027657569516345
0.028015086893444
0.028364717123172
0.028706254205654
0.029039501380931
0.029364271209033
0.029680385638605
0.029987676064241
0.030285983372671
0.030575157977966
0.030855059845931
0.031125558507898
0.031386533064105
0.031637872176898
0.031879474053970
0.032111246421899
0.032333106490207
0.032544980906235
0.032746805701075
0.032938526226854
0.033120097085634
0.033291482050245
0.033452653977311
0.033603594712795
0.033744294990348
0.033874754322766
0.033994980886871
0.034104991402099
0.034204811003121
0.034294473106790
0.034374019273712
0.034443499064743
0.034502969892709
0.034552496869630
0.034592152649750
0.034622017268622
0.034642177978560
0.034652729080683
0.034653771753842
0.034645413880655
0.034627769870906
0.034600960482528
0.034565112640405
0.034520359253180
0.034466839028303
0.034404696285477
0.034334080768703
0.034255147457077
0.034168056374508
0.034072972398486
0.033970065068058
0.033859508391101
0.033741480651038
0.033616164213064
0.033483745329994
0.033344413947808
0.033198363510940
0.033045790767399
0.032886895573745
0.032721880699975
0.032550951634335
0.032374316388098
0.032192185300303
0.032004770842481
0.031812287423354
0.031614951193521
0.031412979850111
0.031206592441392
0.030996009171337
0.030781451204113
0.030563140468489
0.030341299462145
0.030116151055866
0.029887918297609
0.029656824216438
0.029423091626312
0.029186942929738
0.028948599921292
0.028708283591018
0.028466213927728
0.028222609722242
0.027977688370604
0.027731665677320
0.027484755658700
0.027237170346369
0.026989119591037
0.026740810866645
0.026492449075000
0.026244236351037
0.025996371868859
0.025749051648736
0.025502468365234
0.025256811156686
0.025012265436237
0.024769012704682
0.024527230365376
0.024287091541476
0.024048764895821
0.023812414453749
0.023578199429190
0.023346274054370
0.023116787413489
0.022889883280748
0.022665699963117
0.022444370148238
0.022226020757881
0.022010772807384
0.021798741271495
0.021590034957073
0.021384756383085
0.021183001668359
0.020984860427544
0.020790415675722
0.020599743742150
0.020412914193557
0.020229989767452
0.020051026315886
0.019876072760070
0.019705171056296
0.019538356173519
0.019375656083015
0.019217091760449
0.019062677200697
0.018912419445727
