0.029594215142259
0.029592255301571
0.029591909989208
0.029593422519681
0.029597005607689
0.029602835603383
0.029611047382173
0.029621730010276
0.029634923293210
0.029650615298076
0.029668740921918
0.029689181558211
0.029711765891818
0.029736271830095
0.029762429554627
0.029789925654783
0.029818408281324
0.029847493236282
0.029876770894484
0.029905813833078
0.029934185028514
0.029961446466005
0.029987167994979
0.030010936255574
0.030032363496160
0.030051096100275
0.030066822643389
0.030079281305543
0.030088266475104
0.030093634391580
0.030095307691353
0.030093278739153
0.030087611649771
0.030078442928494
0.030065980684600
0.030050502399622
0.030032351260273
0.030011931094564
0.029989699978097
0.029966162605236
0.029941861546312
0.029917367536623
0.029893268965309
0.029870160751626
0.029848632812399
0.029829258337012
0.029812582094964
0.029799109005481
0.029789293198774
0.029783527794200
0.029782135611776
0.029785361020287
0.029793363107889
0.029806210339664
0.029823876841652
0.029846240422593
0.029873082413632
0.029904089373006
0.029938856667870
0.029976893909529
0.030017632182163
0.030060432969214
0.030104598646791
0.030149384380299
0.030194011229758
0.030237680241536
0.030279587280087
0.030318938333307
0.030354965009723
0.030386939935372
0.030414191753121
0.030436119427657
0.030452205565405
0.030462028470396
0.030465272674315
0.030461737701602
0.030451344858123
0.030434141864182
0.030410305189118
0.030380139984662
0.030344077557127
0.030302670363488
0.030256584562816
0.030206590201436
0.030153549156761
0.030098401010158
0.030042147062533
0.029985832746734
0.029930528727557
0.029877311012331
0.029827240422069
0.029781341794355
0.029740583303973
0.029705856295385
0.029677956022179
0.029657563682313
0.029645230124463
0.029641361579889
0.029646207746386
0.029659852516251
0.029682207599334
0.029713009245727
0.029751818221076
0.029798023131901
0.029850847139278
0.029909358038059
0.029972481616290
0.030039018146825
0.030107661801429
0.030177022718034
0.030245651395345
0.030312065036800
0.030374775418995
0.030432317819061
0.030483280501938
0.030526334242928
0.030560261343824
0.030583983592954
0.030596588620905
0.030597354114829
0.030585769375047
0.030561553728045
0.030524671349748
0.030475342101499
0.030414048038057
0.030341535311303
0.030258811264249
0.030167136586503
0.030068012483191
0.029963162893402
0.029854511880025
0.029744156399112
0.029634334742033
0.029527391026471
0.029425736191007
0.029331806021543
0.029248016804551
0.029176719260957
0.029120151464170
0.029080391485349
0.029059310537508
0.029058527406832
0.029079364964017
0.029122809540231
0.029189473931201
0.029279564759071
0.029392854875275
0.029528661429114
0.029685830156857
0.029862726365615
0.030057232996253
0.030266756051244
0.030488237568102
0.030718176208306
0.030952655417157
0.031187378993344
0.031417713790116
0.031638739154493
0.031845302598825
0.032032081091992
0.032193647257383
0.032324539673162
0.032419336388796
0.032472730701828
0.032479608181688
0.032435123884053
0.032334778670817
0.032174493537749
0.031950680854921
0.031660311444174
0.031300976453197
0.030870943037055
0.030369202924525
0.029795513027887
0.029150427349545
0.028435319546168
0.027652395629221
0.026804696408437
0.025896089420054
0.024931250222711
0.023915633088697
0.022855431264782
0.021757527122888
0.020629432664382
0.019479220980541
0.018315449403795
0.017147075207601
0.015983364825448
0.014833797659785
0.013707965637974
0.012615469743453
0.011565814804833
0.010568303862923
0.009631933454785
0.008765291154701
0.007976456693999
0.007272907945433
0.006661433003366
0.006148049519330
0.005737932364303
0.005435350585622
0.005243614509135
0.005165033707638
0.005200886416660
0.005351400830142
0.005615748553688
0.005992050333911
0.006477394021323
0.007067864563404
0.007758585666293
0.008543772610135
0.009416795556756
0.010370252551025
0.011396051290933
0.012485498627958
0.013629396660117
0.014818144196747
0.016041842307608
0.017290402620223
0.018553656999182
0.019821467229702
0.021083833335284
0.022330999185499
0.023553554094455
0.024742529172541
0.025889487272679
0.026986605466313
0.028026749092337
0.029003536542434
0.029911394077138
0.030745600106341
0.031502318513988
0.032178620757084
0.032772496621841
0.033282853672514
0.033709505579059
0.034053149656141
0.034315334086054
0.034498415429926
0.034605507153373
0.034640420002840
0.034607595165869
0.034512031231084
0.034359206030938
0.034154994501300
0.033905583726283
0.033617386354117
0.033296953570204
0.032950888797089
0.032585763258344
0.032208034495054
0.031823968860581
0.031439568942784
0.031060506774123
0.030692063590639
0.030339076792257
0.030005894640982
0.029696339112118
0.029413677188614
0.029160600761819
0.028939215175331
0.028751036324050
0.028596996099808
0.028477455859853
0.028392227486534
0.028340601507270
0.028321381654671
0.028332925168580
0.028373188075832
0.028439774630393
0.028529990056890
0.028640895714530
0.028769365786376
0.028912144600570
0.029065903705234
0.029227297846830
0.029393019042043
0.029559847984907
0.029724702092831
0.029884679566288
0.030037098915872
0.030179533495775
0.030309840673097
0.030426185356202
0.030527057701038
0.030611284910431
0.030678037136296
0.030726827587061
0.030757507030907
0.030770252968486
0.030765553825272
0.030744188582716
0.030707202327855
0.030655878252276
0.030591706672774
0.030516351677196
0.030431616019559
0.030339404898596
0.030241689253367
0.030140469198855
0.030037738203891
0.029935448583952
0.029835478843002
0.029739603352460
0.029649464802562
0.029566549802754
0.029492167944555
0.029427434573595
0.029373257448514
0.029330327394275
0.029299112987407
0.029279859241870
0.029272590197781
0.029277115252170
0.029293039012252
0.029319774398242
0.029356558675260
0.029402472053132
0.029456458459204
0.029517348063283
0.029583881115525
0.029654732647829
0.029728537586878
0.029803915832325
0.029879496866507
0.029953943481959
0.030025974239517
0.030094384302246
0.030158064328127
0.030216017146645
0.030267371990238
0.030311396100211
0.030347503577190
0.030375261397664
0.030394392569653
0.030404776451204
0.030406446304381
0.030399584203899
0.030384513462727
0.030361688776326
0.030331684321929
0.030295180079088
0.030252946662030
0.030205828973080
0.030154728999135
0.030100588079970
0.030044368977998
0.029987038074071
0.029929548003324
0.029872821029147
0.029817733432573
0.029765101169185
0.029715667016594
0.029670089403205
0.029628933074109
0.029592661713039
0.029561632601300
0.029536093355938
0.029516180750979
0.029501921588022
0.029493235546325
0.029489939908612
0.029491756027491
0.029498317369260
0.029509178947343
0.029523827937046
0.029541695246982
0.029562167810653
0.029584601354331
0.029608333394656
0.029632696221165
0.029657029625159
0.029680693146721
0.029703077625997
0.029723615862758
0.029741792209291
0.029757150945455
0.029769303310744
0.029777933095907
0.029782800725568
0.029783745792780
0.029780688036030
0.029773626778296
0.029762638875870
0.029747875251251
0.029729556109115
0.029707964956623
0.029683441568975
0.029656374057640
0.029627190212005
0.029596348295057
0.029564327479963
0.029531618117151
0.029498712020556
0.029466092957343
0.029434227517650
0.029403556530029
0.029374487174510
0.029347385928871
0.029322572465167
0.029300314593189
