0.001146788392953
0.001158556454397
0.001170311831400
0.001182055310846
0.001193787874793
0.001205510740199
0.001217225403060
0.001228933680255
0.001240637743026
0.001252340137952
0.001264043794209
0.001275752019362
0.001287468489338
0.001299197240952
0.001310942676975
0.001322709593844
0.001334503240754
0.001346329416143
0.001358194603989
0.001370106148429
0.001382072461666
0.001394103257503
0.001406209801669
0.001418405170487
0.001430704511337
0.001443125301509
0.001455687605745
0.001468414336448
0.001481331523515
0.001494468602458
0.001507858729607
0.001521539131804
0.001535551495260
0.001549942394903
0.001564763762143
0.001580073386454
0.001595935445132
0.001612421056493
0.001629608854706
0.001647585589292
0.001666446758219
0.001686297289853
0.001707252294561
0.001729437910620
0.001752992270422
0.001778066611276
0.001804826550414
0.001833453536389
0.001864146479831
0.001897123556447
0.001932624165496
0.001970911018806
0.002012272329630
0.002057024067775
0.002105512247532
0.002158115217624
0.002215245927001
0.002277354145801
0.002344928626410
0.002418499194249
0.002498638761459
0.002585965258650
0.002681143480852
0.002784886844087
0.002897959049448
0.003021175652747
0.003155405540147
0.003301572313614
0.003460655593969
0.003633692252660
0.003821777584641
0.004026066432166
0.004247774261396
0.004488178179246
0.004748617856485
0.005030496295239
0.005335280346324
0.005664500846712
0.006019752213218
0.006402691298755
0.006815035295908
0.007258558462031
0.007735087442848
0.008246494988333
0.008794691885114
0.009381616971930
0.010009225156036
0.010679473405428
0.011394304750866
0.012155630389723
0.012965310038222
0.013825130728170
0.014736784288488
0.015701843790727
0.016721739272248
0.017797733081085
0.018930895212622
0.020122079028702
0.021371897762086
0.022680702209359
0.024048559998979
0.025475236783582
0.026960179643358
0.028502502898973
0.030100976419874
0.031754016382483
0.033459678292537
0.035215651950203
0.037019257921939
0.038867445006915
0.040756788165000
0.042683486421337
0.044643360387799
0.046631849245016
0.048644007303006
0.050674500587449
0.052717604258628
0.054767202030663
0.056816789086814
0.058859480248648
0.060888025323129
0.062894833599311
0.064872009382062
0.066811400232303
0.068704659241291
0.070543322220650
0.072318900168459
0.074022986807234
0.075647380415255
0.077184218617405
0.078626124287311
0.079966360250794
0.081198990072196
0.082319041840830
0.083322671537676
0.084207322232288
0.084971875018171
0.085616787230347
0.086144213102299
0.086558101627956
0.086864266032571
0.087070418976416
0.087186167483280
0.087222961676556
0.087193991794622
0.087114028711243
0.086999204355491
0.086866730032139
0.086734552677856
0.086620951503479
0.086544080183077
0.086521462636054
0.086569453360375
0.086702676045230
0.086933456645315
0.087271269067514
0.087722212954726
0.088288543632201
0.088968274031209
0.089754867291724
0.090637036788067
0.091598667584632
0.092618869921147
0.093672171391026
0.094728850179023
0.095755407245117
0.096715170861137
0.097569022596701
0.098276229865499
0.098795366611562
0.099085300740155
0.099106224552703
0.098820702775694
0.098194711801146
0.097198643481558
0.095808247229777
0.094005485235735
0.091779277290613
0.089126113960760
0.086050519628847
0.082565350162857
0.078691913622343
0.074459906396076
0.069907161406861
0.065079209429597
0.060028659049770
0.054814405235540
0.049500680795561
0.044155969032041
0.038851799561216
0.033661452454109
0.028658598452473
0.023915904956201
0.019503638695692
0.015488296453368
0.011931294863116
0.008887749198744
0.006405369189180
0.004523497317077
0.003272311835921
0.002672212962277
0.002733406461629
0.003455694256032
0.004828476854639
0.006830967463809
0.009432612693886
0.012593709966023
0.016266207153233
0.020394665778353
0.024917365343602
0.029767523177697
0.034874601640370
0.040165672688966
0.045566808738586
0.051004468467097
0.056406846738885
0.061705159132875
0.066834833623695
0.071736584718955
0.076357348716731
0.080651062611733
0.084579273425392
0.088111569230628
0.091225827745476
0.093908282938352
0.096153414483351
0.097963668998965
0.099349025686403
0.100326422163489
0.100919058900414
0.101155602664008
0.101069310753675
0.100697098575533
0.100078573284086
0.099255055872577
0.098268613275316
0.097161120824965
0.095973373852282
0.094744265387870
0.093510044879306
0.092303670616609
0.091154266198080
0.090086688891983
0.089121215177163
0.088273346096295
0.087553732352089
0.086968216351138
0.086517985696481
0.086199830007119
0.086006490473926
0.085927089331582
0.085947624527725
0.086051513395583
0.086220168169520
0.086433585791718
0.086670934685575
0.086911122028286
0.087133326516769
0.087317483625377
0.087444712803278
0.087497678827048
0.087460882461621
0.087320878531862
0.087066422310830
0.086688547646483
0.086180582358115
0.085538108052801
0.084758872595371
0.083842664008640
0.082791154618750
0.081607723861833
0.080297267426345
0.078865999428596
0.077321253219071
0.075671285298838
0.073925085777178
0.072092197888968
0.070182548352031
0.068206289792384
0.066173656086015
0.064094831227543
0.061979832194173
0.059838406178831
0.057679942472933
0.055513399150222
0.053347244515554
0.051189413029687
0.049047275112463
0.046927619885037
0.044836649569642
0.042779983959194
0.040762673134298
0.038789216470348
0.036863585960752
0.034989251988611
0.033169209899921
0.031406006045310
0.029701762333580
0.028058198742325
0.026476653620792
0.024958101963100
0.023503172098456
0.022112161420937
0.020785051858135
0.019521525759671
0.018320982787247
0.017182558228790
0.016105142965381
0.015087405117232
0.014127813207269
0.013224660526575
0.012376090277124
0.011580121008644
0.010834671856373
0.010137587117375
0.009486659763958
0.008879653570677
0.008314323614192
0.007788434982384
0.007299779593739
0.006846191076549
0.006425557690436
0.006035833293103
0.005675046368156
0.005341307140957
0.005032812823706
0.004747851051769
0.004484801601922
0.004242136518589
0.004018418813171
0.003812299939712
0.003622516282271
0.003447884910694
0.003287298868499
0.003139722247375
0.003004185277748
0.002879779626174
0.002765654042089
0.002661010443626
0.002565100480270
0.002477222564003
0.002396719324177
0.002322975417058
0.002255415609363
0.002193503055235
0.002136737695498
0.002084654723554
0.002036823080239
0.001992843957233
0.001952349302501
0.001915000330269
0.001880486041835
0.001848521762695
0.001818847697508
0.001791227499254
0.001765446844371
0.001741312003442
0.001718648397854
0.001697299137209
0.001677123539302
0.001657995643208
0.001639802734702
0.001622443910339
0.001605828710673
0.001589875853295
0.001574512092560
0.001559671225297
0.001545293251710
0.001531323689358
0.001517713027299
0.001504416298651
0.001491392744154
0.001478605537398
0.001466021544264
0.001453611094254
0.001441347748641
0.001429208058541
0.001417171313637
0.001405219288253
0.001393335994952
0.001381507456458
0.001369721504719
0.001357967611913
0.001346236753120
0.001334521295363
0.001322814903684
0.001311112452787
0.001299409932804
0.001287704340061
0.001275993547758
0.001264276156606
0.001252551330697
0.001240818628250
0.001229077839675
0.001217328846059
0.001205571509618
0.001193805604119
0.001182030788391
0.001170246620539
0.001158452605412
0.001146648263874
