0.286718428807194
0.286955355964006
0.287193250322112
0.287432033986605
0.287671641165470
0.287912022875421
0.288153150567502
0.288395018091242
0.288637641580127
0.288881057063802
0.289125315869995
0.289370478141568
0.289616605030844
0.289863750315251
0.290111952281723
0.290361226737417
0.290611561915830
0.290862915867557
0.291115216670428
0.291368365491877
0.291622242219956
0.291876713084311
0.292131639449692
0.292386886811137
0.292642332972691
0.292897874458964
0.293153430387244
0.293408943299697
0.293664376792509
0.293919710144241
0.294174930498023
0.294430023450577
0.294684963108797
0.294939702765997
0.295194167310453
0.295448248310125
0.295701802436026
0.295954653522260
0.296206598154649
0.296457414278794
0.296706871969736
0.296954745251973
0.297200823732585
0.297444922829042
0.297686891537977
0.297926616984197
0.298164025377127
0.298399079438597
0.298631772797843
0.298862122222067
0.299090158815489
0.299315919439229
0.299539439559827
0.299760748526468
0.299979867927964
0.300196813232532
0.300411598421882
0.300624242861636
0.300834779267318
0.301043261386474
0.301249769963988
0.301454415708238
0.301657338323073
0.301858701180838
0.302058681825328
0.302257459135037
0.302455198558046
0.302652037265864
0.302848071289775
0.303043346649123
0.303237856136595
0.303431542807916
0.303624310387038
0.303816039832272
0.304006610329099
0.304195922111695
0.304383917896555
0.304570599450575
0.304756035992500
0.304940361775203
0.305123761295591
0.305306442050934
0.305488596469944
0.305670356414883
0.305851745267755
0.306032633861826
0.306212707196977
0.306391448821871
0.306568148878602
0.306741940067760
0.306911863277541
0.307076961496385
0.307236397148489
0.307389584477676
0.307536325422241
0.307676934946687
0.307812340372923
0.307944139166449
0.308074601066222
0.308206603457738
0.308343493390028
0.308488875393336
0.308646330887559
0.308819081986923
0.309009619324882
0.309219319527656
0.309448082550963
0.309694021727110
0.309953239630429
0.310219720505402
0.310485364956003
0.310740185023162
0.310972668051772
0.311170306437066
0.311320278173801
0.311410250954010
0.311429271265734
0.311368690415931
0.311223072431506
0.310991025029710
0.310675894737432
0.310286270978600
0.309836251475786
0.309345432293716
0.308838599706860
0.308345117005547
0.307898016410993
0.307532823400173
0.307286156876866
0.307194162747145
0.307290849670995
0.307606403354124
0.308165559233116
0.308986112570597
0.310077639863760
0.311440496390863
0.313065142225335
0.314931833878997
0.317010701780312
0.319262216016302
0.321638025149229
0.324082136398087
0.326532390883554
0.328922175660383
0.331182305406205
0.333243001204766
0.335035891950290
0.336495965407598
0.337563400611696
0.338185220656710
0.338316714473117
0.337922587321912
0.336977811813604
0.335468163667937
0.333390438590030
0.330752358043044
0.327572181929220
0.323878054933124
0.319707120320764
0.315104440214405
0.310121764756408
0.304816194198304
0.299248777928988
0.293483092965734
0.287583841682580
0.281615504772688
0.275641080871272
0.269720939138560
0.263911805642117
0.258265898793566
0.252830223575530
0.247646029007760
0.242748428390378
0.238166177446298
0.233921601657411
0.230030660918120
0.226503137156155
0.223342928809724
0.220548434990727
0.218113011770637
0.216025483240951
0.214270690746355
0.212830064873715
0.211682206301159
0.210803463361688
0.210168496048940
0.209750818090256
0.209523310546591
0.209458702099241
0.209530012697130
0.209710958532770
0.209976317376609
0.210302254132249
0.210666607096996
0.211049135852038
0.211431731998007
0.211798594130089
0.212136368544899
0.212434257215487
0.212684094580061
0.212880394675022
0.213020370105888
0.213103924287500
0.213133618290083
0.213114613492580
0.213054591063385
0.212963649060735
0.212854177676341
0.212740712850742
0.212639768188316
0.212569644822241
0.212550218656734
0.212602704279139
0.212749394819292
0.213013377164400
0.213418222232620
0.213987650475767
0.214745173417971
0.215713712827478
0.216915200038174
0.218370158951004
0.220097277312786
0.222112971946699
0.224430954650162
0.227061806438854
0.230012568661864
0.233286360208572
0.236882030545416
0.240793858637916
0.245011307912141
0.249518847275628
0.254295847836703
0.259316564320282
0.264550209263354
0.269961126870561
0.275509071905662
0.281149597177600
0.286834551045520
0.292512683918992
0.298130359986271
0.303632367398141
0.308962816922957
0.314066115745179
0.318887999704881
0.323376603987974
0.327483549215022
0.331165017190230
0.334382788418870
0.337105212035201
0.339308078147786
0.340975362928660
0.342099818141404
0.342683379278418
0.342737370073402
0.342282485837022
0.341348543747301
0.339973994776078
0.338205199165832
0.336095475061222
0.333703937784331
0.331094155032838
0.328332650669833
0.325487296451887
0.322625636703904
0.319813195311518
0.317111817212014
0.314578097616546
0.312261951338290
0.310205371749149
0.308441424031907
0.306993510607664
0.305874938057336
0.305088804764816
0.304628217214661
0.304476830782197
0.304609698425741
0.304994398446282
0.305592400963345
0.306360622516700
0.307253109767941
0.308222787118479
0.309223199575571
0.310210181670560
0.311143385817187
0.311987609194287
0.312713866886008
0.313300170288101
0.313731983208027
0.314002343026781
0.314111650017054
0.314067143617410
0.313882099307003
0.313574792891332
0.313167289749074
0.312684124275151
0.312150938922512
0.311593152630786
0.311034724992567
0.310497075438665
0.309998206439387
0.309552066840173
0.309168176765936
0.308851519944224
0.308602693778983
0.308418293013780
0.308291490244539
0.308212766635663
0.308170739532437
0.308153030596384
0.308147118720817
0.308141126159096
0.308124493626328
0.308088510014553
0.308026674026551
0.307934877613911
0.307811413690919
0.307656822305307
0.307473599491837
0.307265800776299
0.307038576291862
0.306797676493517
0.306548966520433
0.306297983592297
0.306049565865624
0.305807573505513
0.305574714038252
0.305352475075177
0.305141158956295
0.304940006398782
0.304747390371510
0.304561057514948
0.304378392665836
0.304196682421249
0.304013356001999
0.303826185615233
0.303633433619022
0.303433939537120
0.303227145819019
0.303013066675232
0.302792208898945
0.302565456976946
0.302333936788302
0.302098872722664
0.301861452191345
0.301622709444912
0.301383437639292
0.301144134558276
0.300904983680739
0.300665868740859
0.300426416890206
0.300186063279271
0.299944128490827
0.299699899835346
0.299452708019256
0.299201991991749
0.298947346669216
0.298688550487158
0.298425572081269
0.298158557604211
0.297887802030818
0.297613709132225
0.297336745515888
0.297057394211096
0.296776112773789
0.296493299893679
0.296209273157939
0.295924259129947
0.295638395414803
0.295351743067097
0.295064306680889
0.294776058875245
0.294486965689845
0.294197009622012
0.293906207613343
0.293614622137096
0.293322364531547
0.293029590743773
0.292736490573841
0.292443272240203
0.292150144551238
0.291857299128022
0.291564894980404
0.291273047326668
0.290981821930950
0.290691235495840
0.290401261883290
0.290111843236813
0.289822904520327
0.289534369633053
0.289246177137400
0.288958293751244
0.288670724084023
0.288383515589235
0.288096758300629
0.287810579541602
0.287525134374467
0.287240593022738
0.286957126806745
0.286674894250776
0.286394028943109
0.286114630474562
