0.021176979012811
0.021185827654942
0.021189948201734
0.021189341592111
0.021184020854139
0.021174011228390
0.021159350261598
0.021140087869954
0.021116286371455
0.021088020486784
0.021055377308270
0.021018456236571
0.020977368884756
0.020932238949588
0.020883202049842
0.020830405531624
0.020774008240689
0.020714180261873
0.020651102625831
0.020584966983358
0.020515975247643
0.020444339204931
0.020370280094104
0.020294028155825
0.020215822151948
0.020135908856000
0.020054542515611
0.019971984287873
0.019888501648674
0.019804367777154
0.019719860916490
0.019635263712309
0.019550862530118
0.019466946753174
0.019383808062334
0.019301739699468
0.019221035716076
0.019141990208854
0.019064896543949
0.018990046571762
0.018917729834159
0.018848232766032
0.018781837893163
0.018718823028408
0.018659460468242
0.018604016191714
0.018552749063922
0.018505910046102
0.018463741414441
0.018426475989764
0.018394336380185
0.018367534238877
0.018346269539037
0.018330729868170
0.018321089743737
0.018317509952227
0.018320136913653
0.018329102073444
0.018344521323653
0.018366494455366
0.018395104644108
0.018430417970016
0.018472482974456
0.018521330254695
0.018576972098172
0.018639402157802
0.018708595169685
0.018784506714491
0.018867073023679
0.018956210831625
0.019051817274634
0.019153769837658
0.019261926349495
0.019376125027059
0.019496184569248
0.019621904300773
0.019753064366215
0.019889425974427
0.020030731693289
0.020176705794682
0.020327054649421
0.020481467171745
0.020639615312850
0.020801154602797
0.020965724740009
0.021132950227432
0.021302441054313
0.021473793422410
0.021646590515327
0.021820403309546
0.021994791425596
0.022169304017693
0.022343480700056
0.022516852507996
0.022688942891779
0.022859268741139
0.023027341438230
0.023192667936716
0.023354751864589
0.023513094648255
0.023667196655312
0.023816558353391
0.023960681482383
0.024099070237274
0.024231232458794
0.024356680829032
0.024474934069113
0.024585518136029
0.024687967415679
0.024781825909140
0.024866648409235
0.024942001664389
0.025007465526846
0.025062634082280
0.025107116757877
0.025140539406013
0.025162545360653
0.025172796463671
0.025170974058342
0.025156779947309
0.025129937312399
0.025090191593747
0.025037311325762
0.024971088927557
0.024891341445582
0.024797911246265
0.024690666656624
0.024569502550888
0.024434340881302
0.024285131151439
0.024121850830427
0.023944505706691
0.023753130179906
0.023547787490039
0.023328569882473
0.023095598708393
0.022849024459754
0.022589026738294
0.022315814158257
0.022029624182602
0.021730722892693
0.021419404691579
0.021095991941167
0.020760834533763
0.020414309398589
0.020056819944077
0.019688795436895
0.019310690318816
0.018922983462706
0.018526177369049
0.018120797304613
0.017707390384968
0.017286524602742
0.016858787803635
0.016424786612341
0.015985145310670
0.015540504670281
0.015091520742553
0.014638863608259
0.014183216089773
0.013725272428695
0.013265736931821
0.012805322588509
0.012344749662555
0.011884744261768
0.011426036888489
0.010969360974380
0.010515451402813
0.010065043022276
0.009618869154207
0.009177660098697
0.008742141641539
0.008313033566064
0.007891048173233
0.007476888813430
0.007071248433372
0.006674808141525
0.006288235795387
0.005912184613931
0.005547291818455
0.005194177305030
0.004853442351635
0.004525668363031
0.004211415656288
0.003911222289827
0.003625602938703
0.003355047818764
0.003100021662201
0.002860962746864
0.002638281981623
0.002432362049883
0.002243556613240
0.002072189577121
0.001918554420092
0.001782913588376
0.001665497956943
0.001566506358407
0.001486105180763
0.001424428034866
0.001381575492353
0.001357614894561
0.001352580232824
0.001366472100332
0.001399257715601
0.001450871017397
0.001521212830820
0.001610151104034
0.001717521215026
0.001843126347540
0.001986737935228
0.002148096172856
0.002326910593271
0.002522860708656
0.002735596714478
0.002964740254368
0.003209885244023
0.003470598752120
0.003746421936048
0.004036871030196
0.004341438384362
0.004659593549787
0.004990784410163
0.005334438354901
0.005689963491848
0.006056749896528
0.006434170894956
0.006821584376953
0.007218334136870
0.007623751238546
0.008037155401307
0.008457856403748
0.008885155502037
0.009318346859442
0.009756718983779
0.010199556169480
0.010646139940965
0.011095750494043
0.011547668132064
0.012001174693584
0.012455554968350
0.012910098098440
0.013364098961449
0.013816859532695
0.014267690223452
0.014715911192319
0.015160853626893
0.015601860993029
0.016038290249036
0.016469513022277
0.016894916745739
0.017313905752252
0.017725902324160
0.018130347696346
0.018526703010670
0.018914450219982
0.019293092940023
0.019662157247646
0.020021192423956
0.020369771641078
0.020707492591426
0.021033978058493
0.021348876428326
0.021651862140984
0.021942636081451
0.022220925909615
0.022486486329065
0.022739099294614
0.022978574158605
0.023204747756210
0.023417484430048
0.023616675994629
0.023802241641247
0.023974127784083
0.024132307848426
0.024276782002039
0.024407576830827
0.024524744960097
0.024628364622798
0.024718539176265
0.024795396569089
0.024859088759840
0.024909791089467
0.024947701609306
0.024973040366691
0.024986048650276
0.024986988197211
0.024976140364433
0.024953805266358
0.024920300881323
0.024875962129210
0.024821139922676
0.024756200194496
0.024681522903528
0.024597501021853
0.024504539505638
0.024403054252306
0.024293471046582
0.024176224497994
0.024051756972389
0.023920517520018
0.023782960802716
0.023639546022688
0.023490735855352
0.023336995388692
0.023178791071484
0.023016589672746
0.022850857254680
0.022682058161332
0.022510654025126
0.022337102793342
0.022161857776568
0.021985366721038
0.021808070906714
0.021630404272881
0.021452792572909
0.021275652559789
0.021099391203907
0.020924404944457
0.020751078975782
0.020579786569824
0.020410888435767
0.020244732117864
0.020081651432307
0.019921965943913
0.019765980483292
0.019613984705032
0.019466252687375
0.019323042573693
0.019184596256022
0.019051139100764
0.018922879716594
0.018800009764486
0.018682703809681
0.018571119215323
0.018465396077382
0.018365657200399
0.018272008113491
0.018184537125964
0.018103315421808
0.018028397192237
0.017959819805399
0.017897604012257
0.017841754187618
0.017792258605179
0.017749089745411
0.017712204635050
0.017681545216887
0.017657038748513
0.017638598228615
0.017626122849386
0.017619498473564
0.017618598134581
0.017623282558276
0.017633400704593
0.017648790327672
0.017669278552713
0.017694682467982
0.017724809730329
0.017759459182569
0.017798421481079
0.017841479731981
0.017888410134263
0.017938982628230
0.017992961547672
0.018050106274150
0.018110171891859
0.018172909841505
0.018238068571690
0.018305394186339
0.018374631086711
0.018445522606591
0.018517811639316
0.018591241255286
0.018665555308717
0.018740499032385
0.018815819619202
0.018891266789493
0.018966593342913
0.019041555693973
0.019115914390250
0.019189434612345
0.019261886654781
0.019333046387051
0.019402695694085
0.019470622895507
0.019536623143061
0.019600498795687
0.019662059771766
0.019721123878135
0.019777517115513
0.019831073960054
0.019881637620799
0.019929060272861
0.019973203266230
0.020013937310148
0.020051142633059
0.020084709118195
0.020114536414905
0.020140534025912
0.020162621370688
0.020180727825246
