0.012923756721841
0.012984737067634
0.013047298944275
0.013111399029539
0.013176991898372
0.013244030050079
0.013312463937503
0.013382241998148
0.013453310687259
0.013525614512830
0.013599096072525
0.013673696092503
0.013749353468114
0.013826005306456
0.013903586970766
0.013982032126621
0.014061272789924
0.014141239376644
0.014221860754294
0.014303064295096
0.014384775930817
0.014466920209240
0.014549420352229
0.014632198315351
0.014715174849025
0.014798269561151
0.014881400981173
0.014964486625548
0.015047443064555
0.015130185990416
0.015212630286669
0.015294690098750
0.015376278905726
0.015457309593137
0.015537694526878
0.015617345628077
0.015696174448908
0.015774092249280
0.015851010074341
0.015926838832736
0.016001489375560
0.016074872575935
0.016146899409155
0.016217481033321
0.016286528870411
0.016353954687706
0.016419670679509
0.016483589549087
0.016545624590755
0.016605689772039
0.016663699815849
0.016719570282572
0.016773217652022
0.016824559405178
0.016873514105611
0.016920001480557
0.016963942501526
0.017005259464393
0.017043876068889
0.017079717497406
0.017112710493051
0.017142783436862
0.017169866424118
0.017193891339653
0.017214791932114
0.017232503887072
0.017246964898918
0.017258114741465
0.017265895337186
0.017270250825005
0.017271127626578
0.017268474510980
0.017262242657746
0.017252385718161
0.017238859874774
0.017221623899026
0.017200639206952
0.017175869912885
0.017147282881089
0.017114847775269
0.017078537105892
0.017038326275264
0.016994193620298
0.016946120452921
0.016894091098074
0.016838092929239
0.016778116401452
0.016714155081759
0.016646205677055
0.016574268059283
0.016498345287927
0.016418443629795
0.016334572576014
0.016246744856250
0.016154976450079
0.016059286595517
0.015959697794658
0.015856235816413
0.015748929696325
0.015637811733439
0.015522917484227
0.015404285753536
0.015281958582575
0.015155981233912
0.015026402173497
0.014893273049707
0.014756648669412
0.014616586971071
0.014473148994873
0.014326398849933
0.014176403678558
0.014023233617599
0.013866961756924
0.013707664095020
0.013545419491770
0.013380309618419
0.013212418904782
0.013041834483713
0.012868646132890
0.012692946213953
0.012514829609038
0.012334393654767
0.012151738073733
0.011966964903545
0.011780178423485
0.011591485078838
0.011400993402960
0.011208813937146
0.011015059148372
0.010819843344971
0.010623282590327
0.010425494614656
0.010226598724949
0.010026715713167
0.009825967762751
0.009624478353555
0.009422372165264
0.009219774979399
0.009016813579993
0.008813615653030
0.008610309684739
0.008407024858831
0.008203890952785
0.008001038233274
0.007798597350822
0.007596699233805
0.007395474981877
0.007195055758940
0.006995572685747
0.006797156732243
0.006599938609744
0.006404048663067
0.006209616762695
0.006016772197099
0.005825643565310
0.005636358669843
0.005449044410086
0.005263826676243
0.005080830243945
0.004900178669624
0.004721994186755
0.004546397603063
0.004373508198799
0.004203443626182
0.004036319810100
0.003872250850177
0.003711348924291
0.003553724193643
0.003399484709466
0.003248736321470
0.003101582588110
0.002958124688755
0.002818461337863
0.002682688701232
0.002550900314405
0.002423187003324
0.002299636807299
0.002180334904365
0.002065363539111
0.001954801953040
0.001848726317530
0.001747209669470
0.001650321849620
0.001558129443756
0.001470695726678
0.001388080609096
0.001310340587483
0.001237528696919
0.001169694466983
0.001106883880720
0.001049139336746
0.000996499614498
0.000948999842683
0.000906671470944
0.000869542244770
0.000837636183676
0.000810973562665
0.000789570896999
0.000773440930275
0.000762592625830
0.000757031161473
0.000756757927547
0.000761770528318
0.000772062786690
0.000787624752240
0.000808442712549
0.000834499207829
0.000865773048823
0.000902239337950
0.000943869493683
0.000990631278116
0.001042488827710
0.001099402687159
0.001161329846358
0.001228223780432
0.001300034492760
0.001376708560986
0.001458189185923
0.001544416243344
0.001635326338560
0.001730852863769
0.001830926058082
0.001935473070184
0.002044418023559
0.002157682084202
0.002275183530770
0.002396837827070
0.002522557696837
0.002652253200711
0.002785831815329
0.002923198514473
0.003064255852163
0.003208904047641
0.003357041072129
0.003508562737303
0.003663362785376
0.003821332980701
0.003982363202814
0.004146341540814
0.004313154388985
0.004482686543580
0.004654821300656
0.004829440554870
0.005006424899145
0.005185653725096
0.005367005324138
0.005550356989155
0.005735585116650
0.005922565309275
0.006111172478636
0.006301280948277
0.006492764556758
0.006685496760711
0.006879350737790
0.007074199489412
0.007269915943207
0.007466373055058
0.007663443910658
0.007861001826490
0.008058920450122
0.008257073859741
0.008455336662837
0.008653584093936
0.008851692111308
0.009049537492560
0.009246997929030
0.009443952118897
0.009640279858937
0.009835862134830
0.010030581209961
0.010224320712624
0.010416965721563
0.010608402849780
0.010798520326546
0.010987208077532
0.011174357803020
0.011359863054112
0.011543619306889
0.011725524034465
0.011905476776867
0.012083379208708
0.012259135204593
0.012432650902211
0.012603834763077
0.012772597630872
0.012938852787348
0.013102516005772
0.013263505601846
0.013421742482113
0.013577150189789
0.013729654948005
0.013879185700449
0.014025674149371
0.014169054790945
0.014309264947970
0.014446244799900
0.014579937410196
0.014710288750991
0.014837247725067
0.014960766185144
0.015080798950482
0.015197303820803
0.015310241587538
0.015419576042409
0.015525273983365
0.015627305217880
0.015725642563631
0.015820261846579
0.015911141896481
0.015998264539842
0.016081614590354
0.016161179836832
0.016236951028692
0.016308921859007
0.016377088945158
0.016441451807138
0.016502012843543
0.016558777305283
0.016611753267067
0.016660951596704
0.016706385922262
0.016748072597146
0.016786030663127
0.016820281811388
0.016850850341638
0.016877763119341
0.016901049531122
0.016920741438405
0.016936873129343
0.016949481269091
0.016958604848492
0.016964285131233
0.016966565599528
0.016965491898396
0.016961111778595
0.016953475038279
0.016942633463427
0.016928640767138
0.016911552527819
0.016891426126368
0.016868320682388
0.016842296989517
0.016813417449926
0.016781746008065
0.016747348083702
0.016710290504346
0.016670641437092
0.016628470319979
0.016583847792898
0.016536845628144
0.016487536660649
0.016435994717976
0.016382294550126
0.016326511759231
0.016268722729181
0.016209004555257
0.016147434973825
0.016084092292144
0.016019055318359
0.015952403291721
0.015884215813106
0.015814572775872
0.015743554297115
0.015671240649389
0.015597712192910
0.015523049308337
0.015447332330135
0.015370641480607
0.015293056804618
0.015214658105061
0.015135524879115
0.015055736255339
0.014975370931631
0.014894507114109
0.014813222456942
0.014731594003172
0.014649698126564
0.014567610474519
0.014485405912085
0.014403158467094
0.014320941276459
0.014238826533659
0.014156885437448
0.014075188141800
0.013993803707128
0.013912800052798
0.013832243910958
0.013752200781706
0.013672734889617
0.013593909141652
0.013515785086453
0.013438422875060
0.013361881223052
0.013286217374128
0.013211487065143
0.013137744492613
0.013065042280694
0.012993431450650
0.012922961391811
0.012853679834039
0.012785632821696
