0.005881744760185
0.005879726788813
0.005872400410236
0.005860129071288
0.005843532913973
0.005823456583140
0.005800925542601
0.005777093202457
0.005753181615260
0.005730418807769
0.005709975964412
0.005692907662795
0.005680098183475
0.005672216586923
0.005669682788824
0.005672646295321
0.005680978612647
0.005694279653928
0.005711897764846
0.005732962314146
0.005756427177685
0.005781122915547
0.005805815025502
0.005829265371830
0.005850293748514
0.005867836545214
0.005880999641219
0.005889102947535
0.005891714434927
0.005888672004860
0.005880092155119
0.005866365033582
0.005848136131206
0.005826275507621
0.005801836039602
0.005776002706258
0.005750035350954
0.005725207669281
0.005702745350930
0.005683766343248
0.005669226104246
0.005659870477848
0.005656198465470
0.005658436702387
0.005666526896480
0.005680126876387
0.005698625254067
0.005721169063053
0.005746703118028
0.005774019282409
0.005801813354516
0.005828746911973
0.005853511205986
0.005874890084186
0.005891818948795
0.005903436925550
0.005909129721162
0.005908561069876
0.005901691194152
0.005888781306775
0.005870383834291
0.005847318714396
0.005820636781270
0.005791571871684
0.005761483831559
0.005731795050887
0.005703923482664
0.005679215292009
0.005658880324641
0.005643933476089
0.005635144788018
0.005633000706829
0.005637678429493
0.005649034655864
0.005666609393454
0.005689644751535
0.005717117950012
0.005747787088902
0.005780247609145
0.005812996854852
0.005844503746534
0.005873280314340
0.005897951733124
0.005917321553309
0.005930429031236
0.005936595820688
0.005935459776864
0.005926994222362
0.005911511703178
0.005889651989162
0.005862354812975
0.005830818559068
0.005796446775206
0.005760784952076
0.005725450474220
0.005692058966416
0.005662150428601
0.005637118562009
0.005618146539458
0.005606152171448
0.005601744981946
0.005605197154792
0.005616429670432
0.005635014253706
0.005660191030050
0.005690901073476
0.005725832358294
0.005763477028383
0.005802197399605
0.005840297734614
0.005876098590276
0.005908010445436
0.005934603372801
0.005954669718493
0.005967277085062
0.005971809361224
0.005967994082447
0.005955915014831
0.005936009502579
0.005909050777320
0.005876116066906
0.005838541934607
0.005797868802438
0.005755777043886
0.005714017355380
0.005674338321382
0.005638414169265
0.005607775666865
0.005583746952761
0.005567390816479
0.005559464576926
0.005560388259617
0.005570226266385
0.005588683186824
0.005615113840622
0.005648547086254
0.005687722405053
0.005731137789506
0.005777107047599
0.005823824294876
0.005869433153298
0.005912098018102
0.005950074694384
0.005981777744155
0.006005842018975
0.006021176076718
0.006027005484354
0.006022904380445
0.006008814097765
0.005985048113056
0.005952283081277
0.005911536209077
0.005864129709927
0.005811643544877
0.005755858072845
0.005698688598536
0.005642114102018
0.005588102651595
0.005538536132958
0.005495136967877
0.005459399442885
0.005432528123673
0.005415385598657
0.005408451482742
0.005411794230150
0.005425056866186
0.005447457267297
0.005477803113526
0.005514521125760
0.005555699700339
0.005599143584162
0.005642438811644
0.005683025766589
0.005718277950594
0.005745583845619
0.005762429158970
0.005766476737734
0.005755641536205
0.005728158209918
0.005682639185528
0.005618121405574
0.005534100356967
0.005430550445198
0.005307931254796
0.005167179721509
0.005009688714384
0.004837272968384
0.004652123704240
0.004456753608044
0.004253934107565
0.004046627067852
0.003837913131204
0.003630918945511
0.003428745463410
0.003234399358744
0.003050729405629
0.002880369410236
0.002725688989156
0.002588753164781
0.002471291411632
0.002374676451752
0.002299912774759
0.002247634560219
0.002218112415719
0.002211268120519
0.002226696386603
0.002263692518549
0.002321284771182
0.002398270167405
0.002493252544496
0.002604681640608
0.002730892108556
0.002870141444908
0.003020645942831
0.003180613910767
0.003348275540582
0.003521908953267
0.003699862093724
0.003880570285341
0.004062569387639
0.004244504624410
0.004425135264371
0.004603335440513
0.004778091487288
0.004948496256019
0.005113740937457
0.005273104975443
0.005425944695785
0.005571681298573
0.005709788868551
0.005839783045686
0.005961210965420
0.006073643024679
0.006176666955435
0.006269884593277
0.006352911615675
0.006425380396284
0.006486945981339
0.006537295046808
0.006576157546027
0.006603320613146
0.006618644154496
0.006622077444320
0.006613675949441
0.006593617544739
0.006562217252136
0.006519939643201
0.006467408090819
0.006405410138318
0.006334898372827
0.006256986339504
0.006172939209087
0.006084159106006
0.005992165210044
0.005898568952553
0.005805044829648
0.005713297540748
0.005625026323452
0.005541887487738
0.005465456248478
0.005397189011031
0.005338387278297
0.005290164318575
0.005253415663677
0.005228794399105
0.005216692067694
0.005217225840764
0.005230232423512
0.005255268961352
0.005291621008605
0.005338317417561
0.005394151811060
0.005457710121106
0.005527403514525
0.005601505887781
0.005678194999483
0.005755596222154
0.005831827835008
0.005905046746411
0.005973493527468
0.006035535655306
0.006089707904573
0.006134748886769
0.006169632817595
0.006193595691277
0.006206155156270
0.006207123518006
0.006196613439977
0.006175036073544
0.006143091517633
0.006101751690234
0.006052235881702
0.005995979452112
0.005934596327260
0.005869836135587
0.005803537005659
0.005737575204781
0.005673812937243
0.005614045729019
0.005559950897964
0.005513038639078
0.005474607238365
0.005445703862988
0.005427092258222
0.005419228513554
0.005422245843910
0.005435949072283
0.005459819204188
0.005493028161609
0.005534463405400
0.005582761832828
0.005636352004181
0.005693503442656
0.005752381478030
0.005811105879084
0.005867811352777
0.005920707888159
0.005968138895672
0.006008635140628
0.006040962592999
0.006064162510637
0.006077582333170
0.006080896279684
0.006074114903103
0.006057583244199
0.006031967633438
0.005998231593652
0.005957601685273
0.005911524493586
0.005861616270642
0.005809607001427
0.005757280855308
0.005706415103051
0.005658719623246
0.005615779088924
0.005578999817911
0.005549563093954
0.005528386527255
0.005516094732441
0.005513000270201
0.005519095438195
0.005534055120381
0.005557250524674
0.005587773269716
0.005624468934550
0.005665978871234
0.005710788809443
0.005757282562095
0.005803798978054
0.005848690186713
0.005890379141992
0.005927414500905
0.005958520962957
0.005982643348393
0.005998982901081
0.006007024559335
0.006006554237873
0.005997665497303
0.005980755334397
0.005956509195989
0.005925875690347
0.005890031830442
0.005850339981856
0.005808297992409
0.005765484239967
0.005723499539144
0.005683907988061
0.005648178905959
0.005617632006477
0.005593387867342
0.005576325595456
0.005567049350115
0.005565865082571
0.005572768486465
0.005587444742840
0.005609280199703
0.005637385665925
0.005670630540368
0.005707686558055
0.005747079534398
0.005787247143693
0.005826600495113
0.005863587081964
0.005896752588086
0.005924799045735
0.005946636954079
0.005961429184526
0.005968624811356
0.005967981402472
0.005959574769971
0.005943795694861
0.005921333683097
0.005893148357827
0.005860429621296
0.005824548205657
0.005786998652826
0.005749337099975
0.005713116483327
0.005679821896952
0.005650808848663
0.005627247040585
