0.083345258976398
0.083211644678382
0.083064621903024
0.082913219069371
0.082766841543735
0.082634703287720
0.082525264648422
0.082445710669585
0.082401502053644
0.082396026677101
0.082430373605773
0.082503244229667
0.082611006883156
0.082747892637013
0.082906321375024
0.083077339324415
0.083251142383920
0.083417654305097
0.083567125356995
0.083690715751594
0.083781028910922
0.083832562566392
0.083842050518353
0.083808674352322
0.083734132113469
0.083622559413589
0.083480307172930
0.083315588657524
0.083138016156988
0.082958054103996
0.082786420289628
0.082633469802547
0.082508597254266
0.082419691710447
0.082372675615571
0.082371154077861
0.082416194477888
0.082506248864109
0.082637223446237
0.082802691167261
0.082994235303927
0.083201904764696
0.083414755624044
0.083621448780085
0.083810870687565
0.083972743038132
0.084098188066764
0.084180218784898
0.084214127706687
0.084197753288160
0.084131610013583
0.084018875461692
0.083865235360871
0.083678595184140
0.083468673844675
0.083246501169276
0.083023845743054
0.082812603194720
0.082624176868369
0.082468883030240
0.082355411300992
0.082290367983170
0.082277925546074
0.082319595979088
0.082414139326944
0.082557611810920
0.082743550873340
0.082963287615585
0.083206370772975
0.083461080891189
0.083715008999388
0.083955671016101
0.084171127508794
0.084350578316649
0.084484902924032
0.084567120252086
0.084592745564448
0.084560027248945
0.084470052083467
0.084326713931298
0.084136547332266
0.083908433851095
0.083653195015999
0.083383090956909
0.083111248199609
0.082851043302706
0.082615471006330
0.082416526221219
0.082264628511038
0.082168115755291
0.082132830526177
0.082161818521085
0.082255153355691
0.082409896366477
0.082620194044327
0.082877509583714
0.083170979047816
0.083487877073258
0.083814172105547
0.084135147077241
0.084436058389842
0.084702804170564
0.084922572132503
0.085084438007158
0.085179887424997
0.085203237223317
0.085151936341110
0.085026731550402
0.084831689064273
0.084574069310790
0.084264058602868
0.083914367786094
0.083539713927939
0.083156206451477
0.082780663567366
0.082429888207474
0.082119934747293
0.081865398512167
0.081678759347413
0.081569808412826
0.081545183922985
0.081608036944204
0.081757842782215
0.081990367204121
0.082297790021637
0.082668981728722
0.083089922249312
0.083544244713591
0.084013881821567
0.084479788008557
0.084922707485006
0.085323956409373
0.085666187028676
0.085934102581035
0.086115094027643
0.086199773138128
0.086182380912698
0.086061055566376
0.085837950077264
0.085519195350510
0.085114711110129
0.084637872451828
0.084105045343761
0.083535009053543
0.082948287351494
0.082366413278236
0.081811154199099
0.081303724772288
0.080864015347083
0.080509862233578
0.080256384329444
0.080115407859504
0.080094997607484
0.080199109135842
0.080427372246190
0.080775011479167
0.081232904936027
0.081787778267093
0.082422526447848
0.083116652074615
0.083846805467630
0.084587408964048
0.085311345494057
0.085990689918126
0.086597460700413
0.087104369318726
0.087485545358799
0.087717216480378
0.087778324322568
0.087651059861950
0.087321304655814
0.086778967684590
0.086018211029969
0.085037561258754
0.083839906995323
0.082432386629710
0.080826173304877
0.079036167151334
0.077080607104358
0.074980616485362
0.072759697815296
0.070443193040302
0.068057725497906
0.065630639567786
0.063189453085060
0.060761336311225
0.058372629633436
0.056048410277156
0.053812116251485
0.051685233579040
0.049687050664975
0.047834481496790
0.046141957292533
0.044621384275366
0.043282163484119
0.042131266961887
0.041173363321947
0.040410984591783
0.039844725398806
0.039473464999993
0.039294602384710
0.039304294705417
0.039497689620535
0.039869142767652
0.040412412515624
0.041120825353374
0.041987406731993
0.043004973843314
0.044166188637853
0.045463571291641
0.046889476249098
0.048436034815524
0.050095069963629
0.051857990472184
0.053715672657415
0.055658338728374
0.057675441152222
0.059755562331325
0.061886338370776
0.064054414775728
0.066245440607817
0.068444106014119
0.070634226200539
0.072798872945099
0.074920552729906
0.076981428606885
0.078963581087381
0.080849301732480
0.082621411776652
0.084263597080291
0.085760749996551
0.087099308355462
0.088267581699137
0.089256055118845
0.090057661513076
0.090668013766803
0.091085589208774
0.091311859702513
0.091351361842124
0.091211702938216
0.090903499782929
0.090440248573046
0.089838125847428
0.089115721860088
0.088293709459994
0.087394453271624
0.086441565743681
0.085459418420168
0.084472618536863
0.083505462691056
0.082581380795873
0.081722384727411
0.080948536916003
0.080277454539218
0.079723864871971
0.079299226684415
0.079011431321270
0.078864595245484
0.078858953414730
0.078990859943710
0.079252899181634
0.079634106722947
0.080120296112212
0.080694483256728
0.081337396984597
0.082028060939778
0.082744429235309
0.083464056117364
0.084164778425353
0.084825388933928
0.085426278763993
0.085950027948091
0.086381924892902
0.086710397828747
0.086927344276793
0.087028347982183
0.087012776524050
0.086883756781852
0.086648029470674
0.086315687918769
0.085899810020238
0.085415995737933
0.084881825554711
0.084316257789756
0.083738984642160
0.083169768144799
0.082627777872780
0.082130952234069
0.081695404472672
0.081334893150680
0.081060374874577
0.080879654439632
0.080797144447906
0.080813742890819
0.080926833274750
0.081130407721725
0.081415309225922
0.081769585031176
0.082178939063067
0.082627267653117
0.083097259579884
0.083571038860769
0.084030826880427
0.084459599434899
0.084841714172623
0.085163484757790
0.085413679862031
0.085583927761463
0.085669010790898
0.085667038061783
0.085579489527302
0.085411129492907
0.085169792819821
0.084866052139926
0.084512779179772
0.084124617576278
0.083717388173280
0.083307450560710
0.082911046435784
0.082543651147676
0.082219359496696
0.081950330504140
0.081746313502244
0.081614274609365
0.081558138585605
0.081578656372259
0.081673403493671
0.081836909148537
0.082060910455025
0.082334721156992
0.082645699356636
0.082979794706516
0.083322152143331
0.083657746820061
0.083972023500676
0.084251513391350
0.084484402220120
0.084661025324329
0.084774268497208
0.084819857272753
0.084796522040723
0.084706031693290
0.084553094193169
0.084345128278942
0.084091916232708
0.083805152972221
0.083497911447531
0.083184048195367
0.082877575740334
0.082592030180771
0.082339862661222
0.082131882474123
0.081976777274302
0.081880732418738
0.081847166909198
0.081876598020884
0.081966640696021
0.082112141452361
0.082305440207858
0.082536747364734
0.082794618027829
0.083066500626107
0.083339333693154
0.083600162319590
0.083836744930962
0.084038121612268
0.084195117166274
0.084300755357487
0.084350565192055
0.084342765394204
0.084278319195313
0.084160857855137
0.083996477673026
0.083793421308668
0.083561659721669
0.083312395693508
0.083057513494587
0.082809001638058
0.082578376717641
0.082376136020966
0.082211264972167
0.082090822580185
0.082019624103820
0.082000035292203
0.082031887061364
0.082112513592681
0.082236910871202
0.082398006906099
0.082587029565364
0.082793953361184
0.083008002854958
0.083218187779956
0.083413843621380
0.083585151306480
0.083723610839939
0.083822446110624
0.083876921576546
0.083884555935708
0.083845222997535
0.083761135535416
0.083636713655471
