0.190779715344893
0.192025998701674
0.193184465623678
0.194239770883703
0.195178044394634
0.195987065887277
0.196656410719387
0.197177565698684
0.197544014335114
0.197751291444490
0.197797007501661
0.197680843581866
0.197404518130683
0.196971727163429
0.196388059811765
0.195660891406876
0.194799256513030
0.193813704501177
0.192716140378343
0.191519653664113
0.190238338130853
0.188887105200604
0.187481493721239
0.186037478731613
0.184571281675099
0.183099184339916
0.181637348600416
0.180201643814177
0.178807483503656
0.177469672726016
0.176202267317104
0.175018445991040
0.173930396088279
0.172949213594104
0.172084817894924
0.171345881599089
0.170739775617620
0.170272529573269
0.169948807477973
0.169771898484306
0.169743722372132
0.169864849275483
0.170134532987291
0.170550757004164
0.171110292295297
0.171808765607070
0.172640736957034
0.173599784838393
0.174678597558611
0.175869069082530
0.177162397747844
0.178549186272556
0.180019541580051
0.181563173123087
0.183169488585600
0.184827686068188
0.186526842105597
0.188255995105536
0.190004224021566
0.191760722262862
0.193514866987447
0.195256284014005
0.196974908615995
0.198661042431569
0.200305406640089
0.201899191432181
0.203434101650838
0.204902398324295
0.206296935667082
0.207611193012373
0.208839301073370
0.209976061926151
0.211016962168500
0.211958178838998
0.212796577872718
0.213529705111627
0.214155770161620
0.214673623672580
0.215082728888766
0.215383128550636
0.215575408404045
0.215660658671366
0.215640434849929
0.215516719122230
0.215291883493406
0.214968655526040
0.214550087239152
0.214039527401396
0.213440597105712
0.212757168193059
0.211993343823490
0.211153440297723
0.210241969128667
0.209263618359754
0.208223232226375
0.207125788449618
0.205976372721167
0.204780150260586
0.203542334671976
0.202268154664468
0.200962819498581
0.199631484249705
0.198279216118028
0.196910963046511
0.195531525829262
0.194145534706845
0.192757431166801
0.191371455320279
0.189991638838788
0.188621803042977
0.187265561372542
0.185926325166607
0.184607311474434
0.183311551517871
0.182041898449789
0.180801033196764
0.179591467428179
0.178415543036426
0.177275427914386
0.176173108241063
0.175110377896407
0.174088825984087
0.173109823713181
0.172174512050327
0.171283791586190
0.170438315959344
0.169638489953278
0.168884473047008
0.168176188784632
0.167513339870483
0.166895428434345
0.166321780487166
0.165791573240019
0.165303863719943
0.164857617008511
0.164451732463713
0.164085066461606
0.163756450497143
0.163464703887762
0.163208640793793
0.162987071765039
0.162798800498821
0.162642616908776
0.162517287917929
0.162421547575116
0.162354088133120
0.162313553615129
0.162298537142519
0.162307582923123
0.162339193338414
0.162391841061141
0.162463985627928
0.162554093430137
0.162660659713574
0.162782230927880
0.162917425664359
0.163064952477094
0.163223623093717
0.163392359871933
0.163570196816254
0.163756273996710
0.163949825761496
0.164150163659880
0.164356655443785
0.164568701855518
0.164785713104418
0.165007086968467
0.165232190324122
0.165460345619320
0.165690823385394
0.165922841369202
0.166155570302112
0.166388145756153
0.166619685019495
0.166849307498079
0.167076156855181
0.167299422961185
0.167518361754001
0.167732311303532
0.167940702713988
0.168143064955687
0.168339023252564
0.168528291216037
0.168710657460474
0.168885967912480
0.169054105394162
0.169214968287284
0.169368450151587
0.169514422071355
0.169652719248679
0.169783132973464
0.169905408613218
0.170019249723846
0.170124327834051
0.170220296948713
0.170306811396060
0.170383545346193
0.170450212180929
0.170506581909824
0.170552495003152
0.170587871334247
0.170612713362264
0.170627103203948
0.170631193793345
0.170625194863830
0.170609354959665
0.170583941053251
0.170549217576547
0.170505426750033
0.170452772003092
0.170391406032887
0.170321424665712
0.170242867198029
0.170155723345863
0.170059946367867
0.169955471398070
0.169842237574400
0.169720212217702
0.169589415131753
0.169449941073953
0.169301978590812
0.169145823710394
0.168981887409568
0.168810696291693
0.168632886475252
0.168449191258404
0.168260423639414
0.168067455195174
0.167871193112683
0.167672557307106
0.167472459532729
0.167271786202371
0.167071386293346
0.166872065262730
0.166674585361215
0.166479672168796
0.166288026626173
0.166100341350034
0.165917319640594
0.165739695348223
0.165568251683915
0.165403837142473
0.165247376950624
0.165099878833573
0.164962432380135
0.164836201836334
0.164722412722995
0.164622333205284
0.164537251595820
0.164468451708262
0.164417187966332
0.164384662197919
0.164372003902377
0.164380255484067
0.164410363521079
0.164463176621830
0.164539449857480
0.164639855193771
0.164764996829742
0.164915429927567
0.165091680923228
0.165294267467641
0.165523716073709
0.165780575734809
0.166065426118133
0.166378879393250
0.166721575293379
0.167094169578502
0.167497316626928
0.167931647377778
0.168397744239286
0.168896114833312
0.169427166543704
0.169991183766995
0.170588309534494
0.171218532804954
0.171881682248167
0.172577426793072
0.173305282645661
0.174064625940642
0.174854709722241
0.175674683593582
0.176523614160718
0.177400504344589
0.178304309746304
0.179233950518107
0.180188317591745
0.181166272613144
0.182166641485216
0.183188201982162
0.184229666420922
0.185289660814517
0.186366702250369
0.187459176407956
0.188565317139834
0.189683189887957
0.190810680406801
0.191945489842071
0.193085136705336
0.194226965734674
0.195368163086381
0.196505776810189
0.197636741161985
0.198757903038286
0.199866048698117
0.200957928980752
0.202030281427648
0.203079848056318
0.204103387983034
0.205097684611100
0.206059547646357
0.206985810724329
0.207873325888035
0.208718956502387
0.209519570399353
0.210272035099268
0.210973216842394
0.211619984899984
0.212209222237455
0.212737843107230
0.213202817597039
0.213601202597276
0.213930178126205
0.214187087508023
0.214369479573588
0.214475150873663
0.214502185874514
0.214448993246241
0.214314336642741
0.214097358782994
0.213797598141042
0.213414998093544
0.212949908912929
0.212403083485010
0.211775668031273
0.211069189394425
0.210285540578609
0.209426966213237
0.208496049434921
0.207495701372433
0.206429154002919
0.205299956661122
0.204111975970142
0.202869398467410
0.201576734766600
0.200238823762863
0.198860835184358
0.197448268735711
0.196006948174023
0.194543008898164
0.193062877997195
0.191573246163865
0.190081031395816
0.188593334937881
0.187117390419719
0.185660507573400
0.184230012240600
0.182833184573276
0.181477197380755
0.180169056478174
0.178915544656428
0.177723170544271
0.176598123200307
0.175546232794347
0.174572937255855
0.173683254323302
0.172881758060285
0.172172558643320
0.171559284093908
0.171045062634483
0.170632504492266
0.170323682243712
0.170120109160887
0.170022715456993
0.170031822793075
0.170147117860817
0.170367626257213
0.170691688180705
0.171116937676794
0.171640287226277
0.172257919393866
0.172965287044280
0.173757123302930
0.174627462015340
0.175569668977243
0.176576483704412
0.177640071027384
0.178752081369467
0.179903718229053
0.181085811164110
0.182288892481967
0.183503275874772
0.184719135401692
0.185926583484685
0.187115746927392
0.188276840352845
0.189400236847421
0.190476535958616
0.191496629488741
0.192451765727441
0.193333612854068
