0.131301643099023
0.131337456124187
0.131373319010580
0.131409224631609
0.131445153374651
0.131481074915422
0.131516950500474
0.131552735684878
0.131588383483575
0.131623847893575
0.131659087722554
0.131694070613539
0.131728777086285
0.131763204331064
0.131797369403024
0.131831311393100
0.131865092115492
0.131898794871646
0.131932520942504
0.131966383631594
0.132000499927768
0.132034980160807
0.132069916355535
0.132105370308675
0.132141362668831
0.132177864443687
0.132214792346232
0.132252009193727
0.132289330180424
0.132326535274368
0.132363387284661
0.132399654378900
0.132435135092042
0.132469683259410
0.132503229928035
0.132535799236485
0.132567515558773
0.132598599896823
0.132629354543751
0.132660136341744
0.132691320292832
0.132723256683195
0.132756226070213
0.132790397279020
0.132825793814260
0.132862273715615
0.132899526845783
0.132937091949929
0.132974393703133
0.133010797577069
0.133045677975338
0.133078493001263
0.133108857719034
0.133136607091368
0.133161840089740
0.133184937835650
0.133206550980504
0.133227554678022
0.133248973143998
0.133271879543971
0.133297280363919
0.133325996068805
0.133358551359515
0.133395088426479
0.133435315139407
0.133478497150562
0.133523498647189
0.133568871357157
0.133612985913233
0.133654194419499
0.133691008658404
0.133722275393899
0.133747329107391
0.133766103507833
0.133779186321109
0.133787806980717
0.133793753471943
0.133799222088445
0.133806611468258
0.133818279152730
0.133836284253718
0.133862142941051
0.133896623896428
0.133939608411349
0.133990034529582
0.134045936951965
0.134104585018184
0.134162710862032
0.134216809844089
0.134263486668619
0.134299814176544
0.134323668468783
0.134334004265274
0.134331038405264
0.134316316922520
0.134292651587964
0.134263924275554
0.134234770801478
0.134210168701374
0.134194964426546
0.134193383463934
0.134208570972968
0.134242210096494
0.134294259981253
0.134362846031829
0.134444321762240
0.134533505929900
0.134624081856214
0.134709129536525
0.134781746912074
0.134835705970597
0.134866083327751
0.134869804380882
0.134846045291647
0.134796447684934
0.134725116266229
0.134638388310707
0.134544384555735
0.134452371601637
0.134371984601307
0.134312374017121
0.134281350041772
0.134284601838548
0.134325065508290
0.134402504682141
0.134513351525058
0.134650834932631
0.134805398501026
0.134965385468053
0.135117943447008
0.135250080565567
0.135349788528846
0.135407138712051
0.135415255686983
0.135371079000254
0.135275838270910
0.135135187810809
0.134958973434604
0.134760633869277
0.134556269818333
0.134363442765990
0.134199790571627
0.134081565623579
0.134022212067405
0.134031100274570
0.134112528858147
0.134265087513034
0.134481448841685
0.134748625875307
0.135048696510638
0.135359959220757
0.135658449000573
0.135919711358008
0.136120707777312
0.136241710510966
0.136268039219747
0.136191497546679
0.136011384040404
0.135734977989656
0.135377434999593
0.134961067213603
0.134514026182017
0.134068449467373
0.133658172084866
0.133316137927451
0.133071671939991
0.132947789089417
0.132958719951017
0.133107824619166
0.133386047106059
0.133771032655625
0.134226992410250
0.134705356116555
0.135146206906381
0.135480445669230
0.135632589123301
0.135524068119345
0.135076863261284
0.134217295299700
0.132879778959588
0.131010351175768
0.128569797668876
0.125536224269334
0.121906949684748
0.117699632380079
0.112952583513243
0.107724257974826
0.102091954149177
0.096149787930724
0.090006036067916
0.083779966824062
0.077598291531741
0.071591378709328
0.065889373345779
0.060618358517192
0.055896685779499
0.051831586096876
0.048516155802629
0.046026793586653
0.044421145939224
0.043736600786759
0.043989352861683
0.045174049965206
0.047264016712069
0.050212041335466
0.053951701239307
0.058399193681995
0.063455628736022
0.069009732069730
0.074940894907217
0.081122497753652
0.087425423420529
0.093721664121929
0.099887917755505
0.105809060923816
0.111381381868815
0.116515456332273
0.121138554318332
0.125196476459100
0.128654735446566
0.131499020633748
0.133734911788650
0.135386839993806
0.136496328275611
0.137119579824825
0.137324515505434
0.137187392533148
0.136789160607613
0.136211728524121
0.135534321897372
0.134830110170643
0.134163268267601
0.133586615475320
0.133139942527994
0.132849099141175
0.132725870721653
0.132768627342956
0.132963683243024
0.133287263994516
0.133707943848579
0.134189389891528
0.134693234338910
0.135181892571369
0.135621152643958
0.135982381402815
0.136244221657128
0.136393692016883
0.136426643401466
0.136347570868010
0.136168823169526
0.135909292279595
0.135592698264430
0.135245609101987
0.134895348768282
0.134567949342512
0.134286294070720
0.134068579145310
0.133927194031211
0.133868085750070
0.133890634320306
0.133988027479681
0.134148085836003
0.134354457434433
0.134588075709083
0.134828758622371
0.135056820491035
0.135254571773548
0.135407595383606
0.135505709603451
0.135543555490455
0.135520778440327
0.135441806673921
0.135315261193145
0.135153059715941
0.134969299129244
0.134779015500355
0.134596926717892
0.134436260160025
0.134307756891605
0.134218925913701
0.134173598620460
0.134171806949645
0.134209981052064
0.134281435977739
0.134377094035423
0.134486371926482
0.134598150790064
0.134701743635625
0.134787778353893
0.134848925030725
0.134880412515746
0.134880299538441
0.134849488229964
0.134791490673274
0.134711980084611
0.134618175657676
0.134518122574708
0.134419935280822
0.134331072452166
0.134257706353860
0.134204238203831
0.134172995912376
0.134164132670047
0.134175726014036
0.134204058952377
0.134244049074038
0.134289779657794
0.134335079563908
0.134374096637257
0.134401812461962
0.134414454100424
0.134409770019497
0.134387151527710
0.134347596298379
0.134293525456595
0.134228478872509
0.134156723554020
0.134082816514844
0.134011165747975
0.133945630921987
0.133889199514119
0.133843765037212
0.133810022822188
0.133787486667331
0.133774617788494
0.133769047051991
0.133767863406831
0.133767936440140
0.133766239409198
0.133760140948028
0.133747638556694
0.133727514314488
0.133699402156116
0.133663765534875
0.133621793377337
0.133575230006775
0.133526160451948
0.133476775783376
0.133429143633994
0.133385006959629
0.133345629739347
0.133311702285609
0.133283311854121
0.133259977098997
0.133240738371683
0.133224290567334
0.133209141666157
0.133193778571747
0.133176822355102
0.133157157389503
0.133134022734322
0.133107058982091
0.133076309033662
0.133042176315670
0.133005348266464
0.132966696070323
0.132927163349076
0.132887656734337
0.132848950025570
0.132811611226899
0.132775958502906
0.132742047425297
0.132709688238993
0.132678488664495
0.132647915301553
0.132617365224680
0.132586238953696
0.132554006603197
0.132520260509336
0.132484749757801
0.132447394496865
0.132408280402142
0.132367635876561
0.132325796285828
0.132283160590606
0.132240146076032
0.132197146522359
0.132154498212533
0.132112456800053
0.132071186465178
0.132030761180412
0.131991176479824
0.131952369034669
0.131914240679085
0.131876683341397
0.131839601596062
0.131802930182815
0.131766644730447
0.131730764938847
0.131695350478867
0.131660490744187
0.131626290240060
0.131592851764393
0.131560259611427
0.131528564828794
0.131497774137996
0.131467843560337
0.131438677158898
0.131410130694306
0.131382019468263
0.131354129245457
