0.051522857464596
0.051345070286947
0.051176341367265
0.051018983203998
0.050875239474353
0.050747241201925
0.050636964461674
0.050546190563053
0.050476469595183
0.050429088145956
0.050405041922791
0.050405013909127
0.050429358589310
0.050478092666222
0.050550892580881
0.050647099020762
0.050765728472761
0.050905491736724
0.051064819165865
0.051241892241518
0.051434680923418
0.051640986046147
0.051858485862482
0.052084785671749
0.052317469323646
0.052554151264512
0.052792527702859
0.053030425423225
0.053265846780117
0.053497009463018
0.053722379742749
0.053940698089256
0.054150996287855
0.054352605468123
0.054545154786344
0.054728560854616
0.054903008371012
0.055068922757325
0.055226935935032
0.055377846648316
0.055522576958936
0.055662126678371
0.055797527559094
0.055929799034698
0.056059907179220
0.056188728355591
0.056317018753327
0.056445390692019
0.056574296208992
0.056704018077834
0.056834668041152
0.056966191706717
0.057098379269916
0.057230881002200
0.057363226295728
0.057494844984243
0.057625089669531
0.057753257866599
0.057878612929267
0.058000402917597
0.058117876803255
0.058230297660843
0.058336952744534
0.058437160583516
0.058530275432312
0.058615689571845
0.058692834066825
0.058761178641073
0.058820231335475
0.058869538567411
0.058908686122901
0.058937301492615
0.058955057821042
0.058961679585429
0.058956949968346
0.058940719744393
0.058912917375557
0.058873559906962
0.058822764179112
0.058760757825837
0.058687889509111
0.058604637850866
0.058511618555168
0.058409589267995
0.058299451792181
0.058182251357723
0.058059172738360
0.057931533100202
0.057800771563628
0.057668435552447
0.057536164091651
0.057405668294472
0.057278709348989
0.057157074372674
0.057042550548934
0.056936897992674
0.056841821812158
0.056758943843186
0.056689774530150
0.056635685419247
0.056597882714448
0.056577382329565
0.056574986852480
0.056591264822548
0.056626532710605
0.056680839983234
0.056753957627917
0.056845370510952
0.056954273931906
0.057079574722041
0.057219897204215
0.057373594282759
0.057538763858823
0.057713270666048
0.057894773491568
0.058080757588928
0.058268571906480
0.058455470553603
0.058638657717495
0.058815335037187
0.058982750252459
0.059138245788113
0.059279305822480
0.059403600335744
0.059509024648411
0.059593733049122
0.059656165275501
0.059695064848416
0.059709488560248
0.059698806768233
0.059662694527102
0.059601113990623
0.059514288897092
0.059402672306860
0.059266909059604
0.059107794647247
0.058926232341106
0.058723190460412
0.058499661620988
0.058256625660696
0.057995017711597
0.057715702591672
0.057419456340058
0.057106955340240
0.056778773088099
0.056435384288587
0.056077175626507
0.055704462271029
0.055317508953349
0.054916554310707
0.054501837121030
0.054073623058677
0.053632230676497
0.053178055452140
0.052711590913744
0.052233446066818
0.051744358564796
0.051245203285795
0.050736996184754
0.050220893473314
0.049698186332734
0.049170291484308
0.048638738027261
0.048105151008678
0.047571232218896
0.047038738715555
0.046509459577411
0.045985191381852
0.045467712893693
0.044958759451271
0.044459997540900
0.043973000062192
0.043499222801766
0.043039982647385
0.042596438082732
0.042169572498995
0.041760180837220
0.041368860030319
0.040996003642579
0.040641801006684
0.040306241035232
0.039989120739680
0.039690058331073
0.039408510612065
0.039143794208194
0.038895110038048
0.038661570296336
0.038442227129283
0.038236102124429
0.038042215720711
0.037859615670403
0.037687403750245
0.037524760019922
0.037370964054810
0.037225412727680
0.037087634270723
0.036957298504663
0.036834223266351
0.036718377191696
0.036609879111000
0.036508994384777
0.036416128548790
0.036331818648540
0.036256722629566
0.036191607116078
0.036137333863373
0.036094845116698
0.036065148057778
0.036049298476753
0.036048383776819
0.036063505404848
0.036095760805095
0.036146225014088
0.036215932050412
0.036305856299202
0.036416894142457
0.036549846136804
0.036705400084208
0.036884115372715
0.037086408979304
0.037312543521991
0.037562617722123
0.037836559590434
0.038134122583763
0.038454884896786
0.038798251959090
0.039163462107741
0.039549595304804
0.039955584673472
0.040380230540620
0.040822216601711
0.041280127769174
0.041752469229184
0.042237686214839
0.042734184005124
0.043240347677076
0.043754561170599
0.044275225268363
0.044800774143947
0.045329690186575
0.045860516867892
0.046391869472648
0.046922443569662
0.047451021150780
0.047976474413671
0.048497767209388
0.049013954218234
0.049524177958515
0.050027663772943
0.050523712977296
0.051011694395799
0.051491034547032
0.051961206782476
0.052421719715510
0.052872105310123
0.053311907023686
0.053740668414553
0.054157922630791
0.054563183188988
0.054955936430236
0.055335636003120
0.055701699670521
0.056053508669060
0.056390409768386
0.056711720084861
0.057016734603707
0.057304736259254
0.057575008319298
0.057826848721421
0.058059585921560
0.058272595742843
0.058465318660113
0.058637276926218
0.058788090942585
0.058917494300206
0.059025346967797
0.059111646179979
0.059176534676649
0.059220306060653
0.059243407168393
0.059246437480203
0.059230145726372
0.059195423962789
0.059143299489682
0.059074925060886
0.058991567874246
0.058894597842246
0.058785475614441
0.058665740760755
0.058537000430655
0.058400918683816
0.058259206551313
0.058113612742749
0.057965914775089
0.057817910175067
0.057671407309768
0.057528215339376
0.057390132769658
0.057258934114475
0.057136354261987
0.057024070270008
0.056923680490378
0.056836681129687
0.056764440581884
0.056708172102454
0.056668905617759
0.056647459660702
0.056644414579349
0.056660088265343
0.056694515683242
0.056747433443902
0.056818270552552
0.056906146277914
0.057009875839919
0.057127984312003
0.057258728794809
0.057400128559532
0.057550002500653
0.057706012899402
0.057865714200043
0.058026605257879
0.058186183344525
0.058341998102197
0.058491703629710
0.058633106958831
0.058764211336164
0.058883252953883
0.058988730059591
0.059079423705737
0.059154409754484
0.059213062116241
0.059255047550640
0.059280312680537
0.059289064147456
0.059281743058752
0.059258995033958
0.059221637245451
0.059170623865812
0.059107011283784
0.059031924339000
0.058946524661748
0.058851981999612
0.058749449181101
0.058640041121257
0.058524818029929
0.058404772753198
0.058280821974301
0.058153800832397
0.058024460393089
0.057893467328468
0.057761405138444
0.057628776267803
0.057496004540917
0.057363437441416
0.057231347898736
0.057099935396867
0.056969326381409
0.056839574097712
0.056710658134164
0.056582484060660
0.056454883634591
0.056327616089377
0.056200371020238
0.056072773338027
0.055944390676967
0.055814743521042
0.055683318164255
0.055549582451344
0.055413004068578
0.055273070980448
0.055129313448553
0.054981326934140
0.054828795084588
0.054671511943083
0.054509402504295
0.054342540768060
0.054171164516654
0.053995686154691
0.053816699097353
0.053634979363751
0.053451482217709
0.053267333887216
0.053083818575654
0.052902361142631
0.052724505971419
0.052551892647207
0.052386229141550
0.052229263232303
0.052082752886200
0.051948436297070
0.051828002212329
0.051723061101657
0.051635117632981
0.051565544831021
0.051515560210594
0.051486204107803
0.051478320381772
0.051492539630497
0.051529265056557
0.051588661129056
0.051670645212215
