0.148740205145583
0.149342869163208
0.149892158955536
0.150374633943729
0.150778392498184
0.151093374358141
0.151311620047944
0.151427481145480
0.151437776315968
0.151341889187435
0.151141805395854
0.150842087449854
0.150449787436711
0.149974298990064
0.149427151340078
0.148821749640737
0.148173067086172
0.147497295556720
0.146811462642939
0.146133023849477
0.145479439549588
0.144867746816877
0.144314136579363
0.143833546603928
0.143439280614358
0.143142663369673
0.142952740784849
0.142876033176217
0.142916348479599
0.143074660849703
0.143349058440720
0.143734762432823
0.144224217554264
0.144807252504545
0.145471306861946
0.146201719310278
0.146982070394329
0.147794571557020
0.148620490964822
0.149440605626383
0.150235668580121
0.150986879490241
0.151676346858475
0.152287530234783
0.152805651289047
0.153218063374713
0.153514570253676
0.153687685932153
0.153732829045763
0.153648446889843
0.153436065974288
0.153100267844512
0.152648590802389
0.152091360033531
0.151441450450495
0.150713988247724
0.149925998688260
0.149096008963795
0.148243616053377
0.147389030322899
0.146552606136520
0.145754370978850
0.145013564509080
0.144348198589599
0.143774648665751
0.143307285942269
0.142958158635637
0.142736729216911
0.142649673039180
0.142700742114139
0.142890696112725
0.143217300964979
0.143675393773631
0.144257011180076
0.144951576872996
0.145746142644823
0.146625676309742
0.147573388920942
0.148571093079105
0.149599583714812
0.150639032553513
0.151669387524153
0.152670768636344
0.153623852305494
0.154510236725453
0.155312781645602
0.156015916773985
0.156605913968692
0.157071119366024
0.157402142596523
0.157592001231985
0.157636219563799
0.157532881714840
0.157282639917041
0.156888679531039
0.156356643034850
0.155694515759165
0.154912476596798
0.154022717264022
0.153039233946957
0.151977595333396
0.150854691118597
0.149688465092568
0.148497636877678
0.147301416300194
0.146119214259132
0.144970353811015
0.143873785029354
0.142847807030776
0.141909800391627
0.141075973013577
0.140361122335643
0.139778416632300
0.139339197980006
0.139052809312345
0.138926447810320
0.138965046681422
0.139171187160122
0.139545042305613
0.140084353871893
0.140784443175211
0.141638256480588
0.142636444971980
0.143767478862021
0.145017794643719
0.146371973897379
0.147812951455459
0.149322250112138
0.150880238462825
0.152466407892468
0.154059664222370
0.155638629095042
0.157181945845464
0.158668584393140
0.160078139606352
0.161391117648109
0.162589205016801
0.163655515342537
0.164574809485738
0.165333685095115
0.165920732500057
0.166326654615321
0.166544349397949
0.166568954289039
0.166397852967277
0.166030645607174
0.165469084645325
0.164716978786996
0.163780068611754
0.162665877643369
0.161383543123857
0.159943630967915
0.158357939470728
0.156639296303580
0.154801353166510
0.152858382188615
0.150825077790656
0.148716367270278
0.146547232857570
0.144332547438762
0.142086925579329
0.139824590914195
0.137559260430449
0.135304045662653
0.133071370366694
0.130872903845618
0.128719508778860
0.126621202160058
0.124587127781368
0.122625538614287
0.120743787426431
0.118948324036382
0.117244697738175
0.115637563614966
0.114130691697861
0.112726978199038
0.111428458345258
0.110236320644479
0.109150922719929
0.108171809127740
0.107297731821464
0.106526674125843
0.105855879220984
0.105281884206630
0.104800560807511
0.104407163691069
0.104096387198350
0.103862431041787
0.103699075208403
0.103599763936129
0.103557698220633
0.103565935879343
0.103617497769737
0.103705478352796
0.103823158432279
0.103964117607383
0.104122343769155
0.104292336864558
0.104469204157099
0.104648744334168
0.104827518048014
0.105002902822703
0.105173130700822
0.105337307523146
0.105495413309711
0.105648283816023
0.105797573946114
0.105945704286728
0.106095792557341
0.106251572224616
0.106417300886761
0.106597661277821
0.106797657864185
0.107022512002511
0.107277558502426
0.107568146198164
0.107899544795111
0.108276859839426
0.108704957184156
0.109188397818414
0.109731383413004
0.110337712441283
0.111010746281341
0.111753384314765
0.112568046724540
0.113456663471464
0.114420667801593
0.115460992607887
0.116578068034467
0.117771818863805
0.119041660454605
0.120386492286838
0.121804688504202
0.123294085206042
0.124851964612943
0.126475036596140
0.128159418404921
0.129900613734623
0.131693492539050
0.133532273195729
0.135410508773738
0.137321079227083
0.139256191339589
0.141207388179707
0.143165569686943
0.145121025809102
0.147063483345828
0.148982167335096
0.150865877452665
0.152703079488927
0.154482011532734
0.156190804038974
0.157817612498206
0.159350760975723
0.160778894358349
0.162091136754374
0.163277253150225
0.164327811150582
0.165234339429853
0.165989479413361
0.166587126694959
0.167022558789722
0.167292546017825
0.167395442616531
0.167331255575043
0.167101689170893
0.166710163742029
0.166161807837156
0.165463423527076
0.164623425308597
0.163651753665928
0.162559764948688
0.161360099758674
0.160066532489848
0.158693805022015
0.157257447817350
0.155773591804505
0.154258774457063
0.152729743387028
0.151203260589972
0.149695910211505
0.148223912373283
0.146802945221922
0.145447976968180
0.144173109288877
0.142991433091127
0.141914897305896
0.140954191100567
0.140118639688643
0.139416113774481
0.138852952603179
0.138433900585790
0.138162057529709
0.138038842610640
0.138063972360782
0.138235453100155
0.138549588386420
0.139001002184644
0.139582678545989
0.140286018618162
0.141100915779603
0.142015849585289
0.143017999031008
0.144093375384662
0.145226974501752
0.146402948145425
0.147604793380254
0.148815558617519
0.150018064373999
0.151195136284103
0.152329847394991
0.153405766295037
0.154407207195815
0.155319477724245
0.156129119900323
0.156824139590987
0.157394219653660
0.157830912022807
0.158127804155191
0.158280655537541
0.158287500372951
0.158148713095891
0.157867034012131
0.157447553108187
0.156897650910064
0.156226896175227
0.155446901153552
0.154571136128881
0.153614705926928
0.152594092020491
0.151526864751584
0.150431370994897
0.149326403281913
0.148230856966553
0.147163382420861
0.146142039487312
0.145183961471360
0.144305035828841
0.143519608388331
0.142840217455186
0.142277363485118
0.141839319208661
0.141531984157944
0.141358786520801
0.141320634155446
0.141415915473550
0.141640549774029
0.141988085515157
0.142449843979683
0.143015104842151
0.143671329312876
0.144404415826439
0.145198982676964
0.146038671585123
0.146906465914789
0.147785017138094
0.148656973168958
0.149505302336878
0.150313607041257
0.151066421497004
0.151749488438375
0.152350010173735
0.152856869963380
0.153260820311081
0.153554635403948
0.153733225593264
0.153793712470778
0.153735463752193
0.153560087825703
0.153271388452103
0.152875280710002
0.152379669860544
0.151794295356912
0.151130542741366
0.150401226652466
0.149620348603831
0.148802833589081
0.147964249911133
0.147120516923553
0.146287605602608
0.145481237037079
0.144716584024394
0.144007980992887
0.143368647427547
0.142810429857855
0.142343567268933
0.141976484519943
0.141715617995360
0.141565277275513
0.141527546093639
0.141602225249384
0.141786819476874
0.142076569523889
0.142464529894501
0.142941691849548
0.143497150359373
0.144118312775496
0.144791146049322
0.145500458396346
0.146230210406078
0.146963849755242
