0.004405593146373
0.004399614416119
0.004393709887630
0.004388061046669
0.004382843502928
0.004378221674366
0.004374343758615
0.004371337144098
0.004369304401715
0.004368319981788
0.004368427721009
0.004369639240864
0.004371933293172
0.004375256080587
0.004379522551179
0.004384618637151
0.004390404379416
0.004396717852889
0.004403379782783
0.004410198720674
0.004416976631350
0.004423514727869
0.004429619383499
0.004435107945376
0.004439814276067
0.004443593855782
0.004446328289500
0.004447929079528
0.004448340544563
0.004447541790572
0.004445547666036
0.004442408663640
0.004438209761356
0.004433068227249
0.004427130443257
0.004420567832801
0.004413572004416
0.004406349247843
0.004399114539543
0.004392085230565
0.004385474600779
0.004379485469222
0.004374304050478
0.004370094241582
0.004366992513059
0.004365103561527
0.004364496860383
0.004365204219941
0.004367218439668
0.004370493103808
0.004374943538436
0.004380448913922
0.004386855442847
0.004393980590589
0.004401618185102
0.004409544284729
0.004417523639075
0.004425316558745
0.004432685995778
0.004439404628231
0.004445261740054
0.004450069691102
0.004453669781935
0.004455937333666
0.004456785824165
0.004456169947828
0.004454087496216
0.004450579990236
0.004445732030365
0.004439669368540
0.004432555742827
0.004424588552636
0.004415993487079
0.004407018250965
0.004397925561037
0.004388985608358
0.004380468200734
0.004372634810932
0.004365730761961
0.004359977779476
0.004355567133548
0.004352653577601
0.004351350271725
0.004351724851321
0.004353796770776
0.004357536016514
0.004362863245234
0.004369651362572
0.004377728515867
0.004386882433466
0.004396866003151
0.004407403945051
0.004418200400894
0.004428947232617
0.004439332800159
0.004449050971355
0.004457810106831
0.004465341760040
0.004471408837220
0.004475812974092
0.004478400905217
0.004479069627759
0.004477770193167
0.004474509997263
0.004469353480355
0.004462421193226
0.004453887230870
0.004443975082497
0.004432951992181
0.004421121968334
0.004408817620701
0.004396391039527
0.004384203961973
0.004372617494732
0.004361981678473
0.004352625188486
0.004344845466601
0.004338899571761
0.004334996020776
0.004333287867096
0.004333867234425
0.004336761484474
0.004341931155039
0.004349269757043
0.004358605468454
0.004369704710395
0.004382277537843
0.004395984725383
0.004410446379099
0.004425251860181
0.004439970765540
0.004454164676768
0.004467399362269
0.004479257099041
0.004489348771068
0.004497325401014
0.004502888780892
0.004505800885636
0.004505891780624
0.004503065769465
0.004497305571171
0.004488674364852
0.004477315594365
0.004463450483267
0.004447373270741
0.004429444240074
0.004410080671373
0.004389745907800
0.004368936778163
0.004348169666842
0.004327965563351
0.004308834457227
0.004291259468467
0.004275681118616
0.004262482152419
0.004251973314378
0.004244380468741
0.004239833425613
0.004238356800591
0.004239863191419
0.004244148903685
0.004250892399647
0.004259655581444
0.004269887953651
0.004280933641930
0.004292041176317
0.004302375880819
0.004311034647460
0.004317062813992
0.004319472811850
0.004317264205723
0.004309444709544
0.004295051736631
0.004273174024791
0.004242972870886
0.004203702513732
0.004154729219216
0.004095548646738
0.004025801110902
0.003945284395988
0.003853963831955
0.003751979398423
0.003639649685812
0.003517472609040
0.003386122837436
0.003246445973022
0.003099449576685
0.002946291206240
0.002788263690638
0.002626777919278
0.002463343473229
0.002299547465345
0.002137031987813
0.001977470588134
0.001822544207525
0.001673917019205
0.001533212598015
0.001401990837818
0.001281726009625
0.001173786322154
0.001079415308603
0.000999715319684
0.000935633354879
0.000887949412408
0.000857267485137
0.000844009275663
0.000848410650561
0.000870520802361
0.000910204039444
0.000967144079645
0.001040850683853
0.001130668431940
0.001235787415526
0.001355255600634
0.001487992598486
0.001632804574388
0.001788400022720
0.001953406140055
0.002126385537938
0.002305853051102
0.002490292415270
0.002678172610236
0.002867963687911
0.003058151930397
0.003247254209244
0.003433831442821
0.003616501073560
0.003793948509925
0.003964937498798
0.004128319412066
0.004283041446190
0.004428153745280
0.004562815466618
0.004686299812729
0.004797998056254
0.004897422583315
0.004984208978234
0.005058117167925
0.005119031638527
0.005166960730595
0.005202035012966
0.005224504729980
0.005234736312556
0.005233207941323
0.005220504149953
0.005197309459485
0.005164401039899
0.005122640403712
0.005072964147849
0.005016373774363
0.004953924637451
0.004886714083255
0.004815868869582
0.004742531974372
0.004667848923697
0.004592953791642
0.004518955044708
0.004446921421634
0.004377868054989
0.004312743052772
0.004252414765895
0.004197659970339
0.004149153190369
0.004107457381288
0.004073016176563
0.004046147884810
0.004027041397208
0.004015754135816
0.004012212138461
0.004016212337012
0.004027427043799
0.004045410616524
0.004069608226413
0.004099366608488
0.004133946628055
0.004172537454794
0.004214272096469
0.004258244009311
0.004303524472518
0.004349180391123
0.004394292175265
0.004437971335462
0.004479377433058
0.004517734033000
0.004552343322318
0.004582599082088
0.004607997732704
0.004628147211415
0.004642773486496
0.004651724562984
0.004654971889689
0.004652609134694
0.004644848355572
0.004632013649595
0.004614532426806
0.004592924503635
0.004567789265273
0.004539791190119
0.004509644067951
0.004478094274259
0.004445903485369
0.004413831232137
0.004382617693650
0.004352967126352
0.004325532308510
0.004300900355163
0.004279580225351
0.004261992202189
0.004248459578305
0.004239202725465
0.004234335669137
0.004233865227832
0.004237692714732
0.004245618137013
0.004257346767867
0.004272497909129
0.004290615610004
0.004311181060936
0.004333626342499
0.004357349178033
0.004381728316659
0.004406139160567
0.004429969247562
0.004452633206709
0.004473586821377
0.004492339859593
0.004508467365621
0.004521619148314
0.004531527249738
0.004538011230794
0.004540981167508
0.004540438310888
0.004536473423269
0.004529262863226
0.004519062547991
0.004506199975367
0.004491064535013
0.004474096380567
0.004455774168168
0.004436601992893
0.004417095871668
0.004397770129046
0.004379124040714
0.004361629078777
0.004345717083204
0.004331769655791
0.004320109037515
0.004310990688125
0.004304597739487
0.004301037442788
0.004300339675687
0.004302457520264
0.004307269867695
0.004314585952371
0.004324151668176
0.004335657474003
0.004348747655680
0.004363030678131
0.004378090335770
0.004393497391395
0.004408821384577
0.004423642289986
0.004437561714070
0.004450213334826
0.004461272313467
0.004470463437915
0.004477567795294
0.004482427812939
0.004484950553608
0.004485109199385
0.004482942708731
0.004478553681026
0.004472104511302
0.004463811963432
0.004453940331581
0.004442793396228
0.004430705411395
0.004418031383400
0.004405136917568
0.004392387917839
0.004380140424720
0.004368730869703
0.004358467009444
0.004349619781020
0.004342416291259
0.004337034119255
0.004333597072722
0.004332172496967
0.004332770191095
0.004335342940899
0.004339788632960
0.004345953871080
0.004353638975345
0.004362604207213
0.004372577031709
0.004383260201270
0.004394340425396
0.004405497376749
0.004416412777886
0.004426779313572
0.004436309121457
