0.003014386692089
0.003014388687246
0.003014390672033
0.003014392646455
0.003014394610528
0.003014396564276
0.003014398507731
0.003014400440927
0.003014402363903
0.003014404276698
0.003014406179346
0.003014408071878
0.003014409954314
0.003014411826666
0.003014413688937
0.003014415541119
0.003014417383196
0.003014419215144
0.003014421036936
0.003014422848544
0.003014424649937
0.003014426441090
0.003014428221980
0.003014429992593
0.003014431752921
0.003014433502965
0.003014435242735
0.003014436972250
0.003014438691536
0.003014440400625
0.003014442099553
0.003014443788358
0.003014445467075
0.003014447135739
0.003014448794373
0.003014450442996
0.003014452081615
0.003014453710229
0.003014455328826
0.003014456937388
0.003014458535888
0.003014460124299
0.003014461702591
0.003014463270735
0.003014464828707
0.003014466376486
0.003014467914061
0.003014469441427
0.003014470958588
0.003014472465557
0.003014473962354
0.003014475449009
0.003014476925553
0.003014478392023
0.003014479848455
0.003014481294884
0.003014482731337
0.003014484157838
0.003014485574399
0.003014486981023
0.003014488377704
0.003014489764428
0.003014491141172
0.003014492507907
0.003014493864605
0.003014495211233
0.003014496547761
0.003014497874165
0.003014499190424
0.003014500496524
0.003014501792458
0.003014503078225
0.003014504353833
0.003014505619292
0.003014506874617
0.003014508119821
0.003014509354914
0.003014510579899
0.003014511794765
0.003014512999486
0.003014514194011
0.003014515378263
0.003014516552132
0.003014517715469
0.003014518868077
0.003014520009709
0.003014521140050
0.003014522258710
0.003014523365207
0.003014524458941
0.003014525539170
0.003014526604975
0.003014527655214
0.003014528688465
0.003014529702961
0.003014530696497
0.003014531666329
0.003014532609039
0.003014533520374
0.003014534395049
0.003014535226504
0.003014536006611
0.003014536725319
0.003014537370217
0.003014537926011
0.003014538373890
0.003014538690763
0.003014538848328
0.003014538811966
0.003014538539404
0.003014537979110
0.003014537068374
0.003014535731013
0.003014533874636
0.003014531387387
0.003014528134081
0.003014523951619
0.003014518643578
0.003014511973817
0.003014503658963
0.003014493359583
0.003014480669841
0.003014465105421
0.003014446089432
0.003014422936037
0.003014394831444
0.003014360811928
0.003014319738466
0.003014270267541
0.003014210817641
0.003014139530919
0.003014054229442
0.003013952365409
0.003013830964703
0.003013686563052
0.003013515134100
0.003013312008626
0.003013071784137
0.003012788224065
0.003012454145814
0.003012061296896
0.003011600218500
0.003011060095857
0.003010428594911
0.003009691684932
0.003008833446880
0.003007835867571
0.003006678619962
0.003005338830209
0.003003790832530
0.003002005913383
0.002999952046962
0.002997593624634
0.002994891181585
0.002991801124679
0.002988275466345
0.002984261570176
0.002979701914832
0.002974533883821
0.002968689589749
0.002962095742613
0.002954673572756
0.002946338820064
0.002937001801898
0.002926567573062
0.002914936191798
0.002902003106249
0.002887659676116
0.002871793844160
0.002854290971854
0.002835034852670
0.002813908915277
0.002790797627155
0.002765588106848
0.002738171950104
0.002708447271659
0.002676320960133
0.002641711138624
0.002604549817988
0.002564785723587
0.002522387269438
0.002477345646373
0.002429677983080
0.002379430530863
0.002326681814832
0.002271545686245
0.002214174202994
0.002154760258169
0.002093539870425
0.002030794044870
0.001966850109752
0.001902082432580
0.001836912419972
0.001771807708598
0.001707280460557
0.001643884685530
0.001582212524325
0.001522889444115
0.001466568314791
0.001413922358312
0.001365636988668
0.001322400588624
0.001284894300486
0.001253780941046
0.001229693184949
0.001213221195113
0.001204899912530
0.001205196249646
0.001214496460486
0.001233093985329
0.001261178086987
0.001298823608110
0.001345982183513
0.001402475236953
0.001467989077392
0.001542072384813
0.001624136339679
0.001713457603182
0.001809184297745
0.001910345069604
0.002015861238822
0.002124561958345
0.002235202214832
0.002346483412217
0.002457076187246
0.002565645017522
0.002670874100209
0.002771493906815
0.002866307759804
0.002954217733234
0.003034249155227
0.003105572987106
0.003167525374477
0.003219623710460
0.003261578620943
0.003293301375595
0.003314906344777
0.003326708258804
0.003329214178663
0.003323110251735
0.003309243496956
0.003288599035208
0.003262273346104
0.003231444285013
0.003197338727680
0.003161198817683
0.003124247868880
0.003087657016003
0.003052513708443
0.003019793102864
0.002990333329399
0.002964815485051
0.002943749050017
0.002927463232716
0.002916104534313
0.002909640591306
0.002907870114838
0.002910438507634
0.002916858514332
0.002926535058748
0.002938793251743
0.002952908424452
0.002968136960381
0.002983746671215
0.002999045487427
0.003013407315917
0.003026294050091
0.003037272897588
0.003046028409334
0.003052368840876
0.003056226741087
0.003057653931735
0.003056811300659
0.003053954068323
0.003049413390309
0.003043575316218
0.003036858230355
0.003029689945900
0.003022485609671
0.003015627499961
0.003009447669645
0.003004214208017
0.003000121678003
0.002997286042695
0.002995744140482
0.002995457516013
0.002996320179157
0.002998169659390
0.003000800560186
0.003003979705906
0.003007461918171
0.003011005462058
0.003014386263327
0.003017410111261
0.003019922219486
0.003021813708305
0.003023024783842
0.003023544607510
0.003023408059855
0.003022689792063
0.003021496114688
0.003019955386958
0.003018207635086
0.003016394141478
0.003014647709402
0.003013084223751
0.003011796005567
0.003010847305838
0.003010272114707
0.003010074288288
0.003010229829463
0.003010691013108
0.003011391930023
0.003012254944804
0.003013197525377
0.003014138906869
0.003015006097890
0.003015738817668
0.003016293060270
0.003016643107555
0.003016781945011
0.003016720163354
0.003016483543675
0.003016109616439
0.003015643548398
0.003015133742694
0.003014627535200
0.003014167336378
0.003013787507063
0.003013512175218
0.003013354106748
0.003013314645725
0.003013384646365
0.003013546238730
0.003013775208580
0.003014043733551
0.003014323204818
0.003014586875404
0.003014812110737
0.003014982069463
0.003015086707144
0.003015123065498
0.003015094878639
0.003015011588877
0.003014886912914
0.003014737130920
0.003014579284064
0.003014429460528
0.003014301327595
0.003014205031378
0.003014146540413
0.003014127459910
0.003014145294950
0.003014194098089
0.003014265403668
0.003014349330180
0.003014435724612
0.003014515228704
0.003014580164746
0.003014625165528
0.003014647505655
0.003014647126043
0.003014626376159
0.003014589526196
0.003014542121322
0.003014490260862
0.003014439886307
0.003014396153968
0.003014362952524
0.003014342604791
0.003014335769624
0.003014341536486
0.003014357684662
0.003014381063285
0.003014408038693
0.003014434952799
0.003014458539841
0.003014476258216
0.003014486507558
0.003014488716933
0.003014483306038
0.003014471535738
0.003014455275577
0.003014436723078
0.003014418112129
0.003014401445683
0.003014388281943
0.003014379594294
0.003014375714641
0.003014376359032
0.003014380724713
0.003014387640197
0.003014395745211
0.003014403675908
0.003014410232303
0.003014414509204
0.003014415978036
0.003014414514155
0.003014410371439
0.003014404112279
0.003014396505894
