0.035507890221764
0.035154559686636
0.034827642214146
0.034523580044582
0.034238055325973
0.033966311842368
0.033703492585790
0.033444974846017
0.033186684702907
0.032925374001836
0.032658845003997
0.032386110807923
0.032107483170516
0.031824583314613
0.031540275473512
0.031258527059922
0.030984203231625
0.030722807051006
0.030480179222255
0.030262173399931
0.030074324202827
0.029921525295538
0.029807734225055
0.029735719178599
0.029706860562476
0.029721017427479
0.029776465448507
0.029869909586240
0.029996570904428
0.030150343471137
0.030324014006131
0.030509534097265
0.030698332516430
0.030881653507361
0.031050905946270
0.031198008009317
0.031315712402923
0.031397898277978
0.031439817585987
0.031438285752117
0.031391809030571
0.031300643655850
0.031166784789798
0.030993886170411
0.030787114181180
0.030552942674705
0.030298897208693
0.030033259306712
0.029764742875607
0.029502155947789
0.029254061437338
0.029028450588809
0.028832442258565
0.028672020119062
0.028551818352696
0.028474964455507
0.028442985470238
0.028455781394961
0.028511666762556
0.028607478562340
0.028738745889758
0.028899914077587
0.029084613695558
0.029285962811057
0.029496889376423
0.029710459626610
0.029920197991359
0.030120384280243
0.030306314790337
0.030474515488516
0.030622897477138
0.030750847478603
0.030859248961279
0.030950432646491
0.031028058339510
0.031096933165537
0.031162774214079
0.031231926160354
0.031311046515214
0.031406772653877
0.031525385615805
0.031672485813774
0.031852695235159
0.032069399493967
0.032324541262596
0.032618474272210
0.032949884338489
0.033315780881353
0.033711559308974
0.034131131575377
0.034567119338733
0.035011101571775
0.035453906314967
0.035885934600614
0.036297503467942
0.036679194462049
0.037022194061171
0.037318613078122
0.037561773180321
0.037746450196944
0.037869065746087
0.037927820825438
0.037922767270160
0.037855815296872
0.037730677634278
0.037552752910800
0.037328952960602
0.037067480468506
0.036777564861370
0.036469165541440
0.036152652430173
0.035838474343270
0.035536825950857
0.035257323999125
0.035008703093578
0.034798540685641
0.034633019982265
0.034516738334386
0.034452567279232
0.034441568842430
0.034482970982201
0.034574203218567
0.034710991580834
0.034887510077928
0.035096584005718
0.035329938614996
0.035578485037783
0.035832633972631
0.036082626523382
0.036318870825593
0.036532272725959
0.036714548834480
0.036858510762590
0.036958310290005
0.037009636546006
0.037009858004358
0.036958104113262
0.036855283633981
0.036704039151925
0.036508639650894
0.036274815399605
0.036009541585862
0.035720779051055
0.035417182041697
0.035107784037934
0.034801673394626
0.034507670714953
0.034234019570087
0.033988101405966
0.033776184286301
0.033603213575786
0.033472650850410
0.033386365324281
0.033344580001019
0.033345872688600
0.033387230049596
0.033464151073911
0.033570794823737
0.033700166059074
0.033844331436708
0.033994658397144
0.034142068606031
0.034277297876494
0.034391154831007
0.034474771121147
0.034519836760078
0.034518814983628
0.034465131990874
0.034353337878405
0.034179236035766
0.033939979183121
0.033634131085900
0.033261693763995
0.032824100722004
0.032324177365583
0.031766070345108
0.031155148091227
0.030497875287152
0.029801664466856
0.029074708339806
0.028325796819686
0.027564123069418
0.026799083155346
0.026040074113158
0.025296295347979
0.024576558301326
0.023889109200102
0.023241469443149
0.022640297770395
0.022091277797073
0.021599033788353
0.021167076714170
0.020797781685510
0.020492396864941
0.020251082905215
0.020072980944118
0.019956306216622
0.019898463481337
0.019896179737733
0.019945649167946
0.020042684898005
0.020182872053727
0.020361716690826
0.020574785500278
0.020817831710834
0.021086903303372
0.021378430480773
0.021689290261021
0.022016847035278
0.022358968911492
0.022714020604090
0.023080834492143
0.023458662219055
0.023847109820873
0.024246059830984
0.024655584108219
0.025075851273995
0.025507032630238
0.025949210278441
0.026402290890907
0.026865928220719
0.027339457001549
0.027821840405518
0.028311632719144
0.028806958382614
0.029305508031779
0.029804551696435
0.030300968850259
0.030791294581063
0.031271780756285
0.031738470697297
0.032187285546232
0.032614120209657
0.033014946494956
0.033385920819779
0.033723493676646
0.034024517880124
0.034286352521242
0.034506959512441
0.034684989636435
0.034819855123173
0.034911785978465
0.034961867580770
0.034972057450472
0.034945179575887
0.034884895244359
0.034795649962727
0.034682596741830
0.034551496743549
0.034408599021741
0.034260501804102
0.034113998433588
0.033975911689086
0.033852920711471
0.033751385151707
0.033677171415398
0.033635485991191
0.033630720811893
0.033666315406114
0.033744640258728
0.033866905319673
0.034033096995979
0.034241946248440
0.034490929611799
0.034776304087303
0.035093175941989
0.035435602513370
0.035796725184893
0.036168930789598
0.036544037839581
0.036913503188812
0.037268644037762
0.037600869600113
0.037901916293666
0.038164080006912
0.038380438845378
0.038545059791133
0.038653182924858
0.038701377268823
0.038687662912098
0.038611594871681
0.038474305113647
0.038278500288308
0.038028413996539
0.037729713767419
0.037389364349527
0.037015450353360
0.036616962679490
0.036203554473058
0.035785273506555
0.035372278858424
0.034974550478811
0.034601600677297
0.034262196702211
0.033964103390542
0.033713854348537
0.033516559286729
0.033375754004705
0.033293298139070
0.033269324203447
0.033302239722269
0.033388782457875
0.033524126923897
0.033702038638326
0.033915070964907
0.034154797983060
0.034412075666382
0.034677322778350
0.034940812338045
0.035192964281553
0.035424630044845
0.035627360206830
0.035793647030488
0.035917134689153
0.035992791120656
0.036017036765604
0.035987826867478
0.035904685491284
0.035768690907060
0.035582413441378
0.035349808286377
0.035076067039778
0.034767432904673
0.034430985483791
0.034074401942982
0.033705701980088
0.033332984507513
0.032964164230984
0.032606716375211
0.032267437662484
0.031952231286854
0.031665923040658
0.031412114941208
0.031193081677648
0.031009713962052
0.030861511443496
0.030746626257373
0.030661956573327
0.030603287722915
0.030565476691810
0.030542674018519
0.030528575526022
0.030516694900760
0.030500647000308
0.030474430986338
0.030432702002433
0.030371020191255
0.030286066398281
0.030175814943228
0.030039655335136
0.029878456717361
0.029694571085508
0.029491773833363
0.029275142840786
0.029050880001619
0.028826081671362
0.028608466866138
0.028406074046576
0.028226938867419
0.028078766281543
0.027968610797325
0.027902578472459
0.027885563388915
0.027921029928323
0.028010850220678
0.028155203764829
0.028352543531412
0.028599629987737
0.028891631567954
0.029222287289229
0.029584124617397
0.029968723431291
0.030367015121422
0.030769604558927
0.031167101930278
0.031550451268586
0.031911242911563
0.032241998040786
0.032536414845577
0.032789567627691
0.032998052227283
0.033160073406017
0.033275472167516
0.033345693329922
0.033373695899041
0.033363810843768
0.033321552682065
0.033253392794703
0.033166503559403
0.033068483218591
0.032967071851614
0.032869868920157
0.032784062606423
0.032716180587293
0.032671871010128
0.032655721287198
0.032671120940148
0.032720173140824
0.032803657851418
0.032921047610426
0.033070575091112
