0.035381695949214
0.035374660515766
0.035348645613923
0.035305419679372
0.035247382716655
0.035177487818774
0.035099143144477
0.035016096703255
0.034932306939013
0.034851802710015
0.034778536804631
0.034716237577491
0.034668263607317
0.034637466436902
0.034626066433981
0.034635546592671
0.034666568671764
0.034718915441860
0.034791462002705
0.034882178160655
0.034988162759773
0.035105709682882
0.035230404031639
0.035357245811731
0.035480797345449
0.035595349661724
0.035695102319912
0.035774350546802
0.035827673234371
0.035850115274497
0.035837357898774
0.035785871136379
0.035693043177735
0.035557282302778
0.035378088057478
0.035156089492238
0.034893049458831
0.034591835146439
0.034256356172457
0.033891472585288
0.033502876047358
0.033096948218337
0.032680600932435
0.032261103150782
0.031845899870866
0.031442428198926
0.031057935654058
0.030699305495724
0.030372893473755
0.030084379917379
0.029838640532206
0.029639638684563
0.029490341340697
0.029392660210239
0.029347419030820
0.029354347332110
0.029412100437923
0.029518304907390
0.029669628082406
0.029861869900532
0.030090074653381
0.030348659924829
0.030631559538677
0.030932376990978
0.031244545550122
0.031561490991202
0.031876792803952
0.032184339688864
0.032478475244874
0.032754129962087
0.033006935967134
0.033233321424623
0.033430582066657
0.033596927988687
0.033731504592679
0.033834387351420
0.033906550880390
0.033949813603262
0.033966760050562
0.033960643506531
0.033935272288589
0.033894883383720
0.033844007460211
0.033787329412566
0.033729548581456
0.033675242626547
0.033628738733001
0.033593995423421
0.033574497752190
0.033573168107369
0.033592294266471
0.033633475775180
0.033697589168127
0.033784772049136
0.033894425610160
0.034025234802089
0.034175205078836
0.034341714414436
0.034521579131973
0.034711131969626
0.034906310727621
0.035102755774293
0.035295914625539
0.035481151738067
0.035653861566281
0.035809582823683
0.035944111766570
0.036053612190416
0.036134719712293
0.036184637824486
0.036201223165304
0.036183057483723
0.036129503893069
0.036040745230306
0.035917802670126
0.035762533188654
0.035577605023615
0.035366450921440
0.035133199674157
0.034882587200280
0.034619849179017
0.034350597967766
0.034080687179766
0.033816067834707
0.033562640387193
0.033326107160255
0.033111829746404
0.032924695780113
0.032768999137285
0.032648337094166
0.032565527305966
0.032522546678048
0.032520493341213
0.032559572052209
0.032639102467699
0.032757548929276
0.032912569688970
0.033101082932335
0.033319346543792
0.033563048320068
0.033827403274932
0.034107254783400
0.034397176567422
0.034691572900563
0.034984774872413
0.035271131066756
0.035545091531975
0.035801284420563
0.036034585113928
0.036240178002515
0.036413611341297
0.036550845738016
0.036648296856731
0.036702872842182
0.036712006809241
0.036673684520797
0.036586467125642
0.036449508576205
0.036262567124274
0.036026010128584
0.035740811322884
0.035408539702053
0.035031339293670
0.034611899291274
0.034153414323230
0.033659534999302
0.033134309291719
0.032582115739745
0.032007589885751
0.031415545725742
0.030810894260043
0.030198561436775
0.029583407874846
0.028970152724942
0.028363303875561
0.027767096443942
0.027185441124322
0.026621883520435
0.026079575092995
0.025561255836563
0.025069248295094
0.024605462061861
0.024171407514013
0.023768217226430
0.023396673308635
0.023057238819845
0.022750091440347
0.022475157704422
0.022232146316296
0.022020579355964
0.021839820512308
0.021689099830884
0.021567534807221
0.021474147969715
0.021407881358857
0.021367608506418
0.021352144639858
0.021360255880571
0.021390668172671
0.021442076580795
0.021513155444077
0.021602569686162
0.021708987376292
0.021831093433266
0.021967604179935
0.022117282305842
0.022278951690730
0.022451511488528
0.022633948871807
0.022825349887440
0.023024907968055
0.023231929770023
0.023445838154071
0.023666172275153
0.023892584890021
0.024124837111906
0.024362790932082
0.024606399881856
0.024855698223342
0.025110789035115
0.025371831505067
0.025639027666273
0.025912608723296
0.026192821028420
0.026479911691666
0.026774113756107
0.027075630849142
0.027384621236425
0.027701181259204
0.028025328225263
0.028356982941795
0.028695952215164
0.029041911784978
0.029394390293893
0.029752755005515
0.030116200057253
0.030483738061722
0.030854195841564
0.031226214994776
0.031598257842018
0.031968619109976
0.032335443466200
0.032696748755486
0.033050454512933
0.033394415063171
0.033726456277586
0.034044414869100
0.034346178971498
0.034629728687772
0.034893175304574
0.035134797957330
0.035353076686677
0.035546721040164
0.035714693627845
0.035856228316860
0.035970843027621
0.036058347351144
0.036118845423964
0.036152734657172
0.036160701007689
0.036143711496523
0.036103004620631
0.036040079178511
0.035956681847424
0.035854793629814
0.035736615049777
0.035604549750871
0.035461185948428
0.035309275044965
0.035151706645236
0.034991479221356
0.034831665785371
0.034675374126271
0.034525701452786
0.034385683637234
0.034258239657362
0.034146112256066
0.034051806253050
0.033977526317088
0.033925116312752
0.033896002544965
0.033891143317588
0.033910987184713
0.033955442099852
0.034023857362223
0.034115019833241
0.034227165370520
0.034358005828951
0.034504771341300
0.034664266950269
0.034832942056465
0.035006970606997
0.035182339508026
0.035354942425873
0.035520675961873
0.035675535153634
0.035815705368139
0.035937647899353
0.036038176945716
0.036114526095112
0.036164402956084
0.036186031110478
0.036178179090942
0.036140176575044
0.036071918408972
0.035973857406897
0.035846987103399
0.035692815760831
0.035513332954183
0.035310969984272
0.035088555223799
0.034849265303390
0.034596572822694
0.034334191052521
0.034066015904244
0.033796065305227
0.033528416051496
0.033267138222186
0.033016227337774
0.032779534620936
0.032560695962779
0.032363060488902
0.032189619935001
0.032042940352420
0.031925097941262
0.031837621023999
0.031781440301118
0.031756849552289
0.031763478848882
0.031800282121145
0.031865540579478
0.031956883035510
0.032071323624741
0.032205316824021
0.032354829015041
0.032515425202540
0.032682368887235
0.032850732550838
0.033015515762517
0.033171767585792
0.033314709768211
0.033439857141454
0.033543131746961
0.033620967423891
0.033670401937531
0.033689154166302
0.033675684379547
0.033629236198803
0.033549859414575
0.033438413402160
0.033296551420288
0.033126686565988
0.032931940584129
0.032716077082015
0.032483420975479
0.032238766195353
0.031987273818643
0.031734362866819
0.031485596045804
0.031246562700337
0.031022761230167
0.030819483175704
0.030641701132038
0.030493962594760
0.030380291777397
0.030304101363749
0.030268116061558
0.030274309697682
0.030323857429652
0.030417104435397
0.030553552175226
0.030731862994394
0.030949883451303
0.031204686320918
0.031492630745434
0.031809439499456
0.032150291823702
0.032509929781203
0.032882775626590
0.033263057275693
0.033644938641309
0.034022651380521
0.034390624493781
0.034743608234902
0.035076788936760
0.035385891625750
0.035667267678372
0.035917965249360
0.036135780751353
0.036319290266517
0.036467860394347
0.036581638660189
0.036661524200718
0.036709119983253
0.036726668287341
0.036716971566524
0.036683301108146
0.036629296117670
0.036558855974616
0.036476028447559
0.036384896626664
