0.035327329121222
0.035096143338141
0.034866476645450
0.034643714009996
0.034432929579318
0.034238734711438
0.034065141270346
0.033915444539557
0.033792129394492
0.033696802541488
0.033630152712691
0.033591939740100
0.033581012457494
0.033595354433328
0.033632155655480
0.033687907499864
0.033758517643890
0.033839441050511
0.033925822760650
0.034012647995944
0.034094894988601
0.034167686014067
0.034226432293597
0.034266968743009
0.034285674953497
0.034279579281714
0.034246443480299
0.034184825897910
0.034094121901692
0.033974580808650
0.033827299240539
0.033654191426421
0.033457937555994
0.033241911824790
0.033010092299851
0.032766955163155
0.032517356252168
0.032266403105692
0.032019320932625
0.031781316046441
0.031557440345572
0.031352460367405
0.031170734301416
0.031016100117250
0.030891777651365
0.030800287108639
0.030743385983334
0.030722025899817
0.030736330332098
0.030785593599088
0.030868300966724
0.030982169136245
0.031124205876662
0.031290787084338
0.031477749136652
0.031680494060524
0.031894104767435
0.032113467418445
0.032333397876242
0.032548769174013
0.032754636977750
0.032946360132286
0.033119713553342
0.033270990948818
0.033397095113309
0.033495613831833
0.033564879744548
0.033604012858007
0.033612944735713
0.033592423758549
0.033544001212136
0.033469998332262
0.033373454819862
0.033258059722160
0.033128065963441
0.032988190192932
0.032843499991863
0.032699290838003
0.032560955552856
0.032433849241545
0.032323152964301
0.032233739537133
0.032170044934145
0.032135948743221
0.032134667001338
0.032168660500396
0.032239561308610
0.032348119800837
0.032494173943962
0.032676641956225
0.032893538772864
0.033142016029418
0.033418424546362
0.033718397594015
0.034036952564271
0.034368608103805
0.034707513296694
0.035047585142977
0.035382650377853
0.035706587621408
0.036013465941272
0.036297676143402
0.036554051465349
0.036777974812184
0.036965470222902
0.037113276856743
0.037218904414905
0.037280669534196
0.037297713277756
0.037270000380053
0.037198301359635
0.037084158979899
0.036929840808069
0.036738279794506
0.036513004873321
0.036258063581070
0.035977938617454
0.035677460147499
0.035361715487235
0.035035957642853
0.034705514003702
0.034375696336295
0.034051713100527
0.033738585016387
0.033441064751439
0.033163561573178
0.032910071809405
0.032684115973874
0.032488683431682
0.032326185486197
0.032198417754044
0.032106532645734
0.032051022678410
0.032031715208672
0.032047778986473
0.032097742698621
0.032179525399386
0.032290478426912
0.032427438090844
0.032586788104308
0.032764530438197
0.032956363013572
0.033157762433089
0.033364069796768
0.033570577559646
0.033772615373751
0.033965632915087
0.034145277824579
0.034307467083047
0.034448450383930
0.034564864351057
0.034653776757882
0.034712720224689
0.034739715186951
0.034733282228338
0.034692444144863
0.034616718343972
0.034506100378530
0.034361039567920
0.034182407767197
0.033971462412763
0.033729805003844
0.033459336178677
0.033162208518955
0.032840778171687
0.032497556319651
0.032135161464298
0.031756273411282
0.031363589770116
0.030959785696122
0.030547477513707
0.030129190763624
0.029707333111392
0.029284172437961
0.028861820306469
0.028442220860982
0.028027145066678
0.027618190049645
0.027216783143693
0.026824190107866
0.026441526849229
0.026069773878802
0.025709792651591
0.025362342901138
0.025028100079317
0.024707672055930
0.024401614319496
0.024110443047376
0.023834645573814
0.023574687969723
0.023331019647154
0.023104075101672
0.022894273094264
0.022702013737990
0.022527674081781
0.022371602865333
0.022234115148534
0.022115487493715
0.022015954300433
0.021935705765845
0.021874887777952
0.021833603856403
0.021811919050547
0.021809865503011
0.021827449205142
0.021864657323099
0.021921465372928
0.021997843478873
0.022093760966811
0.022209188624699
0.022344098100213
0.022498458093584
0.022672227228418
0.022865343728905
0.023077712280526
0.023309188684283
0.023559563113629
0.023828542932616
0.024115736120507
0.024420636363822
0.024742610818068
0.025080891410245
0.025434570357025
0.025802600324605
0.026183799371113
0.026576860510628
0.026980365440495
0.027392801702074
0.027812582319047
0.028238066794276
0.028667582258450
0.029099443559461
0.029531971162248
0.029963505890907
0.030392419778106
0.030817122576325
0.031236063811898
0.031647730604018
0.032050641803508
0.032443339306879
0.032824377648804
0.033192313152785
0.033545694012112
0.033883052673820
0.034202901805549
0.034503734944009
0.034784032664760
0.035042274792288
0.035276958806914
0.035486624223758
0.035669882342771
0.035825450421254
0.035952189022842
0.036049141067587
0.036115570960084
0.036151002114279
0.036155251226945
0.036128457772847
0.036071107393992
0.035984048119048
0.035868498659198
0.035726048363387
0.035558648758115
0.035368596924311
0.035158511258000
0.034931300407275
0.034690126364342
0.034438362811882
0.034179549876032
0.033917346427597
0.033655481006023
0.033397702328860
0.033147730206285
0.032909207521150
0.032685653774954
0.032480420553361
0.032296649143166
0.032137230445041
0.032004767278084
0.031901539164676
0.031829469714872
0.031790096792596
0.031784545732232
0.031813505972989
0.031877211577286
0.031975426186304
0.032107433029293
0.032272030633651
0.032467534873200
0.032691787938454
0.032942174714268
0.033215646909796
0.033508755108686
0.033817688702239
0.034138323444903
0.034466276141147
0.034796965747095
0.035125679960087
0.035447646184435
0.035758105609749
0.036052389025005
0.036325992919984
0.036574654396543
0.036794423423584
0.036981731018163
0.037133452015825
0.037246961200318
0.037320181690282
0.037351624622805
0.037340419325894
0.037286333330560
0.037189781735678
0.037051825604301
0.036874159238665
0.036659086353634
0.036409485346121
0.036128764042334
0.035820804495897
0.035489898607576
0.035140675539421
0.034778022098677
0.034406997464608
0.034032743816911
0.033660394589426
0.033294982208051
0.032941347267628
0.032604051150329
0.032287294080103
0.031994840538605
0.031729953834880
0.031495341424280
0.031293112315387
0.031124747594341
0.030991084744328
0.030892316057252
0.030828001040122
0.030797092326733
0.030797974232656
0.030828512754003
0.030886115522173
0.030967799998900
0.031070268036501
0.031189984841094
0.031323260361753
0.031466331181700
0.031615441101061
0.031766918763316
0.031917250876418
0.032063149800149
0.032201614499346
0.032329984084532
0.032445983365750
0.032547760023211
0.032633913144201
0.032703512987901
0.032756111920074
0.032791746513415
0.032810930844697
0.032814641046932
0.032804291204581
0.032781700723616
0.032749053375775
0.032708848315405
0.032663843502629
0.032616992139079
0.032571372929257
0.032530115214462
0.032496320276448
0.032472980360452
0.032462897205639
0.032468602077857
0.032492279457420
0.032535696627142
0.032600141419513
0.032686370306630
0.032794568846759
0.032924326236982
0.033074625367049
0.033243849335988
0.033429804895214
0.033629762739446
0.033840514002141
0.034058441749878
0.034279605735139
0.034499838183308
0.034714847979386
0.034920330301197
0.035112078532889
0.035286095193990
0.035438698638638
0.035566622414432
0.035667104413103
0.035737963283525
0.035777659995146
0.035785342917690
0.035760875299980
0.035704844565685
0.035618553375877
0.035503992918390
0.035363799355586
0.035201194781751
