0.026829685773817
0.026828778630254
0.026827846528448
0.026827396303436
0.026827919926962
0.026829833186201
0.026833419113850
0.026838783475043
0.026845828618485
0.026854250153702
0.026863558402088
0.026873123658814
0.026882241332804
0.026890210365917
0.026896416315334
0.026900409398406
0.026901967830475
0.026901137989766
0.026898245235388
0.026893872364141
0.026888806382651
0.026883958076432
0.026880262326600
0.026878569827460
0.026879542435627
0.026883564593455
0.026890682027932
0.026900576310748
0.026912580121555
0.026925733572966
0.026938877223735
0.026950772965615
0.026960240346870
0.026966293543825
0.026968263433921
0.026965890210389
0.026959374665940
0.026949380420126
0.026936984556721
0.026923579824470
0.026910737112841
0.026900041713621
0.026892920353609
0.026890477698088
0.026893360727079
0.026901667041290
0.026914908953196
0.026932039563724
0.026951540491705
0.026971564200397
0.026990117682176
0.027005269309577
0.027015357513652
0.027019179003916
0.027016135664545
0.027006322964497
0.026990548372112
0.026970275317363
0.026947495983611
0.026924543831495
0.026903863449771
0.026887760360461
0.026878156206012
0.026876374964131
0.026882983384516
0.026897703911717
0.026919411402854
0.026946216641473
0.026975630816627
0.027004796677474
0.027030764865571
0.027050788735270
0.027062608370885
0.027064694817485
0.027056428789840
0.027038194042988
0.027011373635246
0.026978246723370
0.026941793383448
0.026905424274145
0.026872659812311
0.026846789108017
0.026830541613446
0.026825803959768
0.026833410779934
0.026853031749400
0.026883168214796
0.026921262448749
0.026963911747976
0.027007169321934
0.027046905201217
0.027079194091256
0.027100693848437
0.027108978417408
0.027102792672847
0.027082203361080
0.027048629638996
0.027004747714424
0.026954275788467
0.026901656796711
0.026851666280486
0.026808980156410
0.026777741472938
0.026761166010758
0.026761223689779
0.026778426416654
0.026811743788746
0.026858656777761
0.026915347158603
0.026977008139697
0.027038250505603
0.027093569617673
0.027137832658896
0.027166743113715
0.027177240884300
0.027167801564385
0.027138606792476
0.027091568567521
0.027030202982852
0.026959361924414
0.026884843744906
0.026812914676562
0.026749780839394
0.026701055425657
0.026671266572725
0.026663448479504
0.026678851713932
0.026716798950804
0.026774700384127
0.026848229783373
0.026931648722494
0.027018254030493
0.027100913036240
0.027172643581826
0.027227191690405
0.027259559536169
0.027266439997579
0.027246521284476
0.027200635329036
0.027131735993359
0.027044706675980
0.026946010510518
0.026843208956829
0.026744385190009
0.026657516462393
0.026589843944666
0.026547289114818
0.026533962524611
0.026551803994150
0.026600383497822
0.026676879966661
0.026776241864020
0.026891519705594
0.027014347716203
0.027135540505331
0.027245761826822
0.027336216797675
0.027399316782052
0.027429267634334
0.027422537009159
0.027378164606550
0.027297889929216
0.027186084619819
0.027049489839880
0.026896772523465
0.026737926780308
0.026583557407744
0.026444090706356
0.026328963066300
0.026245839792536
0.026199915282111
0.026193341089446
0.026224820954916
0.026289402041745
0.026378480075980
0.026480023553470
0.026579009444655
0.026658050659508
0.026698184639274
0.026679783426143
0.026583538900668
0.026391472886583
0.026087920651952
0.025660437962486
0.025100586085162
0.024404555674404
0.023573598860218
0.022614248576259
0.021538314646270
0.020362656808292
0.019108745138563
0.017802027735494
0.016471133611673
0.015146945189640
0.013861579385616
0.012647318888851
0.011535535907668
0.010555649462500
0.009734154453189
0.009093756471317
0.008652640972347
0.008423899294061
0.008415127435622
0.008628206806236
0.009059269590811
0.009698845193692
0.010532178590085
0.011539706463297
0.012697672808261
0.013978862266338
0.015353426815917
0.016789779545670
0.018255528037330
0.019718419335234
0.021147268539902
0.022512843705370
0.023788680933250
0.024951805344430
0.025983335986450
0.026868955718961
0.027599230722923
0.028169768495761
0.028581207990899
0.028839040864532
0.028953268489407
0.028937905320934
0.028810345145051
0.028590612449196
0.028300526357428
0.027962808964115
0.027600173198385
0.027234427290558
0.026885633276517
0.026571355619440
0.026306032889559
0.026100500560074
0.025961686495767
0.025892492881519
0.025891869511016
0.025955073965248
0.026074104751449
0.026238284474820
0.026434962107965
0.026650296903911
0.026870081898115
0.027080562595309
0.027269206545955
0.027425382148518
0.027540910078002
0.027610457994132
0.027631758236025
0.027605638551928
0.027535866935398
0.027428822677680
0.027293016117838
0.027138488622689
0.026976131474251
0.026816967110606
0.026671438229192
0.026548749461426
0.026456302689834
0.026399260814703
0.026380266272987
0.026399330406722
0.026453898529462
0.026539083982365
0.026648053370132
0.026772535262323
0.026903416605869
0.027031385468361
0.027147575908777
0.027244170954772
0.027314922851428
0.027355555726688
0.027364024189879
0.027340611568831
0.027287862793784
0.027210358564804
0.027114348577012
0.027007271436384
0.026897196774966
0.026792230401152
0.026699925709597
0.026626743846933
0.026577601327860
0.026555537189703
0.026561522836607
0.026594427106228
0.026651137569202
0.026726827494690
0.026815347143355
0.026909708887992
0.027002628802070
0.027087083319561
0.027156838667903
0.027206913085644
0.027233937189308
0.027236385847663
0.027214664948003
0.027171047729150
0.027109467037867
0.027035181031528
0.026954339627040
0.026873486615127
0.026799037216258
0.026736772561305
0.026691390995629
0.026666151350980
0.026662635780560
0.026680650010852
0.026718267710968
0.026772014015971
0.026837172010293
0.026908186095111
0.026979128437234
0.027044189760627
0.027098154001923
0.027136817951842
0.027157321812678
0.027158364217718
0.027140285045723
0.027105010502915
0.027055866500920
0.026997277359114
0.026934376376217
0.026872562045134
0.026817038016884
0.026772375990296
0.026742138429190
0.026728592590589
0.026732539259420
0.026753269531652
0.026788651843498
0.026835340178742
0.026889083979061
0.026945111637633
0.026998553323104
0.027044865786590
0.027080222007660
0.027101832003232
0.027108167533985
0.027099072213401
0.027075748863403
0.027040626938133
0.026997123469947
0.026949320329054
0.026901587800679
0.026858188935625
0.026822900438804
0.026798683929058
0.026787436430963
0.026789841419802
0.026805332341277
0.026832170140891
0.026867625923411
0.026908250376217
0.026950203896368
0.026989616153211
0.027022941554939
0.027047277950533
0.027060619777759
0.027062023372322
0.027051670649660
0.027030827043989
0.027001699520288
0.026967209728402
0.026930705080980
0.026895635998507
0.026865230285221
0.026842195353939
0.026828475865260
0.026825088623171
0.026832048853260
0.026848393044578
0.026872294234699
0.026901256857270
0.026932370887570
0.026962599706917
0.026989073345229
0.027009358783099
0.027021681757470
0.027025079708722
0.027019472588983
0.027005646501204
0.026985153730637
0.026960140817290
0.026933123113492
0.026906729127398
0.026883440424510
0.026865352741475
0.026853981315776
0.026850128558925
0.026853825623624
0.026864351823141
0.026880328030253
0.026899872901309
0.026920804757913
0.026940867794063
0.026957959343866
0.026970335395381
0.026976774277131
