0.024462978198629
0.024421737146038
0.024379359974458
0.024336243866913
0.024292829280635
0.024249590495125
0.024207024487539
0.024165638512924
0.024125936809365
0.024088406873374
0.024053505759558
0.024021646852105
0.023993187536055
0.023968418165727
0.023947552688288
0.023930721234172
0.023917964934181
0.023909233166599
0.023904383376871
0.023903183547308
0.023905317324712
0.023910391739747
0.023917947373566
0.023927470745623
0.023938408613620
0.023950183794885
0.023962212041883
0.023973919437643
0.023984759724484
0.023994230946852
0.024001890780925
0.024007369943754
0.024010383125493
0.024010736970147
0.024008334741644
0.024003177448905
0.023995361359712
0.023985072000386
0.023972574906950
0.023958203553026
0.023942345019824
0.023925424084327
0.023907886475339
0.023890182077516
0.023872748848190
0.023855998151180
0.023840302109625
0.023825983443210
0.023813308093453
0.023802480765588
0.023793643339479
0.023786875937448
0.023782200295525
0.023779584975837
0.023778951888675
0.023780183566598
0.023783130649900
0.023787619099309
0.023793456741316
0.023800438864946
0.023808352715196
0.023816980856411
0.023826103497308
0.023835499968450
0.023844949615054
0.023854232408158
0.023863129583738
0.023871424593696
0.023878904599081
0.023885362661232
0.023890600699075
0.023894433189710
0.023896691503698
0.023897228693996
0.023895924504523
0.023892690334606
0.023887473890381
0.023880263272116
0.023871090283743
0.023860032801985
0.023847216100734
0.023832813084794
0.023817043439125
0.023800171740262
0.023782504602093
0.023764386937565
0.023746197412237
0.023728343148347
0.023711253714100
0.023695374408477
0.023681158833443
0.023669060738857
0.023659525135329
0.023652978699261
0.023649819542431
0.023650406483251
0.023655048033073
0.023663991391416
0.023677411820079
0.023695402828485
0.023717967642457
0.023745012438643
0.023776341801848
0.023811656800760
0.023850555980425
0.023892539442404
0.023937016034206
0.023983313509103
0.024030691358496
0.024078355874410
0.024125476881687
0.024171205498187
0.024214692243605
0.024255104826597
0.024291644994455
0.024323563923959
0.024350175757056
0.024370869028091
0.024385115876684
0.024392479077413
0.024392617031278
0.024385286943916
0.024370346454966
0.024347753979812
0.024317567981808
0.024279945317489
0.024235138700544
0.024183493226538
0.024125441804829
0.024061499271567
0.023992254920694
0.023918363197106
0.023840532351604
0.023759510958988
0.023676072341494
0.023590997107035
0.023505054189347
0.023418980946396
0.023333463015632
0.023249114722834
0.023166460882211
0.023085920801342
0.023007795214059
0.022932256713208
0.022859344055289
0.022788960478036
0.022720875931187
0.022654732892919
0.022590055251640
0.022526259593515
0.022462668163506
0.022398522767855
0.022332998956982
0.022265219960141
0.022194270020080
0.022119206975654
0.022039074137993
0.021952911676682
0.021859767854517
0.021758710506167
0.021648839138723
0.021529297940529
0.021399289828308
0.021258091459056
0.021105068907153
0.020939693487298
0.020761557019851
0.020570385714067
0.020366051807668
0.020148582160732
0.019918163159649
0.019675141533183
0.019420020996476
0.019153454989978
0.018876236131815
0.018589283314639
0.018293627613430
0.017990398296893
0.017680810229754
0.017366153806756
0.017047788276778
0.016727138917239
0.016405698038711
0.016085029282151
0.015766774167904
0.015452659419981
0.015144503270781
0.014844218791243
0.014553812316607
0.014275375258956
0.014011068006146
0.013763095175457
0.013533672175562
0.013324983775065
0.013139136114818
0.012978104267393
0.012843677977477
0.012737408559304
0.012660560044754
0.012614067551253
0.012598505476328
0.012614067551253
0.012660560044754
0.012737408559304
0.012843677977477
0.012978104267393
0.013139136114818
0.013324983775065
0.013533672175562
0.013763095175457
0.014011068006147
0.014275375258957
0.014553812316607
0.014844218791243
0.015144503270781
0.015452659419981
0.015766774167904
0.016085029282151
0.016405698038711
0.016727138917240
0.017047788276779
0.017366153806757
0.017680810229755
0.017990398296894
0.018293627613430
0.018589283314640
0.018876236131816
0.019153454989979
0.019420020996477
0.019675141533183
0.019918163159650
0.020148582160733
0.020366051807669
0.020570385714068
0.020761557019852
0.020939693487299
0.021105068907154
0.021258091459056
0.021399289828308
0.021529297940529
0.021648839138723
0.021758710506167
0.021859767854517
0.021952911676682
0.022039074137993
0.022119206975654
0.022194270020079
0.022265219960140
0.022332998956981
0.022398522767854
0.022462668163505
0.022526259593514
0.022590055251639
0.022654732892918
0.022720875931186
0.022788960478035
0.022859344055287
0.022932256713206
0.023007795214058
0.023085920801340
0.023166460882210
0.023249114722833
0.023333463015631
0.023418980946395
0.023505054189346
0.023590997107034
0.023676072341493
0.023759510958988
0.023840532351603
0.023918363197106
0.023992254920694
0.024061499271568
0.024125441804829
0.024183493226539
0.024235138700544
0.024279945317490
0.024317567981809
0.024347753979813
0.024370346454967
0.024385286943917
0.024392617031279
0.024392479077413
0.024385115876685
0.024370869028092
0.024350175757057
0.024323563923960
0.024291644994455
0.024255104826598
0.024214692243606
0.024171205498188
0.024125476881687
0.024078355874410
0.024030691358496
0.023983313509102
0.023937016034206
0.023892539442404
0.023850555980424
0.023811656800760
0.023776341801847
0.023745012438642
0.023717967642456
0.023695402828484
0.023677411820078
0.023663991391414
0.023655048033071
0.023650406483249
0.023649819542429
0.023652978699259
0.023659525135328
0.023669060738855
0.023681158833442
0.023695374408475
0.023711253714098
0.023728343148346
0.023746197412236
0.023764386937564
0.023782504602092
0.023800171740261
0.023817043439125
0.023832813084794
0.023847216100733
0.023860032801984
0.023871090283743
0.023880263272116
0.023887473890381
0.023892690334606
0.023895924504523
0.023897228693996
0.023896691503698
0.023894433189711
0.023890600699075
0.023885362661232
0.023878904599081
0.023871424593696
0.023863129583738
0.023854232408159
0.023844949615055
0.023835499968450
0.023826103497308
0.023816980856412
0.023808352715197
0.023800438864946
0.023793456741316
0.023787619099309
0.023783130649900
0.023780183566598
0.023778951888675
0.023779584975837
0.023782200295525
0.023786875937448
0.023793643339479
0.023802480765589
0.023813308093453
0.023825983443210
0.023840302109625
0.023855998151180
0.023872748848190
0.023890182077516
0.023907886475339
0.023925424084327
0.023942345019825
0.023958203553027
0.023972574906950
0.023985072000387
0.023995361359712
0.024003177448905
0.024008334741644
0.024010736970147
0.024010383125493
0.024007369943754
0.024001890780925
0.023994230946853
0.023984759724484
0.023973919437642
0.023962212041883
0.023950183794885
0.023938408613620
0.023927470745622
0.023917947373566
0.023910391739747
0.023905317324712
0.023903183547308
0.023904383376871
0.023909233166598
0.023917964934181
0.023930721234172
0.023947552688288
0.023968418165727
0.023993187536055
0.024021646852104
0.024053505759558
0.024088406873374
0.024125936809365
0.024165638512924
0.024207024487538
0.024249590495124
0.024292829280635
0.024336243866913
0.024379359974458
0.024421737146038
0.024462978198629
