0.077869618216244
0.077742233498204
0.077665209606099
0.077642781207140
0.077676886259850
0.077767062422389
0.077910444851982
0.078101865984281
0.078334053557131
0.078597918983863
0.078882924361467
0.079177513076445
0.079469586280778
0.079747005559230
0.079998100972725
0.080212163382755
0.080379900546155
0.080493837891557
0.080548647089495
0.080541388418620
0.080471656396145
0.080341622044503
0.080155969354889
0.079921727816855
0.079648007140890
0.079345644338167
0.079026776975072
0.078704359539755
0.078391642312216
0.078101633811588
0.077846568726449
0.077637403171619
0.077483358149406
0.077391530253486
0.077366586005817
0.077410552863238
0.077522716004896
0.077699625676102
0.077935215300714
0.078221025977961
0.078546528549867
0.078899530356017
0.079266650263060
0.079633842722983
0.079986949602171
0.080312257420017
0.080597037487231
0.080830047241326
0.081001972797260
0.081105795280139
0.081137066761973
0.081094085432842
0.080977963822485
0.080792588261904
0.080544472142510
0.080242509704840
0.079897640896793
0.079522441132052
0.079130652431360
0.078736674354351
0.078355034275769
0.077999856911448
0.077684352575943
0.077420342506428
0.077217837795052
0.077084686134393
0.077026297813610
0.077045459330680
0.077142239735890
0.077313991517962
0.077555444603086
0.077858888964136
0.078214438523034
0.078610366548735
0.079033500665114
0.079469663929303
0.079904147248551
0.080322197684901
0.080709506951844
0.081052684624224
0.081339701241102
0.081560287551655
0.081706277599495
0.081771885117828
0.081753904766857
0.081651832031081
0.081467898047375
0.081207018190954
0.080876655837479
0.080486605275614
0.080048700194187
0.079576456441371
0.079084659782607
0.078588911106744
0.078105142890986
0.077649121688760
0.077235951916392
0.076879596263119
0.076592427627658
0.076384826601355
0.076264837195940
0.076237891791061
0.076306614203944
0.076470707423962
0.076726929981173
0.077069162209825
0.077488560910061
0.077973798189579
0.078511377667094
0.079086018822278
0.079681098157536
0.080279134061780
0.080862300891155
0.081412956850033
0.081914169797437
0.082350225135144
0.082707100454561
0.082972892615524
0.083138184372141
0.083196339504791
0.083143717606806
0.082979802140308
0.082707238040063
0.082331777921009
0.081862138743637
0.081309773519363
0.080688565204182
0.080014452247210
0.079304997252983
0.078578911815936
0.077855551739878
0.077154397528310
0.076494535205837
0.075894152208049
0.075370062278275
0.074937272074115
0.074608600570900
0.074394360424045
0.074302108298853
0.074336468883486
0.074499034959433
0.074788343603664
0.075199926421213
0.075726429730009
0.076357798902299
0.077081519654119
0.077882907994509
0.078745439810416
0.079651110665697
0.080580816312211
0.081514744613776
0.082432770026038
0.083314842407157
0.084141362703080
0.084893538905635
0.085553716574444
0.086105679104583
0.086534913779725
0.086828840454153
0.086977000445593
0.086971203893473
0.086805634451124
0.086476910749353
0.085984104610244
0.085328716522627
0.084514609431843
0.083547902459337
0.082436826759917
0.081191546346415
0.079823947355192
0.078347399875949
0.076776497102956
0.075126777153845
0.073414433414689
0.071656019673339
0.069868156565088
0.068067245948356
0.066269199731692
0.064489189374030
0.062741421774656
0.061038946564591
0.059393498925070
0.057815381019029
0.056313383964311
0.054894751045848
0.053565181606159
0.052328873818753
0.051188603386767
0.050145834165142
0.049200855819443
0.048352942940646
0.047600529556577
0.046941392730790
0.046372838921308
0.045891886977546
0.045495442066762
0.045180455415894
0.044944065498317
0.044783717150311
0.044697256028565
0.044682996776561
0.044739764214209
0.044866907764681
0.045064290152820
0.045332252124759
0.045671555529089
0.046083307554653
0.046568869234622
0.047129751504356
0.047767502151645
0.048483586938006
0.049279268018986
0.050155482573030
0.051112724287070
0.052150930066989
0.053269374065053
0.054466570863918
0.055740189442635
0.057086979383949
0.058502710667571
0.059982128328238
0.061518923231508
0.063105720219933
0.064734084888686
0.066394550240821
0.068076664424323
0.069769060642691
0.071459550136532
0.073135238838305
0.074782667894406
0.076387977724010
0.077937094646327
0.079415938370423
0.080810647826102
0.082107821951189
0.083294771177239
0.084359774515713
0.085292336386330
0.086083436696274
0.086725767218516
0.087213947070442
0.087544710093126
0.087717057200316
0.087732367315167
0.087594461340008
0.087309614693573
0.086886515271071
0.086336165192671
0.085671726351418
0.084908311490200
0.084062724261561
0.083153153384150
0.082198827537641
0.081219638971119
0.080235744884258
0.079267156432778
0.078333325680586
0.077452740955491
0.076642540864175
0.075918156700033
0.075292992163312
0.074778148246148
0.074382199864315
0.074111029396300
0.073967720775082
0.073952516223548
0.074062836182389
0.074293361494038
0.074636175514992
0.075080962558785
0.075615257941634
0.076224743921279
0.076893584988698
0.077604795287882
0.078340630392573
0.079082995251560
0.079813859816578
0.080515673683256
0.081171771003410
0.081766756969230
0.082286867334088
0.082720292733069
0.083057460013912
0.083291263402394
0.083417239120532
0.083433678063035
0.083341672322721
0.083145092736265
0.082850496184300
0.082466963099963
0.082005867480416
0.081480583608657
0.080906135619116
0.080298797913647
0.079675656182189
0.079054140330941
0.078451541897986
0.077884529475808
0.077368676205103
0.076918013510886
0.076544624891838
0.076258292737051
0.076066209839275
0.075972765528872
0.075979414214749
0.076084631651640
0.076283961536474
0.076570152160900
0.076933379911705
0.077361553519600
0.077840690213670
0.078355352444444
0.078889131685939
0.079425164098472
0.079946661597444
0.080437441180103
0.080882435245263
0.081268166112792
0.081583169002513
0.081818349337422
0.081967262345362
0.082026305479275
0.081994817075347
0.081875077822903
0.081672214921450
0.081394012132968
0.081050632182670
0.080654261001230
0.080218686023864
0.079758823064433
0.079290208078076
0.078828471343743
0.078388812189516
0.077985492323705
0.077631365123033
0.077337456891294
0.077112614187674
0.076963228906748
0.076893049965020
0.076903087321185
0.076991610749668
0.077154242426432
0.077384139099910
0.077672256530698
0.078007686103685
0.078378051142757
0.078769948569992
0.079169420205285
0.079562437232929
0.079935381179362
0.080275505139099
0.080571359921027
0.080813171213833
0.080993155721903
0.081105766425160
0.081147859584581
0.081118778763015
0.081020353871750
0.080856816003532
0.080634631493750
0.080362261191237
0.080049853253746
0.079708879853464
0.079351729935115
0.078991271570607
0.078640398463995
0.078311575749552
0.078016400371761
0.077765191024191
0.077566621848505
0.077427412858764
0.077352088375471
0.077342812657146
0.077399309448331
0.077518869381784
0.077696446154973
0.077924839239061
0.078194957677854
0.078496156412036
0.078816633644186
0.079143875168701
0.079465129449468
0.079767895648341
0.080040405883000
0.080272082794314
0.080453954072381
0.080579006935433
0.080642467649431
0.080641993954362
0.080577771626956
0.080452510227514
0.080271337193492
0.080041593677182
0.079772539691694
0.079474980038557
0.079160825960251
0.078842610327375
0.078532976294698
0.078244160637794
0.077987493345992
0.077772934473939
