0.076739867700755
0.076465841103674
0.076237368566093
0.076062270022604
0.075946803215928
0.075895455721706
0.075910789309092
0.075993341960838
0.076141591159551
0.076351980193659
0.076619007303238
0.076935375532348
0.077292199242138
0.077679261429385
0.078085314347340
0.078498414494720
0.078906281873676
0.079296672559391
0.079657753105059
0.079978465147626
0.080248868791966
0.080460453932319
0.080606409605479
0.080681842734127
0.080683939173121
0.080612061767829
0.080467782114661
0.080254844814567
0.079979065160749
0.079648163329308
0.079271540173176
0.078860001585194
0.078425440030712
0.077980483196524
0.077538120714654
0.077111320561900
0.076712646988456
0.076353891685092
0.076045729367284
0.075797408059591
0.075616483141399
0.075508602714856
0.075477350135639
0.075524147672918
0.075648223306142
0.075846640693884
0.076114390432834
0.076444538927267
0.076828429567662
0.077255929518953
0.077715714280783
0.078195581328560
0.078682783587863
0.079164373236519
0.079627546358461
0.080059979271813
0.080450147893219
0.080787622247987
0.081063329154441
0.081269777161866
0.081401238966103
0.081453887727678
0.081425884940146
0.081317418710140
0.081130692489008
0.080869865416689
0.080540946483537
0.080151645671223
0.079711186088675
0.079230081865228
0.078719887194847
0.078192922437951
0.077661983577860
0.077140041594771
0.076639938459926
0.076174086465379
0.075754177490832
0.075390908569727
0.075093729755278
0.074870619808180
0.074727894638464
0.074670052743517
0.074699661104454
0.074817284147569
0.075021457462586
0.075308707012560
0.075673613590688
0.076108921296952
0.076605687842855
0.077153473565949
0.077740565167075
0.078354229391373
0.078980991176550
0.079606930205024
0.080217989334318
0.080800288055050
0.081340433947784
0.081825825086612
0.082244936473351
0.082587583883414
0.082845158961386
0.083010830015689
0.083079703718350
0.083048943804428
0.082917843868060
0.082687852446315
0.082362549741486
0.081947576526996
0.081450516978469
0.080880738334321
0.080249191383423
0.079568176765183
0.078851082916466
0.078112102180295
0.077365932078948
0.076627469031114
0.075911501849557
0.075232412191126
0.074603888752834
0.074038661433117
0.073548260931149
0.073142808371698
0.072830838555937
0.072619159391395
0.072512748989461
0.072514690878552
0.072626146803901
0.072846365704868
0.073172726704465
0.073600813332510
0.074124515743622
0.074736157385470
0.075426642414295
0.076185620129052
0.077001662782295
0.077862453300172
0.078754979678993
0.079665733094390
0.080580907036240
0.081486595046248
0.082368984868816
0.083214547018537
0.084010215914600
0.084743561835132
0.085402952009815
0.085977699208797
0.086458196214473
0.086836034596742
0.087104106268287
0.087256686389319
0.087289496333203
0.087199745623837
0.086986152015931
0.086648939209290
0.086189812061334
0.085611909577747
0.084919736404883
0.084119074002415
0.083216873122127
0.082221129640258
0.081140746168667
0.079985382188739
0.078765295698871
0.077491179532227
0.076173995580988
0.074824810155114
0.073454633609591
0.072074267199923
0.070694159879049
0.069324277440135
0.067973986050237
0.066651951821911
0.065366057645956
0.064123338070936
0.062929932575807
0.061791057152007
0.060710993701329
0.059693096375234
0.058739813638997
0.057852724548047
0.057032587481209
0.056279399392167
0.055592463521018
0.054970463455329
0.054411541445647
0.053913378962884
0.053473277630532
0.053088238866777
0.052755040821042
0.052470311474185
0.052230597077395
0.052032425415662
0.051872363680831
0.051747071009664
0.051653345968410
0.051588169433631
0.051548743419193
0.051532526425376
0.051537265836882
0.051561027776210
0.051602224636724
0.051659640290087
0.051732452703819
0.051820253437968
0.051923063238156
0.052041342728466
0.052175997053031
0.052328373237710
0.052500249055939
0.052693812293158
0.052911629512477
0.053156603724323
0.053431920741365
0.053740984438059
0.054087341607614
0.054474597590845
0.054906324312576
0.055385962773747
0.055916722385597
0.056501479774806
0.057142679819729
0.057842241689152
0.058601472545164
0.059420991347067
0.060300664867116
0.061239557620772
0.062235896948004
0.063287053985009
0.064389540765365
0.065539023213051
0.066730349361017
0.067957591767816
0.069214102825279
0.070492581460129
0.071785149632834
0.073083437022648
0.074378672347768
0.075661779888162
0.076923479937303
0.078154392087388
0.079345140430228
0.080486459914321
0.081569303221677
0.082584947604068
0.083525101140494
0.084382007843688
0.085148550956476
0.085818353646246
0.086385876138984
0.086846508147422
0.087196655256721
0.087433817752103
0.087556660221949
0.087565070161249
0.087460203746116
0.087244516959340
0.086921780325609
0.086497075665625
0.085976773500277
0.085368490025749
0.084681022931821
0.083924265740520
0.083109100790756
0.082247271475689
0.081351234841079
0.080433996162425
0.079508927622963
0.078589573700307
0.077689446323143
0.076821813267173
0.075999483608024
0.075234594324903
0.074538402339893
0.073921086372784
0.073391562980547
0.072957321026841
0.072624278586180
0.072396665928783
0.072276937759422
0.072265717304679
0.072361774170507
0.072562037143120
0.072861642302008
0.073254015978917
0.073730991257826
0.074282955896187
0.074899028784856
0.075567261379275
0.076274859950499
0.077008424040447
0.077754196174322
0.078498317691984
0.079227085509803
0.079927204709823
0.080586032062669
0.081191805908523
0.081733858226923
0.082202805199281
0.082590713085517
0.082891236776506
0.083099728928249
0.083213318116348
0.083230954959627
0.083153425643500
0.082983332725880
0.082725043534145
0.082384606867875
0.081969639117578
0.081489181304613
0.080953528951000
0.080374037107019
0.079762903302943
0.079132931647689
0.078497281765586
0.077869206730757
0.077261784609960
0.076687648637748
0.076158721397740
0.075685958644454
0.075279108545391
0.074946492128696
0.074694810567751
0.074528984605945
0.074452030915227
0.074464979491730
0.074566835330137
0.074754586603588
0.075023260434255
0.075366026104562
0.075774344269719
0.076238159432044
0.076746131671592
0.077285902441320
0.077844388171250
0.078408094524134
0.078963443438287
0.079497104607992
0.079996322806588
0.080449232462036
0.080845151150535
0.081174844173469
0.081430753111453
0.081607182184172
0.081700437357777
0.081708914399510
0.081633133444931
0.081475719077145
0.081241326379010
0.080936514867648
0.080569573615558
0.080150302166546
0.079689753032088
0.079199942573294
0.078693537908024
0.078183528109790
0.077682888368105
0.077204245948287
0.076759556717996
0.076359800700116
0.076014704575852
0.075732498313160
0.075519712155331
0.075381019099461
0.075319126756564
0.075334721149487
0.075426463610172
0.075591040523617
0.075823264272156
0.076116222398938
0.076461470769863
0.076849265401089
0.077268826662382
0.077708628787172
0.078156707034690
0.078600974468235
0.079029540140521
0.079431020510894
0.079794836153052
0.080111486234872
0.080372793848927
0.080572116025863
0.080704513152959
0.080766873525884
0.080757989860631
0.080678585762378
0.080531291365426
0.080320568600460
0.080052587788343
0.079735058479843
0.079377018633376
0.078988587323271
0.078580687173434
0.078164743590138
0.077752368597280
0.077355037633318
0.076983768028452
0.076648808023305
0.076359345100640
0.076123242068518
0.075946808752597
0.075834616329750
