0.076378712224408
0.076872643074877
0.077360082372745
0.077832745969851
0.078282574855140
0.078701871198577
0.079083428059110
0.079420650677844
0.079707667415889
0.079939428558471
0.080111791392142
0.080221590169741
0.080266689807759
0.080246022412009
0.080159605998665
0.080008545066660
0.079795012980770
0.079522216438028
0.079194342608076
0.078816489853619
0.078394583243221
0.077935276356806
0.077445841146359
0.076934047842306
0.076408037082601
0.075876186580499
0.075346974733575
0.074828843608190
0.074330063709349
0.073858602867150
0.073422001441484
0.073027255871208
0.072680712380074
0.072387972406931
0.072153811061200
0.071982109625190
0.071875802841291
0.071836841442413
0.071866170115106
0.071963720832228
0.072128421259758
0.072358217732830
0.072650112110438
0.073000211656098
0.073403790951993
0.073855364734743
0.074348770439895
0.074877259157324
0.075433593629276
0.076010151865479
0.076599034905378
0.077192177226121
0.077781458277752
0.078358813625465
0.078916344194832
0.079446422151354
0.079941792002350
0.080395665587993
0.080801809729655
0.081154625426884
0.081449217637417
0.081681454834851
0.081848017711972
0.081946436579547
0.081975117195443
0.081933354941792
0.081821337443202
0.081640135882102
0.081391685414146
0.081078755214338
0.080704908791710
0.080274455296480
0.079792392609886
0.079264343055271
0.078696482602537
0.078095464460427
0.077468337965830
0.076822463690128
0.076165425692490
0.075504941861066
0.074848773296423
0.074204633707080
0.073580099803316
0.072982523690056
0.072418948269234
0.071896026662521
0.071419946652641
0.070996361111393
0.070630325331878
0.070326242108413
0.070087815309371
0.069918012565807
0.069819037554171
0.069792312188107
0.069838468857209
0.069957352665527
0.070148033436513
0.070408827070970
0.070737325677439
0.071130435746819
0.071584423520051
0.072094966603726
0.072657210825629
0.073265831291397
0.073915096603469
0.074598935231710
0.075311003077363
0.076044751343386
0.076793493908842
0.077550473497128
0.078308926021590
0.079062142582674
0.079803528673905
0.080526660227116
0.081225336188601
0.081893627367459
0.082525921335916
0.083116963191237
0.083661892012616
0.084156272867096
0.084596124239604
0.084977940786063
0.085298711337635
0.085555932119664
0.085747615191196
0.085872292159349
0.085929013275516
0.085917342075217
0.085837345777120
0.085689581706347
0.085475080049474
0.085195323281063
0.084852222622031
0.084448091897879
0.083985619159604
0.083467836413396
0.082898087778935
0.082279996363548
0.081617430104058
0.080914466793999
0.080175358484606
0.079404495427147
0.078606369714212
0.077785538780134
0.076946588936014
0.076094099141823
0.075232605254548
0.074366565033666
0.073500324229298
0.072638084119126
0.071783870892652
0.070941507300927
0.070114586992382
0.069306451937972
0.068520173309964
0.067758536118178
0.067024027827205
0.066318831080996
0.065644820552028
0.065003563816587
0.064396326041886
0.063824078161544
0.063287508119575
0.062787034685348
0.062322823287466
0.061894803286354
0.061502686105000
0.061145983664414
0.060824026622865
0.060535981992200
0.060280869795415
0.060057578531252
0.059864879317436
0.059701438687628
0.059565830112180
0.059456544393958
0.059371999153736
0.059310547662130
0.059270487295665
0.059250067893549
0.059247500270984
0.059260965107384
0.059288622377555
0.059328621435437
0.059379111797911
0.059438254615168
0.059504234758058
0.059575273404969
0.059649640973273
0.059725670214403
0.059801769277074
0.059876434539377
0.059948263015383
0.060015964153701
0.060078370861225
0.060134449603061
0.060183309446933
0.060224209935882
0.060256567685811
0.060279961614293
0.060294136714762
0.060299006296898
0.060294652621503
0.060281325868378
0.060259441390500
0.060229575228764
0.060192457889742
0.060148966424448
0.060100114888430
0.060047043310972
0.059991005351328
0.059933354869516
0.059875531684550
0.059819046830226
0.059765467643864
0.059716403033584
0.059673489262223
0.059638376559623
0.059612716829688
0.059598152655750
0.059596307730202
0.059608778746119
0.059637128694949
0.059682881421019
0.059747517196936
0.059832469009842
0.059939119192530
0.060068795999937
0.060222769723778
0.060402247957330
0.060608369668398
0.060842197809153
0.061104710282871
0.061396789194476
0.061719208427660
0.062072619709260
0.062457537434190
0.062874322624686
0.063323166479742
0.063804074029605
0.064316848442514
0.064861076535156
0.065436116014625
0.066041084930157
0.066674853741192
0.067336040319317
0.068023008101300
0.068733867505020
0.069466480616042
0.070218469055809
0.070987224857990
0.071769924111349
0.072563543078194
0.073364876467946
0.074170557535344
0.074977079680363
0.075780819249258
0.076578059269447
0.077365013891084
0.078137853350781
0.078892729314050
0.079625800489123
0.080333258433270
0.081011353491792
0.081656420818976
0.082264906429733
0.082833393221502
0.083358626890404
0.083837541645545
0.084267285603522
0.084645245723586
0.084969072124779
0.085236701610809
0.085446380217273
0.085596684589042
0.085686541992430
0.085715248766025
0.085682487014075
0.085588339345560
0.085433301458798
0.085218292364698
0.084944662030954
0.084614196214812
0.084229118234875
0.083792087414460
0.083306193913333
0.082774949654356
0.082202275050519
0.081592481249457
0.080950247640309
0.080280594414202
0.079588850036119
0.078880613573056
0.078161711929602
0.077438152165072
0.076716069201768
0.076001669376650
0.075301170432089
0.074620738678939
0.073966424189380
0.073344094981504
0.072759371236241
0.072217560635371
0.071723595923719
0.071281975778020
0.070896710009636
0.070571270041099
0.070308545481226
0.070110807486255
0.069979679441664
0.069916115338644
0.069920386057976
0.069992073619603
0.070130073314795
0.070332603514551
0.070597222846315
0.070920854353149
0.071299816195085
0.071729858420132
0.072206205319039
0.072723602879438
0.073276370866233
0.073858459071018
0.074463507288512
0.075084908588141
0.075715875450054
0.076349508324650
0.076978866151885
0.077597038341437
0.078197217668818
0.078772773488314
0.079317324605047
0.079824811089482
0.080289564262860
0.080706374035781
0.081070552748160
0.081377994640460
0.081625230085578
0.081809473729405
0.081928665726136
0.081981505311136
0.081967476028116
0.081886862016448
0.081740754866206
0.081531050660363
0.081260436943239
0.080932369479509
0.080551038797311
0.080121326641046
0.079648752593656
0.079139411264111
0.078599900573556
0.078037241812656
0.077458792283079
0.076872151476523
0.076285061883982
0.075705305663549
0.075140598523703
0.074598482296776
0.074086217779239
0.073610679496386
0.073178254103382
0.072794744157327
0.072465278981147
0.072194234286122
0.071985162123291
0.071840732594177
0.071762688569339
0.071751814442352
0.071807919691995
0.071929837743457
0.072115440318559
0.072361667154725
0.072664570662581
0.073019374792748
0.073420547102996
0.073861882766111
0.074336599043615
0.074837438576131
0.075356779711019
0.075886752003055
0.076419354983431
0.076946578293473
0.077460521317866
0.077953510522282
0.078418212795998
0.078847743214995
0.079235765768933
0.079576585731056
0.079865232488965
0.080097531793309
0.080270166518979
0.080380725169016
0.080427737485879
0.080410696669831
0.080330067842207
0.080187282534957
0.079984719139435
0.079725669408857
0.079414291281093
0.079055548471495
