0.009695098408906
0.009692009020021
0.009684536888849
0.009672969196843
0.009657767027809
0.009639546750755
0.009619054707197
0.009597136276690
0.009574700644183
0.009552682782733
0.009532004286482
0.009513534735882
0.009498055248311
0.009486225764359
0.009478557448659
0.009475391353169
0.009476884211690
0.009483001920831
0.009493520929605
0.009508037422702
0.009525983856549
0.009546652106555
0.009569222221003
0.009592795561965
0.009616430954136
0.009639182363330
0.009660136589439
0.009678449483260
0.009693379279201
0.009704315771116
0.009710804238990
0.009712563251370
0.009709495712813
0.009701692787365
0.009689430598331
0.009673159871807
0.009653488947664
0.009631160818821
0.009607025070479
0.009582005769376
0.009557066494064
0.009533173796656
0.009511260441750
0.009492189777654
0.009476722558137
0.009465487450579
0.009458956340668
0.009457425377989
0.009461002505851
0.009469601988302
0.009482946194960
0.009500574638182
0.009521859986590
0.009546030513905
0.009572198192527
0.009599391417393
0.009626591156827
0.009652769181762
0.009676926929779
0.009698133521052
0.009715561462159
0.009728518651334
0.009736475432797
0.009739085633487
0.009736200745715
0.009727876684532
0.009714372838034
0.009696143430161
0.009673821516019
0.009648196216670
0.009620184061605
0.009590795531933
0.009561098076733
0.009532177002073
0.009505095702637
0.009480856717832
0.009460365048540
0.009444395070592
0.009433562232014
0.009428300530437
0.009428846543427
0.009435230537518
0.009447274921409
0.009464600045183
0.009486637090051
0.009512647550815
0.009541748593708
0.009572943381939
0.009605155305289
0.009637264932128
0.009668148424687
0.009696716122283
0.009721950002432
0.009742938775128
0.009758909448985
0.009769254326307
0.009773552533927
0.009771585373256
0.009763344971542
0.009749035931174
0.009729069898996
0.009704053206493
0.009674767957619
0.009642147157013
0.009607244670414
0.009571200984599
0.009535205879755
0.009500459237484
0.009468131277946
0.009439323546800
0.009415031954795
0.009396113109817
0.009383255074688
0.009376953537168
0.009377494196581
0.009384941960755
0.009399137315240
0.009419699982859
0.009446039744618
0.009477374052299
0.009512751837522
0.009551082720043
0.009591170646496
0.009631750855490
0.009671528969831
0.009709220963977
0.009743592745067
0.009773498117701
0.009797913973382
0.009815971650900
0.009826983548999
0.009830464231384
0.009826145440529
0.009813984624327
0.009794166772537
0.009767099552328
0.009733401919077
0.009693886555376
0.009649536654104
0.009601477707469
0.009550945090313
0.009499248330921
0.009447733044299
0.009397741560238
0.009350573310473
0.009307446045265
0.009269458929417
0.009237558521095
0.009212508564407
0.009194864429379
0.009184952912595
0.009182857970540
0.009188412798927
0.009201198498851
0.009220549389282
0.009245564840429
0.009275127319780
0.009307926168066
0.009342486462141
0.009377202181346
0.009410372778500
0.009440242170323
0.009465039107787
0.009483017866354
0.009492498209406
0.009491903624196
0.009479796905662
0.009454912265575
0.009416183267824
0.009362766029526
0.009294057276182
0.009209706991111
0.009109625549321
0.008993985368518
0.008863217240971
0.008718001626081
0.008559255282628
0.008388113700615
0.008205909855526
0.008014149853169
0.007814486062891
0.007608688352329
0.007398614040416
0.007186177178738
0.006973317756517
0.006761971402711
0.006554040130773
0.006351364638003
0.006155698632023
0.005968685611342
0.005791838474809
0.005626522275497
0.005473940367980
0.005335124124287
0.005210926313745
0.005102018156872
0.005008889975377
0.004931855271906
0.004871057987366
0.004826482603970
0.004797966691895
0.004785215439984
0.004787817668975
0.004805262801531
0.004836958258091
0.004882246761617
0.004940423066891
0.005010749679381
0.005092471192084
0.005184826942877
0.005287061775607
0.005398434771492
0.005518225899023
0.005645740606886
0.005780312452025
0.005921303911658
0.006068105572134
0.006220133918559
0.006376827967486
0.006537644991875
0.006702055584913
0.006869538299407
0.007039574084912
0.007211640727892
0.007385207483256
0.007559730070128
0.007734646191746
0.007909371729210
0.008083297750966
0.008255788473475
0.008426180301815
0.008593782070318
0.008757876590862
0.008917723598345
0.009072564158008
0.009221626566854
0.009364133741420
0.009499312037440
0.009626401394995
0.009744666647815
0.009853409780230
0.009951982863023
0.010039801353207
0.010116357405606
0.010181232818712
0.010234111225469
0.010274789142798
0.010303185511863
0.010319349393921
0.010323465532414
0.010315857548553
0.010296988602229
0.010267459419363
0.010228003657609
0.010179480651374
0.010122865641692
0.010059237654311
0.009989765238885
0.009915690322535
0.009838310462237
0.009758959803084
0.009678989064485
0.009599744885418
0.009522548864383
0.009448676631394
0.009379337289312
0.009315653561068
0.009258642978005
0.009209200442446
0.009168082493903
0.009135893601520
0.009113074794013
0.009099894920377
0.009096444808455
0.009102634552510
0.009118194114142
0.009142677363077
0.009175469615779
0.009215798651887
0.009262749103224
0.009315280020296
0.009372245330351
0.009432416812809
0.009494509136200
0.009557206429420
0.009619189802498
0.009679165191040
0.009735890875963
0.009788204027356
0.009835045638301
0.009875483250547
0.009908730927484
0.009934165998414
0.009951342178988
0.009959998762500
0.009960065672384
0.009951664264466
0.009935103865452
0.009910874129339
0.009879633383868
0.009842193223470
0.009799499682280
0.009752611390236
0.009702675176708
0.009650899639345
0.009598527240807
0.009546805532420
0.009496958131125
0.009450156093696
0.009407490338951
0.009369945763541
0.009338377678443
0.009313491160362
0.009295823863704
0.009285732774171
0.009283385304084
0.009288755033076
0.009301622287254
0.009321579627612
0.009348042187641
0.009380262664617
0.009417350633537
0.009458295721960
0.009501994063231
0.009547277339524
0.009592943639344
0.009637789290325
0.009680640790219
0.009720385948620
0.009756003369883
0.009786589453122
0.009811382156552
0.009829780867782
0.009841361835457
0.009845888746607
0.009843318173524
0.009833799759173
0.009817671156448
0.009795447879572
0.009767808361805
0.009735574638954
0.009699689190374
0.009661188566049
0.009621174508404
0.009580783339782
0.009541154430156
0.009503398584464
0.009468567194479
0.009437622986455
0.009411413162780
0.009390645683695
0.009375869363941
0.009367458369653
0.009365601593645
0.009370297263883
0.009381353002352
0.009398391402408
0.009420861035383
0.009448052635933
0.009479120055106
0.009513105415763
0.009548967762404
0.009585614372429
0.009621933793865
0.009656829600566
0.009689253814003
0.009718238933908
0.009742927549900
0.009762598572764
0.009776689225859
0.009784812070900
0.009786766503602
0.009782544337326
0.009772329290153
0.009756490395005
0.009735569555775
0.009710263667098
0.009681401894168
0.009649918865372
0.009616824659252
0.009583172564209
0.009550025652028
0.009518423233394
0.009489348255465
0.009463696659710
0.009442249645311
0.009425649682832
0.009414380998892
0.009408755109532
0.009408901822780
0.009414765964175
0.009426109907342
0.009442521819568
0.009463429363783
0.009488118437381
0.009515756378493
0.009545418935267
0.009576120176567
0.009606844426553
0.009636579233741
0.009664348340094
