0.028621030262616
0.028621940747858
0.028622850853888
0.028623762172554
0.028624678867011
0.028625607354144
0.028626555933656
0.028627534383959
0.028628553543756
0.028629624896022
0.028630760168274
0.028631970959691
0.028633268402195
0.028634662859179
0.028636163662565
0.028637778886491
0.028639515154248
0.028641377474431
0.028643369102383
0.028645491424061
0.028647743861043
0.028650123797462
0.028652626531702
0.028655245257568
0.028657971080926
0.028660793078272
0.028663698403193
0.028666672445192
0.028669699042794
0.028672760749657
0.028675839148586
0.028678915204519
0.028681969643898
0.028684983344892
0.028687937720996
0.028690815079785
0.028693598939345
0.028696274286949
0.028698827767971
0.028701247797400
0.028703524591473
0.028705650122299
0.028707618003634
0.028709423320615
0.028711062420025
0.028712532680150
0.028713832280367
0.028714959990207
0.028715914995735
0.028716696777928
0.028717305053476
0.028717739783455
0.028718001249925
0.028718090195139
0.028718008013005
0.028717756978179
0.028717340494784
0.028716763344708
0.028716031914638
0.028715154381628
0.028714140839006
0.028713003347602
0.028711755901522
0.028710414302621
0.028708995943258
0.028707519502347
0.028706004564975
0.028704471180511
0.028702939377962
0.028701428660103
0.028699957499507
0.028698542859927
0.028697199765592
0.028695940938887
0.028694776523841
0.028693713908881
0.028692757657795
0.028691909552838
0.028691168748783
0.028690532031541
0.028689994170047
0.028689548345532
0.028689186638341
0.028688900549139
0.028688681529037
0.028688521491762
0.028688413280891
0.028688351066292
0.028688330646401
0.028688349636923
0.028688407531710
0.028688505628017
0.028688646815635
0.028688835237283
0.028689075835656
0.028689373810100
0.028689734012605
0.028690160317997
0.028690655006561
0.028691218198349
0.028691847377043
0.028692537037326
0.028693278483479
0.028694059798695
0.028694865994930
0.028695679342532
0.028696479868281
0.028697246000338
0.028697955329841
0.028698585451924
0.028699114844259
0.028699523739159
0.028699794945760
0.028699914581879
0.028699872680395
0.028699663642109
0.028699286515391
0.028698745092067
0.028698047818157
0.028697207526960
0.028696241009804
0.028695168446359
0.028694012721361
0.028692798657658
0.028691552196760
0.028690299557360
0.028689066399930
0.028687877021507
0.028686753599589
0.028685715497834
0.028684778639480
0.028683954947359
0.028683251842373
0.028682671785812
0.028682211844961
0.028681863256485
0.028681610958038
0.028681433055603
0.028681300192024
0.028681174781047
0.028681010070703
0.028680748999755
0.028680322811153
0.028679649386580
0.028678631266368
0.028677153319117
0.028675080025508
0.028672252341302
0.028668484105834
0.028663557964907
0.028657220781697
0.028649178516708
0.028639090568851
0.028626563585059
0.028611144766166
0.028592314722664
0.028569479965611
0.028541965155559
0.028509005275644
0.028469737943308
0.028423196127596
0.028368301594179
0.028303859456491
0.028228554266319
0.028140948128367
0.028039481367631
0.027922476312603
0.027788144777746
0.027634599831589
0.027459872418343
0.027261933357552
0.027038721174382
0.026788176110103
0.026508280525801
0.026197105741417
0.025852865147018
0.025473973185366
0.025059109538014
0.024607287556477
0.024117925673196
0.023590920213398
0.023026717720298
0.022426384615852
0.021791671762518
0.021125071284511
0.020429862866619
0.019710146691389
0.018970860217128
0.018217776153158
0.017457479265954
0.016697320056653
0.015945343888533
0.015210194808069
0.014500994084015
0.013827194367486
0.013198411326877
0.012624235602343
0.012114028916876
0.011676709131233
0.011320529890887
0.011052861236660
0.010879978089167
0.010806863827331
0.010837036225920
0.010972402768681
0.011213151796408
0.011557685081373
0.012002596254726
0.012542698081632
0.013171099926449
0.013879334938181
0.014657534589154
0.015494646301331
0.016378688084833
0.017297032483394
0.018236710758815
0.019184727229415
0.020128373070021
0.021055528728573
0.021954944440130
0.022816489121068
0.023631359177099
0.024392240405344
0.025093418137087
0.025730832958365
0.026302081650545
0.026806365294569
0.027244388661759
0.027618216958371
0.027931097600780
0.028187255893471
0.028391674207167
0.028549864482048
0.028667643613217
0.028750920543487
0.028805502750604
0.028836928352608
0.028850328364049
0.028850321824619
0.028840944700893
0.028825611736569
0.028807108890866
0.028787612734828
0.028768732225805
0.028751567681638
0.028736781533196
0.028724675528451
0.028715269453784
0.028708377072803
0.028703675792460
0.028700767478200
0.028699228782011
0.028698650253113
0.028698664314349
0.028698962865028
0.028699305785359
0.028699521956670
0.028699504578078
0.028699202569769
0.028698609731148
0.028697753100730
0.028696681679037
0.028695456360382
0.028694141605752
0.028692799102793
0.028691483419019
0.028690239472075
0.028689101520127
0.028688093313749
0.028687229040313
0.028686514721873
0.028685949784992
0.028685528593051
0.028685241806713
0.028685077506875
0.028685022070314
0.028685060827576
0.028685178554860
0.028685359858189
0.028685589502309
0.028685852722603
0.028686135540149
0.028686425081904
0.028686709892809
0.028686980216594
0.028687228217873
0.028687448119730
0.028687636237388
0.028687790898073
0.028687912248241
0.028688001960098
0.028688062858379
0.028688098494834
0.028688112701015
0.028688109150055
0.028688090955302
0.028688060328691
0.028688018315409
0.028687964614524
0.028687897488520
0.028687813758788
0.028687708879335
0.028687577077580
0.028687411549041
0.028687204691933
0.028686948367954
0.028686634176549
0.028686253731584
0.028685798931208
0.028685262213762
0.028684636794553
0.028683916880133
0.028683097858314
0.028682176463364
0.028681150916682
0.028680021043710
0.028678788367825
0.028677456181594
0.028676029595045
0.028674515559644
0.028672922865606
0.028671262109113
0.028669545625182
0.028667787381439
0.028666002828037
0.028664208699552
0.028662422765813
0.028660663530441
0.028658949878097
0.028657300674135
0.028655734323220
0.028654268296443
0.028652918639206
0.028651699474695
0.028650622519675
0.028649696630800
0.028648927400215
0.028648316819181
0.028647863027421
0.028647560164153
0.028647398334056
0.028647363698068
0.028647438694687
0.028647602392723
0.028647830971198
0.028648098316612
0.028648376722214
0.028648637668662
0.028648852660597
0.028648994089739
0.028649036092186
0.028648955366109
0.028648731915990
0.028648349691212
0.028647797090097
0.028647067305308
0.028646158492753
0.028645073753458
0.028643820925874
0.028642412194514
0.028640863529073
0.028639193975982
0.028637424831229
0.028635578728889
0.028633678683905
0.028631747130036
0.028629804994414
0.028627870848818
0.028625960174623
0.028624084773609
0.028622252350534
0.028620466285985
0.028618725609732
0.028617025176130
0.028615356034243
0.028613705976963
0.028612060245579
0.028610402359635
0.028608715036570
0.028606981162043
0.028605184769922
0.028603311990939
0.028601351930749
0.028599297441633
0.028597145756968
0.028594898963665
0.028592564294736
0.028590154231502
0.028587686412573
0.028585183354049
0.028582671992337
0.028580183067186
0.028577750367879
0.028575409869885
0.028573198792560
0.028571154610605
0.028569314053056
0.028567712123384
0.028566381173078
0.028565350058649
0.028564643408619
