0.028612824269209
0.028614583752534
0.028616396633945
0.028618272750611
0.028620224172602
0.028622264558044
0.028624408423148
0.028626670360836
0.028629064244249
0.028631602452182
0.028634295152298
0.028637149674823
0.028640170004603
0.028643356413079
0.028646705244441
0.028650208862367
0.028653855755873
0.028657630795315
0.028661515622978
0.028665489157217
0.028669528185006
0.028673608015095
0.028677703162814
0.028681788037699
0.028685837606586
0.028689828007240
0.028693737090972
0.028697544876739
0.028701233903747
0.028704789474504
0.028708199785282
0.028711455945995
0.028714551896267
0.028717484228808
0.028720251934927
0.028722856089757
0.028725299496619
0.028727586310463
0.028729721659806
0.028731711284794
0.028733561206321
0.028735277437640
0.028736865746036
0.028738331468122
0.028739679378661
0.028740913609668
0.028742037614226
0.028743054168071
0.028743965401442
0.028744772854010
0.028745477546524
0.028746080063953
0.028746580646070
0.028746979282360
0.028747275808668
0.028747470003083
0.028747561678196
0.028747550766254
0.028747437393026
0.028747221935704
0.028746905060133
0.028746487733214
0.028745971207618
0.028745356977963
0.028744646710081
0.028743842147817
0.028742945004539
0.028741956848823
0.028740878995313
0.028739712412301
0.028738457656872
0.028737114846640
0.028735683674235
0.028734163467028
0.028732553290554
0.028730852090053
0.028729058860898
0.028727172835880
0.028725193675466
0.028723121646554
0.028720957775819
0.028718703965422
0.028716363061433
0.028713938868563
0.028711436108367
0.028708860321774
0.028706217720338
0.028703514993752
0.028700759083919
0.028697956937994
0.028695115254318
0.028692240236068
0.028689337367551
0.028686411227551
0.028683465352765
0.028680502162257
0.028677522950935
0.028674527956430
0.028671516499524
0.028668487193677
0.028665438214508
0.028662367615656
0.028659273673660
0.028656155241756
0.028653012091076
0.028649845217868
0.028646657097174
0.028643451866708
0.028640235429346
0.028637015468191
0.028633801374147
0.028630604091836
0.028627435894893
0.028624310105855
0.028621240778618
0.028618242362620
0.028615329367606
0.028612516046115
0.028609816108077
0.028607242478456
0.028604807105115
0.028602520820383
0.028600393256447
0.028598432811810
0.028596646663743
0.028595040819859
0.028593620200485
0.028592388742320
0.028591349512719
0.028590504822798
0.028589856326313
0.028589405089971
0.028589151619578
0.028589095825228
0.028589236907812
0.028589573148313
0.028590101580759
0.028590817529024
0.028591713986744
0.028592780818005
0.028594003753917
0.028595363156300
0.028596832514349
0.028598376633223
0.028599949465245
0.028601491525276
0.028602926822431
0.028604159231734
0.028605068222533
0.028605503856846
0.028605280971591
0.028604172465155
0.028601901622232
0.028598133432482
0.028592464889328
0.028584414295919
0.028573409656680
0.028558776295218
0.028539723912831
0.028515333386051
0.028484543695656
0.028446139481760
0.028398739827399
0.028340788982832
0.028270549849767
0.028186101142701
0.028085339226199
0.027965985683553
0.027825601694466
0.027661610277217
0.027471327374389
0.027252002621563
0.027000870428043
0.026715211712608
0.026392426273923
0.026030115337055
0.025626173312002
0.025178887240121
0.024687041808337
0.024150027203353
0.023567946488087
0.022941718644272
0.022273172975421
0.021565130241640
0.020821465739730
0.020047149583101
0.019248259704898
0.018431963624235
0.017606465788422
0.016780918328490
0.015965294321004
0.015170224099529
0.014406796751433
0.013686330602028
0.013020118147980
0.012419152465974
0.011893843497254
0.011453733701782
0.011107223303112
0.010861315636540
0.010721392918615
0.010691032051092
0.010771868861162
0.010963517497692
0.011263549616443
0.011667535590358
0.012169147392289
0.012760320152188
0.013431466832703
0.014171738139422
0.014969317817458
0.015811741997765
0.016686230329813
0.017580016323431
0.018480664635398
0.019376363950565
0.020256185560761
0.021110299643027
0.021930143461774
0.022708538130595
0.023439753025046
0.024119519297271
0.024744996079025
0.025314694764710
0.025828368160570
0.026286872221777
0.026692008559643
0.027046355901909
0.027353098273098
0.027615856895064
0.027838531771745
0.028025157707075
0.028179778202860
0.028306339380657
0.028408604844160
0.028490091307198
0.028554023900757
0.028603309366090
0.028640524848009
0.028667919715913
0.028687427740266
0.028700687010837
0.028709065166236
0.028713687776597
0.028715468048326
0.028715136370664
0.028713268572558
0.028710312085114
0.028706609495676
0.028702419226318
0.028697933268739
0.028693292060050
0.028688596692950
0.028683918724688
0.028679307888123
0.028674798021420
0.028670411526663
0.028666162647326
0.028662059824954
0.028658107360517
0.028654306568948
0.028650656578906
0.028647154895672
0.028643797814692
0.028640580747378
0.028637498499731
0.028634545528143
0.028631716184934
0.028629004958150
0.028626406705124
0.028623916876416
0.028621531725240
0.028619248496737
0.028617065590978
0.028614982693249
0.028613000864913
0.028611122588120
0.028609351758115
0.028607693618045
0.028606154633204
0.028604742304497
0.028603464924517
0.028602331283603
0.028601350337154
0.028600530848932
0.028599881027492
0.028599408173982
0.028599118359067
0.028599016144794
0.028599104363813
0.028599383964139
0.028599853922852
0.028600511227471
0.028601350919659
0.028602366192786
0.028603548533002
0.028604887892828
0.028606372886802
0.028607991000098
0.028609728802935
0.028611572165648
0.028613506471097
0.028615516822512
0.028617588245661
0.028619705884486
0.028621855189226
0.028624022095597
0.028626193193256
0.028628355881550
0.028630498510712
0.028632610507125
0.028634682482069
0.028636706324234
0.028638675277065
0.028640584002461
0.028642428632292
0.028644206808580
0.028645917711942
0.028647562076305
0.028649142186065
0.028650661850247
0.028652126347066
0.028653542331933
0.028654917702618
0.028656261417009
0.028657583261672
0.028658893572893
0.028660202915888
0.028661521731781
0.028662859965460
0.028664226690116
0.028665629745783
0.028667075409382
0.028668568112721
0.028670110222522
0.028671701893356
0.028673341000482
0.028675023155502
0.028676741803746
0.028678488398678
0.028680252645529
0.028682022803966
0.028683786037774
0.028685528798295
0.028687237227580
0.028688897566734
0.028690496554754
0.028692021803239
0.028693462132739
0.028694807857268
0.028696051004866
0.028697185464019
0.028698207048448
0.028699113476151
0.028699904262579
0.028700580532250
0.028701144757604
0.028701600438234
0.028701951737329
0.028702203094971
0.028702358839526
0.028702422818673
0.028702398070490
0.028702286552691
0.028702088944691
0.028701804533065
0.028701431186366
0.028700965420740
0.028700402553321
0.028699736936543
0.028698962263133
0.028698071928913
0.028697059438432
0.028695918836944
0.028694645151193
0.028693234820775
0.028691686101583
0.028689999422962
0.028688177680840
0.028686226450403
0.028684154103904
0.028681971822180
0.028679693492307
0.028677335488576
0.028674916339487
0.028672456289359
0.028669976769211
0.028667499797236
0.028665047334071
0.028662640621741
0.028660299537267
0.028658041992191
0.028655883407744
0.028653836291920
0.028651909939734
0.028650110271605
0.028648439817623
0.028646897847844
0.028645480641205
0.028644181878543
0.028642993138975
