0.000964024258834
0.000964021212035
0.000963932464928
0.000963763125155
0.000963523822809
0.000963230039560
0.000962901101514
0.000962558900956
0.000962226431189
0.000961926232130
0.000961678851363
0.000961501425297
0.000961406477966
0.000961401021223
0.000961486020457
0.000961656265836
0.000961900662018
0.000962202920995
0.000962542615334
0.000962896524154
0.000963240183716
0.000963549539665
0.000963802590037
0.000963980907573
0.000964070936830
0.000964064975729
0.000963961771470
0.000963766686107
0.000963491415625
0.000963153276355
0.000962774101959
0.000962378820993
0.000961993807398
0.000961645112696
0.000961356697852
0.000961148784207
0.000961036436208
0.000961028474412
0.000961126796113
0.000961326154442
0.000961614416502
0.000961973289123
0.000962379469201
0.000962806146518
0.000963224762334
0.000963606908664
0.000963926242277
0.000964160284882
0.000964291987010
0.000964310947433
0.000964214201693
0.000964006521153
0.000963700196070
0.000963314310445
0.000962873550609
0.000962406621302
0.000961944370275
0.000961517743321
0.000961155704623
0.000960883261430
0.000960719726964
0.000960677341332
0.000960760347878
0.000960964593301
0.000961277685746
0.000961679708245
0.000962144447721
0.000962641064716
0.000963136098500
0.000963595678265
0.000963987795492
0.000964284486337
0.000964463776676
0.000964511256089
0.000964421169805
0.000964196948114
0.000963851129023
0.000963404669702
0.000962885682940
0.000962327673670
0.000961767385148
0.000961242392063
0.000960788596913
0.000960437794951
0.000960215471142
0.000960138979825
0.000960216234852
0.000960445006192
0.000960812880341
0.000961297898785
0.000961869844018
0.000962492099139
0.000963123967745
0.000963723308339
0.000964249314075
0.000964665256017
0.000964941007264
0.000965055176476
0.000964996702089
0.000964765791398
0.000964374129893
0.000963844333034
0.000963208662175
0.000962507075343
0.000961784728816
0.000961089083917
0.000960466802469
0.000959960631851
0.000959606485274
0.000959430914083
0.000959449147054
0.000959663837825
0.000960064617915
0.000960628501777
0.000961321135272
0.000962098823334
0.000962911220037
0.000963704518293
0.000964424940077
0.000965022304051
0.000965453437477
0.000965685204353
0.000965696941770
0.000965482130553
0.000965049172432
0.000964421201523
0.000963634919402
0.000962738506636
0.000961788725244
0.000960847382139
0.000959977369405
0.000959238530109
0.000958683615817
0.000958354602547
0.000958279615181
0.000958470676960
0.000958922452422
0.000959612091724
0.000960500215354
0.000961533004921
0.000962645292804
0.000963764475414
0.000964815016353
0.000965723260794
0.000966422254125
0.000966856248619
0.000966984592728
0.000966784728278
0.000966254070063
0.000965410607369
0.000964292144106
0.000962954178896
0.000961466513467
0.000959908761501
0.000958365005372
0.000956917909763
0.000955642644858
0.000954600994212
0.000953836021553
0.000953367646016
0.000953189427505
0.000953266795419
0.000953536868562
0.000953909916666
0.000954272410357
0.000954491503142
0.000954420692549
0.000953906324508
0.000952794541021
0.000950938231109
0.000948203532267
0.000944475446127
0.000939662177865
0.000933697882233
0.000926543596575
0.000918186257497
0.000908635826436
0.000897920682729
0.000886081572442
0.000873164519058
0.000859213199865
0.000844261362546
0.000828325894029
0.000811401154100
0.000793455147403
0.000774428029467
0.000754233327783
0.000732762112501
0.000709890179865
0.000685488123876
0.000659433977802
0.000631627918119
0.000602008350407
0.000570568550561
0.000537372925280
0.000502571891534
0.000466414361790
0.000429256863913
0.000391568422722
0.000353930482025
0.000317031346428
0.000281654863374
0.000248663337090
0.000218974954944
0.000193536298975
0.000173290796284
0.000159144216600
0.000151928539641
0.000152365676106
0.000161032623964
0.000178329668398
0.000204453185201
0.000239374482666
0.000282825919381
0.000334295271457
0.000393029002921
0.000458044730612
0.000528152785784
0.000601986376165
0.000678039463141
0.000754711107282
0.000830354719471
0.000903330400085
0.000972058368474
0.001035071389225
0.001091064096708
0.001138937207090
0.001177834785041
0.001207172994094
0.001226659094378
0.001236299844907
0.001236398902657
0.001227543267902
0.001210579284168
0.001186579140939
0.001156799227775
0.001122632031435
0.001085553537220
0.001047068279561
0.001008654276512
0.000971710074113
0.000937506020158
0.000907141687712
0.000881511086206
0.000861276945356
0.000846854950888
0.000838408370124
0.000835853050211
0.000838872323173
0.000846940930496
0.000859356704661
0.000875278432640
0.000893768090352
0.000913835487376
0.000934483303304
0.000954750532344
0.000973752477752
0.000990715645142
0.001005006162210
0.001016150687653
0.001023849146967
0.001027979028920
0.001028591374529
0.001025898971433
0.001020257612745
0.001012141575222
0.001002114703796
0.000990798648686
0.000978839881567
0.000966877116844
0.000955510685097
0.000945275254261
0.000936617079494
0.000929876697317
0.000925277677999
0.000922921728383
0.000922790111845
0.000924751039396
0.000928572401127
0.000933938963971
0.000940472970843
0.000947756945934
0.000955357445752
0.000962848496946
0.000969833527635
0.000975964723628
0.000980958916199
0.000984609323320
0.000986792708949
0.000987471781745
0.000986692911404
0.000984579484375
0.000981321438568
0.000977161698228
0.000972380366932
0.000967277622955
0.000962156294042
0.000957305067960
0.000952983223890
0.000949407653319
0.000946742785216
0.000945093848607
0.000944503706824
0.000944953293093
0.000946365478119
0.000948612017496
0.000951523069766
0.000954898652377
0.000958521318569
0.000962169296537
0.000965629334227
0.000968708537152
0.000971244568972
0.000973113699477
0.000974236324505
0.000974579738747
0.000974158105852
0.000973029731555
0.000971291895411
0.000969073627292
0.000966526919026
0.000963816934503
0.000961111819929
0.000958572718584
0.000956344562334
0.000954548148125
0.000953273916431
0.000952577736072
0.000952478873216
0.000952960189347
0.000953970481399
0.000955428754810
0.000957230113628
0.000959252866904
0.000961366391654
0.000963439262425
0.000965347156934
0.000966980075504
0.000968248466731
0.000969087928965
0.000969462251670
0.000969364666452
0.000968817288044
0.000967868834038
0.000966590812396
0.000965072451941
0.000963414718428
0.000961723803853
0.000960104497347
0.000958653841617
0.000957455450419
0.000956574812286
0.000956055837177
0.000955918820559
0.000956159908839
0.000956752056779
0.000957647377174
0.000958780701100
0.000960074098096
0.000961442053751
0.000962796969840
0.000964054641113
0.000965139373073
0.000965988435601
0.000966555595663
0.000966813535255
0.000966755034071
0.000966392875285
0.000965758512505
0.000964899611383
0.000963876646085
0.000962758784903
0.000961619337703
0.000960531058618
0.000959561599530
0.000958769393688
0.000958200215708
0.000957884616562
0.000957836373258
0.000958052026608
0.000958511511064
0.000959179812400
0.000960009526283
0.000960944137237
0.000961921796385
0.000962879349874
0.000963756359462
0.000964498862722
0.000965062641899
0.000965415806157
0.000965540539097
0.000965433918958
0.000965107779145
0.000964587637853
0.000963910783582
0.000963123654926
0.000962278694757
0.000961430888617
0.000960634212999
0.000959938220510
0.000959384975863
