0.000934813653526
0.000934735491503
0.000934923238929
0.000935368448418
0.000936047746602
0.000936924055973
0.000937948617514
0.000939063704023
0.000940205873295
0.000941309578053
0.000942310927431
0.000943151384458
0.000943781185871
0.000944162284886
0.000944270643364
0.000944097735846
0.000943651172210
0.000942954395658
0.000942045465623
0.000940974987954
0.000939803304371
0.000938597096709
0.000937425596543
0.000936356615059
0.000935452620258
0.000934767087776
0.000934341337829
0.000934202044668
0.000934359567838
0.000934807208610
0.000935521442605
0.000936463123972
0.000937579600557
0.000938807626570
0.000940076912408
0.000941314113186
0.000942447030551
0.000943408788002
0.000944141739296
0.000944600882630
0.000944756579580
0.000944596415870
0.000944126088778
0.000943369260850
0.000942366378359
0.000941172512375
0.000939854336995
0.000938486409904
0.000937146962055
0.000935913433472
0.000934858009021
0.000934043410492
0.000933519189182
0.000933318736821
0.000933457193729
0.000933930383380
0.000934714845023
0.000935768973810
0.000937035214483
0.000938443193774
0.000939913621705
0.000941362746180
0.000942707111374
0.000943868350393
0.000944777737939
0.000945380239562
0.000945637820126
0.000945531813980
0.000945064210939
0.000944257772619
0.000943154959674
0.000941815718269
0.000940314239886
0.000938734868509
0.000937167379860
0.000935701895764
0.000934423720450
0.000933408393284
0.000932717243345
0.000932393705829
0.000932460619679
0.000932918672344
0.000933746093953
0.000934899633090
0.000936316773550
0.000937919080220
0.000939616496465
0.000941312359055
0.000942908852980
0.000944312600079
0.000945440064139
0.000946222461714
0.000946609892311
0.000946574442570
0.000946112074438
0.000945243174267
0.000944011714430
0.000942483057410
0.000940740509940
0.000938880807235
0.000937008770489
0.000935231430946
0.000933651947957
0.000932363664381
0.000931444639411
0.000930952976205
0.000930923220842
0.000931364051934
0.000932257409974
0.000933559135798
0.000935201102920
0.000937094743594
0.000939135788080
0.000941209965378
0.000943199355721
0.000944989043894
0.000946473700475
0.000947563716893
0.000948190540105
0.000948310892854
0.000947909623968
0.000947001006792
0.000945628388882
0.000943862187726
0.000941796320498
0.000939543245518
0.000937227874002
0.000934980678232
0.000932930372483
0.000931196572801
0.000929882849073
0.000929070567125
0.000928813880207
0.000929136170160
0.000930028161693
0.000931447842647
0.000933322223689
0.000935550868042
0.000938011021254
0.000940564078375
0.000943063046418
0.000945360598410
0.000947317275247
0.000948809375654
0.000949736083982
0.000950025420264
0.000949638655372
0.000948572913376
0.000946861779244
0.000944573837775
0.000941809183365
0.000938694053594
0.000935373846510
0.000932004875775
0.000928745294133
0.000925745669494
0.000923139725899
0.000921035761832
0.000919509230280
0.000918596909693
0.000918293015176
0.000918547498848
0.000919266672460
0.000920316160270
0.000921526062499
0.000922698086418
0.000923614290117
0.000924046989624
0.000923769308785
0.000922565807443
0.000920242610024
0.000916636474767
0.000911622293264
0.000905118588550
0.000897090683935
0.000887551339024
0.000876558787405
0.000864212255234
0.000850645183480
0.000836016511243
0.000820500495709
0.000804275639206
0.000787513359846
0.000770367075096
0.000752962364721
0.000735388840298
0.000717694273882
0.000699881431714
0.000681907924798
0.000663689233077
0.000645104891542
0.000626007653225
0.000606235274566
0.000585624412052
0.000564025983583
0.000541321241251
0.000517437730300
0.000492364276482
0.000466164153438
0.000438985633751
0.000411069220314
0.000382750985131
0.000354461604978
0.000326720870440
0.000300127648151
0.000275345486151
0.000253084259356
0.000234078446252
0.000219062799774
0.000208746316532
0.000203785511998
0.000204758069772
0.000212137947225
0.000226272986515
0.000247366000287
0.000275460178470
0.000310429501769
0.000351974655625
0.000399624724137
0.000452744716016
0.000510548744204
0.000572118457361
0.000636426114816
0.000702361515589
0.000768761844450
0.000834443389674
0.000898234022399
0.000959005308466
0.001015703150360
0.001067375927462
0.001113199213234
0.001152496292707
0.001184753875568
0.001209632591350
0.001226972054816
0.001236790492965
0.001239279121248
0.001234791637744
0.001223829362974
0.001207022684156
0.001185109561578
0.001158911918992
0.001129310768525
0.001097220914452
0.001063566041642
0.001029254927331
0.000995159424024
0.000962094752415
0.000930802522445
0.000901936774358
0.000876053205850
0.000853601631920
0.000834921615506
0.000820241113326
0.000809677905345
0.000803243519292
0.000800849324156
0.000802314447630
0.000807375170301
0.000815695461334
0.000826878343237
0.000840477803476
0.000856011004581
0.000872970578555
0.000890836822725
0.000909089640387
0.000927220088915
0.000944741409659
0.000961199418044
0.000976182129668
0.000989328490552
0.001000336069310
0.001008967558516
0.001015055924855
0.001018508045610
0.001019306675138
0.001017510601402
0.001013252880679
0.001006737078799
0.000998231499404
0.000988061442310
0.000976599605995
0.000964254824327
0.000951459405218
0.000938655413619
0.000926280308801
0.000914752401595
0.000904456637273
0.000895731230251
0.000888855675296
0.000884040634586
0.000881420150381
0.000881046560040
0.000882888395734
0.000886831438828
0.000892682973131
0.000900179147337
0.000908995221257
0.000918758339316
0.000929062354808
0.000939484125890
0.000949600624759
0.000959006149690
0.000967328908933
0.000974246257918
0.000979497917159
0.000982896576380
0.000984335397840
0.000983792064073
0.000981329166556
0.000977090895223
0.000971296156692
0.000964228413483
0.000956222689441
0.000947650320443
0.000938902137524
0.000930370846256
0.000922433407383
0.000915434227063
0.000909669929943
0.000905376416093
0.000902718796768
0.000901784668857
0.000902581030289
0.000905034965953
0.000908998054356
0.000914254268044
0.000920530974293
0.000927512495171
0.000934855564861
0.000942205933263
0.000949215312742
0.000955557852040
0.000960945348454
0.000965140475112
0.000967967401140
0.000969319313736
0.000969162506030
0.000967536865340
0.000964552774479
0.000960384615235
0.000955261229179
0.000949453838329
0.000943262049538
0.000936998655943
0.000930974001889
0.000925480692156
0.000920779401423
0.000917086477266
0.000914563933010
0.000913312300569
0.000913366664625
0.000914696035833
0.000917206050594
0.000920744817104
0.000925111570270
0.000930067659731
0.000935349282478
0.000940681289949
0.000945791353008
0.000950423758733
0.000954352140897
0.000957390509281
0.000959402038217
0.000960305196616
0.000960076943672
0.000958752869003
0.000956424314908
0.000953232673629
0.000949361195738
0.000945024770039
0.000940458234090
0.000935903843079
0.000931598559872
0.000927761829193
0.000924584464609
0.000922219210214
0.000920773443773
0.000920304369680
0.000920816915041
0.000922264397647
0.000924551888429
0.000927542050653
0.000931063111190
0.000934918511942
0.000938897707584
0.000942787522945
0.000946383462303
0.000949500374083
0.000951981917084
0.000953708345771
0.000954602228074
0.000954631824345
0.000953811984107
0.000952202551138
0.000949904400008
0.000947053351431
0.000943812323210
0.000940362162400
0.000936891668283
0.000933587351554
