0.001132028551393
0.001132009374353
0.001131993205522
0.001131981598100
0.001131975676216
0.001131976029216
0.001131982656230
0.001131994966260
0.001132011833773
0.001132031704560
0.001132052741915
0.001132072999376
0.001132090603791
0.001132103931475
0.001132111760906
0.001132113387585
0.001132108690267
0.001132098142332
0.001132082767220
0.001132064042143
0.001132043759109
0.001132023856344
0.001132006235970
0.001131992585080
0.001131984217052
0.001131981948009
0.001131986020068
0.001131996078577
0.001132011205487
0.001132030005721
0.001132050738419
0.001132071480694
0.001132090308524
0.001132105477743
0.001132115588109
0.001132119715038
0.001132117496575
0.001132109167463
0.001132095537078
0.001132077913312
0.001132057979572
0.001132037636458
0.001132018823005
0.001132003334322
0.001131992652756
0.001131987808481
0.001131989282614
0.001131996961968
0.001132010149711
0.001132027630902
0.001132047786771
0.001132068746966
0.001132088565461
0.001132105403576
0.001132117702895
0.001132124331819
0.001132124691966
0.001132118774423
0.001132107160542
0.001132090967227
0.001132071741847
0.001132051316662
0.001132031636461
0.001132014575619
0.001132001761787
0.001131994422792
0.001131993271149
0.001131998437055
0.001132009456153
0.001132025313225
0.001132044537702
0.001132065342008
0.001132085789710
0.001132103977688
0.001132118215152
0.001132127182698
0.001132130056428
0.001132126585458
0.001132117115536
0.001132102556530
0.001132084296869
0.001132064072958
0.001132043805875
0.001132025420687
0.001132010665403
0.001132000946571
0.001131997196997
0.001131999788018
0.001132008494587
0.001132022516445
0.001132040553400
0.001132060927607
0.001132081741382
0.001132101055677
0.001132117072436
0.001132128303687
0.001132133711467
0.001132132805401
0.001132125688786
0.001132113048819
0.001132096091908
0.001132076430142
0.001132055929602
0.001132036534774
0.001132020085582
0.001132008144249
0.001132001848256
0.001132001803234
0.001132008025848
0.001132019942034
0.001132036440735
0.001132055978068
0.001132076722101
0.001132096724574
0.001132114103402
0.001132127218712
0.001132134825817
0.001132136190651
0.001132131156713
0.001132120157094
0.001132104170311
0.001132084623912
0.001132063254668
0.001132041938230
0.001132022503895
0.001132006551467
0.001131995286892
0.001131989391453
0.001131988936036
0.001131993347522
0.001132001429299
0.001132011432522
0.001132021169701
0.001132028157892
0.001132029775559
0.001132023415478
0.001132006615863
0.001131977153357
0.001131933084437
0.001131872725828
0.001131794569387
0.001131697132102
0.001131578746830
0.001131437303759
0.001131269955907
0.001131072803866
0.001130840575446
0.001130566314676
0.001130241092047
0.001129853744116
0.001129390646021
0.001128835515658
0.001128169243574
0.001127369738712
0.001126411777365
0.001125266841367
0.001123902932039
0.001122284348634
0.001120371423990
0.001118120215562
0.001115482156598
0.001112403679422
0.001108825830192
0.001104683901448
0.001099907114781
0.001094418390683
0.001088134245546
0.001080964856925
0.001072814337173
0.001063581252784
0.001053159422102
0.001041439018008
0.001028307994859
0.001013653850896
0.000997365728618
0.000979336846772
0.000959467248536
0.000937666841509
0.000913858696052
0.000887982559403
0.000859998533619
0.000829890855609
0.000797671707221
0.000763384972546
0.000727109848230
0.000688964201136
0.000649107556425
0.000607743588763
0.000565121980828
0.000521539507477
0.000477340202057
0.000432914464562
0.000388696980722
0.000345163337687
0.000302825246421
0.000262224313668
0.000223924347302
0.000188502227498
0.000156537431406
0.000128600359120
0.000105239671699
0.000086968914989
0.000074252763134
0.000067493269571
0.000067016557657
0.000073060414556
0.000085763267602
0.000105155019530
0.000131150195771
0.000163543812471
0.000202010307818
0.000246105792689
0.000295273771629
0.000348854364949
0.000406096931560
0.000466175855199
0.000528209119939
0.000591279170593
0.000654455436590
0.000716817800356
0.000777480219357
0.000835613669646
0.000890467572008
0.000941388891996
0.000987838172846
0.001029401864305
0.001065800447408
0.001096892020091
0.001122671194235
0.001143263352794
0.001158914516528
0.001169977263404
0.001176893319531
0.001180173589088
0.001180376503333
0.001178085638722
0.001173887576796
0.001168350951763
0.001162007556457
0.001155336257285
0.001148750310358
0.001142588483110
0.001137110179168
0.001132494551175
0.001128843379250
0.001126187304121
0.001124494844765
0.001123683509944
0.001123632237859
0.001124194371924
0.001125210403644
0.001126519782642
0.001127971203009
0.001129430915318
0.001130788774362
0.001131961901780
0.001132896008306
0.001133564570863
0.001133966185285
0.001134120508529
0.001134063259996
0.001133840768453
0.001133504530341
0.001133106191443
0.001132693283652
0.001132305950322
0.001131974786956
0.001131719818078
0.001131550534912
0.001131466839064
0.001131460680130
0.001131518142678
0.001131621730973
0.001131752615963
0.001131892644594
0.001132025961097
0.001132140147175
0.001132226846822
0.001132281895812
0.001132305021056
0.001132299207564
0.001132269848992
0.001132223801673
0.001132168453068
0.001132110896401
0.001132057277324
0.001132012349536
0.001131979247951
0.001131959463427
0.001131952984309
0.001131958558521
0.001131974025713
0.001131996671377
0.001132023562480
0.001132051835055
0.001132078916446
0.001132102676546
0.001132121512026
0.001132134374179
0.001132140754383
0.001132140641363
0.001132134462301
0.001132123016128
0.001132107403283
0.001132088952682
0.001132069144381
0.001132049525762
0.001132031620120
0.001132016828795
0.001132006331037
0.001132000988733
0.001132001265364
0.001132007169443
0.001132018231886
0.001132033524242
0.001132051720706
0.001132071201913
0.001132090193248
0.001132106925710
0.001132119803798
0.001132127563104
0.001132129400535
0.001132125062420
0.001132114879911
0.001132099746599
0.001132081039460
0.001132060490358
0.001132040020723
0.001132021555960
0.001132006838336
0.001131997257211
0.001131993713603
0.001131996532496
0.001132005431352
0.001132019547607
0.001132037522075
0.001132057629747
0.001132077945016
0.001132096525215
0.001132111594839
0.001132121712993
0.001132125908414
0.001132123769620
0.001132115482071
0.001132101809197
0.001132084019378
0.001132063765921
0.001132042931382
0.001132023450801
0.001132007130327
0.001131995478106
0.001131989563142
0.001131989915276
0.001131996475608
0.001132008602019
0.001132025129336
0.001132044478569
0.001132064805046
0.001132084171610
0.001132100730642
0.001132112897809
0.001132119501187
0.001132119891672
0.001132114004260
0.001132102364357
0.001132086038508
0.001132066534137
0.001132045657752
0.001132025344964
0.001132007478334
0.001131993710220
0.001131985307304
0.001131983031441
0.001131987068028
0.001131997008633
0.001132011889484
0.001132030282193
0.001132050428157
0.001132070403985
0.001132088302402
0.001132102411595
0.001132111376171
0.001132114324569
0.001132110950979
0.001132101544045
0.001132086959672
0.001132068540491
0.001132047989549
0.001132027210102
0.001132008126584
0.001131992503585
0.001131981779860
0.001131976932994
0.001131978387449
0.001131985974635
0.001131998948788
0.001132016057123
0.001132035657696
0.001132055873868
0.001132074770842
0.001132090537666
