0.018994382660232
0.018954391800861
0.018931801073828
0.018927526376198
0.018941783653556
0.018974082532000
0.019023246954020
0.019087461808509
0.019164343563031
0.019251032014704
0.019344299507085
0.019440673341525
0.019536566663509
0.019628412841281
0.019712798282313
0.019786588751956
0.019847044560079
0.019891920450874
0.019919546647770
0.019928888243846
0.019919580958646
0.019891942172550
0.019846957065963
0.019786240598524
0.019711976930278
0.019626838681695
0.019533889124914
0.019436470971750
0.019338085856332
0.019242268889260
0.019152462778863
0.019071895972571
0.019003469072458
0.018949653433826
0.018912405379610
0.018893098875776
0.018892478836580
0.018910636489086
0.018947007450415
0.019000392386388
0.019068999353491
0.019150506202908
0.019242140769335
0.019340775998604
0.019443036703882
0.019545414293177
0.019644385589844
0.019736531776882
0.019818653535234
0.019887878611596
0.019941758334572
0.019978349987783
0.019996282430429
0.019994802912972
0.019973803649585
0.019933827360091
0.019876051662027
0.019802252858050
0.019714750305560
0.019616333155524
0.019510171789176
0.019399716749345
0.019288588344816
0.019180460390990
0.019078941730614
0.018987459249523
0.018909146062581
0.018846738395254
0.018802484430687
0.018778068037795
0.018774549852371
0.018792327662892
0.018831117470116
0.018889955961247
0.018967224483424
0.019060693936895
0.019167589355136
0.019284672317354
0.019408338767551
0.019534729311855
0.019659848648648
0.019779690468267
0.019890363952224
0.019988217913912
0.020069958658255
0.020132757797216
0.020174346538141
0.020193093355128
0.020188062448837
0.020159050982627
0.020106603734735
0.020032004507271
0.019937244360641
0.019824967473546
0.019698396140152
0.019561237084288
0.019417571873673
0.019271734735355
0.019128181489596
0.018991353619463
0.018865541667377
0.018754752191712
0.018662582424718
0.018592106550052
0.018545777171114
0.018525345081085
0.018531799886588
0.018565333397052
0.018625326991427
0.018710363435041
0.018818262865603
0.018946141922363
0.019090494279865
0.019247290189941
0.019412092053253
0.019580182553133
0.019746701504687
0.019906787313118
0.020055718804455
0.020189053193391
0.020302756085820
0.020393319673310
0.020457865654054
0.020494229897138
0.020501026437992
0.020477689033679
0.020424489196021
0.020342530335609
0.020233718367318
0.020100709824518
0.019946839182696
0.019776027682905
0.019592676453427
0.019401547139232
0.019207633551973
0.019016028041018
0.018831786355340
0.018659794718032
0.018504642675138
0.018370505017361
0.018261035719512
0.018179276413436
0.018127581422880
0.018107560861874
0.018120042750817
0.018165054555446
0.018241824020939
0.018348798672933
0.018483682902952
0.018643491159147
0.018824615432539
0.019022904969643
0.019233755956512
0.019452208806461
0.019673050640740
0.019890920572878
0.020100415486197
0.020296194121819
0.020473077462200
0.020626143593652
0.020750815451396
0.020842940083951
0.020898858312760
0.020915463901387
0.020890251581453
0.020821353505769
0.020707563910406
0.020548351965092
0.020343862974838
0.020094908265034
0.019802944237996
0.019470041231744
0.019098842942384
0.018692517290321
0.018254699717876
0.017789430001511
0.017301083745076
0.016794299790337
0.016273904835980
0.015744836594742
0.015212066838479
0.014680525681032
0.014155028427131
0.013640206270901
0.013140442059058
0.012659812241056
0.012202036011882
0.011770432513596
0.011367886801014
0.010996825097527
0.010659199672103
0.010356483461845
0.010089674350567
0.009859308797494
0.009665484296735
0.009507889943152
0.009385844189206
0.009298338705910
0.009244087114440
0.009221577238121
0.009229125441770
0.009264931580058
0.009327133071426
0.009413856650272
0.009523266428005
0.009653607011732
0.009803240585405
0.009970677047949
0.010154596521165
0.010353863780250
0.010567534414196
0.010794852783687
0.011035242101640
0.011288287207250
0.011553710829616
0.011831344333723
0.012121094102544
0.012422904828712
0.012736721063349
0.013062448396051
0.013399915618359
0.013748839155022
0.014108790936645
0.014479170739317
0.014859183838510
0.015247824624000
0.015643866608713
0.016045859046401
0.016452130159934
0.016860796782242
0.017269780032830
0.017676826500518
0.018079534281774
0.018475383136433
0.018861767969200
0.019236034824997
0.019595518595989
0.019937581673588
0.020259652834533
0.020559265719923
0.020834096343506
0.021081999144041
0.021301041170583
0.021489534053855
0.021646063468101
0.021769515823339
0.021859101947235
0.021914377519497
0.021935260012043
0.021922041868710
0.021875399633404
0.021796398710600
0.021686493422417
0.021547522017670
0.021381696295281
0.021191585531569
0.020980094451377
0.020750435058642
0.020506092243359
0.020250783207785
0.019988410902668
0.019723011830131
0.019458698748435
0.019199598998731
0.018949789358157
0.018713228499534
0.018493688298023
0.018294685361758
0.018119414269897
0.017970684071613
0.017850859628104
0.017761809363260
0.017704860924604
0.017680766144091
0.017689676529016
0.017731130309375
0.017804051823600
0.017906763745403
0.018037012347459
0.018192005671122
0.018368464134332
0.018562682772269
0.018770603977256
0.018987899296214
0.019210058565690
0.019432484425414
0.019650590060128
0.019859897883152
0.020056136799599
0.020235335676138
0.020393910699706
0.020528744429260
0.020637254530210
0.020717450425997
0.020767976398671
0.020788140011955
0.020777925105949
0.020737989011117
0.020669644038420
0.020574823709838
0.020456034586769
0.020316294920991
0.020159061683289
0.019988147808994
0.019807631730015
0.019621761433679
0.019434855396487
0.019251202784347
0.019074965290939
0.018910082905476
0.018760185765021
0.018628514060858
0.018517847740624
0.018430447486058
0.018368008158810
0.018331625602339
0.018321777374559
0.018338317671263
0.018380486391119
0.018446931995089
0.018535747531219
0.018644518933823
0.018770384467083
0.018910103969294
0.019060136367035
0.019216723769857
0.019375980326652
0.019533983925889
0.019686868754481
0.019830916695500
0.019962645544721
0.020078892061670
0.020176887943778
0.020254326923958
0.020309421343032
0.020340946739376
0.020348273228101
0.020331382709391
0.020290871247180
0.020227936290705
0.020144348766751
0.020042410442198
0.019924897336135
0.019794990338425
0.019656194556554
0.019512249253576
0.019367030545568
0.019224449286293
0.019088346769208
0.018962391013609
0.018849976464957
0.018754129923804
0.018677425420072
0.018621910569063
0.018589046684544
0.018579664587394
0.018593937643097
0.018631373097817
0.018690822273292
0.018770509639594
0.018868080227711
0.018980664287913
0.019104957562320
0.019237315038553
0.019373855602515
0.019510574628096
0.019643461243780
0.019768616812574
0.019882371061506
0.019981392306041
0.020062788335980
0.020124194761582
0.020163847957330
0.020180640177608
0.020174154941802
0.020144681380958
0.020093206886369
0.020021388081989
0.019931500835696
0.019826370706145
0.019709285869170
0.019583895158030
0.019454094363889
0.019323904358138
0.019197344900395
0.019078308172999
0.018970436126455
0.018877005627014
0.018800825168618
0.018744146553106
0.018708594465570
0.018695116291635
0.018703953859276
0.018734638062270
0.018786006560313
0.018856243978893
0.018942943277072
0.019043186240105
0.019153640411303
0.019270669226495
0.019390451674171
