0.029152185321203
0.029153478026800
0.029154735858100
0.029155959423792
0.029157149973649
0.029158309275012
0.029159439487549
0.029160543040135
0.029161622512451
0.029162680522924
0.029163719623920
0.029164742204881
0.029165750404149
0.029166746030646
0.029167730497019
0.029168704766331
0.029169669314522
0.029170624110744
0.029171568617059
0.029172501808005
0.029173422209280
0.029174327953355
0.029175216848507
0.029176086456667
0.029176934174907
0.029177757315299
0.029178553178466
0.029179319117233
0.029180052588295
0.029180751191520
0.029181412698187
0.029182035070850
0.029182616478463
0.029183155310760
0.029183650195605
0.029184100022192
0.029184503971706
0.029184861555566
0.029185172659860
0.029185437593292
0.029185657135111
0.029185832579046
0.029185965769461
0.029186059126529
0.029186115658180
0.029186138957664
0.029186133186663
0.029186103044740
0.029186053726434
0.029185990867482
0.029185920481432
0.029185848887425
0.029185782629383
0.029185728386312
0.029185692873159
0.029185682731813
0.029185704412334
0.029185764045488
0.029185867308943
0.029186019290893
0.029186224356232
0.029186486021473
0.029186806845126
0.029187188340228
0.029187630914887
0.029188133845340
0.029188695284031
0.029189312303028
0.029189980970770
0.029190696458056
0.029191453167596
0.029192244880366
0.029193064911732
0.029193906270641
0.029194761816083
0.029195624406316
0.029196487037804
0.029197342972133
0.029198185850284
0.029199009794290
0.029199809496471
0.029200580296254
0.029201318244020
0.029202020150745
0.029202683621623
0.029203307071523
0.029203889720192
0.029204431565697
0.029204933335614
0.029205396416867
0.029205822766745
0.029206214809174
0.029206575321673
0.029206907319335
0.029207213942448
0.029207498354068
0.029207763652852
0.029208012805058
0.029208248597780
0.029208473613682
0.029208690225718
0.029208900608949
0.029209106765667
0.029209310559614
0.029209513755233
0.029209718058389
0.029209925155810
0.029210136751313
0.029210354597662
0.029210580523411
0.029210816454318
0.029211064428809
0.029211326606701
0.029211605269925
0.029211902813642
0.029212221725956
0.029212564554544
0.029212933858970
0.029213332148235
0.029213761804105
0.029214224991701
0.029214723559656
0.029215258932452
0.029215831997218
0.029216442986175
0.029217091353928
0.029217775646115
0.029218493352511
0.029219240734015
0.029220012609149
0.029220802082151
0.029221600191791
0.029222395457815
0.029223173300609
0.029223915309312
0.029224598334102
0.029225193379553
0.029225664277688
0.029225966121400
0.029226043441091
0.029225828109682
0.029225236963566
0.029224169129755
0.029222503052667
0.029220093218058
0.029216766576847
0.029212318678439
0.029206509531898
0.029199059224123
0.029189643337283
0.029177888222873
0.029163366206920
0.029145590819541
0.029124012161924
0.029098012544293
0.029066902548881
0.029029917691888
0.028986215877009
0.028934875849838
0.028874896876482
0.028805199880314
0.028724630277019
0.028631962749099
0.028525908195631
0.028405123080274
0.028268221379152
0.028113789299098
0.027940402894984
0.027746648661549
0.027531147109985
0.027292579262408
0.027029715908866
0.026741449372809
0.026426827423697
0.026085088862239
0.025715700187575
0.025318392640392
0.024893198805608
0.024440487857517
0.023960998444128
0.023455868140721
0.022926658360539
0.022375373597619
0.021804473897455
0.021216879509140
0.020615966770628
0.020005554418590
0.019389879696412
0.018773563857011
0.018161566918632
0.017559131826748
0.016971718497071
0.016404928554743
0.015864421932544
0.015355826834126
0.014884644893446
0.014456153654114
0.014075308737708
0.013746648253704
0.013474202112261
0.013261408923277
0.013111043091986
0.013025154547501
0.013005023264606
0.013051130363725
0.013163147107018
0.013339942562564
0.013579610100761
0.013879512238889
0.014236342686304
0.014646203791760
0.015104696985137
0.015607023268044
0.016148090369655
0.016722622871423
0.017325271438433
0.017950717291833
0.018593768224986
0.019249442806505
0.019913039918732
0.020580191433816
0.021246896606326
0.021909537628255
0.022564876709423
0.023210035969067
0.023842462304943
0.024459880196614
0.025060236053772
0.025641638197790
0.026202296831842
0.026740468388981
0.027254408437175
0.027742336867750
0.028202418415028
0.028632760679825
0.029031430800392
0.029396490784292
0.029726050344796
0.030018334941464
0.030271765673563
0.030485046780646
0.030657255823987
0.030787931201905
0.030877151523797
0.030925601548279
0.030934619878846
0.030906224386333
0.030843112354484
0.030748633570480
0.030626735941286
0.030481884634821
0.030318957143369
0.030143117966309
0.029959677736215
0.029773942501729
0.029591059481111
0.029415865877110
0.029252747280636
0.029105511791149
0.028977285268544
0.028870432145295
0.028786505024443
0.028726224936129
0.028689492697255
0.028675430392839
0.028682450648568
0.028708350160641
0.028750422949012
0.028805588048298
0.028870525875830
0.028941817331175
0.029016079782279
0.029090094461455
0.029160920398163
0.029225990813036
0.029283188840234
0.029330900480338
0.029368043760693
0.029394074143703
0.029408967229943
0.029413180712506
0.029407598319422
0.029393459108082
0.029372275932900
0.029345747186128
0.029315666009788
0.029283831098231
0.029251962965398
0.029221629152930
0.029194181323491
0.029170706540909
0.029151994311390
0.029138520178016
0.029130445856594
0.029127635109527
0.029129683811419
0.029135962001044
0.029145665172246
0.029157871660333
0.029171602753502
0.029185882115367
0.029199791249699
0.029212518065982
0.029223396096896
0.029231932548112
0.029237824088886
0.029240960073474
0.029241413668492
0.029239422098986
0.029235357867684
0.029229693305645
0.029222961145565
0.029215713951048
0.029208485179628
0.029201754412185
0.029195918868562
0.029191272782720
0.029187995574234
0.029186149075907
0.029185683411310
0.029186450510555
0.029188223750981
0.029190721845774
0.029193634899952
0.029196650518507
0.029199477980909
0.029201868772008
0.029203632152834
0.029204644929006
0.029204855087516
0.029204279481372
0.029202996205134
0.029201132687525
0.029198850803098
0.029196330456694
0.029193753116510
0.029191286669616
0.029189072763289
0.029187217500787
0.029185786010953
0.029184801040490
0.029184245359049
0.029184067450653
0.029184189715762
0.029184518244151
0.029184953149187
0.029185398479677
0.029185770837910
0.029186006016767
0.029186063203311
0.029185926556784
0.029185604229569
0.029185125136118
0.029184533966357
0.029183885071182
0.029183235909467
0.029182640736896
0.029182145141944
0.029181781904998
0.029181568488921
0.029181506282447
0.029181581531525
0.029181767726956
0.029182029085146
0.029182324673910
0.029182612702714
0.029182854516881
0.029183017902346
0.029183079411716
0.029183025549887
0.029182852793285
0.029182566545490
0.029182179240041
0.029181707878136
0.029181171328097
0.029180587713275
0.029179972177973
0.029179335253849
0.029178681961791
0.029178011687901
0.029177318778806
0.029176593721661
0.029175824716435
0.029174999417536
0.029174106620306
0.029173137693440
0.029172087605911
0.029170955459166
0.029169744503442
0.029168461682274
0.029167116803719
0.029165721474488
0.029164287950638
0.029162828054983
0.029161352289026
0.029159869230240
0.029158385259855
0.029156904618570
0.029155429744130
0.029153961811032
0.029152501372364
