0.006444559304454
0.006695617939778
0.006942891140824
0.007182914475433
0.007412439590141
0.007628488132340
0.007828397072569
0.008009854246335
0.008170923394179
0.008310058479889
0.008426107575387
0.008518307081316
0.008586267470962
0.008629952073039
0.008649650624154
0.008645949412033
0.008619699793009
0.008571986709404
0.008504098571150
0.008417499525610
0.008313804750401
0.008194758998622
0.008062218237547
0.007918133880666
0.007764538844431
0.007603534483644
0.007437277383703
0.007267965015711
0.007097819385763
0.006929068018711
0.006763921890047
0.006604550233607
0.006453052481960
0.006311427914939
0.006181543875999
0.006065103645649
0.005963615220330
0.005878362323820
0.005810378971879
0.005760428820992
0.005728990365033
0.005716248810693
0.005722095177986
0.005746132853202
0.005787691486629
0.005845847794828
0.005919452515255
0.006007162485835
0.006107476597944
0.006218774209312
0.006339354511660
0.006467475330863
0.006601389895873
0.006739380243558
0.006879786123561
0.007021028520386
0.007161627206472
0.007300212064907
0.007435528256765
0.007566435638074
0.007691903137318
0.007810999068992
0.007922878567023
0.008026769461168
0.008121957980849
0.008207775649327
0.008283588626410
0.008348790574455
0.008402799869437
0.008445061669903
0.008475055008883
0.008492304707385
0.008496397544709
0.008487001782786
0.008463888850423
0.008426955768165
0.008376246751194
0.008311972377962
0.008234524762207
0.008144487316099
0.008042637936924
0.007929944777374
0.007807554153404
0.007676770582149
0.007539029400786
0.007395862868515
0.007248861070514
0.007099629298550
0.006949743854336
0.006800708389404
0.006653912945561
0.006510597785933
0.006371823908289
0.006238451817733
0.006111129719796
0.005990291799347
0.005876166702573
0.005768795769773
0.005668060009231
0.005573714290372
0.005485426799599
0.005402821472195
0.005325520910730
0.005253187239279
0.005185558430175
0.005122477873814
0.005063915331157
0.005009977893836
0.004960910151516
0.004917083398184
0.004878974362219
0.004847134581438
0.004822152126662
0.004804607870803
0.004795028875309
0.004793841698500
0.004801328505312
0.004817588768568
0.004842509100412
0.004875743350537
0.004916704575262
0.004964569845766
0.005018298158281
0.005076660971361
0.005138284165480
0.005201699538289
0.005265403353220
0.005327918984259
0.005387860374488
0.005443992871981
0.005495288037111
0.005540969233947
0.005580545219415
0.005613829511396
0.005640944025996
0.005662306291481
0.005678600431514
0.005690733017947
0.005699775775096
0.005706897924186
0.005713291641486
0.005720094624186
0.005728314078950
0.005738756543229
0.005751967804011
0.005768186790292
0.005787316694911
0.005808915752581
0.005832209100320
0.005856122021642
0.005879333683010
0.005900349272765
0.005917587314303
0.005929477911547
0.005934566856346
0.005931619937313
0.005919721479967
0.005898361147433
0.005867503352603
0.005827634272881
0.005779782396753
0.005725509730332
0.005666872199475
0.005606349334185
0.005546744942309
0.005491062088249
0.005442357206910
0.005403579522666
0.005377403033255
0.005366059094955
0.005371178057240
0.005393648408137
0.005433501489920
0.005489829032569
0.005560739553796
0.005643358132952
0.005733872243236
0.005827624299106
0.005919249432545
0.006002854849847
0.006072235040584
0.006121115212354
0.006143413702776
0.006133512858051
0.006086527034659
0.005998556028847
0.005866912398049
0.005690311817035
0.005469016793582
0.005204925714443
0.004901601241130
0.004564234445359
0.004199543668778
0.003815609801200
0.003421652379365
0.003027753495303
0.002644538854151
0.002282827328692
0.001953261928430
0.001665936159057
0.001430030239456
0.001253471537871
0.001142632882251
0.001102081113679
0.001134386433627
0.001240000816114
0.001417211106343
0.001662169516193
0.001969001174706
0.002329985325983
0.002735803817038
0.003175847809185
0.003638571294332
0.004111878103060
0.004583527736655
0.005041544599379
0.005474615083840
0.005872457477709
0.006226150792927
0.006528410320874
0.006773799915812
0.006958873609622
0.007082242051315
0.007144562320399
0.007148452752254
0.007098337403815
0.007000227551352
0.006861450032430
0.006690334220561
0.006495870873524
0.006287356969102
0.006074040905543
0.005864782096653
0.005667738058505
0.005490090617670
0.005337820943913
0.005215540817010
0.005126384985949
0.005071966786576
0.005052396472129
0.005066359099083
0.005111246410513
0.005183335070139
0.005278001905825
0.005389965584569
0.005513543403385
0.005642911659403
0.005772358352315
0.005896517744367
0.006010577508268
0.006110450764552
0.006192907165472
0.006255659230671
0.006297402282750
0.006317808469340
0.006317477396175
0.006297847744226
0.006261075825584
0.006209888284056
0.006147417021096
0.006077024897746
0.006002130820319
0.005926042472520
0.005851804238693
0.005782066817915
0.005718983716485
0.005664138297914
0.005618503442874
0.005582434208401
0.005555692256885
0.005537499327608
0.005526615715402
0.005521438659540
0.005520114774952
0.005520660205238
0.005521082054268
0.005519494855273
0.005514226342169
0.005503907561777
0.005487543359789
0.005464560430337
0.005434831374948
0.005398674504781
0.005356830373855
0.005310417187953
0.005260868238296
0.005209855314653
0.005159202624670
0.005110796063156
0.005066492729022
0.005028035384331
0.004996976108569
0.004974612752479
0.004961940980318
0.004959623755362
0.004967979123911
0.004986986142899
0.005016307829463
0.005055329137597
0.005103207231140
0.005158930759038
0.005221384473048
0.005289415373492
0.005361896627219
0.005437785763683
0.005516174099618
0.005596324940058
0.005677698816030
0.005759964804433
0.005842997787985
0.005926862307148
0.006011784388592
0.006098113367667
0.006186276223987
0.006276727296324
0.006369896421626
0.006466138548891
0.006565687717245
0.006668617973365
0.006774813358349
0.006883948546940
0.006995481105288
0.007108655682851
0.007222519805207
0.007335950322070
0.007447689019826
0.007556385456993
0.007660644744961
0.007759077789155
0.007850351434484
0.007933236023494
0.008006648068860
0.008069686050672
0.008121657754414
0.008162098044551
0.008190776494808
0.008207694841297
0.008213074759785
0.008207336965812
0.008191073070228
0.008165011970904
0.008129982806196
0.008086876624916
0.008036608935273
0.007980085181668
0.007918170970723
0.007851668539669
0.007781300550340
0.007707701824278
0.007631419136006
0.007552918681512
0.007472600366760
0.007390817644468
0.007307901291174
0.007224185280622
0.007140032787706
0.007055860356563
0.006972158386356
0.006889506321058
0.006808581260046
0.006730159113865
0.006655107888325
0.006584373161765
0.006518956295080
0.006459886353084
0.006408187092829
0.006364840667669
0.006330749889058
0.006306700971646
0.006293328658707
0.006291085488889
0.006300216732653
0.006320742214458
0.006352445865560
0.006394873446190
0.006447338459853
0.006508935881009
0.006578562953069
0.006654946005577
0.006736672002545
0.006822223377818
0.006910014642609
0.006998429263841
0.007085855404021
0.007170719273745
0.007251515063266
0.007326830674071
0.007395368748104
0.007455962774157
0.007507588321808
0.007549369698795
0.007580582535841
0.007600652964771
0.007609154165343
0.007605801111019
0.007590444344317
0.007563063561807
0.007523761692818
0.007472760022233
0.007410394745334
0.007337115161443
