0.006557944777445
0.006536908965526
0.006519394656240
0.006506261689789
0.006498167112940
0.006495532743921
0.006498523742173
0.006507039261081
0.006520715691654
0.006538942407170
0.006560889321501
0.006585545006191
0.006611763600860
0.006638318323300
0.006663959061019
0.006687471321149
0.006707733741219
0.006723771423357
0.006734802546581
0.006740276026983
0.006739898418628
0.006733648758426
0.006721780631305
0.006704811339673
0.006683498673983
0.006658806369269
0.006631859867471
0.006603894461451
0.006576198252164
0.006550052588939
0.006526672773431
0.006507151786313
0.006492409644116
0.006483150720331
0.006479830984077
0.006482636640476
0.006491475122476
0.006505978810125
0.006525521267424
0.006549245216382
0.006576100938825
0.006604893332621
0.006634335470477
0.006663106232262
0.006689909416714
0.006713531691090
0.006732896807914
0.006747113701452
0.006755516362856
0.006757693768011
0.006753508578102
0.006743103829602
0.006726897355583
0.006705564211364
0.006680007891877
0.006651321604585
0.006620741280838
0.006589592353573
0.006559232586932
0.006530993403918
0.006506122215950
0.006485728211683
0.006470733914103
0.006461834571419
0.006459467118708
0.006463790047215
0.006474675062878
0.006491710923398
0.006514219333979
0.006541282276207
0.006571779663099
0.006604435775853
0.006637872562403
0.006670667580445
0.006701414160979
0.006728781261882
0.006751570479976
0.006768767795444
0.006779587830791
0.006783508710167
0.006780295991642
0.006770014599365
0.006753028185584
0.006729985883068
0.006701796943983
0.006669594278502
0.006634688382919
0.006598513561731
0.006562568682621
0.006528354942602
0.006497313256888
0.006470763903220
0.006449850962364
0.006435493894244
0.006428348287615
0.006428777432734
0.006436835908472
0.006452265868026
0.006474506173257
0.006502713990161
0.006535797940367
0.006572461428029
0.006611254348022
0.006650631046856
0.006689012165354
0.006724847850678
0.006756679789080
0.006783199579305
0.006803301135147
0.006816125065089
0.006821093314919
0.006817932760009
0.006806686880259
0.006787715123516
0.006761680043560
0.006729522767414
0.006692427786338
0.006651778459242
0.006609104952981
0.006566026609983
0.006524190922111
0.006485211395539
0.006450606613008
0.006421742738296
0.006399781566899
0.006385636013391
0.006379934648161
0.006382996564741
0.006394817485662
0.006415067612533
0.006443101308660
0.006477978283745
0.006518495544064
0.006563228991255
0.006610583211203
0.006658847702769
0.006706257564315
0.006751056492161
0.006791559855268
0.006826215598310
0.006853660791823
0.006872771791846
0.006882706188102
0.006882935002239
0.006873263936685
0.006853842858442
0.006825163117101
0.006788042727668
0.006743599880424
0.006693215656212
0.006638487210390
0.006581173027937
0.006523132132736
0.006466259345639
0.006412418820490
0.006363378140322
0.006320745225980
0.006285910198507
0.006259994149896
0.006243806522634
0.006237812487509
0.006242111354384
0.006256426666290
0.006280108228401
0.006312145925264
0.006351194796722
0.006395610488554
0.006443493879633
0.006492743422816
0.006541113528948
0.006586277176763
0.006625890848035
0.006657659866640
0.006679402259436
0.006689109351509
0.006685001452197
0.006665577174086
0.006629655146943
0.006576407133902
0.006505381819860
0.006416518813816
0.006310152680341
0.006187007083398
0.006048179382161
0.005895116257819
0.005729581167706
0.005553614614470
0.005369488379791
0.005179655001634
0.004986693868702
0.004793255364157
0.004602004511455
0.004415565558093
0.004236468878468
0.004067101486040
0.003909662319925
0.003766123314811
0.003638197080094
0.003527311809384
0.003434593821171
0.003360857902269
0.003306605395082
0.003272029745331
0.003257029016302
0.003261224686163
0.003283985882820
0.003324458081762
0.003381595200381
0.003454193969895
0.003540929454251
0.003640390613196
0.003751114871668
0.003871620755607
0.004000437779777
0.004136132919930
0.004277333162473
0.004422743792506
0.004571162248539
0.004721487532748
0.004872725313502
0.005023988987435
0.005174497078116
0.005323567435252
0.005470608761637
0.005615110035110
0.005756628411119
0.005894776190336
0.006029207417980
0.006159604650036
0.006285666379581
0.006407095566573
0.006523589659235
0.006634832436311
0.006740487938295
0.006840196692988
0.006933574376596
0.007020212986130
0.007099684531930
0.007171547190491
0.007235353787844
0.007290662412761
0.007337048888413
0.007374120762135
0.007401532408042
0.007419000778789
0.007426321293894
0.007423383315554
0.007410184641851
0.007386844444064
0.007353614091431
0.007310885344236
0.007259195454641
0.007199228793211
0.007131814715684
0.007057921495923
0.006978646273349
0.006895201091615
0.006808895234911
0.006721114193550
0.006633295706547
0.006546903430789
0.006463398870412
0.006384212262938
0.006310713158702
0.006244181446251
0.006185779569053
0.006136526649298
0.006097275185022
0.006068690920115
0.006051236406264
0.006045158684999
0.006050481420212
0.006067001709814
0.006094291702436
0.006131705043304
0.006178388074206
0.006233295616957
0.006295211078397
0.006362770528078
0.006434490317509
0.006508797732253
0.006584064095731
0.006658639676940
0.006730889694675
0.006799230659914
0.006862166257927
0.006918321944937
0.006966477423557
0.007005596169471
0.007034851211464
0.007053646419894
0.007061632636357
0.007058718079784
0.007045072590744
0.007021125424025
0.006987556466299
0.006945280936113
0.006895427811882
0.006839312423515
0.006778403827644
0.006714287758013
0.006648626094377
0.006583113918903
0.006519435322978
0.006459219185425
0.006403996162504
0.006355158109565
0.006313921094403
0.006281293065124
0.006258047104384
0.006244701041887
0.006241504013821
0.006248430357963
0.006265181023227
0.006291192459370
0.006325652742888
0.006367524495004
0.006415573962371
0.006468405465279
0.006524500275492
0.006582258869152
0.006640045411475
0.006696233270586
0.006749250328349
0.006797622856722
0.006840016758610
0.006875275031892
0.006902450403229
0.006920832193219
0.006929966614768
0.006929669870161
0.006920033596591
0.006901422411605
0.006874463525074
0.006840028608189
0.006799208337030
0.006753280252322
0.006703670791124
0.006651912543294
0.006599597958119
0.006548330867395
0.006499677293783
0.006455117071688
0.006415997817783
0.006383492746713
0.006358563733546
0.006341930879359
0.006334049643130
0.006335096367524
0.006344962755515
0.006363259558446
0.006389329424715
0.006422268543343
0.006460956410306
0.006504092759574
0.006550240446512
0.006597872858727
0.006645424266972
0.006691341422633
0.006734134662748
0.006772426799946
0.006804998152255
0.006830826203117
0.006849118569608
0.006859338189452
0.006861219905963
0.006854777924529
0.006840303924036
0.006818355920748
0.006789738289991
0.006755473642361
0.006716767516969
0.006674967086219
0.006631515258228
0.006587901708757
0.006545612470706
0.006506079753510
0.006470633656274
0.006440457377773
0.006416547415538
0.006399680088147
0.006390385514168
0.006388929943237
0.006395307066232
0.006409238639775
0.006430184453773
0.006457361358416
0.006489770758558
0.006526233688633
0.006565432310175
0.006605956436402
0.006646353493292
0.006685180182438
0.006721054024529
0.006752702938823
0.006779011056508
0.006799059075244
0.006812157636609
0.006817872443211
0.006816040120838
0.006806774163522
