0.041459698932577
0.041490569142389
0.041515300802966
0.041534096800714
0.041547110638533
0.041554448166711
0.041556170443883
0.041552297721965
0.041542814558982
0.041527676052917
0.041506815158189
0.041480150996704
0.041447598012192
0.041409075746368
0.041364518945608
0.041313887645230
0.041257176832292
0.041194425263209
0.041125723013852
0.041051217369240
0.040971116717268
0.040885692193591
0.040795276927989
0.040700262859774
0.040601095213336
0.040498264846467
0.040392298795436
0.040283749434527
0.040173182737714
0.040061166172194
0.039948256765149
0.039834989866528
0.039721869083785
0.039609357793264
0.039497872542865
0.039387778558096
0.039279387455558
0.039172957161317
0.039068693932478
0.038966756294140
0.038867260634287
0.038770288148485
0.038675892795026
0.038584109908477
0.038494965123052
0.038408483273744
0.038324696968729
0.038243654557335
0.038165427250204
0.038090115179240
0.038017852212798
0.037948809365397
0.037883196661990
0.037821263335873
0.037763296259487
0.037709616531621
0.037660574176171
0.037616540949093
0.037577901303571
0.037545041628904
0.037518337955181
0.037498142400431
0.037484768725120
0.037478477444542
0.037479461025855
0.037487829755900
0.037503598901427
0.037526677788849
0.037556861401934
0.037593825030657
0.037637122403574
0.037686187602827
0.037740340901563
0.037798798486699
0.037860685846116
0.037925054419989
0.037990900952867
0.038057188847038
0.038122870718100
0.038186911297104
0.038248309813913
0.038306121033977
0.038359474202381
0.038407589268860
0.038449789916576
0.038485513085463
0.038514314856274
0.038535872732697
0.038549984515507
0.038556564095950
0.038555634598831
0.038547319375565
0.038531831382659
0.038509461483680
0.038480566186631
0.038445555279762
0.038404879763882
0.038359020405389
0.038308477158314
0.038253759631299
0.038195378711119
0.038133839400736
0.038069634887854
0.038003241829194
0.037935116814069
0.037865693956016
0.037795383549830
0.037724571720761
0.037653620980212
0.037582871586710
0.037512643591517
0.037443239425810
0.037374946862384
0.037308042161736
0.037242793193174
0.037179462309053
0.037118308747359
0.037059590346550
0.037003564378244
0.036950487338089
0.036900613582089
0.036854192752658
0.036811466002854
0.036772661094678
0.036737986514132
0.036707624807332
0.036681725394753
0.036660397160719
0.036643701140322
0.036631643633955
0.036624170070277
0.036621159911985
0.036622422856933
0.036627696532356
0.036636645815436
0.036648863843075
0.036663874701435
0.036681137715749
0.036700053196934
0.036719969447092
0.036740190783792
0.036759986315244
0.036778599186032
0.036795256016331
0.036809176275588
0.036819581362940
0.036825703208629
0.036826792260315
0.036822124771857
0.036811009365965
0.036792792892320
0.036766865645559
0.036732666039863
0.036689684856159
0.036637469182637
0.036575626158772
0.036503826607977
0.036421808606015
0.036329380984417
0.036226426713969
0.036112906057695
0.035988859330538
0.035854409059518
0.035709761308321
0.035555205918525
0.035391115429157
0.035217942468953
0.035036215471773
0.034846532643497
0.034649554204925
0.034445993044375
0.034236604028982
0.034022172337084
0.033803501276679
0.033581400138032
0.033356672683587
0.033130106898550
0.032902466605460
0.032674485483206
0.032446863925214
0.032220269026322
0.031995337809349
0.031772683599947
0.031552905243632
0.031336598645537
0.031124369915861
0.030916849236877
0.030714704444071
0.030518653246119
0.030329473004412
0.030148007057490
0.029975166709418
0.029811928199809
0.029659324228017
0.029518429902238
0.029390343309424
0.029276161234953
0.029176950881723
0.029093718725942
0.029027377882381
0.028978715518370
0.028948361940418
0.028936762971995
0.028944157142699
0.028970559020962
0.029015749753118
0.029079275535184
0.029160454358416
0.029258390957481
0.029371999474822
0.029500032960728
0.029641118479193
0.029793796305423
0.029956561498765
0.030127906026385
0.030306359604357
0.030490527513305
0.030679123829112
0.030870998772982
0.031065159212339
0.031260781713677
0.031457217937605
0.031653992551028
0.031850794188949
0.032047460308423
0.032243957023195
0.032440355177891
0.032636804009242
0.032833503748284
0.033030678447199
0.033228550177603
0.033427315558017
0.033627125343996
0.033828067573419
0.034030154519964
0.034233313486609
0.034437381281983
0.034642102075682
0.034847128230088
0.035052023656874
0.035256269243017
0.035459269926723
0.035660363067995
0.035858827839817
0.036053895451406
0.036244760092757
0.036430590549572
0.036610542471917
0.036783771284616
0.036949445701518
0.037106761752755
0.037254957159791
0.037393325806446
0.037521231965376
0.037638123859667
0.037743546078672
0.037837150334833
0.037918704050554
0.037988096304641
0.038045340746539
0.038090575200422
0.038124057823606
0.038146159845945
0.038157355087962
0.038158206623863
0.038149351109436
0.038131481423660
0.038105328367389
0.038071642216525
0.038031174936726
0.037984663831552
0.037932817318254
0.037876303410550
0.037815741342856
0.037751696604849
0.037684679478741
0.037615146994464
0.037543508049902
0.037470131292796
0.037395355235301
0.037319499976392
0.037242879844745
0.037165816246479
0.037088650007633
0.037011752538160
0.036935535209053
0.036860456422629
0.036787025962976
0.036715806334058
0.036647410922028
0.036582498951022
0.036521767333955
0.036465939647533
0.036415752580430
0.036371940312003
0.036335217373155
0.036306260617954
0.036285690991691
0.036274055815322
0.036271812315191
0.036279313108270
0.036296794305041
0.036324366813855
0.036362011322156
0.036409577293101
0.036466786154153
0.036533238672268
0.036608426315355
0.036691746200560
0.036782519036670
0.036880009291817
0.036983446670027
0.037092047872149
0.037205037558082
0.037321667425575
0.037441232381232
0.037563082902674
0.037686632874611
0.037811362418719
0.037936815516819
0.038062592534119
0.038188338066739
0.038313724845810
0.038438434709157
0.038562137881434
0.038684471967546
0.038805022148410
0.038923304063654
0.039038750769064
0.039150704969998
0.039258417464020
0.039361052390942
0.039457699505295
0.039547393277808
0.039629138223622
0.039701939471277
0.039764837252020
0.039816943725185
0.039857480378928
0.039885814167957
0.039901490575807
0.039904261917098
0.039894109416693
0.039871257903787
0.039836182320711
0.039789605646345
0.039732488248325
0.039666009082386
0.039591539528234
0.039510610969544
0.039424877475026
0.039336075107456
0.039245979472650
0.039156363120929
0.039068954334981
0.038985398690117
0.038907224569054
0.038835813569266
0.038772376473427
0.038717935179121
0.038673310718326
0.038639117253294
0.038615761723721
0.038603448647737
0.038602189449701
0.038611815601866
0.038631994822037
0.038662249561126
0.038701977036613
0.038750470113692
0.038806938398098
0.038870528976915
0.038940346320457
0.039015470935586
0.039094976435646
0.039177944763506
0.039263479371650
0.039350716227743
0.039438832576739
0.039527053452569
0.039614655994607
0.039700971686466
0.039785386696407
0.039867340557883
0.039946323482689
0.040021872644342
0.040093567802000
0.040161026651500
0.040223900287124
0.040281869133170
0.040334639657835
0.040381942114388
0.040423529469002
0.040459177575757
0.040488686553442
0.040511883213246
0.040528624289311
0.040538800143128
0.040542338555042
0.040539208187362
0.040529421307044
