0.297647277558223
0.296057697050780
0.294620029882462
0.293343979852057
0.292238557921332
0.291312009069953
0.290571745001139
0.290024283106707
0.289675192022041
0.289529044050495
0.289589374711586
0.289858649662795
0.290338239254626
0.291028400994783
0.291928270211179
0.293035859206706
0.294348065183404
0.295860687173695
0.297568452147323
0.299465050362981
0.301543179903838
0.303794600179686
0.306210194001608
0.308780037644983
0.311493478123907
0.314339216714194
0.317305397594437
0.320379700334610
0.323549434858685
0.326801637448030
0.330123166341026
0.333500795522582
0.336921305384323
0.340371569068130
0.343838633476061
0.347309794129935
0.350772663283934
0.354215230922279
0.357625918500265
0.360993625499543
0.364307769057543
0.367558317088463
0.370735815432341
0.373831409646073
0.376836862084135
0.379744564908303
0.382547549618626
0.385239493617878
0.387814724215996
0.390268220358604
0.392595612233685
0.394793178782513
0.396857843023905
0.398787165002778
0.400579332101126
0.402233146406969
0.403748008826359
0.405123899646517
0.406361355312045
0.407461441258308
0.408425720750769
0.409256219800535
0.409955388357636
0.410526058117291
0.410971397403949
0.411294863716455
0.411500154620008
0.411591157751947
0.411571900765822
0.411446502069468
0.411219123217603
0.410893923798007
0.410475019604362
0.409966444820930
0.409372118857174
0.408695818368212
0.407941154883088
0.407111558341436
0.406210266713673
0.405240321754170
0.404204570813406
0.403105674517462
0.401946120012247
0.400728239368373
0.399454232650760
0.398126195076615
0.396746147616092
0.395316070332895
0.393837937717003
0.392313755229439
0.390745596259548
0.389135638689025
0.387486200264547
0.385799772002022
0.384079048880743
0.382326957134711
0.380546677510436
0.378741663934973
0.376915657123315
0.375072692748969
0.373217103903371
0.371353517677044
0.369486845804833
0.367622269427659
0.365765218131134
0.363921343524904
0.362096487724329
0.360296647185436
0.358527932424654
0.356796524224633
0.355108626985839
0.353470419930161
0.351888006896306
0.350367365487515
0.348914296339411
0.347534373269793
0.346232895052766
0.345014839527078
0.343884820703346
0.342847049477614
0.341905298490171
0.341062871590212
0.340322578279876
0.339686713417425
0.339157042360818
0.338734791632144
0.338420645082871
0.338214745442601
0.338116701043163
0.338125597428024
0.338240013487679
0.338458041706885
0.338777312071613
0.339195019163909
0.339707951971302
0.340312525954007
0.341004816945710
0.341780596509480
0.342635368425683
0.343564406048674
0.344562790328822
0.345625448350446
0.346747192279699
0.347922758644773
0.349146847880734
0.350414164060662
0.351719454703035
0.353057550493869
0.354423404693371
0.355812131915675
0.357219045882009
0.358639695659176
0.360069899813780
0.361505777845447
0.362943778216293
0.364380702275081
0.365813723387468
0.367240400631111
0.368658686497484
0.370066928159192
0.371463862008902
0.372848601348393
0.374220617295754
0.375579713176763
0.376925992863298
0.378259823707094
0.379581794881637
0.380892672080114
0.382193349615732
0.383484801028078
0.384768029312509
0.386044017859665
0.387313683121760
0.388577829916501
0.389837110145918
0.391091985554936
0.392342694992430
0.393589226476128
0.394831294211041
0.396068320576996
0.397299422990993
0.398523405468142
0.399738754653106
0.400943640071083
0.402135918350845
0.403313141197060
0.404472566928533
0.405611175445781
0.406725686537620
0.407812581474434
0.408868127859061
0.409888407709558
0.410869348727451
0.411806758660316
0.412696362598353
0.413533842955618
0.414314881782043
0.415035204940039
0.415690627567290
0.416277100143651
0.416790754394284
0.417227948199818
0.417585308655069
0.417859772423460
0.418048622577969
0.418149521199548
0.418160537117609
0.418080168318674
0.417907358710886
0.417641509104614
0.417282482443172
0.416830603482490
0.416286653265313
0.415651858856065
0.414927878890737
0.414116785548266
0.413221043564562
0.412243486888644
0.411187293526500
0.410055959037468
0.408853269048698
0.407583271043505
0.406250245569486
0.404858676910678
0.403413223184034
0.401918685760826
0.400379977884086
0.398802092356638
0.397190068211602
0.395548956346468
0.393883784198677
0.392199519658338
0.390501034544389
0.388793068104247
0.387080191123881
0.385366771345777
0.383656940976522
0.381954567117042
0.380263225960764
0.378586181574980
0.376926370008155
0.375286389352608
0.373668496242791
0.372074609090664
0.370506318160525
0.368964902375017
0.367451352533025
0.365966400417965
0.364510553092294
0.363084131517871
0.361687312519867
0.360320173028303
0.358982735488446
0.357675013329874
0.356397055421517
0.355148988513109
0.353931056765986
0.352743657601946
0.351587373239641
0.350462997436225
0.349371557099855
0.348314328579025
0.347292848561828
0.346308919627649
0.345364610582575
0.344462251777149
0.343604425651649
0.342793952782257
0.342033873714585
0.341327426874166
0.340678022840532
0.340089215268266
0.339564668738505
0.339108123831451
0.338723359726649
0.338414154663980
0.338184244633598
0.338037280705660
0.337976785457219
0.338006109000103
0.338128385155295
0.338346488351720
0.338662991845912
0.339080127860243
0.339599750218874
0.340223300020590
0.340951774827502
0.341785701768784
0.342725114864087
0.343769536765359
0.344917965005332
0.346168862731855
0.347520153806427
0.348969222059059
0.350512914425779
0.352147547653905
0.353868918246359
0.355672315330621
0.357552536178908
0.359503904170017
0.361520289064544
0.363595129556537
0.365721458157197
0.367891928551414
0.370098845636044
0.372334198492322
0.374589696556448
0.376856809227758
0.379126809091177
0.381390818829883
0.383639861769886
0.385864915835942
0.388056970517465
0.390207086253902
0.392306455463660
0.394346464271040
0.396318753843881
0.398215280151192
0.400028370893963
0.401750778359542
0.403375727003701
0.404896954674906
0.406308746558435
0.407605961127442
0.408784047634063
0.409839054944466
0.410767631803195
0.411567018890801
0.412235033299293
0.412770046279807
0.413170955304551
0.413437151621193
0.413568484557642
0.413565223855611
0.413428021274360
0.413157872616338
0.412756081191806
0.412224223570619
0.411564118277587
0.410777797886616
0.409867484769991
0.408835570575069
0.407684599340229
0.406417254033370
0.405036346203492
0.403544808381156
0.401945688845003
0.400242148385787
0.398437458739848
0.396535002423302
0.394538273767842
0.392450881029676
0.390276549507571
0.388019125655668
0.385682582207838
0.383271024338307
0.380788696867548
0.378239992484490
0.375629460898614
0.372961818764414
0.370241960141999
0.367474967179048
0.364666120627854
0.361820909754397
0.358945041159242
0.356044446017643
0.353125285259728
0.350193952251655
0.347257072602364
0.344321500803769
0.341394313508647
0.338482799352991
0.335594445330289
0.332736919816365
0.329918052418485
0.327145810875813
0.324428275266812
0.321773609781493
0.319190032293985
0.316685781927001
0.314269084740234
0.311948117606652
0.309730970271902
0.307625605531929
0.305639817419503
0.303781187270154
0.302057037546458
0.300474383341272
0.299039881555673
0.297759777855243
0.296639851644540
0.295685359457664
0.294900977334698
0.294290742928797
0.293857998256461
0.293605334152531
0.293534537610876
0.293646543272549
0.293941390357168
0.294418186315650
0.295075078410812
