0.015152350802272
0.015152468796497
0.015152586126246
0.015152702792534
0.015152818796374
0.015152934138775
0.015153048820741
0.015153162843273
0.015153276207370
0.015153388914024
0.015153500964225
0.015153612358959
0.015153723099207
0.015153833185949
0.015153942620156
0.015154051402801
0.015154159534848
0.015154267017260
0.015154373850996
0.015154480037008
0.015154585576248
0.015154690469660
0.015154794718188
0.015154898322768
0.015155001284334
0.015155103603816
0.015155205282138
0.015155306320222
0.015155406718985
0.015155506479339
0.015155605602192
0.015155704088449
0.015155801939010
0.015155899154769
0.015155995736617
0.015156091685442
0.015156187002126
0.015156281687546
0.015156375742576
0.015156469168085
0.015156561964936
0.015156654133991
0.015156745676104
0.015156836592126
0.015156926882903
0.015157016549275
0.015157105592080
0.015157194012149
0.015157281810309
0.015157368987382
0.015157455544185
0.015157541481529
0.015157626800223
0.015157711501068
0.015157795584863
0.015157879052400
0.015157961904469
0.015158044141855
0.015158125765340
0.015158206775704
0.015158287173728
0.015158366960192
0.015158446135881
0.015158524701585
0.015158602658107
0.015158680006267
0.015158756746908
0.015158832880908
0.015158908409193
0.015158983332748
0.015159057652645
0.015159131370061
0.015159204486319
0.015159277002921
0.015159348921604
0.015159420244405
0.015159490973739
0.015159561112499
0.015159630664178
0.015159699633017
0.015159768024194
0.015159835844043
0.015159903100329
0.015159969802577
0.015160035962472
0.015160101594338
0.015160166715706
0.015160231348007
0.015160295517378
0.015160359255633
0.015160422601393
0.015160485601424
0.015160548312201
0.015160610801730
0.015160673151652
0.015160735459692
0.015160797842449
0.015160860438603
0.015160923412554
0.015160986958534
0.015161051305225
0.015161116720919
0.015161183519217
0.015161252065307
0.015161322782781
0.015161396160978
0.015161472762802
0.015161553232913
0.015161638306155
0.015161728816055
0.015161825703124
0.015161930022637
0.015162042951485
0.015162165793562
0.015162299983035
0.015162447084712
0.015162608790522
0.015162786910980
0.015162983360232
0.015163200133098
0.015163439272227
0.015163702823181
0.015163992774992
0.015164310983332
0.015164659073143
0.015165038317144
0.015165449486276
0.015165892667750
0.015166367045978
0.015166870641303
0.015167400001118
0.015167949837670
0.015168512606644
0.015169078020480
0.015169632490363
0.015170158490984
0.015170633842406
0.015171030903938
0.015171315675589
0.015171446803715
0.015171374488749
0.015171039294548
0.015170370860886
0.015169286523000
0.015167689844933
0.015165469076607
0.015162495548252
0.015158622019909
0.015153681008234
0.015147483117692
0.015139815408473
0.015130439838888
0.015119091825654
0.015105478971108
0.015089280011990
0.015070144049674
0.015047690126636
0.015021507218024
0.014991154710528
0.014956163442751
0.014916037381985
0.014870256011179
0.014818277496831
0.014759542703205
0.014693480110395
0.014619511683173
0.014537059724046
0.014445554727325
0.014344444231408
0.014233202643639
0.014111341986495
0.013978423485355
0.013834069887403
0.013677978368570
0.013509933851549
0.013329822523629
0.013137645309172
0.012933531019182
0.012717748870597
0.012490720042031
0.012253027911932
0.012005426610909
0.011748847513607
0.011484403298306
0.011213389215544
0.010937281231517
0.010657730748646
0.010376555654955
0.010095727516047
0.009817354798145
0.009543662097354
0.009276965447744
0.009019643887384
0.008774107574977
0.008542762867454
0.008327974887621
0.008132028227140
0.007957086539716
0.007805151878157
0.007678024712572
0.007577265631037
0.007504159764350
0.007459684989215
0.007444484945986
0.007458847855460
0.007502692032386
0.007575558870858
0.007676613919165
0.007804656471054
0.007958137880086
0.008135188558742
0.008333653360409
0.008551134767989
0.008785043036344
0.009032652166812
0.009291160340921
0.009557753217774
0.009829668315879
0.010104258565335
0.010379053039187
0.010651812860795
0.010920580342738
0.011183719545203
0.011439946648345
0.011688348811395
0.011928390535523
0.012159906948965
0.012383083879901
0.012598425060375
0.012806707296307
0.013008924925462
0.013206225347359
0.013399837825983
0.013590998118237
0.013780871749897
0.013970478930344
0.014160624154981
0.014351833481138
0.014544302275630
0.014737855921148
0.014931925541243
0.015125540272158
0.015317336991928
0.015505587735534
0.015688244306226
0.015862998866936
0.016027358593684
0.016178731826774
0.016314522596279
0.016432229953951
0.016529548238250
0.016604464251159
0.016655347346712
0.016681028625898
0.016680865797087
0.016654790783355
0.016603337818010
0.016527650540318
0.016429467451456
0.016311085978494
0.016175306281016
0.016025356779599
0.015864804147802
0.015697451153046
0.015527226225865
0.015358068957630
0.015193815858859
0.015038090647927
0.014894203087795
0.014765059960284
0.014653091186726
0.014560193401581
0.014487692498900
0.014436325841539
0.014406243992549
0.014397031039021
0.014407741869490
0.014436954169825
0.014482832444833
0.014543201070495
0.014615623241546
0.014697482698367
0.014786065283258
0.014878637668437
0.014972520989052
0.015065157571844
0.015154169439615
0.015237407758956
0.015312992852653
0.015379344792108
0.015435204899531
0.015479648712807
0.015512091095024
0.015532284211083
0.015540309059276
0.015536561155674
0.015521730848056
0.015496778609914
0.015462905559682
0.015421519388372
0.015374195877910
0.015322636262950
0.015268620833022
0.015213959382886
0.015160439381642
0.015109773023010
0.015063544611829
0.015023160003806
0.014989800014711
0.014964379822112
0.014947516372924
0.014939505667251
0.014940311506583
0.014949566876829
0.014966588600018
0.014990405259309
0.015019797716442
0.015053350841763
0.015089514411307
0.015126670540303
0.015163204561815
0.015197575960161
0.015228385858549
0.015254437654044
0.015274787691659
0.015288783360054
0.015296086647331
0.015296681977984
0.015290868013380
0.015279233984161
0.015262621977729
0.015242077373346
0.015218790253033
0.015194031079259
0.015169084193146
0.015145182735982
0.015123448433132
0.015104839317777
0.015090107939815
0.015079771940541
0.015074098121586
0.015073100346072
0.015076550830641
0.015084003665266
0.015094828774138
0.015108254037410
0.015123412952212
0.015139395033476
0.015155296141212
0.015170266061756
0.015183550948362
0.015194528617279
0.015202735170444
0.015207881944445
0.015209862336615
0.015208748603619
0.015204779239471
0.015198337996096
0.015189925992339
0.015180128653372
0.015169579422836
0.015158922290069
0.015148775173677
0.015139696103197
0.015132153948782
0.015126505173934
0.015122977740559
0.015121662894383
0.015122515120063
0.015125360099927
0.015129910060795
0.015135785473773
0.015142541706225
0.015149698936067
0.015156773445902
0.015163308333684
0.015168901716655
0.015173230668171
0.015176069406154
0.015177300632456
0.015176919381409
0.015175029243388
0.015171831350743
0.015167607011486
0.015162695314032
0.015157467370432
0.015152299088890
0.015147544450494
0.015143511202344
0.015140440673447
0.015138493086327
0.015137739302200
0.015138159435113
0.015139648240827
0.015142026671645
0.015145058530012
0.015148470787618
0.015151975891274
0.015155294269893
0.015158175294555
0.015160415119978
