0.085389123720650
0.085573924159156
0.085789725524071
0.086029232683003
0.086284115783272
0.086545305779618
0.086803323520676
0.087048630629042
0.087271989383304
0.087464818246780
0.087619529615402
0.087729836786363
0.087791018071635
0.087800127369401
0.087756142317076
0.087660043321058
0.087514819215079
0.087325397954191
0.087098503509241
0.086842442886378
0.086566829855439
0.086282254429967
0.085999909306114
0.085731186253484
0.085487256786484
0.085278652274006
0.085114858930433
0.085003942853337
0.084952219434887
0.084963980097517
0.085041287432308
0.085183847512207
0.085388965489739
0.085651587662102
0.085964430098656
0.086318190786604
0.086701839173725
0.087102974084663
0.087508238367260
0.087903776386267
0.088275718709670
0.088610677098004
0.088896232261109
0.089121396820774
0.089277036520754
0.089356233944239
0.089354580797150
0.089270387136838
0.089104798693348
0.088861816551300
0.088548216827752
0.088173371478398
0.087748974868428
0.087288684131189
0.086807684486159
0.086322193483505
0.085848920483203
0.085404499474381
0.085004914526430
0.084664937688813
0.084397598996294
0.084213707388713
0.084121439842287
0.084126013878742
0.084229455937623
0.084430474954032
0.084724446983550
0.085103512976626
0.085556787953435
0.086070675999624
0.086629281825739
0.087214906236640
0.087808609860978
0.088390827000891
0.088942009567755
0.089443279840192
0.089877070262320
0.090227728715919
0.090482068646992
0.090629845077521
0.090664139835024
0.090581642211339
0.090382814623524
0.090071936582584
0.089657024255704
0.089149627001841
0.088564506331695
0.087919206654512
0.087233530794407
0.086528936465964
0.085827872584680
0.085153076361929
0.084526853526215
0.083970364675747
0.083502940678912
0.083141449201737
0.082899732882456
0.082788137444621
0.082813145215496
0.082977126189577
0.083278215057800
0.083710318633965
0.084263253982400
0.084923013419691
0.085672148563329
0.086490261860498
0.087354590671287
0.088240666108987
0.089123026545809
0.089975964045622
0.090774281034585
0.091494034290921
0.092113243827968
0.092612545437445
0.092975767507789
0.093190415169181
0.093248047758386
0.093144538942732
0.092880212481865
0.092459850418714
0.091892574353648
0.091191604245057
0.090373902776427
0.089459716623893
0.088472028850415
0.087435939059124
0.086377989792515
0.085325458918804
0.084305638375089
0.083345119633075
0.082469105631990
0.081700767719359
0.081060664406287
0.080566236548347
0.080231390987956
0.080066181831097
0.080076595479289
0.080264442398642
0.080627355483568
0.081158891861153
0.081848732174574
0.082682968861484
0.083644472775202
0.084713325737552
0.085867305301612
0.087082407163207
0.088333390297836
0.089594330004762
0.090839164586671
0.092042222342509
0.093178716851396
0.094225200116246
0.095159964948777
0.095963389940765
0.096618222405694
0.097109796717647
0.097426187451347
0.097558298575738
0.097499891618754
0.097247557157761
0.096800635164950
0.096161090627273
0.095333351456500
0.094324116008214
0.093142137552148
0.091797992803176
0.090303841164387
0.088673180689591
0.086920605986225
0.085061572397630
0.083112169873681
0.081088909007136
0.079008520823245
0.076887771100359
0.074743289301801
0.072591411638574
0.070448037375114
0.068328497243837
0.066247432747929
0.064218685196239
0.062255193512722
0.060368900172118
0.058570665005058
0.056870187057256
0.055275935144677
0.053795088184904
0.052433486771104
0.051195597758874
0.050084493831839
0.049101850079160
0.048247959543635
0.047521769476550
0.046920939666629
0.046441923704279
0.046080073415563
0.045829765975911
0.045684552420412
0.045637325438706
0.045680503514327
0.045806227678326
0.046006566432586
0.046273723794913
0.046600244957740
0.046979213762292
0.047404436091259
0.047870603389146
0.048373430836380
0.048909765228537
0.049477658334788
0.050076402410945
0.050706525595941
0.051369746093071
0.052068885290562
0.052807741267641
0.053590925417414
0.054423666151252
0.055311584786459
0.056260449718253
0.057275915801172
0.058363256482449
0.059527096616265
0.060771154026639
0.062097997770269
0.063508830680130
0.065003303156264
0.066579364330840
0.068233155696953
0.069958951088553
0.071749145571904
0.073594294400635
0.075483201743419
0.077403057462697
0.079339618851392
0.081277432966286
0.083200094071640
0.085090529759375
0.086931308570544
0.088704961427243
0.090394308906624
0.091982786352802
0.093454759023293
0.094795819891077
0.095993063350747
0.097035328880554
0.097913409658640
0.098620222185183
0.099150934083132
0.099503048399014
0.099676443862309
0.099673371650048
0.099498410208797
0.099158380580198
0.098662225435454
0.098020855632057
0.097246968552773
0.096354842769903
0.095360113701373
0.094279534900015
0.093130729460143
0.091931935757246
0.090701751382553
0.089458878721276
0.088221875179998
0.087008910622312
0.085837534148632
0.084724451978517
0.083685317880725
0.082734537360777
0.081885086665996
0.081148347605215
0.080533959200278
0.080049687278455
0.079701313263189
0.079492543604633
0.079424941487296
0.079497882633356
0.079708537159623
0.080051879517057
0.080520728519335
0.081105819330124
0.081795909010925
0.082577916821944
0.083437099913838
0.084357264351891
0.085321010587672
0.086310011555611
0.087305320549550
0.088287704960198
0.089238000866943
0.090137482419377
0.090968238960129
0.091713551977409
0.092358263277503
0.092889125276304
0.093295124061390
0.093567765902133
0.093701318206379
0.093692996550183
0.093543090342995
0.093255020924174
0.092835327396028
0.092293577250270
0.091642200795080
0.090896250485271
0.090073088436804
0.089192007601520
0.088273794216573
0.087340241152674
0.086413623593655
0.085516150018561
0.084669402664307
0.083893782468467
0.083207973885372
0.082628444904820
0.082168997065892
0.081840379248776
0.081649977560920
0.081601591742153
0.081695306243541
0.081927461547874
0.082290728469262
0.082774285179127
0.083364093647344
0.084043269156462
0.084792533641732
0.085590740925907
0.086415459546718
0.087243596899267
0.088052046907100
0.088818342452189
0.089521293377284
0.090141591047985
0.090662361231460
0.091069648399480
0.091352816461526
0.091504853326755
0.091522569512176
0.091406684173911
0.091161795342022
0.090796234680777
0.090321810663168
0.089753447526446
0.089108730651561
0.088407371975943
0.087670611607513
0.086920573871890
0.086179597523740
0.085469560734067
0.084811221695160
0.084223595251918
0.083723384882261
0.083324487641863
0.083037587411591
0.082869849011066
0.082824722556820
0.082901863950629
0.083097173695546
0.083402952473614
0.083808168202868
0.084298825743503
0.084858427160417
0.085468507578781
0.086109229285394
0.086760014909723
0.087400199324540
0.088009679376195
0.088569540705653
0.089062641748193
0.089474136473785
0.089791919502177
0.090006979826993
0.090113652424531
0.090109760403828
0.089996643961811
0.089779076120777
0.089465068921457
0.089065577300620
0.088594111180116
0.088066269225490
0.087499210201057
0.086911079774269
0.086320411943941
0.085745524943351
0.085203931481491
0.084711782537147
0.084283362636896
0.083930652676580
0.083662973953102
0.083486724243375
0.083405213598502
0.083418604122740
0.083523954495033
0.083715366485269
0.083984227336366
0.084319538740227
0.084708320335017
0.085136073285142
0.085587287650327
0.086045975964775
0.086496214770157
0.086922675794550
