0.084104723254986
0.084352269873220
0.084513077217908
0.084584935425595
0.084567098465125
0.084460283169058
0.084266643838612
0.083989723274879
0.083634381484014
0.083206703666916
0.082713889428876
0.082164125426593
0.081566443904821
0.080930569759736
0.080266758898803
0.079585630746697
0.078897997773725
0.078214694898430
0.077546411541669
0.076903528988566
0.076295965550970
0.075733031821066
0.075223298071487
0.074774475594315
0.074393313486465
0.074085512088264
0.073855653971577
0.073707153059703
0.073642222149354
0.073661858800770
0.073765849270860
0.073952789890577
0.074220125035944
0.074564200615621
0.074980331799530
0.075462883545077
0.076005362341302
0.076600517487670
0.077240450153336
0.077916728423905
0.078620506534936
0.079342646512923
0.080073840493153
0.080804732056984
0.081526035025977
0.082228648263671
0.082903765164433
0.083542976649256
0.084138366637429
0.084682599117163
0.085168996094603
0.085591605856131
0.085945261130859
0.086225626886400
0.086429237629301
0.086553524210400
0.086596830253421
0.086558418431546
0.086438466910921
0.086238056361908
0.085959148008471
0.085604553243863
0.085177895387416
0.084683564193540
0.084126663751160
0.083512954430754
0.082848789548242
0.082141047421300
0.081397059495458
0.080624535215723
0.079831484315317
0.079026137187424
0.078216863999137
0.077412093199646
0.076620230067485
0.075849575934197
0.075108248714420
0.074404105364432
0.073744666882504
0.073137046454380
0.072587881334990
0.072103269042689
0.071688708423814
0.071349046122558
0.071088428963371
0.070910262719466
0.070817177701155
0.070811001551182
0.070892739580647
0.071062562918560
0.071319804680556
0.071662964288366
0.072089719991563
0.072596949558063
0.073180759010445
0.073836519192927
0.074558909859853
0.075341970882534
0.076179160078724
0.077063417079639
0.077987232564923
0.078942722118131
0.079921703885631
0.080915779162049
0.081916414976823
0.082915027720349
0.083903066825718
0.084872097513781
0.085813881616032
0.086720455511520
0.087584204250873
0.088397930992075
0.089154920938175
0.089848999045845
0.090474580864131
0.091026715963683
0.091501123526188
0.091894219779987
0.092203137088692
0.092425734623000
0.092560600669439
0.092607046751395
0.092565093855034
0.092435451163735
0.092219487807142
0.091919198223322
0.091537161812932
0.091076497631585
0.090540814919451
0.089934160304951
0.089260962541537
0.088525975642930
0.087734221273006
0.086890931222201
0.086001490763684
0.085071383630786
0.084106139293458
0.083111283137665
0.082092290069169
0.081054541974220
0.080003289376140
0.078943617530868
0.077880417108229
0.076818359511125
0.075761876793968
0.074715146056352
0.073682078109850
0.072666310146396
0.071671202077281
0.070699836163200
0.069755019518890
0.068839289050994
0.067954918375012
0.067103926256469
0.066288086132105
0.065508936288446
0.064767790306447
0.064065747420834
0.063403702490033
0.062782355325539
0.062202219186663
0.061663628306190
0.061166744372731
0.060711561954941
0.060297912909537
0.059925469867824
0.059593748942659
0.059302111838474
0.059049767579949
0.058835774099510
0.058659039939453
0.058518326330906
0.058412249908920
0.058339286311110
0.058297774886716
0.058285924714582
0.058301822093133
0.058343439624133
0.058408646965979
0.058495223282946
0.058600871365510
0.058723233345146
0.058859907876270
0.059008468609733
0.059166483737789
0.059331536351080
0.059501245314914
0.059673286346037
0.059845412952811
0.060015476891895
0.060181447793381
0.060341431614025
0.060493687594532
0.060636643421456
0.060768908326570
0.060889283895655
0.060996772403801
0.061090582544037
0.061170132469510
0.061235050124881
0.061285170898881
0.061320532685552
0.061341368495210
0.061348096806249
0.061341309894311
0.061321760414894
0.061290346548199
0.061248096040080
0.061196149489749
0.061135743243011
0.061068192248995
0.060994873228755
0.060917208485899
0.060836650663137
0.060754668714907
0.060672735326041
0.060592315960726
0.060514859675980
0.060441791780887
0.060374508368173
0.060314372689835
0.060262713294877
0.060220823796133
0.060189964085945
0.060171362778465
0.060166220620505
0.060175714584216
0.060201002334142
0.060243226748928
0.060303520174530
0.060383008091249
0.060482811891238
0.060604050485929
0.060747840493605
0.060915294795275
0.061107519291283
0.061325607740461
0.061570634617036
0.061843645976543
0.062145648379214
0.062477595976469
0.062840375921593
0.063234792318221
0.063661548968443
0.064121231225093
0.064614287288864
0.065141009319532
0.065701514750983
0.066295728211304
0.066923364451800
0.067583912682091
0.068276622692788
0.069000493122772
0.069754262195565
0.070536401209224
0.071345111017737
0.072178321689984
0.073033695476173
0.073908633152668
0.074800283755511
0.075705557652162
0.076621142841461
0.077543524314775
0.078469006258126
0.079393736826863
0.080313735182243
0.081224920443903
0.082123142184474
0.083004212072784
0.083863936260754
0.084698148106106
0.085502740828293
0.086273699708354
0.087007133464042
0.087699304458969
0.088346657437678
0.088945846516581
0.089493760202413
0.089987544254060
0.090424622249112
0.090802713762001
0.091119850104918
0.091374387624625
0.091565018586797
0.091690779713645
0.091751058469404
0.091745597211301
0.091674495340247
0.091538209595531
0.091337552641093
0.091073690087786
0.090748136086509
0.090362747612034
0.089919717537177
0.089421566572768
0.088871134121550
0.088271568064809
0.087626313470477
0.086939100181735
0.086213929217256
0.085455057889113
0.084666983523474
0.083854425653359
0.083022306542980
0.082175729900379
0.081319957639581
0.080460384566059
0.079602510879689
0.078751912417978
0.077914208598459
0.077095028062596
0.076299972073314
0.075534575773586
0.074804267473118
0.074114326192783
0.073469837760582
0.072875649817030
0.072336326150221
0.071856100839883
0.071438832743690
0.071087960906417
0.070806461511611
0.070596807024986
0.070460928197363
0.070400179601791
0.070415309373577
0.070506433802791
0.070673017396228
0.070913858979605
0.071227084351532
0.071610145928842
0.072059829739328
0.072572270023857
0.073142971606624
0.073766840081766
0.074438219748353
0.075150939106074
0.075898363602842
0.076673455205177
0.077468838245068
0.078276870885039
0.079089721438772
0.079899448689759
0.080698085267145
0.081477723067794
0.082230599658269
0.082949184551012
0.083626264226584
0.084255024768971
0.084829130993991
0.085342800981785
0.085790874972848
0.086168877652417
0.086473072929238
0.086700510410613
0.086849062884475
0.086917454239461
0.086905277383321
0.086813001856661
0.086641970980451
0.086394388519701
0.086073294989934
0.085682533875052
0.085226708162797
0.084711127734920
0.084141748271542
0.083525102440993
0.082868224246221
0.082178567485097
0.081463919353702
0.080732310277900
0.079991921098831
0.079250988762026
0.078517711667655
0.077800155831365
0.077106162981718
0.076443261682207
0.075818582514250
0.075238778293606
0.074709950217627
0.074237580756238
0.073826474006880
0.073480704134669
0.073203572415109
0.072997573289630
0.072864369735412
0.072804778141880
0.072818762778388
0.072905439831984
0.073063090892108
0.073289185661326
0.073580413578805
0.073932723956574
0.074341374148424
0.074800985197774
0.075305604344264
0.075848773709323
0.076423604428531
0.077022855453153
0.077639016204668
0.078264392234299
