0.089706890892861
0.089766698883303
0.089829140619017
0.089890446739791
0.089946836719698
0.089994772796085
0.090031203796413
0.090053782838081
0.090061044257873
0.090052527471027
0.090028838629319
0.089991644752452
0.089943599214806
0.089888201818465
0.089829600900309
0.089772348737106
0.089721124681764
0.089680442777397
0.089654361896113
0.089646216640529
0.089658386300107
0.089692117114207
0.089747410070576
0.089822982635553
0.089916308396374
0.090023733861278
0.090140666897040
0.090261826779069
0.090381541866280
0.090494077742317
0.090593976490972
0.090676386743701
0.090737364329324
0.090774124775930
0.090785231493446
0.090770707062518
0.090732059468110
0.090672220089952
0.090595395505457
0.090506840362898
0.090412563431494
0.090318983135975
0.090232552176659
0.090159373013720
0.090104826911400
0.090073238823030
0.090067598656974
0.090089356482039
0.090138305167113
0.090212559028195
0.090308631553990
0.090421609513220
0.090545415046693
0.090673142048581
0.090797448558671
0.090910983296786
0.091006822094335
0.091078888970304
0.091122337037266
0.091133866301727
0.091111958654349
0.091057014762288
0.090971382941353
0.090859276106197
0.090726579237539
0.090580556109736
0.090429469930809
0.090282137719419
0.090147442376112
0.090033829251106
0.089948815389563
0.089898539449304
0.089887378523643
0.089917654839845
0.089989450702816
0.090100544351474
0.090246472893716
0.090420721534391
0.090615031288098
0.090819810661816
0.091024630775886
0.091218778406154
0.091391837763597
0.091534269699716
0.091637956574393
0.091696682296012
0.091706519996295
0.091666104298140
0.091576770951773
0.091442553457369
0.091270033806616
0.091068052267111
0.090847288788189
0.090619735713784
0.090398087660442
0.090195079315591
0.090022805255235
0.089892057473234
0.089811716048374
0.089788226239497
0.089825191379969
0.089923105422362
0.090079242129441
0.090287710057986
0.090539674032664
0.090823735188092
0.091126453311895
0.091432987583716
0.091727825276501
0.091995562915771
0.092221701057736
0.092393412439507
0.092500243869975
0.092534714861616
0.092492780543124
0.092374132634605
0.092182319917663
0.091924678325593
0.091612070092046
0.091258440873549
0.090880212933861
0.090495540889099
0.090123463739184
0.089782992585265
0.089492177260321
0.089267196875001
0.089121518895643
0.089065168823624
0.089104147936439
0.089240030083707
0.089469760498288
0.089785670353745
0.090175710803309
0.090623899939752
0.091110966004189
0.091615160721878
0.092113208302522
0.092581348808576
0.092996429595606
0.093336995606933
0.093584328607835
0.093723387016769
0.093743601772064
0.093639489500549
0.093411051873764
0.093063939110489
0.092609365708102
0.092063777209432
0.091448277660003
0.090787837901781
0.090110314520613
0.089445317690332
0.088822972969121
0.088272627008840
0.087821549926738
0.087493687647160
0.087308515832667
0.087280043171715
0.087416005949588
0.087717288260712
0.088177593256071
0.088783380847769
0.089514076740826
0.090342546976768
0.091235821800177
0.092156043024806
0.093061600568119
0.093908416776859
0.094651331848388
0.095245540252518
0.095648026681766
0.095818950722962
0.095722932082720
0.095330192665432
0.094617517874389
0.093569006902141
0.092176590164948
0.090440301055145
0.088368298454852
0.085976645595035
0.083288859491968
0.080335253015873
0.077152098355311
0.073780646001955
0.070266037223140
0.066656150211539
0.063000420670858
0.059348676551264
0.055750024092056
0.052251818424850
0.048898746951793
0.045732047793528
0.042788879082095
0.040101848051377
0.037698702050587
0.035602177063091
0.033829993319376
0.032394982382359
0.031305325847154
0.030564882678908
0.030173580301820
0.030127843885040
0.030421038826997
0.031043903146511
0.031984949226275
0.033230817960046
0.034766572633151
0.036575924596515
0.038641387741988
0.040944363711829
0.043465164443838
0.046182982847525
0.049075825931977
0.052120427401118
0.055292158474013
0.058564956397101
0.061911289758646
0.065302178307352
0.068707282577757
0.072095075339154
0.075433102856365
0.078688339357085
0.081827633145300
0.084818237704941
0.087628416132791
0.090228102554536
0.092589600032548
0.094688291069345
0.096503334319755
0.098018319686040
0.099221853680507
0.100108047850625
0.100676885174909
0.100934442606182
0.100892952265808
0.100570689035565
0.099991678268424
0.099185223826607
0.098185263408122
0.097029564877251
0.095758783797958
0.094415408312664
0.093042622657168
0.091683124724810
0.090377935993407
0.089165243654056
0.088079314830055
0.087149521301170
0.086399510167746
0.085846551475818
0.085501088113263
0.085366506468544
0.085439138657829
0.085708498854345
0.086157747707638
0.086764370350675
0.087501045395926
0.088336674946314
0.089237539300153
0.090168534983117
0.091094451220117
0.091981238133633
0.092797219924699
0.093514208089261
0.094108473302263
0.094561539847168
0.094860773191001
0.094999739251967
0.094978322770338
0.094802601623387
0.094484483541745
0.094041121095191
0.093494129630557
0.092868640693619
0.092192230016588
0.091493764120462
0.090802212748132
0.090145475565103
0.089549270777095
0.089036130540038
0.088624543385859
0.088328277547144
0.088155911299082
0.088110587576567
0.088190000545423
0.088386611921464
0.088688085066653
0.089077915672625
0.089536229570463
0.090040711244349
0.090567621280908
0.091092857490669
0.091593012945944
0.092046384754202
0.092433889998900
0.092739849809892
0.092952608765548
0.093064964493628
0.093074391077722
0.092983049291940
0.092797586348665
0.092528737311929
0.092190749170840
0.091800656381475
0.091377443117819
0.090941132233346
0.090511843813855
0.090108867076252
0.089749788208337
0.089449713617950
0.089220623124502
0.089070881125476
0.089004926020931
0.089023149554526
0.089121968643992
0.089294083161225
0.089528904415477
0.089813131204026
0.090131443593403
0.090467279391909
0.090803654807955
0.091123989210603
0.091412894278350
0.091656890104482
0.091845014894284
0.091969300527015
0.092025093174588
0.092011206019193
0.091929899500656
0.091786693034117
0.091590020350180
0.091350748121077
0.091081583983779
0.090796405145945
0.090509542225510
0.090235054674135
0.089986034002584
0.089773969088474
0.089608204220276
0.089495515416093
0.089439824225117
0.089442061006141
0.089500181954893
0.089609336316827
0.089762172672532
0.089949266299456
0.090159643738749
0.090381376117619
0.090602209714656
0.090810200846923
0.090994322456290
0.091145011742682
0.091254631712370
0.091317824379851
0.091331739314307
0.091296127934495
0.091213301071888
0.091087954465741
0.090926873653361
0.090738535823414
0.090532631299150
0.090319531157441
0.090109729882747
0.089913292794904
0.089739337251375
0.089595574367102
0.089487934357077
0.089420293798397
0.089394317399843
0.089409420573039
0.089462852562396
0.089549893463282
0.089664152481201
0.089797949573155
0.089942758435520
0.090089685871486
0.090229961026928
0.090355407891721
0.090458875809891
0.090534605435040
0.090578511443692
0.090588368152598
0.090563889701392
0.090506702349943
0.090420212374290
0.090309378701123
0.090180404492819
0.090040366112279
0.089896801039279
0.089757278218828
0.089628974908368
0.089518283339475
0.089430468480372
0.089369395007012
0.089337337454272
0.089334882667146
0.089360928384003
0.089412776360315
0.089486313186079
0.089576267154869
0.089676525469322
