0.005748692227862
0.005737401102807
0.005727754377733
0.005719478850754
0.005712336401209
0.005706132815301
0.005700724040147
0.005696019893565
0.005691985335335
0.005688639448670
0.005686052295469
0.005684339806200
0.005683656857509
0.005684188690229
0.005686140837609
0.005689727775033
0.005695160570236
0.005702633903527
0.005712312932486
0.005724320582069
0.005738725933270
0.005755534444763
0.005774680756350
0.005796024777959
0.005819351655793
0.005844376026595
0.005870750728059
0.005898079841407
0.005925935620893
0.005953878539756
0.005981479380751
0.006008342050855
0.006034125630305
0.006058564097653
0.006081482219449
0.006102806260914
0.006122568458036
0.006140904577043
0.006158044349777
0.006174295080878
0.006190019237181
0.006205607310865
0.006221447656294
0.006237895300579
0.006255241891543
0.006273688955512
0.006293326484484
0.006314118563549
0.006335897303274
0.006358365787743
0.006381110125998
0.006403620048015
0.006425316864224
0.006445587057364
0.006463819339768
0.006479442722886
0.006491963032632
0.006500995375144
0.006506290309704
0.006507751902223
0.006505446384428
0.006499600790837
0.006490591640438
0.006478924421544
0.006465205275428
0.006450106810024
0.006434330369821
0.006418567313311
0.006403461889297
0.006389578156264
0.006377373067478
0.006367177374140
0.006359185416588
0.006353454224206
0.006349911677850
0.006348372854530
0.006348563119770
0.006350146098506
0.006352754370776
0.006356020621527
0.006359607029097
0.006363230895073
0.006366684877490
0.006369850657228
0.006372705403818
0.006375320967156
0.006377856260631
0.006380543777114
0.006383671556697
0.006387562178077
0.006392550459579
0.006398961528531
0.006407090759070
0.006417186809142
0.006429438637033
0.006443966981779
0.006460820388146
0.006479975482606
0.006501340894461
0.006524763991296
0.006550039476126
0.006576918880085
0.006605120073388
0.006634336092609
0.006664242819835
0.006694505318734
0.006724782901576
0.006754733237619
0.006784015989329
0.006812296557569
0.006839250518381
0.006864569240814
0.006887966996661
0.006909189627849
0.006928024552715
0.006944311600593
0.006957953899603
0.006968927837994
0.006977291003037
0.006983186993258
0.006986846109706
0.006988581158131
0.006988777922785
0.006987880279486
0.006986370366959
0.006984744691621
0.006983487459791
0.006983042771890
0.006983787540236
0.006986007078622
0.006989875243011
0.006995440776306
0.007002621138354
0.007011204610070
0.007020860884310
0.007031159740438
0.007041596793673
0.007051624763747
0.007060688265728
0.007068259826563
0.007073874700247
0.007077162104943
0.007077870734688
0.007075886789270
0.007071243288158
0.007064120046801
0.007054834347859
0.007043822984395
0.007031616936676
0.007018810424197
0.007006026414416
0.006993880846223
0.006982947829738
0.006973727919828
0.006966621247452
0.006961906861105
0.006959729119975
0.006960091435677
0.006962857126848
0.006967756674020
0.006974400277912
0.006982294360355
0.006990860519275
0.006999455460844
0.007007390573795
0.007013950062230
0.007018406884338
0.007020036119230
0.007018125763845
0.007011985308730
0.007000952721816
0.006984400656778
0.006961742780273
0.006932441074300
0.006896014821212
0.006852051735090
0.006800221388869
0.006740290732654
0.006672141139878
0.006595786089439
0.006511388326226
0.006419275166599
0.006319950548528
0.006214102478162
0.006102604695067
0.005986511656804
0.005867046310393
0.005745580546315
0.005623608688051
0.005502714821997
0.005384535184644
0.005270717164962
0.005162876724237
0.005062556164825
0.004971184183969
0.004890040028528
0.004820223330391
0.004762630867530
0.004717941086403
0.004686606766781
0.004668855741836
0.004664699136537
0.004673946186196
0.004696224370185
0.004731003363550
0.004777621184283
0.004835310901493
0.004903226366716
0.004980465626724
0.005066090954453
0.005159144773009
0.005258661120441
0.005363672683055
0.005473213785470
0.005586320041802
0.005702025623274
0.005819359267342
0.005937340232184
0.006054975384699
0.006171258503080
0.006285172685756
0.006395696501596
0.006501814210478
0.006602530050320
0.006696886249477
0.006783984104916
0.006863007188105
0.006933245520319
0.006994119411438
0.007045201590579
0.007086236277149
0.007117153945731
0.007138080720835
0.007149341586753
0.007151456898122
0.007145132010424
0.007131240196690
0.007110799357028
0.007084943342030
0.007054888982125
0.007021900128245
0.006987250153891
0.006952184438263
0.006917884342316
0.006885434106662
0.006855791948226
0.006829766421389
0.006807998851460
0.006790952358468
0.006778907683054
0.006771965719794
0.006770056371861
0.006772953078481
0.006780292145161
0.006791595835312
0.006806298067257
0.006823771505883
0.006843354843583
0.006864379127870
0.006886192107430
0.006908179726582
0.006929784090077
0.006950517434721
0.006969971869196
0.006987824866411
0.007003840701782
0.007017868215137
0.007029835424125
0.007039741625986
0.007047647687589
0.007053665239081
0.007057945455509
0.007060668037594
0.007062030894611
0.007062240898386
0.007061505929199
0.007060028284145
0.007057999378944
0.007055595557070
0.007052974735574
0.007050273572552
0.007047604841109
0.007045054739023
0.007042679948390
0.007040504377322
0.007038515654873
0.007036661596531
0.007034846994937
0.007032931202787
0.007030727047190
0.007028001634625
0.007024479564924
0.007019848968118
0.007013770612254
0.007005890112225
0.006995853013760
0.006983322252515
0.006967997218733
0.006949633417866
0.006928061531416
0.006903204571623
0.006875091805776
0.006843868211029
0.006809798411177
0.006773264336274
0.006734756218959
0.006694856974331
0.006654220472903
0.006613544673988
0.006573541003278
0.006534901698083
0.006498267075797
0.006464194781669
0.006433133026558
0.006405399630719
0.006381168354447
0.006360463540864
0.006343163550995
0.006329012875498
0.006317642205174
0.006308595179831
0.006301360056058
0.006295404177473
0.006290208925360
0.006285302790969
0.006280290347784
0.006274875203271
0.006268875452445
0.006262230706074
0.006255000381486
0.006247353575824
0.006239551440970
0.006231923499675
0.006224839744337
0.006218680613541
0.006213807030085
0.006210532604384
0.006209099869619
0.006209662043249
0.006212271337767
0.006216874313290
0.006223314221257
0.006231339777080
0.006240619360832
0.006250759312170
0.006261324781012
0.006271861529711
0.006281917153007
0.006291060374518
0.006298897368041
0.006305084405806
0.006309336517000
0.006311432210584
0.006311214641748
0.006308589852639
0.006303522875327
0.006296032539103
0.006286185776792
0.006274092088254
0.006259898615195
0.006243786037809
0.006225965252403
0.006206674561781
0.006186176935441
0.006164756796748
0.006142715783082
0.006120367005761
0.006098027502559
0.006076008809645
0.006054605856693
0.006034084677639
0.006014669696636
0.005996531561332
0.005979776625433
0.005964439208363
0.005950477670545
0.005937775138201
0.005926145403189
0.005915344133682
0.005905085092079
0.005895060605380
0.005884965111508
0.005874520253097
0.005863499743993
0.005851752121165
0.005839219533226
0.005825950910841
0.005812108205241
0.005797964846882
0.005783896133529
0.005770361863368
0.005757882136006
0.005747007803034
0.005738287513094
0.005732233623745
0.005729289413661
0.005729800006317
0.005733989207420
0.005741944075063
0.005753608510107
0.005768786513371
