0.008726655693943
0.008745406482906
0.008762628432150
0.008777071761027
0.008787519140611
0.008792814953443
0.008791893430410
0.008783805009138
0.008767740306643
0.008743051164162
0.008709268302394
0.008666115218247
0.008613518056761
0.008551611300907
0.008480739233774
0.008401453238620
0.008314505108557
0.008220836635638
0.008121565835419
0.008017970234696
0.007911467704643
0.007803595357063
0.007695987037015
0.007590349940238
0.007488440859288
0.007392042519456
0.007302940406661
0.007222900417592
0.007153647581108
0.007096846013412
0.007054080182417
0.007026837473652
0.007016491975734
0.007024289342203
0.007051332542387
0.007098568290061
0.007166773937475
0.007256544645080
0.007368280684151
0.007502174799414
0.007658199649292
0.007836095448870
0.008035358060312
0.008255227901281
0.008494680167344
0.008752416981870
0.009026862189075
0.009316159584983
0.009618175429845
0.009930506097629
0.010250491688087
0.010575236350608
0.010901635944471
0.011226413486805
0.011546162619530
0.011857399063949
0.012156619732841
0.012440368843595
0.012705310032689
0.012948303124119
0.013166483865880
0.013357344634088
0.013518813828768
0.013649331463658
0.013747918298601
0.013814235789918
0.013848634152005
0.013852185940362
0.013826702786924
0.013774733244250
0.013699540122984
0.013605056230254
0.013495818024318
0.013376877377810
0.013253692369656
0.013131998782022
0.013017664738883
0.012916531660148
0.012834245392045
0.012776081982675
0.012746773074259
0.012750336255584
0.012789915937361
0.012867640361589
0.012984500220406
0.013140254032824
0.013333364907992
0.013560972616867
0.013818904012822
0.014101723805233
0.014402826524419
0.014714569253492
0.015028443379920
0.015335282278303
0.015625500520437
0.015889358964913
0.016117248952276
0.016299987867141
0.016429117566719
0.016497196651779
0.016498077300938
0.016427157424017
0.016281599228181
0.016060505934830
0.015765049328638
0.015398542045266
0.014966449982896
0.014476341917132
0.013937775262026
0.013362118897322
0.012762316012757
0.012152591939059
0.011548113874814
0.010964611211011
0.010417966735639
0.009923790308473
0.009496987577519
0.009151336918457
0.008899087983025
0.008750595019907
0.008713997474313
0.008794959286302
0.008996476813948
0.009318763440806
0.009759216736826
0.010312471589143
0.010970540076225
0.011723036106415
0.012557480066952
0.013459676022503
0.014414151453909
0.015404647226650
0.016414643507015
0.017427905776346
0.018429033992679
0.019403997363752
0.020340637158972
0.021229120516508
0.022062329293047
0.022836169636941
0.023549790101269
0.024205698694959
0.024809772224604
0.025371154520376
0.025902043568092
0.026417371079675
0.026934381514364
0.027472120900269
0.028050848889724
0.028691390207883
0.029414443927544
0.030239870742372
0.031185979549785
0.032268835146448
0.033501608656303
0.034893991447908
0.036451691770895
0.038176031188869
0.040063655167186
0.042106368967121
0.044291106398181
0.046600035096951
0.049010797953595
0.051496886222371
0.054028135859327
0.056571334856070
0.059090925904718
0.061549785747508
0.063910060132947
0.066134031499806
0.068184995401731
0.070028121307814
0.071631273783815
0.072965771166221
0.074007060654624
0.074735291211373
0.075135768694235
0.075199281162327
0.074922286176108
0.074306956035365
0.073361081132942
0.072097835811140
0.070535415157461
0.068696554937198
0.066607950212390
0.064299591033394
0.061804035821472
0.059155644619147
0.056389795222719
0.053542105305379
0.050647682991516
0.047740426979520
0.044852395281596
0.042013259026885
0.039249854649988
0.036585844268798
0.034041490263787
0.031633546134977
0.029375261765994
0.027276497400138
0.025343937059504
0.023581388934178
0.021990157540325
0.020569470283056
0.019316939531856
0.018229040470837
0.017301584847246
0.016530171309433
0.015910594275456
0.015439195158254
0.015113142223511
0.014930628283801
0.014890978732944
0.014994665980842
0.015243230036243
0.015639108673435
0.016185384179753
0.016885456989562
0.017742659451517
0.018759825446820
0.019938833490296
0.021280142236314
0.022782337931843
0.024441713286386
0.026251896463696
0.028203547467216
0.030284137136879
0.032477821366971
0.034765420079739
0.037124507049443
0.039529612981017
0.041952540429395
0.044362785326760
0.046728056192942
0.049014878661598
0.051189269876655
0.053217464702282
0.055066673632936
0.056705850856886
0.058106450165953
0.059243146343001
0.060094500301211
0.060643547577071
0.060878291751887
0.060792086933541
0.060383896491857
0.059658418711920
0.058626073802354
0.057302850652731
0.055710015753814
0.053873690652484
0.051824308088916
0.049595960442158
0.047225657186974
0.044752510648113
0.042216871352429
0.039659435667027
0.037120349135132
0.034638328963700
0.032249828481847
0.029988265101668
0.027883331417124
0.025960406634573
0.024240082618204
0.022737815546242
0.021463710610531
0.020422443461209
0.019613318311208
0.019030458883722
0.018663124817828
0.018496142844281
0.018510439097037
0.018683656415523
0.018990838483104
0.019405161187324
0.019898690708768
0.020443147561396
0.021010656113617
0.021574459994374
0.022109585194176
0.022593434554374
0.023006299633440
0.023331778570269
0.023557091447437
0.023673287702475
0.023675343250654
0.023562148077203
0.023336388041945
0.023004327432520
0.022575501329174
0.022062329039964
0.021479661677386
0.020844278335846
0.020174346267825
0.019488860932753
0.018807081808108
0.018147979422348
0.017529708221350
0.016969118653203
0.016481320298875
0.016079306045083
0.015773645253076
0.015572251689302
0.015480229719157
0.015499799990941
0.015630303619051
0.015868281774541
0.016207625662653
0.016639790158736
0.017154062925680
0.017737879677827
0.018377175408807
0.019056760874372
0.019760713416799
0.020472771325940
0.021176721336074
0.021856769531895
0.022497886849211
0.023086121468610
0.023608871671877
0.024055114116985
0.024415583942605
0.024682904592048
0.024851666705703
0.024918456829561
0.024881837988367
0.024742285343201
0.024502081168301
0.024165174220111
0.023737009218699
0.023224332610148
0.022634981026669
0.021977658913839
0.021261711661495
0.020496900271546
0.019693183141679
0.018860509961072
0.018008632028218
0.017146932538266
0.016284279575506
0.015428903712838
0.014588301290488
0.013769163645232
0.012977331810981
0.012217775530747
0.011494594824451
0.010811041858850
0.010169560473223
0.009571840431950
0.009018883303436
0.008511076801358
0.008048274462960
0.007629877671544
0.007254917245315
0.006922132099531
0.006630042829341
0.006377018441862
0.006161334872706
0.005981224339515
0.005834914998709
0.005720660768641
0.005636761550922
0.005581574411915
0.005553516570340
0.005551061268568
0.005572727780743
0.005617066928529
0.005682643535381
0.005768017254786
0.005871723160791
0.005992253395442
0.006128041033939
0.006277447161528
0.006438751964331
0.006610150427445
0.006789753015984
0.006975591496018
0.007165629840091
0.007357779962762
0.007549921851242
0.007739927499594
0.007925687925732
0.008105142451354
0.008276309357355
0.008437316991661
0.008586434402053
0.008722100591904
0.008842951549336
0.008947844277027
0.009035877147061
0.009106406018773
0.009159055683165
0.009193726330776
0.009210594876545
0.009210111111019
0.009192988778436
0.009160191805236
0.009112916014484
0.009052566760033
0.008980732997179
0.008899158372682
