0.005163648137142
0.005157111833398
0.005174315381607
0.005215354015176
0.005280064969321
0.005368026896719
0.005478562139499
0.005610741836700
0.005763393813900
0.005935113170206
0.006124275447361
0.006329052236869
0.006547429054051
0.006777225283173
0.007016115975532
0.007261655262840
0.007511301131726
0.007762441291764
0.008012419859332
0.008258564572837
0.008498214251498
0.008728746209918
0.008947603344017
0.009152320610526
0.009340550631866
0.009510088170806
0.009658893234471
0.009785112584865
0.009887099452722
0.009963431272952
0.010012925282788
0.010034651847720
0.010027945404933
0.009992412939020
0.009927939929797
0.009834693736770
0.009713124408918
0.009563962931679
0.009388216944986
0.009187163986922
0.008962342336535
0.008715539546810
0.008448778774284
0.008164303025601
0.007864557453151
0.007552169842091
0.007229929439468
0.006900764283023
0.006567717192715
0.006233920592267
0.005902570331290
0.005576898681013
0.005260146678620
0.004955535996827
0.004666240516893
0.004395357784947
0.004145880533456
0.003920668452090
0.003722420395094
0.003553647215801
0.003416645422900
0.003313471857606
0.003245919595706
0.003215495283481
0.003223398121410
0.003270500714063
0.003357332008350
0.003484062544833
0.003650492247762
0.003856040978356
0.004099742072108
0.004380239074151
0.004695785876350
0.005044250445594
0.005423122314024
0.005829523978675
0.006260226329677
0.006711668192753
0.007179980033199
0.007661011824819
0.008150365038698
0.008643428653503
0.009135419031673
0.009621423445081
0.010096446970158
0.010555462407105
0.010993462811592
0.011405516161483
0.011786821616830
0.012132766770053
0.012438985226157
0.012701413801604
0.012916348586395
0.013080499078475
0.013191039574152
0.013245656984085
0.013242594242653
0.013180688490292
0.013059403234353
0.012878853734933
0.012639824918242
0.012343781191492
0.011992867619881
0.011589902027438
0.011138357698541
0.010642336484630
0.010106532259636
0.009536184816111
0.008937024449999
0.008315207643096
0.007677244415935
0.007029918087418
0.006380198338009
0.005735148627753
0.005101829165626
0.004487196759741
0.003898002995642
0.003340692289355
0.002821301440423
0.002345362365116
0.001917809719347
0.001542895122594
0.001224109666853
0.000964116337460
0.000764693884826
0.000626693567990
0.000550010042801
0.000533567490749
0.000575321880707
0.000672280027357
0.000820535859744
0.001015324044583
0.001251090825476
0.001521581645348
0.001819944819836
0.002138850228984
0.002470621698600
0.002807381456294
0.003141204775835
0.003464282672461
0.003769090286075
0.004048558393961
0.004296245334115
0.004506506498766
0.004674658478524
0.004797134904038
0.004871631046072
0.004897234298235
0.004874537779819
0.004805734459179
0.004694689409899
0.004546988070637
0.004369958682369
0.004172667420126
0.003965885115805
0.003762024879116
0.003575050359339
0.003420354844851
0.003314611863380
0.003275598416370
0.003321992447970
0.003473146605313
0.003748840784073
0.004169016364111
0.004753495416979
0.005521688502963
0.006492294963887
0.007682999853017
0.009110171820072
0.010788566383286
0.012731039068366
0.014948272873751
0.017448524431669
0.020237393074959
0.023317616791648
0.026688898755030
0.030347767759847
0.034287475479651
0.038497932991929
0.042965688502648
0.047673947647766
0.052602637164084
0.057728512114238
0.063025306229818
0.068463924312138
0.074012675011646
0.079637541704208
0.085302488604985
0.090969798717686
0.096600439717436
0.102154453417486
0.107591364081021
0.112870600515931
0.117951926638120
0.122795875012288
0.127364177781284
0.131620189378300
0.135529295480962
0.139059302812343
0.142180804619220
0.144867516959389
0.147096581303327
0.148848829395314
0.150109006818995
0.150865952264585
0.151112730091308
0.150846714410190
0.150069623569389
0.148787504596953
0.147010667834041
0.144753572665025
0.142034665909337
0.138876175073671
0.135303859262667
0.131346721102776
0.127036683539441
0.122408235814814
0.117498053315658
0.112344596293639
0.106987692698793
0.101468110528645
0.095827125178618
0.090106087283538
0.084345996466043
0.078587086257586
0.072868425234570
0.067227539120426
0.061700058249236
0.056319394374180
0.051116450341612
0.046119365646606
0.041353300346635
0.036840259245295
0.032598957676492
0.028644729630311
0.024989478373850
0.021641669142310
0.018606362916107
0.015885289766669
0.013476959754257
0.011376808902399
0.009577377361267
0.008068516511573
0.006837621455623
0.005869885096067
0.005148569817944
0.004655292666969
0.004370319856818
0.004272866439682
0.004341397035777
0.004553923636220
0.004888296666217
0.005322485717705
0.005834846627471
0.006404371883070
0.007010921678542
0.007635433308907
0.008260106980118
0.008868566513101
0.009445993830062
0.009979236521928
0.010456888201338
0.010869341740006
0.011208815866969
0.011469355960041
0.011646810192143
0.011738782493052
0.011744564052142
0.011665045316107
0.011502610625559
0.011261017784320
0.010945264964618
0.010561447420280
0.010116606509066
0.009618573515751
0.009075810721401
0.008497252083769
0.007892145781708
0.007269900736173
0.006639939055275
0.006011556164651
0.005393790181159
0.004795301871482
0.004224266311793
0.003688277134066
0.003194264012945
0.002748423817828
0.002356165631704
0.002022069624253
0.001749859564937
0.001542388574609
0.001401637543848
0.001328725494551
0.001323931029611
0.001386723904803
0.001515805667840
0.001709158242127
0.001964099286841
0.002277343140046
0.002645066146779
0.003062975188211
0.003526378259748
0.004030255993625
0.004569333083383
0.005138148641681
0.005731124607158
0.006342631408447
0.006967050191909
0.007598831022062
0.008232546568179
0.008862940895041
0.009484973078748
0.010093855468069
0.010685086506604
0.011254478119830
0.011798177752679
0.012312685216921
0.012794864572468
0.013241951322391
0.013651555247673
0.014021659244313
0.014350614552603
0.014637132786345
0.014880275178920
0.015079439464072
0.015234344802531
0.015345015152138
0.015411761459558
0.015435163027019
0.015416048378661
0.015355475918870
0.015254714640474
0.015115225104638
0.014938640877697
0.014726750573712
0.014481480616039
0.014204878797317
0.013899098685516
0.013566384894688
0.013209059213056
0.012829507558507
0.012430167712581
0.012013517768764
0.011582065219440
0.011138336598039
0.010684867588770
0.010224193515540
0.009758840124064
0.009291314576393
0.008824096584913
0.008359629622715
0.007900312158995
0.007448488881119
0.007006441878979
0.006576381781793
0.006160438852140
0.005760654056464
0.005378970145164
0.005017222788327
0.004677131825027
0.004360292694491
0.004068168126260
0.003802080173541
0.003563202679091
0.003352554266267
0.003170991949113
0.003019205454671
0.002897712348131
0.002806854046966
0.002746792804088
0.002717509732324
0.002718803933353
0.002750292783903
0.002811413420561
0.002901425452301
0.003019414916955
0.003164299484553
0.003334834896951
0.003529622619675
0.003747118668579
0.003985643561033
0.004243393328961
0.004518451519394
0.004808802097444
0.005112343156741
0.005426901333660
0.005750246814091
0.006080108815158
0.006414191419249
0.006750189633943
0.007085805549032
0.007418764460681
0.007746830832990
0.008067823968657
0.008379633263090
0.008680232920180
0.008967696012817
0.009240207777196
0.009496078036797
0.009733752659660
0.009951823961013
