0.003525069158365
0.003520730810638
0.003515915378684
0.003510992523958
0.003506343061569
0.003502329535908
0.003499268045203
0.003497403503381
0.003496890268838
0.003497779660707
0.003500015355396
0.003503437050543
0.003507792146802
0.003512754579395
0.003517949378860
0.003522981096661
0.003527463930371
0.003531051248292
0.003533462254773
0.003534503752001
0.003534085324919
0.003532226774755
0.003529057215059
0.003524805877115
0.003519785300846
0.003514368164970
0.003508959492453
0.003503966317833
0.003499767095636
0.003496683149610
0.003494954309916
0.003494720571637
0.003496011157182
0.003498741811542
0.003502720544798
0.003507661406865
0.003513205282215
0.003518946171561
0.003524461021564
0.003529340902219
0.003533221233283
0.003535808832562
0.003536903794046
0.003536414584618
0.003534365245956
0.003530894166134
0.003526244500859
0.003520746932197
0.003514796008940
0.003508821777322
0.003503258750530
0.003498514456385
0.003494939831756
0.003492803598308
0.003492272467550
0.003493398604927
0.003496115263445
0.003500240914307
0.003505491596987
0.003511500627031
0.003517844277695
0.003524071628084
0.003529736474872
0.003534429057478
0.003537805357453
0.003539611900469
0.003539704301787
0.003538058231070
0.003534771999606
0.003530060555669
0.003524241271475
0.003517712476825
0.003510926200645
0.003504356987562
0.003498468934570
0.003493683223651
0.003490348401018
0.003488715473922
0.003488919573908
0.003490969492574
0.003494745862360
0.003500008166468
0.003506410158662
0.003513522696135
0.003520862476089
0.003527924754120
0.003534217838153
0.003539297015423
0.003542795591718
0.003544450901126
0.003544123469824
0.003541807967741
0.003537635127865
0.003531864418309
0.003524867876648
0.003517106117702
0.003509098064123
0.003501386387240
0.003494500953393
0.003488922726735
0.003485050571500
0.003483173224279
0.003483448380120
0.003485890375986
0.003490367391025
0.003496608452282
0.003504219878707
0.003512710159339
0.003521521686348
0.003530067289199
0.003537769175259
0.003544097698571
0.003548607365811
0.003550967648829
0.003550986497159
0.003548624911078
0.003544001515899
0.003537386733371
0.003529186832977
0.003519918819070
0.003510177724282
0.003500598394143
0.003491814227846
0.003484415559434
0.003478910407347
0.003475690184357
0.003475002652866
0.003476933951912
0.003481400941733
0.003488154447199
0.003496793276216
0.003506788189403
0.003517514348617
0.003528290216576
0.003538420454041
0.003547240092343
0.003554157164762
0.003558691066376
0.003560504172589
0.003559424664744
0.003555459059822
0.003548793585050
0.003539784236090
0.003528936065058
0.003516872917393
0.003504299432439
0.003491957604829
0.003480580542851
0.003470846235863
0.003463334145716
0.003458487267831
0.003456581977874
0.003457707510794
0.003461756339996
0.003468426071191
0.003477232777718
0.003487535023200
0.003498567183403
0.003509480129255
0.003519386898560
0.003527410689393
0.003532732369463
0.003534634719583
0.003532540813228
0.003526044266372
0.003514929552548
0.003499181140739
0.003478980846270
0.003454693451899
0.003426841321043
0.003396069351138
0.003363102168768
0.003328695919859
0.003293587333991
0.003258442924676
0.003223811217955
0.003190080778269
0.003157446529907
0.003125886468270
0.003095150338634
0.003064761257173
0.003034030590567
0.003002085729696
0.002967909724179
0.002930391121554
0.002888381808997
0.002840760214283
0.002786496908360
0.002724719480503
0.002654773537361
0.002576276810718
0.002489163639101
0.002393717502080
0.002290589812919
0.002180803789562
0.002065742895625
0.001947124039388
0.001826956405874
0.001707487441664
0.001591138083352
0.001480429791409
0.001377906300141
0.001286053206031
0.001207218582856
0.001143537731856
0.001096864955473
0.001068714897369
0.001060215539122
0.001072074409803
0.001104558976395
0.001157491570833
0.001230258603341
0.001321833240530
0.001430810216449
0.001555451017018
0.001693737349768
0.001843430592241
0.002002134808361
0.002167360931037
0.002336589823961
0.002507332143787
0.002677183209326
0.002843871427870
0.003005299209392
0.003159575695949
0.003305041025498
0.003440282218013
0.003564141101127
0.003675714970040
0.003774350893133
0.003859634725725
0.003931375978450
0.003989589706218
0.004034476544007
0.004066401924609
0.004085875380722
0.004093530670067
0.004090107278887
0.004076433667482
0.004053412431743
0.004022007376693
0.003983232339880
0.003938141470881
0.003887820573093
0.003833379048825
0.003775941960103
0.003716641725612
0.003656609017393
0.003596962496396
0.003538797129611
0.003483170957872
0.003431090326260
0.003383493741085
0.003341234670904
0.003305063755704
0.003275611020078
0.003253368794802
0.003238676129499
0.003231705520543
0.003232452778322
0.003240730813152
0.003256168028665
0.003278211876667
0.003306137952012
0.003339064796267
0.003375974343254
0.003415737688326
0.003457145608477
0.003498943014791
0.003539866295460
0.003578682319134
0.003614227726133
0.003645447048461
0.003671428175504
0.003691433724779
0.003704926986598
0.003711591285291
0.003711341831370
0.003704329419433
0.003690935643714
0.003671759642930
0.003647596733133
0.003619409625826
0.003588293242969
0.003555434416411
0.003522067983845
0.003489430956574
0.003458716528622
0.003431029717987
0.003407346377981
0.003388477192199
0.003375038075792
0.003367428156713
0.003365816213644
0.003370136114670
0.003380091445734
0.003395169154665
0.003414661679180
0.003437696689715
0.003463273273100
0.003490303122739
0.003517655095227
0.003544201350345
0.003568863217262
0.003590654928046
0.003608723431539
0.003622382644609
0.003631140709819
0.003634719101653
0.003633062748445
0.003626340702363
0.003614937281436
0.003599434010402
0.003580583084484
0.003559273455045
0.003536490971472
0.003513274293651
0.003490668499610
0.003469678441679
0.003451223943105
0.003436098870906
0.003424935969376
0.003418179096285
0.003416064179446
0.003418609818046
0.003425618008493
0.003436684998812
0.003451221791786
0.003468483348976
0.003487605119357
0.003507645150010
0.003527629752001
0.003546600508033
0.003563660331019
0.003578016319760
0.003589017309100
0.003596184270746
0.003599232074918
0.003598081554733
0.003592861302559
0.003583899145593
0.003571703769645
0.003556937458248
0.003540381362821
0.003522895095079
0.003505372715657
0.003488697368333
0.003473696868398
0.003461102493755
0.003451513051923
0.003445366014827
0.003442917141061
0.003444229562204
0.003449172818799
0.003457431818561
0.003468525180748
0.003481831952488
0.003496625259557
0.003512111106995
0.003527470291225
0.003541901237509
0.003554661541464
0.003565106072387
0.003572719684553
0.003577142870681
0.003578189064385
0.003575852736438
0.003570307910926
0.003561897227079
0.003551112165458
0.003538565517974
0.003524957586241
0.003511037921024
0.003497564649811
0.003485263567105
0.003474789175682
0.003466689765136
0.003461378401028
0.003459111383995
0.003459975338960
0.003463883630435
0.003470582294999
0.003479665163087
0.003490597337190
0.003502745730220
0.003515414972061
0.003527886687025
0.003539459948198
0.003549490639027
0.003557427503844
0.003562842846244
0.003565456128893
0.003565149125266
0.003561971751462
0.003556138238154
0.003548013858562
0.003538092976132
0.003526969682932
0.003515302736417
0.003503776841534
0.003493062545851
