0.038847498306413
0.039263484485246
0.039680941741991
0.040099545078630
0.040518947797439
0.040938779932701
0.041358647667045
0.041778133796512
0.042196799261103
0.042614185708991
0.043029819014980
0.043443213629388
0.043853877594308
0.044261318032025
0.044665046886621
0.045064586685718
0.045459476085415
0.045849274968105
0.046233568879646
0.046611972618672
0.046984132825480
0.047349729459389
0.047708476100062
0.048060119057781
0.048404435328132
0.048741229475640
0.049070329576604
0.049391582391614
0.049704847971404
0.050009993924266
0.050306889588247
0.050595400356090
0.050875382395269
0.051146677989578
0.051409111703467
0.051662487536602
0.051906587195445
0.052141169562785
0.052365971396932
0.052580709241921
0.052785082480531
0.052978777415384
0.053161472221702
0.053332842580203
0.053492567771510
0.053640336995425
0.053775855670136
0.053898851468132
0.054009079857216
0.054106328935855
0.054190423381324
0.054261227365362
0.054318646333804
0.054362627592124
0.054393159686081
0.054410270613822
0.054414024950819
0.054404520010280
0.054381881197365
0.054346256744441
0.054297812035579
0.054236723740859
0.054163173984418
0.054077344764588
0.053979412830319
0.053869545196053
0.053747895448381
0.053614600963455
0.053469781115682
0.053313536517388
0.053145949287570
0.052967084307172
0.052776991380261
0.052575708186421
0.052363263880924
0.052139683176892
0.051904990728370
0.051659215625580
0.051402395813662
0.051134582253805
0.050855842660343
0.050566264668383
0.050265958312868
0.049955057730403
0.049633722028496
0.049302135301526
0.048960505807427
0.048609064352307
0.048248061960761
0.047877766936280
0.047498461437960
0.047110437715956
0.046713994158214
0.046309431304885
0.045897047984280
0.045477137715741
0.045049985510750
0.044615865184774
0.044175037269558
0.043727747589909
0.043274226541507
0.042814689078054
0.042349335388330
0.041878352217414
0.041401914762528
0.040920189053496
0.040433334711347
0.039941507966679
0.039444864812396
0.038943564163397
0.038437770898768
0.037927658669641
0.037413412367839
0.036895230166039
0.036373325058791
0.035847925854593
0.035319277591331
0.034787641369994
0.034253293623752
0.033716524860289
0.033177637934127
0.032636945921740
0.032094769685056
0.031551435218143
0.031007270877101
0.030462604594516
0.029917761177221
0.029373059779896
0.028828811637521
0.028285318127379
0.027742869216802
0.027201742336746
0.026662201704274
0.026124498099808
0.025588869088233
0.025055539657175
0.024524723231649
0.023996623012162
0.023471433573673
0.022949342655773
0.022430533070222
0.021915184650565
0.021403476169917
0.020895587156947
0.020391699546358
0.019891999108468
0.019396676612400
0.018905928688545
0.018419958367817
0.017938975287499
0.017463195565498
0.016992841356444
0.016528140113624
0.016069323590163
0.015616626620644
0.015170285730487
0.014730537624578
0.014297617608908
0.013871757999312
0.013453186569812
0.013042125089816
0.012638787994590
0.012243381227308
0.011856101283831
0.011477134483489
0.011106656480818
0.010744832024742
0.010391814963398
0.010047748484896
0.009712765577070
0.009386989682863
0.009070535522598
0.008763510050088
0.008466013506465
0.008178140533720
0.007899981309332
0.007631622663894
0.007373149145330
0.007124643995978
0.006886190012443
0.006657870262484
0.006439768638215
0.006231970230359
0.006034561514066
0.005847630342662
0.005671265751568
0.005505557580221
0.005350595925133
0.005206470441963
0.005073269518650
0.004951079345079
0.004839982907402
0.004740058936919
0.004651380844354
0.004574015670425
0.004508023082786
0.004453454447819
0.004410352003396
0.004378748155674
0.004358664919384
0.004350113516917
0.004353094147028
0.004367595929158
0.004393597024409
0.004431064929200
0.004479956932665
0.004540220724092
0.004611795132279
0.004694610974636
0.004788591990459
0.004893655830005
0.005009715069037
0.005136678217387
0.005274450689947
0.005422935709310
0.005582035111160
0.005751650026324
0.005931681417183
0.006122030450763
0.006322598696153
0.006533288139772
0.006754001018287
0.006984639475337
0.007225105054594
0.007475298047673
0.007735116720925
0.008004456449922
0.008283208794255
0.008571260548084
0.008868492803401
0.009174780063331
0.009489989441717
0.009813979982979
0.010146602132655
0.010487697384304
0.010837098122761
0.011194627677123
0.011560100589692
0.011933323099446
0.012314093830893
0.012702204671534
0.013097441813897
0.013499586931547
0.013908418452830
0.014323712891569
0.014745246190836
0.015172795034240
0.015606138079215
0.016045057068447
0.016489337778965
0.016938770773367
0.017393151924084
0.017852282689317
0.018315970127943
0.018784026650136
0.019256269510233
0.019732520058117
0.020212602774827
0.020696344126729
0.021183571280154
0.021674110724524
0.022167786856456
0.022664420579903
0.023163827977893
0.023665819109893
0.024170196985125
0.024676756756524
0.025185285172506
0.025695560314616
0.026207351638715
0.026720420326039
0.027234519938554
0.027749397361104
0.028264794001188
0.028780447206450
0.029296091850401
0.029811462029052
0.030326292805299
0.030840321934405
0.031353291502971
0.031864949415512
0.032375050667122
0.032883358347745
0.033389644332916
0.033893689627345
0.034395284340849
0.034894227290531
0.035390325238104
0.035883391786324
0.036373245973015
0.036859710614513
0.037342610461960
0.037821770243217
0.038297012669843
0.038768156492218
0.039235014686277
0.039697392852425
0.040155087900954
0.040607887089015
0.041055567462029
0.041497895737940
0.041934628656304
0.042365513796577
0.042790290851645
0.043208693324512
0.043620450598595
0.044025290316214
0.044422940986050
0.044813134729302
0.045195610066431
0.045570114642182
0.045936407786194
0.046294262810186
0.046643468950318
0.046983832874724
0.047315179691050
0.047637353406649
0.047950216814213
0.048253650797381
0.048547553073415
0.048831836412511
0.049106426394776
0.049371258785570
0.049626276626803
0.049871427155283
0.050106658668604
0.050331917463921
0.050547144974968
0.050752275227662
0.050947232724817
0.051131930856000
0.051306270909970
0.051470141745112
0.051623420148531
0.051765971888040
0.051897653434104
0.052018314302003
0.052127799939069
0.052225955058946
0.052312627305300
0.052387671112144
0.052450951617681
0.052502348483671
0.052541759473301
0.052569103647251
0.052584324050140
0.052587389777259
0.052578297334004
0.052557071226775
0.052523763753437
0.052478453992539
0.052421246022218
0.052352266430737
0.052271661209721
0.052179592147064
0.052076232858187
0.051961764610712
0.051836372108110
0.051700239401770
0.051553546098105
0.051396464017629
0.051229154446873
0.051051766101885
0.050864433894966
0.050667278565016
0.050460407197834
0.050243914627120
0.050017885671311
0.049782398127154
0.049537526409424
0.049283345698898
0.049019936438506
0.048747389001730
0.048465808348246
0.048175318480115
0.047876066517606
0.047568226226769
0.047252000850786
0.046927625123130
0.046595366371621
0.046255524657479
0.045908431930912
0.045554450223272
0.045193968933698
0.044827401303981
0.044455180207551
0.044077753405788
0.043695578445935
0.043309117389091
0.042918831563158
0.042525176534173
0.042128597479967
0.041729525133064
0.041328372435770
0.040925532020509
0.040521374593921
0.040116248265428
0.039710478821571
0.039304370908089
0.038898210044078
0.038492265358358
