0.134015984769339
0.133765289371628
0.133453745804803
0.133097290859305
0.132714199994672
0.132324210377561
0.131947568473722
0.131604048763804
0.131311991560500
0.131087406925189
0.130943188374845
0.130888474611602
0.130928190183980
0.131062787178738
0.131288200197191
0.131596016488657
0.131973852718117
0.132405919950462
0.132873749523199
0.133357044979406
0.133834619491316
0.134285374476257
0.134689273539270
0.135028266509214
0.135287121096278
0.135454124415398
0.135521623027530
0.135486377910777
0.135349719491693
0.135117497116652
0.134799826684284
0.134410649163695
0.133967120989958
0.133488864506056
0.132997112418605
0.132513784434047
0.132060536702051
0.131657825353261
0.131324024298101
0.131074634645819
0.130921618768359
0.130872886390139
0.130931953395531
0.131097786608159
0.131364839927623
0.131723279235646
0.132159385726054
0.132656120076539
0.133193823443370
0.133751025865627
0.134305328512041
0.134834323439682
0.135316513253316
0.135732193293245
0.136064260715006
0.136298917975790
0.136426242674172
0.136440601216371
0.136340890175442
0.136130596206969
0.135817672699985
0.135414238676664
0.134936112510790
0.134402199527937
0.133833758219935
0.133253574428712
0.132685076253001
0.132151424482121
0.131674613999484
0.131274620821556
0.130968627302504
0.130770354654470
0.130689527472128
0.130731489612834
0.130896984805886
0.131182109000393
0.131578434971759
0.132073303346652
0.132650268213970
0.133289680076677
0.133969384244557
0.134665509010313
0.135353315188012
0.136008076878951
0.136605962679607
0.137124886936891
0.137545302031604
0.137850904949982
0.138029234481462
0.138072139139789
0.137976100214607
0.137742399086463
0.137377122941451
0.136891008163923
0.136299125829805
0.135620418734042
0.134877104132161
0.134093960730163
0.133297522296658
0.132515203481275
0.131774385897949
0.131101494178573
0.130521092445502
0.130055031436898
0.129721675318182
0.129535235028555
0.129505231879240
0.129636111111961
0.129927020351067
0.130371762484709
0.130958926665872
0.131672195035905
0.132490816662762
0.133390234285583
0.134342843997045
0.135318863194762
0.136287278189729
0.137216839937867
0.138077074582953
0.138839274941031
0.139477439740415
0.139969129327192
0.140296209571147
0.140445459730630
0.140409024886090
0.140184699027240
0.139776030753506
0.139192249585991
0.138448016857968
0.137563010827199
0.136561360837011
0.135470949872760
0.134322608580794
0.133149226642263
0.131984809268596
0.130863507493833
0.129818650903012
0.128881810510071
0.128081917765539
0.127444463237157
0.126990795484115
0.126737537165385
0.126696131615466
0.126872529116046
0.127267018013366
0.127874201793837
0.128683119339546
0.129677501933642
0.130836157254023
0.132133467649906
0.133539987495445
0.135023122399963
0.136547871556076
0.138077613542818
0.139574915475772
0.141002345502816
0.142323269261703
0.143502612011236
0.144507569675652
0.145308253945030
0.145878258786193
0.146195138163486
0.146240787366586
0.146001723010042
0.145469259424016
0.144639581719759
0.143513718215630
0.142097417089649
0.140400934034830
0.138438739300351
0.136229153786483
0.133793924820439
0.131157752883235
0.128347780905832
0.125393057835582
0.122323988026737
0.119171777668784
0.115967888969707
0.112743512190167
0.109529064904993
0.106353727068665
0.103245019592280
0.100228433203823
0.097327113358913
0.094561605889137
0.091949666912580
0.089506139281358
0.087242896503861
0.085168853663164
0.083290043374861
0.081609753315587
0.080128720345973
0.078845374796609
0.077756127137344
0.076855688067663
0.076137412107390
0.075593654086960
0.075216127580717
0.074996254328300
0.074925494065650
0.074995644937751
0.075199105769976
0.075529092894910
0.075979805910495
0.076546538612459
0.077225733318021
0.078014978791912
0.078912953912394
0.079919320991865
0.081034574221318
0.082259849982089
0.083596706721244
0.085046882697261
0.086612040169045
0.088293504541632
0.090092006630916
0.092007435615647
0.094038609465517
0.096183068731376
0.098436898619504
0.100794583303282
0.103248895500423
0.105790823498512
0.108409537067686
0.111092393065054
0.113824981004286
0.116591208418025
0.119373425452689
0.122152587772476
0.124908456476932
0.127619833322743
0.130264829059040
0.132821162119753
0.135266484260911
0.137578728992056
0.139736477848978
0.141719338720504
0.143508329615909
0.145086260488644
0.146438105067000
0.147551354132988
0.148416341383177
0.149026532938120
0.149378771769246
0.149473468800118
0.149314733217090
0.148910435582453
0.148272198659872
0.147415312403376
0.146358571285427
0.145124033997112
0.143736707490677
0.142224159295527
0.140616063968393
0.138943691382710
0.137239346271633
0.135535769968022
0.133865516592038
0.132260316987558
0.130750444471405
0.129364096909259
0.128126809748011
0.127060914401216
0.126185055791972
0.125513781902706
0.125057216867628
0.124820827483158
0.124805291026653
0.125006469996398
0.125415496860846
0.126018969187876
0.126799252683139
0.127734886777666
0.128801084554600
0.129970316084440
0.131212961740312
0.132498019880512
0.133793851498932
0.135068943128366
0.136292668495216
0.137436029206491
0.138472355119684
0.139377945999128
0.140132637571532
0.140720277109966
0.141129096131043
0.141351970599967
0.141386562106477
0.141235336698011
0.140905461330212
0.140408581117243
0.139760483641586
0.138980659432370
0.138091770274392
0.137119039213852
0.136089577944041
0.135031668662464
0.133974018480656
0.132945005040282
0.131971932152563
0.131080314045863
0.130293206193380
0.129630599714638
0.129108895014677
0.128740468656294
0.128533345465641
0.128490985563934
0.128612193415643
0.128891153111497
0.129317590998177
0.129877063473799
0.130551364352733
0.131319042744257
0.132156018982105
0.133036282895113
0.133932655741941
0.134817594569938
0.135664015723127
0.136446112832919
0.137140143977986
0.137725162874430
0.138183670002753
0.138502161508092
0.138671556500531
0.138687486968973
0.138550438801806
0.138265737241051
0.137843375313452
0.137297689188183
0.136646889797528
0.135912465210158
0.135118472957615
0.134290745589826
0.133456036006065
0.132641131437058
0.131871966244575
0.131172763901751
0.130565237610862
0.130067877039552
0.129695345688339
0.129458009555628
0.129361613187626
0.129407114060664
0.129590680730945
0.129903854500280
0.130333868686117
0.130864114146239
0.131474734676956
0.132143331446454
0.132845751888677
0.133556935589422
0.134251787739314
0.134906049772630
0.135497136889934
0.136004913278061
0.136412377962924
0.136706237297076
0.136877344002003
0.136920987333227
0.136837024165174
0.136629846430585
0.136308186204150
0.135884765587084
0.135375804215866
0.134800402472174
0.134179823108252
0.133536697835399
0.132894188291661
0.132275132580124
0.131701209164189
0.131192149280124
0.130765027188987
0.130433654600391
0.130208101570115
0.130094361259684
0.130094170345942
0.130204990811279
0.130420152580770
0.130729150260323
0.131118081326879
0.131570207769435
0.132066618593249
0.132586966958336
0.133110253162186
0.133615623281097
0.134083153088484
0.134494587853859
0.134834010725646
0.135088415503920
0.135248163567674
0.135307309359363
0.135263783951962
0.135119431625452
0.134879899854673
0.134554388459668
0.134155268708628
0.133697587726656
0.133198477509493
0.132676491054056
0.132150890509163
0.131640913759307
