0.033130042883134
0.033065612157969
0.032997012288561
0.032928136529058
0.032862968618802
0.032805357951387
0.032758798557651
0.032726224486271
0.032709833421737
0.032710948957599
0.032729929914376
0.032766132562659
0.032817928718345
0.032882779576261
0.032957362011962
0.033037741084714
0.033119579787532
0.033198374867507
0.033269705912508
0.033329483967811
0.033374185770284
0.033401060288285
0.033408295609500
0.033395136260644
0.033361943667167
0.033310195528450
0.033242423228470
0.033162089839767
0.033073414618577
0.032981152942914
0.032890343239073
0.032806034424845
0.032733008651958
0.032675514577703
0.032637026002603
0.032620039490657
0.032625922600600
0.032654821704253
0.032705635192527
0.032776054342821
0.032862670435969
0.032961143069400
0.033066421217360
0.033173005628101
0.033275238787796
0.033367607055142
0.033445038772447
0.033503182236694
0.033538648367450
0.033549204689554
0.033533909763602
0.033493180312579
0.033428786841805
0.033343777341371
0.033242332491732
0.033129559458616
0.033011234666155
0.032893508700279
0.032782588570290
0.032684413834109
0.032604343504034
0.032546870172735
0.032515376458785
0.032511946737499
0.032537244308268
0.032590460800932
0.032669340915697
0.032770281716333
0.032888501855576
0.033018272502946
0.033153198554284
0.033286536092379
0.033411530172248
0.033521755918802
0.033611445702994
0.033675785815220
0.033711167547037
0.033715379847476
0.033687733622763
0.033629111150706
0.033541937810912
0.033430077201229
0.033298654524910
0.033153816701005
0.033002440794661
0.032851804928563
0.032709237695641
0.032581763156406
0.032475758721903
0.032396642588141
0.032348605935284
0.032334402910723
0.032355208592052
0.032410551816635
0.032498326135160
0.032614878377845
0.032755170599615
0.032913007676566
0.033081319728694
0.033252485990348
0.033418684858431
0.033572253703105
0.033706041672877
0.033813739172002
0.033890168900439
0.033931525255595
0.033935551398519
0.033901646256014
0.033830897015393
0.033726036109416
0.033591325120783
0.033432371298378
0.033255885323414
0.033069391464114
0.032880903208526
0.032698578791594
0.032530371691133
0.032383691146842
0.032265087077531
0.032179972484278
0.032132394607033
0.032124863846022
0.032158246879548
0.032231727628394
0.032342836859686
0.032487548412915
0.032660437383458
0.032854893217580
0.033063378644239
0.033277723761112
0.033489443451952
0.033690065665287
0.033871457934940
0.034026139855276
0.034147570004947
0.034230396993358
0.034270665822866
0.034265972546694
0.034215562181641
0.034120366927708
0.033982983875855
0.033807593476182
0.033599822023105
0.033366553230931
0.033115695570628
0.032855913374965
0.032596330763336
0.032346218169132
0.032114671661485
0.031910295339615
0.031740896851072
0.031613205562226
0.031532622115151
0.031503007070079
0.031526515092620
0.031603479739144
0.031732352364328
0.031909697065452
0.032130241933104
0.032386985241724
0.032671353628979
0.032973407821853
0.033282090108145
0.033585506560577
0.033871236028367
0.034126657145019
0.034339284082985
0.034497101531547
0.034588889393327
0.034604527989542
0.034535275129607
0.034374007224314
0.034115417683051
0.033756167106288
0.033294981229404
0.032732694150579
0.032072236036216
0.031318566189734
0.030478554038457
0.029560812182451
0.028575487103287
0.027534014397713
0.026448846434475
0.025333161092694
0.024200560697604
0.023064770405345
0.021939345096463
0.020837393324366
0.019771326050005
0.018752636809733
0.017791718653623
0.016897721709995
0.016078453639788
0.015340323607609
0.014688328782577
0.014126080857954
0.013655868705915
0.013278752117280
0.012994680660155
0.012802631058666
0.012700756162325
0.012686538552676
0.012756942107054
0.012908555386482
0.013137721500518
0.013440650081058
0.013813508116752
0.014252487602500
0.014753849185399
0.015313942182042
0.015929202449115
0.016596130563481
0.017311253571985
0.018071074178194
0.018872011627231
0.019710338726541
0.020582119406222
0.021483150993893
0.022408914980590
0.023354539516950
0.024314776238250
0.025283993309987
0.026256185849687
0.027225004150215
0.028183799435931
0.029125686250961
0.030043620027865
0.030930487927556
0.031779210683372
0.032582852923296
0.033334739278829
0.034028573507065
0.034658557841217
0.035219509830110
0.035706974014628
0.036117325905827
0.036447865864801
0.036696900630939
0.036863810399304
0.036949099509536
0.036954428981875
0.036882629327341
0.036737692278234
0.036524740342143
0.036249973388141
0.035920591836865
0.035544696453259
0.035131165234699
0.034689508446036
0.034229703469396
0.033762011797166
0.033296781182384
0.032844236647404
0.032414264710087
0.032016195784571
0.031658590216490
0.031349033785988
0.031093948723495
0.030898426304296
0.030766086895786
0.030698972910905
0.030697479466901
0.030760326665105
0.030884576310616
0.031065694608126
0.031297660939444
0.031573121297618
0.031883583377857
0.032219648768600
0.032571276212300
0.032928068580293
0.033279575092114
0.033615599463458
0.033926504136254
0.034203500564755
0.034438915725085
0.034626425588431
0.034761247239986
0.034840282609847
0.034862208366070
0.034827508346998
0.034738446911249
0.034598983681680
0.034414632270977
0.034192267616265
0.033939888435293
0.033666342970257
0.033381027539355
0.033093568415581
0.032813498156475
0.032549937693972
0.032311295253727
0.032104992519935
0.031937227422812
0.031812781545392
0.031734878480975
0.031705097589712
0.031723345577491
0.031787886230993
0.031895426569457
0.032041255693061
0.032219430791523
0.032423003187716
0.032644275982733
0.032875083881959
0.033107085144214
0.033332055322543
0.033542172556892
0.033730284624081
0.033890148725759
0.034016636066496
0.034105894599132
0.034155464843168
0.034164345359408
0.034133006232111
0.034063350709023
0.033958626920745
0.033823293287089
0.033662842766147
0.033483592463514
0.033292446252783
0.033096638929422
0.032903471002183
0.032720043501732
0.032553002147061
0.032408299857597
0.032290985943750
0.032205029370945
0.032153182301090
0.032136888708208
0.032156241286091
0.032209988166112
0.032295589198150
0.032409319775615
0.032546418467006
0.032701273110952
0.032867638596800
0.033038878341673
0.033208220534467
0.033369019586665
0.033515012938351
0.033640563433968
0.033740877912424
0.033812193443464
0.033851923767226
0.033858759923467
0.033832720745949
0.033775150788833
0.033688665279163
0.033577043777813
0.033445076300868
0.033298367621645
0.033143107258710
0.032985814179161
0.032833066438758
0.032691226780953
0.032566175579626
0.032463062405425
0.032386086912198
0.032338318687138
0.032321564215986
0.032336287233472
0.032381586529100
0.032455232846534
0.032553763952296
0.032672634367275
0.032806413769077
0.032949025800425
0.033094017069485
0.033234844601059
0.033365168976013
0.033479139941356
0.033571661421345
0.033638623619182
0.033677091248295
0.033685438821448
0.033663426276865
0.033612210930182
0.033534294686171
0.033433408486706
0.033314338965455
0.033182705078270
0.033044694940869
0.032906775105867
0.032775385943706
0.032656637577484
0.032556020912025
0.032478147678948
0.032426532113584
0.032403424942897
0.032409707885271
0.032444853960627
0.032506955723302
0.032592820216648
0.032698126171750
0.032817635897106
0.032945451586845
0.033075303550891
0.033200856256103
0.033316017147641
0.033415233044919
