0.348341741920381
0.348670367296509
0.348998614212983
0.349326777898030
0.349655160873897
0.349984062076837
0.350313769580805
0.350644557297887
0.350976685600701
0.351310405386779
0.351645964724586
0.351983616924437
0.352323628696651
0.352666287014482
0.353011903398927
0.353360814580060
0.353713378845071
0.354069967824307
0.354430953951488
0.354796694315137
0.355167512046749
0.355543676721792
0.355925385446366
0.356312746339680
0.356705765992396
0.357104342189641
0.357508262759939
0.357917210885507
0.358330776636072
0.358748473923897
0.359169761580532
0.359594066878741
0.360020809608965
0.360449424795285
0.360879382309233
0.361310201997700
0.361741463450008
0.362172810136861
0.362603948295412
0.363034641537025
0.363464702645682
0.363893984350958
0.364322370952605
0.364749772517830
0.365176122969518
0.365601382763722
0.366025546077183
0.366448651572603
0.366870794981149
0.367292141045711
0.367712931909160
0.368133488898050
0.368554204906783
0.368975525256413
0.369397915969481
0.369821819805077
0.370247602029248
0.370675489608655
0.371105509135793
0.371537430133558
0.371970721260230
0.372404527180460
0.372837673359870
0.373268704715656
0.373695961915892
0.374117696247747
0.374532220528479
0.374938089744769
0.375334301267085
0.375720500927667
0.376097178319904
0.376465832706601
0.376829090205410
0.377190753669920
0.377555769026185
0.377930095762995
0.378320474688481
0.378734092706369
0.379178151863030
0.379659357801816
0.380183350491501
0.380754107093107
0.381373352520190
0.382040017106389
0.382749782386741
0.383494755019188
0.384263305173398
0.385040099327323
0.385806348556964
0.386540282482953
0.387217846612334
0.387813607581449
0.388301837551625
0.388657736559219
0.388858740787147
0.388885856249334
0.388724951884516
0.388367943999012
0.387813805637028
0.387069339829355
0.386149664586269
0.385078369549184
0.383887318792221
0.382616090604477
0.381311062307508
0.380024165333297
0.378811351967442
0.377730829468853
0.376841128939505
0.376199084720372
0.375857804808333
0.375864713612108
0.376259745304479
0.377073759308520
0.378327239500673
0.380029326110436
0.382177214758119
0.384755941389681
0.387738555860772
0.391086671390653
0.394751362784802
0.398674373842544
0.402789584218248
0.407024678532011
0.411302955905122
0.415545216341923
0.419671661356846
0.423603749687297
0.427265954469721
0.430587375444050
0.433503168107461
0.435955760769231
0.437895839693546
0.439283091530326
0.440086700664689
0.440285606680547
0.439868533633266
0.438833808144127
0.437188987426831
0.434950321262023
0.432142073731810
0.428795731333543
0.424949124054903
0.420645485263517
0.415932474993814
0.410861189538305
0.405485178287652
0.399859486608628
0.394039741274624
0.388081292621610
0.382038425230725
0.375963646562321
0.369907060606583
0.363915831292493
0.358033738134333
0.352300824422523
0.346753136219450
0.341422548542819
0.336336673453052
0.331518843350966
0.326988161675802
0.322759612400674
0.318844219269247
0.315249245603497
0.311978425721844
0.309032219505467
0.306408082389753
0.304100743976520
0.302102489492967
0.300403439394486
0.298991823452983
0.297854246630761
0.296975944865534
0.296341029553064
0.295932719996678
0.295733563400220
0.295725642132393
0.295890768017346
0.296210663349855
0.296667128237815
0.297242193784010
0.297918260571803
0.298678221943844
0.299505571676848
0.300384495862067
0.301299949090048
0.302237715389315
0.303184454749565
0.304127736436600
0.305056060640176
0.305958870254442
0.306826554745655
0.307650448097382
0.308422822732981
0.309136881106876
0.309786746348272
0.310367452961894
0.310874938175433
0.311306034110440
0.311658460579379
0.311930818008879
0.312122579781481
0.312234083189259
0.312266518204272
0.312221913382949
0.312103118414331
0.311913783066929
0.311658332553532
0.311341939582896
0.310970493571282
0.310550567619555
0.310089383906872
0.309594778104028
0.309075163273142
0.308539493511591
0.307997227340274
0.307458290559794
0.306933038034646
0.306432213646296
0.305966907506809
0.305548509464691
0.305188657971837
0.304899183513996
0.304692046023981
0.304579265976118
0.304572849173766
0.304684705557809
0.304926562651059
0.305309874483367
0.305845726993948
0.306544740967865
0.307416973532083
0.308471819121036
0.309717910642086
0.311163021353484
0.312813967744033
0.314676513507176
0.316755274564169
0.319053625036439
0.321573604113476
0.324315823915860
0.327279378708610
0.330461756162014
0.333858751759968
0.337464387887151
0.341270839549543
0.345268369060857
0.349445272327242
0.353787839556088
0.358280333284447
0.362904986559638
0.367642023912186
0.372469707451929
0.377364410012682
0.382300716795975
0.387251556448664
0.392188361981498
0.397081261419624
0.401899297590355
0.406610676008094
0.411183039412821
0.415583767150711
0.419780297240047
0.423740468625417
0.427432880769437
0.430827267347000
0.433894880380229
0.436608880677869
0.438944729924987
0.440880579221798
0.442397648317280
0.443480589256054
0.444117827692757
0.444301874767342
0.444029602216129
0.443302473352992
0.442126722719757
0.440513477593244
0.438478815154469
0.436043749967959
0.433234147468605
0.430080560382703
0.426617986383983
0.422885546764569
0.418926087443044
0.414785705196838
0.410513203556770
0.406159484306009
0.401776881958909
0.397418449937526
0.393137208401480
0.388985364809775
0.385013519292328
0.381269867774452
0.377799416516646
0.374643222286805
0.371837672749366
0.369413821806457
0.367396794526367
0.365805275908103
0.364651097021643
0.363938930999411
0.363666109911731
0.363822571724317
0.364390944312058
0.365346770909895
0.366658878457338
0.368289887096337
0.370196855688405
0.372332054718855
0.374643854456917
0.377077712853066
0.379577244493882
0.382085349112367
0.384545375774364
0.386902297022057
0.389103866032759
0.391101729304506
0.392852467549243
0.394318538378024
0.395469095997968
0.396280665484695
0.396737652204373
0.396832670576635
0.396566680517884
0.395948924494090
0.394996663040672
0.393734711761314
0.392194788073855
0.390414681198855
0.388437263946704
0.386309369609786
0.384080561563024
0.381801826876199
0.379524228207188
0.377297550350348
0.375168978946502
0.373181848931488
0.371374499245295
0.369779268114436
0.368421659862945
0.367319709750835
0.366483567874693
0.365915316826830
0.365609030773622
0.365551076092577
0.365720645945142
0.366090513424653
0.366627980485722
0.367295993013296
0.368054386398329
0.368861221101446
0.369674164121702
0.370451870217163
0.371155316266199
0.371749043373305
0.372202264206420
0.372489797534296
0.372592797877453
0.372499255398924
0.372204249390403
0.371709947659173
0.371025353459217
0.370165810982053
0.369152289465215
0.368010474331279
0.366769701099319
0.365461773809453
0.364119714112712
0.362776489802976
0.361463772276094
0.360210771136252
0.359043190956803
0.357982350145979
0.357044495151340
0.356240335117216
0.355574812908303
0.355047118504975
0.354650940573909
0.354374941956550
0.354203435335338
0.354117226854643
0.354094588377463
0.354112313680960
0.354146810496485
0.354175179058741
0.354176228824586
0.354131388233308
0.354025467680141
0.353847243035632
0.353589835744217
0.353250875373738
0.352832441000149
0.352340788491487
0.351785881079928
0.351180750065746
0.350540720603536
0.349882543860872
0.349223481078952
0.348580386973521
0.347968839380467
