0.018594566194671
0.018610452152007
0.018626023024972
0.018641298048034
0.018656300259872
0.018671055917071
0.018685593731644
0.018699943967989
0.018714137443876
0.018728204486829
0.018742173901210
0.018756072002262
0.018769921771068
0.018783742178914
0.018797547721181
0.018811348189931
0.018825148701458
0.018838949980913
0.018852748891412
0.018866539180782
0.018880312405920
0.018894058983681
0.018907769308733
0.018921434873647
0.018935049324950
0.018948609391137
0.018962115624660
0.018975572909520
0.018988990698695
0.019002382960629
0.019015767830604
0.019029166980029
0.019042604733515
0.019056106979125
0.019069699930386
0.019083408808716
0.019097256521203
0.019111262410682
0.019125441152587
0.019139801866115
0.019154347496188
0.019169074507977
0.019183972918263
0.019199026668498
0.019214214324278
0.019229510066179
0.019244884918729
0.019260308148770
0.019275748752731
0.019291176944936
0.019306565556884
0.019321891260423
0.019337135536133
0.019352285321483
0.019367333290971
0.019382277741409
0.019397122078809
0.019411873927498
0.019426543905859
0.019441144135008
0.019455686565352
0.019470181220296
0.019484634465191
0.019499047412433
0.019513414569921
0.019527722829946
0.019541950879378
0.019556069090435
0.019570039925473
0.019583818860465
0.019597355801713
0.019610596940518
0.019623486962792
0.019635971506557
0.019647999741487
0.019659526932293
0.019670516842861
0.019680943841031
0.019690794574993
0.019700069110986
0.019708781447622
0.019716959353454
0.019724643509802
0.019731885978496
0.019738748052069
0.019745297579867
0.019751605895565
0.019757744497640
0.019763781652980
0.019769779103531
0.019775789056088
0.019781851625528
0.019787992882331
0.019794223626845
0.019800538976751
0.019806918812324
0.019813329078497
0.019819723895869
0.019826048387100
0.019832242083306
0.019838242739384
0.019843990359905
0.019849431220010
0.019854521659886
0.019859231437548
0.019863546442743
0.019867470604319
0.019871026862842
0.019874257127958
0.019877221193357
0.019879994638601
0.019882665803402
0.019885331973080
0.019888094960966
0.019891056311499
0.019894312374559
0.019897949515153
0.019902039722009
0.019906636863385
0.019911773808973
0.019917460594362
0.019923683751031
0.019930406862942
0.019937572343645
0.019945104358886
0.019952912752799
0.019960897774639
0.019968955351046
0.019976982609366
0.019984883332876
0.019992573020837
0.019999983235885
0.020007064948458
0.020013790631534
0.020020154917228
0.020026173696585
0.020031881621987
0.020037328053504
0.020042571571995
0.020047673258078
0.020052689002785
0.020057661168798
0.020062609957046
0.020067524849792
0.020072356496367
0.020077009381295
0.020081335567414
0.020085129740971
0.020088125704842
0.020089994374347
0.020090343232922
0.020088717107884
0.020084600036022
0.020077417910732
0.020066541542857
0.020051289731215
0.020030931930256
0.020004690123919
0.019971739568001
0.019931208147488
0.019882174208201
0.019823662859528
0.019754640901298
0.019674010695533
0.019580603474463
0.019473172740307
0.019350388560025
0.019210833679622
0.019053002468279
0.018875303744146
0.018676068524193
0.018453563675052
0.018206012317587
0.017931621654941
0.017628618654581
0.017295293724971
0.016930052195084
0.016531473040961
0.016098373920897
0.015629881194580
0.015125503227746
0.014585204939530
0.014009481251461
0.013399426861036
0.012756799603570
0.012084074595980
0.011384486384835
0.010662056454680
0.009921603693665
0.009168735760236
0.008409819741118
0.007651931026997
0.006902779943964
0.006170616348263
0.005464113098284
0.004792230037894
0.004164060834063
0.003588665683974
0.003074893516783
0.002631197838947
0.002265450787452
0.001984760243479
0.001795295004871
0.001702123008837
0.001709067431097
0.001818585164193
0.002031671701534
0.002347795836033
0.002764866839229
0.003279235939718
0.003885732993816
0.004577738265082
0.005347288233566
0.006185213372449
0.007081304891374
0.008024506583350
0.009003127154782
0.010005067791670
0.011018059241084
0.012029902382278
0.013028706137449
0.014003116633186
0.014942531768949
0.015837295771093
0.016678868896644
0.017459968181302
0.018174675977327
0.018818513971180
0.019388481377340
0.019883057040707
0.020302166212023
0.020647113755468
0.020920486473563
0.021126028062612
0.021268490916911
0.021353469560942
0.021387220890088
0.021376476631989
0.021328253498461
0.021249666383755
0.021147749686514
0.021029291403322
0.020900684079143
0.020767796026502
0.020635865466356
0.020509419427006
0.020392218392181
0.020287226844781
0.020196609037053
0.020121748557817
0.020063289586430
0.020021197141859
0.019994833169522
0.019983044970037
0.019984262269187
0.019996599158883
0.020017957201470
0.020046126176325
0.020078879246404
0.020114059717520
0.020149657036078
0.020183870201309
0.020215157333666
0.020242270719949
0.020264277225935
0.020280564508469
0.020290833952458
0.020295081688205
0.020293569398150
0.020286786890098
0.020275408590717
0.020260246196670
0.020242199712934
0.020222209013961
0.020201207891592
0.020180082315057
0.020159634336058
0.020140552740218
0.020123391190643
0.020108554245399
0.020096291273501
0.020086697957723
0.020079724769595
0.020075191543041
0.020072807066426
0.020072192464039
0.020072907050322
0.020074475313759
0.020076413720175
0.020078256112635
0.020079576620620
0.020080009166399
0.020079262861896
0.020077132814609
0.020073506095405
0.020068362853865
0.020061772788137
0.020053887377012
0.020044928454385
0.020035173844213
0.020024940873226
0.020014568636382
0.020004399905818
0.019994763549151
0.019985958260246
0.019978238309665
0.019971801898485
0.019966782554896
0.019963243855154
0.019961177586739
0.019960505309471
0.019961083117022
0.019962709263172
0.019965134199901
0.019968072482206
0.019971215930713
0.019974247409179
0.019976854570391
0.019978742949608
0.019979647837312
0.019979344439234
0.019977655927123
0.019974459093442
0.019969687441768
0.019963331666423
0.019955437594231
0.019946101773053
0.019935464991149
0.019923704094432
0.019911022532266
0.019897640104355
0.019883782400496
0.019869670421339
0.019855510842885
0.019841487342062
0.019827753338176
0.019814426428588
0.019801584710707
0.019789265090281
0.019777463582581
0.019766137522404
0.019755209515022
0.019744572886679
0.019734098333031
0.019723641419233
0.019713050557743
0.019702175080034
0.019690873026095
0.019679018300096
0.019666506880071
0.019653261821926
0.019639236860575
0.019624418480547
0.019608826401634
0.019592512498681
0.019575558245147
0.019558070834559
0.019540178189683
0.019522023113982
0.019503756871960
0.019485532503325
0.019467498180043
0.019449790905519
0.019432530832241
0.019415816439507
0.019399720768293
0.019384288858131
0.019369536473540
0.019355450147821
0.019341988512551
0.019329084824574
0.019316650551030
0.019304579829205
0.019292754583391
0.019281050056840
0.019269340504053
0.019257504787375
0.019245431631881
0.019233024313141
0.019220204582513
0.019206915672471
0.019193124268403
0.019178821381165
0.019164022104272
0.019148764288777
0.019133106215476
0.019117123386098
0.019100904590967
0.019084547438710
0.019068153553068
0.019051823651986
0.019035652724755
0.019019725514284
0.019004112494109
0.018988866504601
0.018974020181122
0.018959584270257
0.018945546890344
0.018931873751121
0.018918509306247
0.018905378773470
