0.030503006102418
0.030467157317993
0.030448102388086
0.030446969714602
0.030464184904996
0.030499444199958
0.030551717136984
0.030619278619714
0.030699769356152
0.030790282459008
0.030887472917811
0.030987685700717
0.031087097463823
0.031181866269696
0.031268283368380
0.031342920987126
0.031402770213406
0.031445363432786
0.031468876382916
0.031472205681874
0.031455018650668
0.031417773336404
0.031361707810858
0.031288799022248
0.031201692668416
0.031103606691089
0.030998212019543
0.030889495078758
0.030781607288471
0.030678707289109
0.030584801919727
0.030503592031833
0.030438329049858
0.030391687791348
0.030365660453323
0.030361475878859
0.030379547269911
0.030419450444289
0.030479933586694
0.030558958258544
0.030653770253432
0.030760997758293
0.030876773246961
0.030996874631473
0.031116880461154
0.031232333418122
0.031338906030928
0.031432562428492
0.031509710088451
0.031567335893146
0.031603121379588
0.031615532835827
0.031603882826452
0.031568360789682
0.031510031497563
0.031430801365824
0.031333353795459
0.031221055878870
0.031097839865573
0.030968063715854
0.030836355840135
0.030707449698224
0.030586014295023
0.030476486744571
0.030382912978711
0.030308802355052
0.030257001385131
0.030229591079547
0.030227811521536
0.030252016268866
0.030301658085703
0.030375306363491
0.030470695446344
0.030584801974906
0.030713948343385
0.030853928464301
0.031000151285601
0.031147796930208
0.031291979946574
0.031427913980414
0.031551072204785
0.031657338072477
0.031743141368497
0.031805575121980
0.031842489661237
0.031852560933427
0.031835331129193
0.031791220617969
0.031721511176843
0.031628301450742
0.031514436482147
0.031383413965591
0.031239270590653
0.031086452416631
0.030929673657160
0.030773768533886
0.030623540980545
0.030483616943442
0.030358303837654
0.030251461391197
0.030166387657010
0.030105723413577
0.030071377530647
0.030064475170240
0.030085329949363
0.030133440434447
0.030207510592795
0.030305493116255
0.030424653878129
0.030561655204473
0.030712655150844
0.030873419587237
0.031039443615535
0.031206078679599
0.031368661678433
0.031522642454320
0.031663706193356
0.031787887535484
0.031891673532069
0.031972092996504
0.032026790251182
0.032054081765285
0.032052994685337
0.032023286767852
0.031965447715447
0.031880682380917
0.031770876726602
0.031638547799890
0.031486779303457
0.031319144597050
0.031139619164998
0.030952484721117
0.030762227203316
0.030573430938474
0.030390671239806
0.030218407640248
0.030060879872918
0.029922008589763
0.029805302667807
0.029713774793771
0.029649866846116
0.029615386411361
0.029611455580510
0.029638472972156
0.029696089721331
0.029783199956757
0.029897946063361
0.030037738791169
0.030199292026331
0.030378671785901
0.030571358737354
0.030772323279992
0.030976111962867
0.031176943758688
0.031368814472053
0.031545607340995
0.031701207701429
0.031829619432528
0.031925080795295
0.031982177223203
0.031995948628425
0.031961988853501
0.031876535028246
0.031736544784636
0.031539759535644
0.031284752332340
0.030970959169523
0.030598693004473
0.030169140174862
0.029684339338148
0.029147143492762
0.028561166067538
0.027930712466955
0.027260698823273
0.026556560021241
0.025824149316936
0.025069632061679
0.024299376159232
0.023519841926353
0.022737473992468
0.021958597765421
0.021189322810843
0.020435455249006
0.019702420973048
0.018995201146106
0.018318281053184
0.017675612978700
0.017070593365150
0.016506054095098
0.015984267340364
0.015506963050805
0.015075357821562
0.014690193591797
0.014351784397908
0.014060069236295
0.013814668989115
0.013614945333270
0.013460059587724
0.013349029554762
0.013280782572255
0.013254203209562
0.013268174300964
0.013321610307229
0.013413482316892
0.013542834332064
0.013708790816666
0.013910555805805
0.014147404171973
0.014418665906449
0.014723704493736
0.015061890626047
0.015432572618916
0.015835044945382
0.016268516304943
0.016732078587007
0.017224677981682
0.017745089340310
0.018291894702862
0.018863466699095
0.019457957306078
0.020073292217389
0.020707170859885
0.021357071892320
0.022020263845128
0.022693820419171
0.023374639858142
0.024059467747059
0.024744922568063
0.025427523362200
0.026103718897541
0.026769917823542
0.027422519390870
0.028057944426316
0.028672666364228
0.029263242240007
0.029826343638873
0.030358787656973
0.030857567966131
0.031319886074468
0.031743182841202
0.032125170236089
0.032463863235399
0.032757611622400
0.033005131318438
0.033205534719398
0.033358359361652
0.033463594101488
0.033521701872872
0.033533637999489
0.033500862986770
0.033425348714735
0.033309576997460
0.033156529572504
0.032969668733294
0.032752908017063
0.032510572605322
0.032247349375973
0.031968226856928
0.031678425659880
0.031383320307852
0.031088353698954
0.030798945758733
0.030520398112393
0.030257796844461
0.030015915596973
0.029799121379270
0.029611285516507
0.029455702145305
0.029335016571797
0.029251165639820
0.029205332018155
0.029197914010896
0.029228512131623
0.029295933269935
0.029398212829281
0.029532654740921
0.029695888774067
0.029883944081391
0.030092337456910
0.030316174354118
0.030550260329959
0.030789220257343
0.031027622396171
0.031260104239391
0.031481496962870
0.031686945309848
0.031872019833765
0.032032818605487
0.032166055758015
0.032269134586194
0.032340203330935
0.032378192244807
0.032382831044392
0.032354646389161
0.032294939570261
0.032205745128798
0.032089771635547
0.031950326336779
0.031791225789907
0.031616694965707
0.031431257570891
0.031239620538776
0.031046555742265
0.030856782001178
0.030674850386871
0.030505035675658
0.030351236576072
0.030216887062818
0.030104880803688
0.030017510277109
0.029956421760645
0.029922586937994
0.029916291436886
0.029937140184957
0.029984079066233
0.030055431986714
0.030148952121468
0.030261885823590
0.030391047431307
0.030532903015749
0.030683660969200
0.030839367241135
0.030996002985448
0.031149582384116
0.031296248457170
0.031432364752594
0.031554600929251
0.031660010397592
0.031746098363525
0.031810878827430
0.031852919319948
0.031871372406346
0.031865993259171
0.031837142881818
0.031785776860473
0.031713419825135
0.031622126107985
0.031514427394590
0.031393268464811
0.031261932409848
0.031123956982867
0.030983043986049
0.030842963809371
0.030707457408613
0.030580138135024
0.030464395900419
0.030363306173781
0.030279546254585
0.030215321151475
0.030172301211849
0.030151573399485
0.030153607807044
0.030178240623466
0.030224674360644
0.030291495688925
0.030376710748327
0.030477797304900
0.030591772623472
0.030715275444098
0.030844659995053
0.030976099565336
0.031105696808851
0.031229597673966
0.031344105657768
0.031445792983581
0.031531605300255
0.031598956606608
0.031645811315175
0.031670750683845
0.031673021256112
0.031652563451386
0.031610019023343
0.031546716740982
0.031464636325226
0.031366351372962
0.031254952697607
0.031133954187306
0.031007183904888
0.030878663704670
0.030752481098432
0.030632657447239
0.030523016771082
0.030427059542620
0.030347845757016
0.030287891344840
0.030249081622234
0.030232604960942
0.030238909224503
0.030267682775483
0.030317861036022
0.030387658708260
0.030474626863093
0.030575733217804
0.030687463078563
0.030805937654830
0.030927045789570
0.031046584618749
0.031160404298133
0.031264551731690
0.031355408214515
0.031429816067638
