0.031220292654245
0.031257316760921
0.031274554287950
0.031271328442240
0.031247659070870
0.031204262871196
0.031142529827280
0.031064476830066
0.030972680199551
0.030870189515796
0.030760425761078
0.030647067261135
0.030533927276753
0.030424827329674
0.030323470445157
0.030233318457735
0.030157477360975
0.030098594393942
0.030058770157583
0.030039488556808
0.030041566784625
0.030065126921066
0.030109590031122
0.030173692932665
0.030255527088518
0.030352598377317
0.030461905836424
0.030580036866937
0.030703275864247
0.030827722804477
0.030949417991826
0.031064468965583
0.031169175486557
0.031260148574703
0.031334419753036
0.031389536962870
0.031423644043301
0.031435541200528
0.031424724513015
0.031391403206199
0.031336494162057
0.031261593879195
0.031168928841951
0.031061285966032
0.030941925438301
0.030814478836484
0.030682835880700
0.030551023516896
0.030423081250890
0.030302936734416
0.030194285550165
0.030100478955318
0.030024423031755
0.029968492269447
0.029934460095221
0.029923448272470
0.029935896461325
0.029971552566875
0.030029483839073
0.030108108044928
0.030205243432433
0.030318175665066
0.030443739440922
0.030578412133411
0.030718416509035
0.030859829396135
0.030998693097211
0.031131126353382
0.031253431776961
0.031362196858279
0.031454385915571
0.031527420679965
0.031579247578906
0.031608390187735
0.031613985748002
0.031595805090182
0.031554255736641
0.031490368387561
0.031405767399150
0.031302626241910
0.031183609270247
0.031051801437920
0.030910627851957
0.030763765267340
0.030615047783148
0.030468369106134
0.030327583798707
0.030196409924773
0.030078335449367
0.029976530637830
0.029893768539917
0.029832355436967
0.029794072880510
0.029780132664068
0.029791145752664
0.029827105854354
0.029887387962991
0.029970761840213
0.030075420046528
0.030199019785288
0.030338737498453
0.030491334857305
0.030653234532385
0.030820603910873
0.030989444761450
0.031155686729579
0.031315282481921
0.031464302307286
0.031599026021763
0.031716030114526
0.031812268204313
0.031885143049717
0.031932568563434
0.031953020515455
0.031945574866511
0.031909932944669
0.031846432958845
0.031756047627574
0.031640367984487
0.031501573698999
0.031342390517600
0.031166035684059
0.030976152432578
0.030776734863247
0.030572044701278
0.030366521607459
0.030164688844550
0.029971056210037
0.029790022217411
0.029625777543395
0.029482211755351
0.029362825289719
0.029270648567837
0.029208170009560
0.029177274538533
0.029179193967505
0.029214470410766
0.029282933597841
0.029383692663474
0.029515142670306
0.029674985790104
0.029860266735410
0.030067421704995
0.030292339792788
0.030530435520007
0.030776730892851
0.031025945170928
0.031272590361431
0.031511070336089
0.031735781405572
0.031941212181169
0.032122040605797
0.032273226143673
0.032390095276167
0.032468418654848
0.032504478504360
0.032495125139180
0.032437821750558
0.032330676923478
0.032172464648785
0.031962631893592
0.031701294075183
0.031389219042397
0.031027800397614
0.030619021187094
0.030165409144160
0.029669984786591
0.029136203746287
0.028567894746605
0.027969194642884
0.027344481907764
0.026698309878724
0.026035340995415
0.025360283143507
0.024677829094845
0.023992599895525
0.023309092908651
0.022631635071246
0.021964341778881
0.021311081670372
0.020675447451153
0.020060732770035
0.019469915051631
0.018905644087342
0.018370236102044
0.017865672942281
0.017393605974749
0.016955364241069
0.016551966385752
0.016184135858035
0.015852318883895
0.015556704710693
0.015297247642128
0.015073690403785
0.014885588407763
0.014732334516893
0.014613183942997
0.014527278947778
0.014473673047663
0.014451354453898
0.014459268505313
0.014496338872817
0.014561487331470
0.014653651908226
0.014771803221610
0.014914958834834
0.015082195447537
0.015272658755124
0.015485570810560
0.015720234733261
0.015976036625476
0.016252444579818
0.016549004693808
0.016865334049290
0.017201110666708
0.017556060506133
0.017929941657589
0.018322525941007
0.018733578218589
0.019162833806682
0.019609974456997
0.020074603454613
0.020556220448762
0.021054196688391
0.021567751374355
0.022095929860911
0.022637584438706
0.023191358407995
0.023755674103891
0.024328725465253
0.024908475646653
0.025492660061053
0.026078795112309
0.026664192735366
0.027245980712407
0.027821128580016
0.028386478790737
0.028938782647096
0.029474740392132
0.029991044721863
0.030484426885826
0.030951704464740
0.031389829861611
0.031795938515517
0.032167395846169
0.032501841961531
0.032797233208936
0.033051879719976
0.033264478188288
0.033434139223750
0.033560408743012
0.033643282980916
0.033683216836221
0.033681125394714
0.033638378599635
0.033556789160450
0.033438593903918
0.033286428873977
0.033103298578031
0.032892539855799
0.032657780912871
0.032402896114711
0.032131957178766
0.031849181433709
0.031558877836791
0.031265391454323
0.030973047117723
0.030686092969679
0.030408644612805
0.030144630567458
0.029897739736633
0.029671371564003
0.029468589556051
0.029292078820034
0.029144108245467
0.029026497926643
0.028940592386151
0.028887240113252
0.028866779874956
0.028879034190831
0.028923310284252
0.028998408732538
0.029102639936500
0.029233848416787
0.029389444821304
0.029566445396512
0.029761518537696
0.029971037891956
0.030191141345762
0.030417795089621
0.030646861819410
0.030874172010874
0.031095597094331
0.031307123264549
0.031504924589378
0.031685434033380
0.031845410992006
0.031982003940312
0.032092806839358
0.032175908014441
0.032229930322453
0.032254061560445
0.032248074232641
0.032212333986406
0.032147796246089
0.032055990813146
0.031938994457001
0.031799391787978
0.031640224975514
0.031464933144884
0.031277282547038
0.031081288841566
0.030881133055278
0.030681072971368
0.030485351860293
0.030298106577499
0.030123277120097
0.029964519750873
0.029825125760939
0.029707947851078
0.029615335966768
0.029549084225189
0.029510390327966
0.029499828566421
0.029517337203350
0.029562220665235
0.029633166610397
0.029728277562143
0.029845116422042
0.029980764817943
0.030131892904799
0.030294838933951
0.030465696647357
0.030640408345272
0.030814861325461
0.030984985303784
0.031146848402525
0.031296749334774
0.031431303519023
0.031547521024471
0.031642874468945
0.031715355260960
0.031763516886893
0.031786504284134
0.031784068701433
0.031756567818008
0.031704951263100
0.031630732037492
0.031535944678881
0.031423091325564
0.031295077110503
0.031155136554618
0.031006752819653
0.030853571823983
0.030699313317693
0.030547681055537
0.030402274198848
0.030266502021788
0.030143503896217
0.030036076386287
0.029946609102714
0.029877030751978
0.029828766572451
0.029802708082725
0.029799195782750
0.029818015151334
0.029858405979874
0.029919084777775
0.029998279685762
0.030093777045248
0.030202978500934
0.030322967265820
0.030450581958380
0.030582496236081
0.030715302302692
0.030845596262927
0.030970063240659
0.031085560168481
0.031189194198443
0.031278394776478
0.031350977565357
0.031405198590594
0.031439797216684
0.031454026832442
0.031447672427549
0.031421054570379
0.031375019641409
0.031310916528056
0.031230560336362
0.031136184012986
0.031030379088448
0.030916027040591
0.030796223028050
0.030674193950083
0.030553212945930
0.030436512549523
0.030327198761183
0.030228168285657
0.030142031115721
0.030071040514430
0.030017032270065
