0.608455322299597
0.603631045802491
0.598815500628385
0.594009784262662
0.589214956224274
0.584432037481498
0.579662009929057
0.574905815930630
0.570164357930436
0.565438498137531
0.560729058286342
0.556036819476602
0.551362522095572
0.546706865825141
0.542070509736093
0.537454072471228
0.532858132518823
0.528283228577229
0.523729860011085
0.519198487399033
0.514689533172156
0.510203382342135
0.505740383317206
0.501300848803694
0.496885056790228
0.492493251611214
0.488125645085697
0.483782417727058
0.479463720018701
0.475169673750332
0.470900373408895
0.466655887618175
0.462436260620295
0.458241513792449
0.454071647191623
0.449926641120141
0.445806457704441
0.441711042479678
0.437640325972453
0.433594225274173
0.429572645597492
0.425575481808486
0.421602619927383
0.417653938590774
0.413729310468808
0.409828603630822
0.405951682853574
0.402098410866431
0.398268649528440
0.394462260932695
0.390679108433835
0.386919057595217
0.383181977052739
0.379467739292919
0.375776221343518
0.372107305375425
0.368460879215332
0.364836836769222
0.361235078357255
0.357655510961388
0.354098048387481
0.350562611344291
0.347049127442233
0.343557531115331
0.340087763470277
0.336639772066870
0.333213510634539
0.329808938730182
0.326426021342513
0.323064728448772
0.319725034529649
0.316406918048494
0.313110360901117
0.309835347842416
0.306581865896258
0.303349903754968
0.300139451174708
0.296950498372968
0.293783035434241
0.290637051729772
0.287512535357026
0.284409472604287
0.281327847445513
0.278267641070164
0.275228831452504
0.272211392964307
0.269215296034689
0.266240506860203
0.263286987167954
0.260354694034032
0.257443579759078
0.254553591802372
0.251684672775250
0.248836760494313
0.246009788094312
0.243203684200211
0.240418373157408
0.237653775318708
0.234909807386203
0.232186382805789
0.229483412211697
0.226800803918057
0.224138464454157
0.221496299139776
0.218874212696704
0.216272109892269
0.213689896210573
0.211127478546844
0.208584765920251
0.206061670200400
0.203558106842627
0.201073995627164
0.198609261397290
0.196163834791515
0.193737652965020
0.191330660295511
0.188942809068922
0.186574060140419
0.184224383566397
0.181893759203367
0.179582177269789
0.177289638867236
0.175016156457476
0.172761754292378
0.170526468793833
0.168310348881189
0.166113456244072
0.163935865558698
0.161777664646270
0.159638954572247
0.157519849685747
0.155420477598616
0.153340979104093
0.151281508035312
0.149242231064239
0.147223327441980
0.145224988681702
0.143247418185718
0.141290830818609
0.139355452428507
0.137441519318956
0.135549277673996
0.133678982939366
0.131830899162921
0.130005298297546
0.128202459470029
0.126422668219506
0.124666215709205
0.122933397915323
0.121224514796961
0.119539869451085
0.117879767256532
0.116244515011076
0.114634420065583
0.113049789459214
0.111490929059648
0.109958142712148
0.108451731401258
0.106971992428796
0.105519218611660
0.104093697502839
0.102695710638862
0.101325532816735
0.099983431403212
0.098669665679102
0.097384486221025
0.096128134322887
0.094900841459051
0.093702828791007
0.092534306719047
0.091395474480264
0.090286519793898
0.089207618554844
0.088158934575869
0.087140619378859
0.086152812035143
0.085195639054749
0.084269214324184
0.083373639092084
0.082509002001946
0.081675379170821
0.080872834312758
0.080101418905534
0.079361172399036
0.078652122463526
0.077974285275792
0.077327665841156
0.076712258349040
0.076128046559821
0.075575004220483
0.075053095506563
0.074562275487784
0.074102490614702
0.073673679223687
0.073275772057478
0.072908692798573
0.072572358612710
0.072266680699685
0.071991564848810
0.071746911996322
0.071532618782134
0.071348578103369
0.071194679662172
0.071070810505449
0.070976855554176
0.070912698120131
0.070878220407943
0.070873304000505
0.070897830325930
0.070951681104355
0.071034738773039
0.071146886888364
0.071288010503471
0.071457996520454
0.071656734016145
0.071884114540734
0.072140032388565
0.072424384840662
0.072737072378671
0.073077998870044
0.073447071724471
0.073844202021703
0.074269304611052
0.074722298182987
0.075203105313397
0.075711652481210
0.076247870060184
0.076811692285778
0.077403057198169
0.078021906562523
0.078668185767770
0.079341843705162
0.080042832628038
0.080771107994204
0.081526628292459
0.082309354854813
0.083119251655970
0.083956285101709
0.084820423807789
0.085711638371011
0.086629901134087
0.087575185945947
0.088547467919085
0.089546723185541
0.090572928653053
0.091626061762896
0.092706100250859
0.093813021912741
0.094946804375710
0.096107424876778
0.097294860049556
0.098509085720421
0.099750076715048
0.101017806676278
0.102312247894111
0.103633371148548
0.104981145565911
0.106355538489160
0.107756515362601
0.109184039631317
0.110638072655517
0.112118573639888
0.113625499577970
0.115158805211428
0.116718443004033
0.118304363130030
0.119916513476526
0.121554839659395
0.123219285052133
0.124909790827043
0.126626296007979
0.128368737533913
0.130137050332439
0.131931167402307
0.133751019904045
0.135596537257640
0.137467647246273
0.139364276124999
0.141286348733326
0.143233788610569
0.145206518112847
0.147204458530669
0.149227530205954
0.151275652647431
0.153348744643348
0.155446724370456
0.157569509498271
0.159717017287656
0.161889164682834
0.164085868395976
0.166307044983548
0.168552610913743
0.170822482624317
0.173116576570236
0.175434809260683
0.177777097284950
0.180143357326950
0.182533506168021
0.184947460677949
0.187385137794092
0.189846454488640
0.192331327724139
0.194839674397456
0.197371411272525
0.199926454902187
0.202504721539661
0.205106127040125
0.207730586753095
0.210378015406240
0.213048326981461
0.215741434584015
0.218457250305606
0.221195685082401
0.223956648548933
0.226740048888946
0.229545792684271
0.232373784762781
0.235223928046598
0.238096123401634
0.240990269489648
0.243906262623877
0.246843996629457
0.249803362709638
0.252784249318926
0.255786542044158
0.258810123494533
0.261854873201497
0.264920667529422
0.268007379597851
0.271114879216082
0.274243032830778
0.277391703487160
0.280560750804295
0.283750030964892
0.286959396719900
0.290188697408127
0.293437778990973
0.296706484102233
0.299994652112925
0.303302119210844
0.306628718494504
0.309974280081058
0.313338631227571
0.316721596465000
0.320122997744077
0.323542654592194
0.326980384280337
0.330436001998902
0.333909321041270
0.337400152993847
0.340908307931173
0.344433594614743
0.347975820693986
0.351534792907814
0.355110317285272
0.358702199343429
0.362310244281010
0.365934257165967
0.369574043115252
0.373229407465136
0.376900155930282
0.380586094749916
0.384287030819382
0.388002771805453
0.391733126243831
0.395477903617280
0.399236914412866
0.403009970157061
0.406796883427264
0.410597467838588
0.414411538004871
0.418238909472783
0.422079398628325
0.425932822574858
0.429798998982118
0.433677745905727
0.437568881576892
0.441472224162102
0.445387591492834
0.449314800765339
0.453253668210875
0.457204008736773
0.461165635538928
0.465138359686541
0.469121989679920
0.473116330982484
0.477121185528083
0.481136351205072
0.485161621318512
0.489196784032182
0.493241621792052
0.497295910733142
0.501359420071574
0.505431911483984
0.509513138476293
0.513602845744105
0.517700768526905
0.521806631958402
0.525920150415309
0.530041026866952
0.534168952228013
