0.005637712887420
0.005581056021173
0.005522995378255
0.005463781465155
0.005403652101594
0.005342829804076
0.005281519889705
0.005219909395615
0.005158166887319
0.005096443203521
0.005034873156135
0.004973578173186
0.004912669839710
0.004852254258483
0.004792437119028
0.004733329330700
0.004675053044316
0.004617747857701
0.004561576974486
0.004506733063548
0.004453443549943
0.004401975058252
0.004352636727553
0.004305782125162
0.004261809505248
0.004221160189720
0.004184314893075
0.004151787870513
0.004124118839130
0.004101862704082
0.004085577213091
0.004075808760576
0.004073076662909
0.004077856324343
0.004090561803744
0.004111528369941
0.004140995692995
0.004179092354890
0.004225822371979
0.004281054399837
0.004344514237214
0.004415781159604
0.004494288496005
0.004579328718376
0.004670063146996
0.004765536193259
0.004864693872028
0.004966406127318
0.005069492336879
0.005172749202132
0.005274980098415
0.005375024864021
0.005471788950986
0.005564270850282
0.005651586740988
0.005732991397092
0.005807894514414
0.005875871789089
0.005936670281552
0.005990207827539
0.006036566500645
0.006075980378607
0.006108818106669
0.006135560975010
0.006156777422742
0.006173095038997
0.006185171244259
0.006193663896333
0.006199203071549
0.006202365221730
0.006203650802479
0.006203466312491
0.006202111483306
0.006199772122920
0.006196518855644
0.006192311726461
0.006187010364035
0.006180389135555
0.006172156491729
0.006161977503301
0.006149498441658
0.006134372163405
0.006116283027328
0.006094970104277
0.006070247534806
0.006042021041587
0.006010299805944
0.005975203159879
0.005936961813924
0.005895913622617
0.005852494168189
0.005807222703964
0.005760684227733
0.005713508639645
0.005666348068940
0.005619853522655
0.005574652014032
0.005531325269693
0.005490390997233
0.005452287526759
0.005417362432215
0.005385865504204
0.005357946200224
0.005333655455672
0.005312951514104
0.005295709240867
0.005281732230860
0.005270766916216
0.005262517827177
0.005256663159758
0.005252869853812
0.005250807478596
0.005250160351099
0.005250637464450
0.005251979968147
0.005253966106821
0.005256413678811
0.005259180210629
0.005262161151018
0.005265286464156
0.005268516043577
0.005271834377239
0.005275244873087
0.005278764208500
0.005282417002729
0.005286231036246
0.005290233162043
0.005294445978490
0.005298885266898
0.005303558143993
0.005308461842506
0.005313583012962
0.005318897435558
0.005324370040447
0.005329955154525
0.005335596918705
0.005341229847782
0.005346779531057
0.005352163492927
0.005357292245998
0.005362070573815
0.005366399075737
0.005370175993636
0.005373299320731
0.005375669169149
0.005377190347482
0.005377775075084
0.005377345738632
0.005375837580291
0.005373201196908
0.005369404726627
0.005364435602922
0.005358301765806
0.005351032234720
0.005342676966212
0.005333305940693
0.005323007445333
0.005311885543670
0.005300056746408
0.005287645922026
0.005274781510390
0.005261590127846
0.005248190678460
0.005234688113264
0.005221167007126
0.005207685150449
0.005194267378888
0.005180899886826
0.005167525287241
0.005154038689304
0.005140285063168
0.005126058146865
0.005111101121291
0.005095109235422
0.005077734505255
0.005058592538057
0.005037271450806
0.005013342761894
0.004986374042574
0.004955943024448
0.004921652776459
0.004883147494722
0.004840128395240
0.004792369166932
0.004739730432612
0.004682172679756
0.004619767160456
0.004552704319168
0.004481299384509
0.004405994853294
0.004327359696496
0.004246085222629
0.004162977639115
0.004078947451824
0.003994995933089
0.003912198966061
0.003831688636164
0.003754632987733
0.003682214395739
0.003615607019790
0.003555953812144
0.003504343545413
0.003461788311453
0.003429201923076
0.003407379626758
0.003396979509398
0.003398505956381
0.003412295492515
0.003438505311644
0.003477104774282
0.003527870124415
0.003590382644978
0.003664030434961
0.003748013947653
0.003841355377700
0.003942911923178
0.004051392876790
0.004165380417608
0.004283353881935
0.004403717190329
0.004524828999986
0.004645035040710
0.004762701982842
0.004876252081654
0.004984197750443
0.005085175139958
0.005177975750863
0.005261575084718
0.005335157352675
0.005398135313970
0.005450164411128
0.005491150506443
0.005521250703352
0.005540866952994
0.005550632394042
0.005551390643958
0.005544168540759
0.005530143113340
0.005510603820803
0.005486911332642
0.005460454307483
0.005432605755748
0.005404680630550
0.005377896274152
0.005353337251418
0.005331925928042
0.005314399906224
0.005301297124531
0.005292949076960
0.005289482227013
0.005290827306806
0.005296735820573
0.005306802738110
0.005320494086322
0.005337177942765
0.005356157216090
0.005376702571411
0.005398083924847
0.005419599085792
0.005440598356983
0.005460504195331
0.005478825370884
0.005495165414849
0.005509225496845
0.005520802193814
0.005529780887769
0.005536125740154
0.005539867325182
0.005541089056866
0.005539913514617
0.005536489665870
0.005530981812546
0.005523560866829
0.005514398309583
0.005503662922200
0.005491520130355
0.005478133575154
0.005463668349697
0.005448295219191
0.005432195087779
0.005415562986936
0.005398610935276
0.005381569149375
0.005364685257395
0.005348221366094
0.005332449040129
0.005317642452673
0.005304070141900
0.005291985944715
0.005281619766686
0.005273168879168
0.005266790409370
0.005262595609669
0.005260646366096
0.005260954243558
0.005263482180512
0.005268148753555
0.005274834747875
0.005283391606939
0.005293651206187
0.005305436309869
0.005318571032758
0.005332890640718
0.005348250083393
0.005364530752475
0.005381645091136
0.005399538833148
0.005418190811869
0.005437610437504
0.005457833084634
0.005478913751572
0.005500919441665
0.005523920770076
0.005547983316655
0.005573159227922
0.005599479522949
0.005626947485217
0.005655533432459
0.005685171057088
0.005715755428685
0.005747142654177
0.005779151106560
0.005811564063516
0.005844133545574
0.005876585110446
0.005908623345131
0.005939937798574
0.005970209112144
0.005999115129878
0.006026336801727
0.006051563727857
0.006074499227344
0.006094864848301
0.006112404266791
0.006126886547863
0.006138108763381
0.006145897977917
0.006150112626337
0.006150643315487
0.006147413088115
0.006140377190772
0.006129522389343
0.006114865876703
0.006096453817157
0.006074359572035
0.006048681650316
0.006019541427573
0.005987080675887
0.005951458946795
0.005912850848765
0.005871443260293
0.005827432519350
0.005781021629810
0.005732417525513
0.005681828432962
0.005629461374249
0.005575519852749
0.005520201765397
0.005463697586958
0.005406188873531
0.005347847134382
0.005288833122771
0.005229296597302
0.005169376604782
0.005109202332884
0.005048894575195
0.004988567841474
0.004928333131298
0.004868301369009
0.004808587471480
0.004749314987840
0.004690621212410
0.004632662629997
0.004575620508309
0.004519706408205
0.004465167341849
0.004412290275319
0.004361405649326
0.004312889583135
0.004267164435516
0.004224697424947
0.004185997060557
0.004151607205293
0.004122098682166
0.004098058439999
0.004080076412656
0.004068730329626
0.004064568859586
0.004068093585272
0.004079740410430
0.004099861081202
0.004128705559097
0.004166406005957
0.004212963130017
0.004268235594769
0.004331933109499
0.004403613704400
0.004482685548288
0.004568413498970
0.004659930392311
0.004756252883985
