0.039490054785990
0.039364215685382
0.039234481511012
0.039107936420852
0.038991515919195
0.038891630459244
0.038813817553376
0.038762440972668
0.038740453005118
0.038749232306309
0.038788505806908
0.038856358658392
0.038949331540236
0.039062600062201
0.039190226711572
0.039325472035217
0.039461148698931
0.039589999881606
0.039705082243977
0.039800133515491
0.039869905570803
0.039910445670688
0.039919311223503
0.039895706842718
0.039840536457649
0.039756367576023
0.039647309279543
0.039518809932506
0.039377384679351
0.039230286396095
0.039085136664908
0.038949535416343
0.038830669026944
0.038734936813452
0.038667615019694
0.038632575588331
0.038632074333774
0.038666619714618
0.038734929410301
0.038833977532857
0.038959130765411
0.039104367238581
0.039262567756730
0.039425865278140
0.039586035523844
0.039734909394430
0.039864786627674
0.039968829901727
0.040041419398062
0.040078449653648
0.040077553270591
0.040038239584998
0.039961940555215
0.039851960710599
0.039713332779719
0.039552585354129
0.039377433402449
0.039196406403681
0.039018432115393
0.038852396362748
0.038706700601858
0.038588839298770
0.038505018350564
0.038459833890250
0.038456027949468
0.038494333740007
0.038573418938347
0.038689930533162
0.038838639764445
0.039012680697023
0.039203871282144
0.039403101606030
0.039600770615067
0.039787250118005
0.039953353423817
0.040090785654966
0.040192553597608
0.040253314872937
0.040269649141742
0.040240237840525
0.040165943402470
0.040049783816474
0.039896803477383
0.039713846325908
0.039509242016971
0.039292420056783
0.039073470306478
0.038862670797382
0.038670005320577
0.038504693674562
0.038374756768021
0.038286637023942
0.038244891812487
0.038251974096104
0.038308110282534
0.038411280660179
0.038557302963673
0.038740014819748
0.038951546282801
0.039182669597447
0.039423209906024
0.039662498001193
0.039889844514580
0.040095014192728
0.040268679154993
0.040402831221391
0.040491135464822
0.040529209966723
0.040514820191180
0.040447980270112
0.040330957626745
0.040168181566765
0.039966060550336
0.039732716650078
0.039477649045989
0.039211341179680
0.038944828288691
0.038689243401486
0.038455360463212
0.038253153083261
0.038091386481313
0.037977258620148
0.037916104336667
0.037911173621529
0.037963492170910
0.038071809067360
0.038232633070099
0.038440355635420
0.038687455566249
0.038964777216576
0.039261871548996
0.039567387143296
0.039869496545354
0.040156342174734
0.040416485403734
0.040639342389672
0.040815590777018
0.040937532461377
0.040999399181810
0.040997589726284
0.040930829928852
0.040800249327557
0.040609371251212
0.040364016116627
0.040072120746982
0.039743479466637
0.039389415488887
0.039022393596300
0.038655587231186
0.038302414789365
0.037976061080574
0.037689000536010
0.037452538779133
0.037276388621176
0.037168295411077
0.037133724995266
0.037175625382062
0.037294270633993
0.037487192622285
0.037749203178158
0.038072505982486
0.038446894371041
0.038860028219471
0.039297780327401
0.039744640351536
0.040184162434811
0.040599441314606
0.040973600916877
0.041290279278898
0.041534094088642
0.041691074155394
0.041749043680677
0.041697948205985
0.041530113480658
0.041240431112613
0.040826467621299
0.040288496288205
0.039629453880786
0.038854826804160
0.037972473418456
0.036992391072261
0.035926437788864
0.034788019468498
0.033591753926104
0.032353123081654
0.031088124190852
0.029812930197345
0.028543568166841
0.027295623401809
0.026083975311089
0.024922569501049
0.023824228939602
0.022800505490323
0.021861571679577
0.021016151291482
0.020271486316460
0.019633336928216
0.019106010536982
0.018692415557863
0.018394135326196
0.018211517563776
0.018143774922639
0.018189092376643
0.018344737565866
0.018607170597509
0.018972150246501
0.019434833961425
0.019989869553904
0.020631476924851
0.021353518655699
0.022149558766704
0.023012909418959
0.023936665812906
0.024913730013286
0.025936824904674
0.026998499945098
0.028091130825131
0.029206915539173
0.030337869713341
0.031475824287044
0.032612428788146
0.033739163451444
0.034847363286779
0.035928256892048
0.036973022320817
0.037972861656647
0.038919095129485
0.039803274657361
0.040617315643634
0.041353644750080
0.042005360251034
0.042566400510595
0.043031715172867
0.043397432872621
0.043661018714070
0.043821414474440
0.043879154500801
0.043836450604162
0.043697239918871
0.043467190676473
0.043153662112868
0.042765616241733
0.042313480927404
0.041808965507215
0.041264832068999
0.040694627302460
0.040112381531568
0.039532283021743
0.038968336870869
0.038434018679650
0.037941933711282
0.037503492366628
0.037128612510195
0.036825458493822
0.036600225665511
0.036456977762636
0.036397542927295
0.036421472212477
0.036526062443872
0.036706443239261
0.036955725941624
0.037265210265461
0.037624642654557
0.038022518760642
0.038446421122972
0.038883382094027
0.039320261339807
0.039744126856098
0.040142628385673
0.040504352386534
0.040819148270857
0.041078416484219
0.041275350095727
0.041405122888804
0.041465018443813
0.041454496350039
0.041375193437119
0.041230859735256
0.041027230719182
0.040771839221737
0.040473772176744
0.040143379024685
0.039791940144200
0.039431305013414
0.039073510913365
0.038730393818795
0.038413203640009
0.038132236148902
0.037896493715534
0.037713386380982
0.037588483791597
0.037525327126777
0.037525308389766
0.037587622337572
0.037709293957423
0.037885281823980
0.038108654979108
0.038370838260846
0.038661918375213
0.038971000562022
0.039286603561690
0.039597078845523
0.039891038817113
0.040157778000764
0.040387671156759
0.040572532830258
0.040705924050874
0.040783393724590
0.040802644640986
0.040763616871591
0.040668484550032
0.040521565471999
0.040329146488699
0.040099231139381
0.039841219223597
0.039565530905316
0.039283190335831
0.039005385567558
0.038743022619543
0.038506291891402
0.038304264683097
0.038144536375908
0.038032930912929
0.037973278665798
0.037967276698194
0.038014436969788
0.038112124319085
0.038255682282661
0.038438641117850
0.038652998957410
0.038889563987582
0.039138343035870
0.039388960087689
0.039631087098452
0.039854869073889
0.040051325766771
0.040212713459021
0.040332832108707
0.040407265556416
0.040433545395118
0.040411232382330
0.040341912770204
0.040229110498077
0.040078119682680
0.039895765109110
0.039690101338331
0.039470063488925
0.039245084628058
0.039024695949927
0.038818126486831
0.038633918974077
0.038479577688351
0.038361262640067
0.038283542487741
0.038249216042758
0.038259209349574
0.038312552177051
0.038406434467629
0.038536339993484
0.038696251292977
0.038878917032025
0.039076170369009
0.039279284800434
0.039479352412049
0.039667668520281
0.039836106402393
0.039977466196443
0.040085783094133
0.040156581615082
0.040187064979131
0.040176231299708
0.040124911401163
0.040035726394011
0.039912966589054
0.039762396751299
0.039590995941798
0.039406643128066
0.039217762229030
0.039032942181735
0.038860548878484
0.038708346355258
0.038583144375964
0.038490488546069
0.038434407332505
0.038417227927586
0.038439469870003
0.038499821852234
0.038595203352677
0.038720908802907
0.038870828117504
0.039037733760414
0.039213621276597
0.039390087544368
0.039558729042646
0.039711541287190
0.039841300342258
0.039941907987878
0.040008683702104
0.040038589040673
0.040030373158157
0.039984631970506
