2.417143381847639830e+03
2.419506589554922357e+03
2.422042295680392726e+03
2.424761590672960665e+03
2.427667467357900023e+03
2.430754703728390723e+03
2.434010087993351135e+03
2.437412982798878147e+03
2.440936211350799567e+03
2.444547234152757483e+03
2.448209571806263739e+03
2.451884417365962690e+03
2.455532371655524003e+03
2.459115227238026819e+03
2.462597721849924710e+03
2.465949180419425375e+03
2.469144966568385826e+03
2.472167669893490711e+03
2.475007964355825607e+03
2.477665085648556669e+03
2.480146891173012591e+03
2.482469484781996016e+03
2.484656409127135248e+03
2.486737430493209104e+03
2.488746963483867148e+03
2.490722204774795500e+03
2.492701065203663347e+03
2.494720006489104890e+03
2.496811901619331366e+03
2.499004045231586588e+03
2.501316441048905290e+03
2.503760486792363736e+03
2.506338162387145076e+03
2.509041804563647474e+03
2.511854520435314953e+03
2.514751255183788999e+03
2.517700486080005703e+03
2.520666468829226687e+03
2.523611915370972383e+03
2.526500938049557590e+03
2.529302057156191950e+03
2.531991041087487247e+03
2.534553334558471306e+03
2.536985833848523725e+03
2.539297791579158002e+03
2.541510678499799724e+03
2.543656896126603897e+03
2.545777319898849782e+03
2.547917753728096613e+03
2.550124487140189558e+03
2.552439257243221164e+03
2.554894019277986445e+03
2.557506010061948473e+03
2.560273636353830170e+03
2.563173723833307577e+03
2.566160612714892522e+03
2.569167476977889692e+03
2.572110074391616763e+03
2.574892908334977619e+03
2.577417510876885444e+03
2.579592257705512566e+03
2.581342823947261422e+03
2.582622115963031774e+03
2.583418301778594014e+03
2.583759446762051539e+03
2.583713273882061003e+03
2.583380735367808029e+03
2.582882420446906508e+03
2.582337333515928549e+03
2.581834242919723692e+03
2.581396587913373423e+03
2.580942786834683830e+03
2.580244642502737406e+03
2.578887307990481077e+03
2.576234867208887408e+03
2.571405911687890693e+03
2.563263479861747783e+03
2.550423310939438124e+03
2.531283524643952660e+03
2.504077580458607372e+03
2.466950747023597614e+03
2.418058418166584943e+03
2.355682580130334827e+03
2.278360729434428322e+03
2.185019745794988012e+03
2.075105825797867510e+03
1.948700751490373932e+03
1.806614640790220619e+03
1.650445989735947478e+03
1.482601291739107182e+03
1.306268755026614144e+03
1.125343511033623599e+03
9.443050200393013256e+02
7.680508874564138750e+02
6.016947217435467792e+02
4.503386998824148577e+02
3.188338832784700116e+02
2.115428150513212131e+02
1.321193669729963744e+02
8.332011567867807855e+01
6.685973515549872559e+01
8.332011567865117740e+01
1.321193669729405826e+02
2.115428150512327079e+02
3.188338832783437056e+02
4.503386998822452369e+02
6.016947217433287278e+02
7.680508874561431867e+02
9.443050200389757265e+02
1.125343511033243885e+03
1.306268755026184408e+03
1.482601291738633790e+03
1.650445989735440435e+03
1.806614640789692658e+03
1.948700751489840059e+03
2.075105825797343641e+03
2.185019745794490518e+03
2.278360729433971755e+03
2.355682580129932830e+03
2.418058418166247066e+03
2.466950747023330223e+03
2.504077580458414559e+03
2.531283524643832152e+03
2.550423310939385374e+03
2.563263479861753694e+03
2.571405911687944354e+03
2.576234867208975629e+03
2.578887307990590671e+03
2.580244642502855186e+03
2.580942786834798426e+03
2.581396587913476196e+03
2.581834242919808275e+03
2.582337333515995397e+03
2.582882420446955166e+03
2.583380735367845318e+03
2.583713273882095564e+03
2.583759446762095649e+03
2.583418301778660862e+03
2.582622115963135002e+03
2.581342823947414217e+03
2.579592257705724933e+03
2.577417510877166023e+03
2.574892908335331413e+03
2.572110074392042407e+03
2.569167476978384911e+03
2.566160612715446405e+03
2.563173723833906479e+03
2.560273636354457267e+03
2.557506010062582391e+03
2.554894019278603992e+03
2.552439257243798238e+03
2.550124487140703422e+03
2.547917753728524076e+03
2.545777319899170834e+03
2.543656896126803531e+03
2.541510678499864298e+03
2.539297791579080695e+03
2.536985833848301809e+03
2.534553334558107963e+03
2.531991041086988389e+03
2.529302057155570765e+03
2.526500938048827720e+03
2.523611915370153838e+03
2.520666468828338111e+03
2.517700486079068014e+03
2.514751255182824934e+03
2.511854520434344522e+03
2.509041804562689322e+03
2.506338162386216936e+03
2.503760486791479707e+03
2.501316441048077650e+03
2.499004045230823522e+03
2.496811901618639240e+03
2.494720006488486888e+03
2.492701065203119470e+03
2.490722204774324382e+03
2.488746963483466061e+03
2.486737430492872591e+03
2.484656409126857852e+03
2.482469484781771371e+03
2.480146891172835240e+03
2.477665085648420700e+03
2.475007964355723743e+03
2.472167669893420225e+03
2.469144966568341260e+03
2.465949180419403092e+03
2.462597721849921072e+03
2.459115227238038642e+03
2.455532371655548104e+03
2.451884417365998161e+03
2.448209571806306485e+03
2.444547234152806595e+03
2.440936211350851408e+03
2.437412982798931807e+03
2.434010087993402522e+03
2.430754703728438471e+03
2.427667467357941860e+03
2.424761590672994316e+03
2.422042295680415918e+03
2.419506589554934180e+03
