0.058576921573079
0.060161372579930
0.061669726714778
0.063097575920122
0.064440770297689
0.065695454015185
0.066858104594391
0.067925574288282
0.068895132034026
0.069764504307878
0.070531913115614
0.071196109333868
0.071756399675657
0.072212665686481
0.072565373381372
0.072815572400974
0.072964883886475
0.073015476637139
0.072970031507091
0.072831694405581
0.072604018672425
0.072290897993279
0.071896491383752
0.071425142094292
0.070881292557866
0.070269397709892
0.069593839147113
0.068858842653403
0.068068401602741
0.067226208651706
0.066335597957287
0.065399499904225
0.064420410005395
0.063400373256887
0.062340984796390
0.061243407240809
0.060108404579891
0.058936391991286
0.057727500433976
0.056481654386947
0.055198660643957
0.053878305668263
0.052520458667586
0.051125177282024
0.049692812597164
0.048224110109725
0.046720303289699
0.045183196503916
0.043615234290753
0.042019554300652
0.040400021634748
0.038761242813822
0.037108558178291
0.035448012140738
0.033786301367062
0.032130701630543
0.030488974743933
0.028869257606743
0.027279935987470
0.025729506174074
0.024226428053020
0.022778973502805
0.021395074200347
0.020082173029926
0.018847083250334
0.017695859416625
0.016633683772428
0.015664771435304
0.014792297203031
0.014018346227925
0.013343890157410
0.012768789641826
0.012291823386418
0.011910743195617
0.011622353746026
0.011422615151232
0.011306765766290
0.011269462140007
0.011304932573931
0.011407140400013
0.011569952852655
0.011787311290217
0.012053398517209
0.012362799069041
0.012710648540743
0.013092768360624
0.013505782818136
0.013947215638494
0.014415563939521
0.014910347992162
0.015432135818040
0.015982542277851
0.016564202916735
0.017180723420917
0.017836606089430
0.018537155222776
0.019288363766121
0.020096783909395
0.020969384634299
0.021913399404721
0.022936167321012
0.024044971100690
0.025246875211317
0.026548567370312
0.027956206447816
0.029475279570163
0.031110470932031
0.032865544494493
0.034743242384189
0.036745200425839
0.038871881846524
0.041122529795228
0.043495138934205
0.045986445988079
0.048591938789497
0.051305883042912
0.054121365745701
0.057030353962161
0.060023767443737
0.063091563429488
0.066222831844675
0.069405899041909
0.072628438196714
0.075877584475408
0.079140053134693
0.082402258785579
0.085650434155280
0.088870746805028
0.092049412404963
0.095172803324721
0.098227551465715
0.101200644433965
0.104079514326807
0.106852118579068
0.109507012481152
0.112033413139904
0.114421254800885
0.116661235585595
0.118744855817923
0.120664448219490
0.122413200343032
0.123985169686315
0.125375291986416
0.126579383236014
0.127594135990450
0.128417110547579
0.129046721583256
0.129482220814801
0.129723676244575
0.129771948507294
0.129628664809471
0.129296190908895
0.128777601537844
0.128076649627127
0.127197734640419
0.126145870280852
0.124926651785530
0.123546222979491
0.122011243219416
0.120328854319761
0.118506647520418
0.116552630525941
0.114475194621960
0.112283081854804
0.109985352245564
0.107591350999691
0.105110675667651
0.102553143210720
0.099928756928525
0.097247673210869
0.094520168085411
0.091756603544365
0.088967393647064
0.086162970410558
0.083353749516846
0.080550095882412
0.077762289153038
0.075000489203883
0.072274701741264
0.069594744117928
0.066970211487766
0.064410443438313
0.061924491250086
0.059521085940353
0.057208607255322
0.054995053778852
0.052888014327489
0.050894640800945
0.049021622654130
0.047275163151401
0.045660957556143
0.044184173398965
0.042849432956127
0.041660798056193
0.040621757317753
0.039735215904412
0.039003487865427
0.038428291111556
0.038010745056145
0.037751370931407
0.037650094769587
0.037706253018346
0.037918600739653
0.038285322321831
0.038804044615486
0.039471852386003
0.040285305958385
0.041240460914576
0.042332889689256
0.043557704897553
0.044909584217362
0.046382796640043
0.047971229896417
0.049668418860059
0.051467574727231
0.053361614772159
0.055343192477987
0.057404727847430
0.059538437703056
0.061736365794987
0.063990412543753
0.066292364257793
0.068633921678611
0.071006727721792
0.073402394298599
0.075812528120769
0.078228755409964
0.080642745453041
0.083046232964596
0.085431039238775
0.087789092092991
0.090112444626573
0.092393292837140
0.094623992156556
0.096797072986065
0.098905255326643
0.100941462615154
0.102898834889455
0.104770741415771
0.106550792919214
0.108232853563004
0.109811052823493
0.111279797406387
0.112633783344318
0.113868008407136
0.114977784943785
0.115958753258500
0.116806895604166
0.117518550852304
0.118090429872278
0.118519631622314
0.118803659921950
0.118940440840096
0.118928340595332
0.118766183825936
0.118453272047080
0.117989402072218
0.117374884135724
0.116610559415102
0.115697816614356
0.114638607236380
0.113435459142274
0.112091487970408
0.110610405968576
0.108996527779831
0.107254772717255
0.105390663065959
0.103410317962694
0.101320442425229
0.099128311135720
0.096841746624882
0.094469091557253
0.092019174882109
0.089501271689498
0.086925056696011
0.084300551379608
0.081638064886165
0.078948128941258
0.076241427117580
0.073528718929637
0.070820759351059
0.068128214473799
0.065461574150309
0.062831062576952
0.060246547886692
0.057717451918730
0.055252661419382
0.052860441999291
0.050548356224274
0.048323187248106
0.046190869402920
0.044156427144606
0.042223923704724
0.040396420725857
0.038675950053008
0.037063498719537
0.035559008002368
0.034161387229065
0.032868542800409
0.031677422648935
0.030584076089650
0.029583728737840
0.028670871875115
0.027839365343935
0.027082552748709
0.026393387444530
0.025764567509412
0.025188677629627
0.024658335587356
0.024166340832586
0.023705822453598
0.023270383739070
0.022854240455294
0.022452349949467
0.022060528238128
0.021675552351602
0.021295245382022
0.020918541924251
0.020545531904073
0.020177481153270
0.019816827511543
0.019467151704190
0.019133122753630
0.018820418222622
0.018535620146059
0.018286088074260
0.018079811210498
0.017925242165012
0.017831115352932
0.017806253520072
0.017859366274724
0.017998844822563
0.018232557333830
0.018567649507146
0.019010354924616
0.019565819712712
0.020237945829756
0.021029256993690
0.021940790846150
0.022972020426801
0.024120807414835
0.025383388894705
0.026754398635941
0.028226923059903
0.029792591219723
0.031441697264969
0.033163353022772
0.034945667525539
0.036775949575227
0.038640928777941
0.040526989931156
0.042420415217840
0.044307628372834
0.046175434849338
0.048011252035361
0.049803323755253
0.051540913639056
0.053214472446332
0.054815775080682
0.056338023810825
0.057775915103896
0.059125668452734
0.060385016614253
0.061553157740793
0.062630670949395
0.063619397903151
0.064522293942612
0.065343253173310
0.066086912659994
0.066758441474747
0.067363320774568
0.067907121329289
0.068395284973326
0.068832916311712
0.069224590674991
0.069574183798546
0.069884728015306
0.070158298917889
0.070395935493529
0.070597595693156
0.070762148298605
0.070887400834918
0.070970162174720
0.071006337434852
0.070991051806149
0.070918799116782
0.070783610235121
0.070579235891567
0.070299338156287
0.069937684660706
0.069488339697569
0.068945846572885
0.068305396001939
0.067562975923314
0.066715498826150
0.065760903518927
0.064698229181240
0.063527660499353
0.062250543656810
0.060869373898165
0.059387756273875
