0.015778637310606
0.015768043249824
0.015768867032182
0.015781143250967
0.015804174261528
0.015836571775581
0.015876342528014
0.015921012571380
0.015967782310585
0.016013702458428
0.016055859790576
0.016091560984613
0.016118502974695
0.016134919126838
0.016139692080046
0.016132426204462
0.016113475163836
0.016083922874970
0.016045519055137
0.016000573359557
0.015951814661702
0.015902224164049
0.015854852617722
0.015812632882293
0.015778199318259
0.015753725063020
0.015740787128302
0.015740267544905
0.015752296577030
0.015776241469390
0.015810741432327
0.015853786780019
0.015902837482037
0.015954974026902
0.016007071567062
0.016055986930357
0.016098747322813
0.016132729453568
0.016155818387166
0.016166536634559
0.016164135758279
0.016148644983522
0.016120873843776
0.016082368597526
0.016035324872821
0.015982461570410
0.015926863334197
0.015871800748275
0.015820538736082
0.015776144343936
0.015741305148198
0.015718168930037
0.015708214049071
0.015712158187249
0.015729910928844
0.015760573118123
0.015802483238320
0.015853308338763
0.015910174457372
0.015969829191234
0.016028827190456
0.016083727997966
0.016131294908598
0.016168683418451
0.016193608387128
0.016204480210821
0.016200502037355
0.016181722247675
0.016149038957662
0.016104156016403
0.016049492737430
0.015988052241220
0.015923255659815
0.015858751422668
0.015798210293969
0.015745117682724
0.015702574948142
0.015673120962137
0.015658584092850
0.015659973099231
0.015677413270591
0.015710131627878
0.015756492266476
0.015814080117735
0.015879828695350
0.015950184925611
0.016021302075385
0.016089250205245
0.016150232575594
0.016200796076237
0.016238024053671
0.016259700857507
0.016264438964110
0.016251761575381
0.016222136019585
0.016176955964189
0.016118473239439
0.016049682812439
0.015974166994874
0.015895907175408
0.015819073121320
0.015747801100432
0.015685972671316
0.015637005948610
0.015603670477051
0.015587935582975
0.015590860287080
0.015612530656265
0.015652047965542
0.015707568368587
0.015776392079527
0.015855097491043
0.015939713328495
0.016025919985504
0.016109269701201
0.016185414295405
0.016250328818584
0.016300519711103
0.016333206882712
0.016346470470916
0.016339354842019
0.016311924565463
0.016265269508050
0.016201458736532
0.016123445457322
0.016034927635173
0.015940171101379
0.015843803782938
0.015750591072229
0.015665203249672
0.015591986231684
0.015534746731627
0.015496562206814
0.015479624759612
0.015485126527372
0.015513192115583
0.015562861397716
0.015632123630378
0.015718001425417
0.015816680793454
0.015923681332522
0.016034058777858
0.016142630637114
0.016244214574188
0.016333868619378
0.016407122196225
0.016460187366411
0.016490140581011
0.016495066545950
0.016474157499486
0.016427763181826
0.016357388961369
0.016265641870320
0.016156126592594
0.016033295638227
0.015902259935434
0.015768567788145
0.015637961510713
0.015516122006314
0.015408412063631
0.015319629190317
0.015253778384288
0.015213874388481
0.015201781723132
0.015218099200807
0.015262093775662
0.015331686542813
0.015423491575452
0.015532906158344
0.015654248936526
0.015780940631671
0.015905720360646
0.016020889283705
0.016118572361003
0.016190988436538
0.016230718711456
0.016230963909501
0.016185781054847
0.016090291739981
0.015940855008562
0.015735199454766
0.015472510778392
0.015153472761674
0.014780261376121
0.014356493415161
0.013887132615371
0.013378357618443
0.012837397290435
0.012272339818708
0.011691922627319
0.011105310478442
0.010521869163199
0.009950941944566
0.009401635422718
0.008882620783053
0.008401955500037
0.007966929551257
0.007583939093935
0.007258389418967
0.006994627872407
0.006795906364575
0.006664372111299
0.006601084402497
0.006606054495621
0.006678305202996
0.006815946392452
0.007016262451724
0.007275807773295
0.007590506485350
0.007955752967900
0.008366510127704
0.008817402934289
0.009302805312481
0.009816919113405
0.010353844514916
0.010907641803912
0.011472385039378
0.012042208562081
0.012611347684503
0.013174175147835
0.013725235062178
0.014259276047819
0.014771285172009
0.015256524035320
0.015710568018242
0.016129349271050
0.016509203541197
0.016846920408801
0.017139795970711
0.017385686506270
0.017583061202242
0.017731051637273
0.017829495451870
0.017878971477729
0.017880823584950
0.017837170635437
0.017750900207408
0.017625644174137
0.017465734767829
0.017276140418083
0.017062381399441
0.016830426124397
0.016586569743893
0.016337297531095
0.016089136289739
0.015848497709771
0.015621518157141
0.015413899801633
0.015230758232483
0.015076481768009
0.014954607522137
0.014867718944787
0.014817369010192
0.014804032501261
0.014827089950753
0.014884844780275
0.014974574061044
0.015092612146052
0.015234465235318
0.015394953779576
0.015568378548623
0.015748705232324
0.015929761645289
0.016105441005873
0.016269904384918
0.016417775290495
0.016544319483721
0.016645603509752
0.016718626069818
0.016761417236907
0.016773101602372
0.016753922697257
0.016705227416830
0.016629410639714
0.016529821719736
0.016410635982082
0.016276695718457
0.016133326393169
0.015986134792281
0.015840796626424
0.015702841598059
0.015577444139703
0.015469227906193
0.015382091659167
0.015319063426611
0.015282188778141
0.015272457764141
0.015289773571275
0.015332964305465
0.015399837590779
0.015487275938337
0.015591369165111
0.015707578599129
0.015830926462080
0.015956202732451
0.016078181012539
0.016191834488786
0.016292543011052
0.016376282630972
0.016439789624691
0.016480692057035
0.016497603282943
0.016490173374041
0.016459096237936
0.016406072090005
0.016333726860984
0.016245491994619
0.016145449825155
0.016038151246535
0.015928413624087
0.015821107797248
0.015720943534917
0.015632262906454
0.015558850712430
0.015503770390076
0.015469232697716
0.015456503036699
0.015465851550663
0.015496548225701
0.015546903186402
0.015614350333303
0.015695570490394
0.015786648418218
0.015883256483598
0.015980856535198
0.016074910675349
0.016161091185687
0.016235479881029
0.016294747635520
0.016336305729177
0.016358421962880
0.016360296127653
0.016342091315383
0.016304919635043
0.016250783054041
0.016182472216450
0.016103428096736
0.016017573132019
0.015929119950535
0.015842366905280
0.015761490274163
0.015690343166372
0.015632270866802
0.015589951567664
0.015565270213481
0.015559231579422
0.015571916789417
0.015602485352026
0.015649222552287
0.015709629797069
0.015780553381221
0.015858345228956
0.015939047566460
0.016018592279747
0.016093004969110
0.016158603468279
0.016212180867710
0.016251163856514
0.016273738439676
0.016278936735783
0.016266680533422
0.016237779482570
0.016193884109129
0.016137396148260
0.016071340876587
0.015999208071722
0.015924769838368
0.015851884728882
0.015784298289514
0.015725450343410
0.015678298966677
0.015645170241247
0.015627641521716
0.015626464201946
0.015641529901285
0.015671881717459
0.015715769832100
0.015770748429515
0.015833808722151
0.015901540981845
0.015970316954993
0.016036482973467
0.016096553518736
0.016147394984715
0.016186389916987
0.016211573055017
0.016221732014939
0.016216467343759
0.016196208851104
0.016162187466178
0.016116364250449
0.016061320493098
0.016000114903061
0.015936115676070
0.015872816561697
0.015813646910791
0.015761786000408
0.015719991693235
0.015690452703148
0.015674672449266
0.015673390756363
