0.009314714310083
0.009320967440030
0.009326249411411
0.009330462185931
0.009333532763862
0.009335415324115
0.009336092695075
0.009335577113006
0.009333910242411
0.009331162451028
0.009327431350862
0.009322839635196
0.009317532259515
0.009311673031222
0.009305440688501
0.009299024562278
0.009292619926622
0.009286423151780
0.009280626780096
0.009275414648202
0.009270957178944
0.009267406963465
0.009264894747827
0.009263525929568
0.009263377657891
0.009264496617031
0.009266897556061
0.009270562610361
0.009275441440641
0.009281452195237
0.009288483280824
0.009296395906346
0.009305027345218
0.009314194842305
0.009323700075229
0.009333334064712
0.009342882416229
0.009352130765619
0.009360870294759
0.009368903180026
0.009376047836377
0.009382143823279
0.009387056285522
0.009390679811956
0.009392941608222
0.009393803895260
0.009393265463495
0.009391362332604
0.009388167488302
0.009383789690019
0.009378371366219
0.009372085636852
0.009365132524432
0.009357734436045
0.009350131017583
0.009342573498230
0.009335318657325
0.009328622556668
0.009322734188990
0.009317889197310
0.009314303820182
0.009312169214376
0.009311646299249
0.009312861256246
0.009315901802720
0.009320814341959
0.009327602071261
0.009336224107692
0.009346595667136
0.009358589307141
0.009372037218318
0.009386734523409
0.009402443518125
0.009418898764160
0.009435812922922
0.009452883199137
0.009469798246946
0.009486245378005
0.009501917901663
0.009516522421831
0.009529785913913
0.009541462408114
0.009551339112664
0.009559241821795
0.009565039468518
0.009568647701021
0.009570031383431
0.009569205946335
0.009566237539161
0.009561241964803
0.009554382405942
0.009545865981841
0.009535939203048
0.009524882419041
0.009513003379372
0.009500630052002
0.009488102862430
0.009475766533518
0.009463961718166
0.009453016624752
0.009443238838383
0.009434907539297
0.009428266313221
0.009423516737160
0.009420812908247
0.009420257063159
0.009421896411637
0.009425721280368
0.009431664633457
0.009439603003633
0.009449358834871
0.009460704203101
0.009473365847872
0.009487031414993
0.009501356779193
0.009515974287320
0.009530501737398
0.009544551887491
0.009557742271422
0.009569705086420
0.009580096911038
0.009588608010476
0.009594970990888
0.009598968574294
0.009600440281282
0.009599287829452
0.009595479081189
0.009589050404320
0.009580107342902
0.009568823532163
0.009555437830586
0.009540249682587
0.009523612766164
0.009505927020523
0.009487629187953
0.009469182041364
0.009451062502982
0.009433748889897
0.009417707547846
0.009403379154998
0.009391164992198
0.009381413484627
0.009374407321862
0.009370351458783
0.009369362288584
0.009371458261527
0.009376552199251
0.009384445524838
0.009394824594053
0.009407259273775
0.009421203870505
0.009436000465753
0.009450884667067
0.009464993734403
0.009477376992512
0.009487008392040
0.009492801036137
0.009493623446493
0.009488317303853
0.009475716363989
0.009454666221659
0.009424044572811
0.009382781609814
0.009329880176132
0.009264435305844
0.009185652779868
0.009092866344555
0.008985553259290
0.008863347867452
0.008726052919074
0.008573648413096
0.008406297771494
0.008224351205888
0.008028346188550
0.007819004992961
0.007597229323250
0.007364092105731
0.007120826568403
0.006868812784559
0.006609561903481
0.006344698333797
0.006075940182384
0.005805078283144
0.005533954174782
0.005264437404507
0.004998402544907
0.004737706314001
0.004484165183593
0.004239533848617
0.004005484910565
0.003783590101609
0.003575303343422
0.003381945896454
0.003204693812569
0.003044567857224
0.002902426017837
0.002778958663740
0.002674686371060
0.002589960374301
0.002524965556193
0.002479725839735
0.002454111802100
0.002447850290229
0.002460535783232
0.002491643217849
0.002540541970761
0.002606510675890
0.002688752546265
0.002786410868653
0.002898584344930
0.003024341966928
0.003162737130810
0.003312820722526
0.003473652936869
0.003644313628414
0.003823911032318
0.004011588735678
0.004206530824927
0.004407965180562
0.004615164936320
0.004827448164705
0.005044175893553
0.005264748598142
0.005488601349280
0.005715197829164
0.005944023452754
0.006174577852556
0.006406366998463
0.006638895231518
0.006871657490884
0.007104132007036
0.007335773721295
0.007566008672727
0.007794229568451
0.008019792723218
0.008242016519370
0.008460181499790
0.008673532165045
0.008881280502609
0.009082611231762
0.009276688703490
0.009462665351557
0.009639691549732
0.009806926691977
0.009963551278090
0.010108779757568
0.010241873860123
0.010362156122822
0.010469023311696
0.010561959430277
0.010640548008835
0.010704483376376
0.010753580632354
0.010787784056422
0.010807173721908
0.010811970111525
0.010802536571418
0.010779379481293
0.010743146063079
0.010694619797604
0.010634713466923
0.010564459888343
0.010485000453819
0.010397571634147
0.010303489650402
0.010204133554341
0.010100926994281
0.009995318972389
0.009888763922892
0.009782701457817
0.009678536137137
0.009577617623443
0.009481221577329
0.009390531638642
0.009306622820835
0.009230446621180
0.009162818119060
0.009104405298523
0.009055720790546
0.009017116185730
0.008988779020409
0.008970732489354
0.008962837887302
0.008964799730593
0.008976173460144
0.008996375578931
0.009024696031949
0.009060312595259
0.009102307003958
0.009149682517479
0.009201382595119
0.009256310335648
0.009313348322553
0.009371378511166
0.009429301795736
0.009486056903240
0.009540638276316
0.009592112629714
0.009639633892586
0.009682456282339
0.009719945293736
0.009751586428890
0.009776991538683
0.009795902693238
0.009808193547244
0.009813868214378
0.009813057712670
0.009806014088615
0.009793102371144
0.009774790546426
0.009751637780175
0.009724281144878
0.009693421134759
0.009659806270717
0.009624217110738
0.009587449988113
0.009550300800156
0.009513549164050
0.009477943244218
0.009444185537427
0.009412919878275
0.009384719899142
0.009360079145959
0.009339403014740
0.009323002634754
0.009311090783106
0.009303779873353
0.009301082018386
0.009302911126069
0.009309086945867
0.009319340946716
0.009333323871404
0.009350614781500
0.009370731379852
0.009393141375440
0.009417274638342
0.009442535880865
0.009468317594904
0.009494012975091
0.009519028562482
0.009542796353979
0.009564785138238
0.009584510839060
0.009601545671642
0.009615525945088
0.009626158375573
0.009633224807829
0.009636585277465
0.009636179382285
0.009632025966501
0.009624221156749
0.009612934822472
0.009598405564774
0.009580934366687
0.009560877063397
0.009538635812777
0.009514649764273
0.009489385137421
0.009463324929847
0.009436958478404
0.009410771096165
0.009385234002350
0.009360794752166
0.009337868359250
0.009316829285284
0.009298004449848
0.009281667389226
0.009268033666174
0.009257257604294
0.009249430391189
0.009244579564660
0.009242669866508
0.009243605419649
0.009247233156789
0.009253347403475
0.009261695495390
0.009271984289762
0.009283887414082
0.009297053082306
0.009311112299524
0.009325687270871
0.009340399829304
0.009354879699700
0.009368772423418
0.009381746777848
0.009393501539229
0.009403771453798
0.009412332301754
0.009419004960146
0.009423658394022
0.009426211529620
0.009426633988408
0.009424945685832
0.009421215323270
0.009415557825239
0.009408130796012
0.009399130089961
0.009388784607673
0.009377350445014
0.009365104534381
0.009352337926252
