0.067167789026170
0.067101844717591
0.067051880524490
0.067021286552461
0.067012950773158
0.067029205791613
0.067071783274918
0.067141774146093
0.067239593461828
0.067364949983799
0.067516821684276
0.067693439641372
0.067892283815950
0.068110094909416
0.068342906754513
0.068586103403846
0.068834504217968
0.069082478837071
0.069324092025827
0.069553276141307
0.069764026564611
0.069950613063575
0.070107797935392
0.070231050126476
0.070316743528685
0.070362327448354
0.070366457920216
0.070329080105185
0.070251454407694
0.070136122040041
0.069986809348747
0.069808274050801
0.069606100323997
0.069386453164158
0.069155805286482
0.068920651871164
0.068687229456287
0.068461255162382
0.068247701177251
0.068050617111856
0.067873009618542
0.067716784776390
0.067582754485673
0.067470703797489
0.067379512065210
0.067307317350217
0.067251710907106
0.067209947006607
0.067179152935546
0.067156524756411
0.067139496232710
0.067125871060875
0.067113911951541
0.067102383877341
0.067090552628381
0.067078143369159
0.067065266879603
0.067052323349611
0.067039894817092
0.067028637517486
0.067019184565901
0.067012067629642
0.067007663758235
0.067006170571760
0.067007609857341
0.067011856591478
0.067018687780503
0.067027843539176
0.067039091689867
0.067052286963095
0.067067416624723
0.067084625965532
0.067104219400780
0.067126635708137
0.067152398902606
0.067182049106794
0.067216060232190
0.067254753085968
0.067298213462954
0.067346224759447
0.067398223632961
0.067453285305106
0.067510142430973
0.067567238282453
0.067622811615706
0.067675007344073
0.067722004343431
0.067762149669594
0.067794087394782
0.067816870312264
0.067830043949434
0.067833694592658
0.067828456175622
0.067815474636105
0.067796332352603
0.067772939141975
0.067747399640608
0.067721869350031
0.067698412923517
0.067678878228399
0.067664798293598
0.067657330535536
0.067657238876976
0.067664919880461
0.067680469249133
0.067703780490695
0.067734663685305
0.067772969587087
0.067818703067368
0.067872110383242
0.067933726968611
0.068004376256337
0.068085115132795
0.068177127529473
0.068281573785674
0.068399409128328
0.068531189270276
0.068676884160686
0.068835721899997
0.069006083517072
0.069185465685292
0.069370522757176
0.069557192187888
0.069740899159644
0.069916827816796
0.070080238845663
0.070226807032058
0.070352948637752
0.070456107491267
0.070534970858061
0.070589591398364
0.070621399469498
0.070633100009155
0.070628459319344
0.070611998160854
0.070588617506236
0.070563190983804
0.070540162553503
0.070523188652444
0.070514860671142
0.070516536330663
0.070528297914920
0.070549042350912
0.070576694109359
0.070608518291088
0.070641499579115
0.070672744355164
0.070699859300494
0.070721260900857
0.070736376608916
0.070745709568290
0.070750753793731
0.070753764064415
0.070757402693731
0.070764301778489
0.070776592517802
0.070795460988029
0.070820791080204
0.070850949493411
0.070882754819625
0.070911653731480
0.070932103726906
0.070938136060521
0.070924047106171
0.070885144334457
0.070818457127225
0.070723315144968
0.070601699572414
0.070458286023986
0.070300121850223
0.070135913578044
0.069974939709000
0.069825646669388
0.069694027323192
0.069581917839546
0.069485375721595
0.069393315897941
0.069286580359383
0.069137598585231
0.068910761138445
0.068563579095546
0.068048640716691
0.067316308565445
0.066318030731951
0.065010074978606
0.063357440571586
0.061337664764423
0.058944223734820
0.056189234058488
0.053105191461594
0.049745537493762
0.046183918720242
0.042512091997342
0.038836526826616
0.035273854154259
0.031945402399712
0.028971138368431
0.026463386395265
0.024520728496146
0.023222488418700
0.022624172545662
0.022754182321306
0.023612030275396
0.025168190873453
0.027365605931883
0.030122750729416
0.033338059967314
0.036895420614956
0.040670368464585
0.044536582170682
0.048372255718775
0.052065948261252
0.055521557203602
0.058662132160438
0.061432337848576
0.063799475686731
0.065753078637401
0.067303193429419
0.068477551163578
0.069317895119417
0.069875778798868
0.070208165399471
0.070373151770562
0.070426107403507
0.070416466000404
0.070385339036244
0.070364043860460
0.070373560070491
0.070424853738115
0.070519945432811
0.070653549496869
0.070815081750730
0.070990822057566
0.071166026491446
0.071326809133424
0.071461652304754
0.071562451903116
0.071625056485838
0.071649309853064
0.071638652550803
0.071599374174651
0.071539632952549
0.071468370444396
0.071394247274027
0.071324711811415
0.071265289914889
0.071219153265866
0.071186989961797
0.071167167434716
0.071156147723284
0.071149091368161
0.071140570651878
0.071125306560837
0.071098846734013
0.071058112892478
0.071001764158592
0.070930345055927
0.070846211304838
0.070753250227068
0.070656433293399
0.070561254172128
0.070473115241855
0.070396728291549
0.070335591130780
0.070291591825495
0.070264777564334
0.070253307444980
0.070253589649995
0.070260585462757
0.070268247079692
0.070270044587107
0.070259530715060
0.070230890461113
0.070179426267056
0.070101937517712
0.069996964698440
0.069864882304828
0.069707839115184
0.069529558294225
0.069335021721402
0.069130071915793
0.068920970290016
0.068713951921667
0.068514814685976
0.068328574905997
0.068159213395028
0.068009525837385
0.067881080922346
0.067774279546552
0.067688499659287
0.067622304680741
0.067573689366011
0.067540335729319
0.067519853115449
0.067509980384006
0.067508733923524
0.067514492158083
0.067526014598970
0.067542400582136
0.067562998946978
0.067587284514693
0.067614719952119
0.067644622295953
0.067676052101259
0.067707740093718
0.067738061728533
0.067765064683254
0.067786548589656
0.067800190799224
0.067803707190383
0.067795033386237
0.067772509558564
0.067735051402992
0.067682290886701
0.067614672855447
0.067533497278615
0.067440901451796
0.067339781448671
0.067233657080145
0.067126489158677
0.067022461612731
0.066925743664946
0.066840248694213
0.066769406475296
0.066715964271494
0.066681829891771
0.066667966546358
0.066674345439764
0.066699957859041
0.066742884386045
0.066800415101843
0.066869211529004
0.066945498776733
0.067025275038241
0.067104525277602
0.067179426588833
0.067246534192052
0.067302939168953
0.067346391609376
0.067375385599812
0.067389205193148
0.067387932940201
0.067372424562430
0.067344254781142
0.067305640133070
0.067259344801152
0.067208575137445
0.067156867767177
0.067107975088999
0.067065750795398
0.067034036898147
0.067016552808733
0.067016786412395
0.067037886862067
0.067082559028884
0.067152960149475
0.067250600127774
0.067376248059716
0.067529848703542
0.067710453653394
0.067916172729945
0.068144151439157
0.068390580164018
0.068650739985582
0.068919088674249
0.069189388501347
0.069454875200376
0.069708464808009
0.069942992423489
0.070151474346799
0.070327382799268
0.070464920688728
0.070559282817705
0.070606889665424
0.070605580465610
0.070554753754034
0.070455445812291
0.070310340368553
0.070123706362871
0.069901264336566
0.069649985831020
0.069377833842435
0.069093455646536
0.068805841977099
0.068523968449095
0.068256436146021
0.068011128382215
0.067794899805452
0.067613312281379
0.067470429511265
0.067368679234621
0.067308788348132
0.067289792542129
0.067309118332147
0.067362731854973
0.067445345695293
0.067550672468751
0.067671712028820
0.067801058062377
0.067931209518853
0.068054872760480
