0.018081114672623
0.018067957296861
0.018051426920346
0.018031600513545
0.018008564556685
0.017982414914430
0.017953256684600
0.017921204020049
0.017886379922940
0.017848916010811
0.017808952254097
0.017766636685037
0.017722125078231
0.017675580603471
0.017627173451809
0.017577080436171
0.017525484568138
0.017472574612793
0.017418544623716
0.017363593460412
0.017307924290484
0.017251744078929
0.017195263066850
0.017138694241774
0.017082252801622
0.017026155614130
0.016970620673327
0.016915866554386
0.016862111867933
0.016809574714639
0.016758472140716
0.016709019594724
0.016661430385999
0.016615915144874
0.016572681284874
0.016531932467051
0.016493868066729
0.016458682643004
0.016426565411544
0.016397699721359
0.016372262536446
0.016350423923370
0.016332346546019
0.016318185168952
0.016308086170846
0.016302187069655
0.016300616061133
0.016303491572382
0.016310921832060
0.016323004458817
0.016339826069463
0.016361461908234
0.016387975498466
0.016419418317818
0.016455829498120
0.016497235550807
0.016543650118798
0.016595073755641
0.016651493732652
0.016712883874739
0.016779204425592
0.016850401942837
0.016926409223798
0.017007145262422
0.017092515237933
0.017182410535731
0.017276708801000
0.017375274025420
0.017477956667306
0.017584593805370
0.017695009326195
0.017809014145365
0.017926406462025
0.018046972046480
0.018170484560294
0.018296705908126
0.018425386620436
0.018556266266021
0.018689073893223
0.018823528498585
0.018959339521650
0.019096207364603
0.019233823935462
0.019371873213564
0.019510031836180
0.019647969705157
0.019785350612595
0.019921832884639
0.020057070042570
0.020190711480394
0.020322403158193
0.020451788310471
0.020578508168705
0.020702202697205
0.020822511341307
0.020939073786759
0.021051530729010
0.021159524650919
0.021262700607223
0.021360707013924
0.021453196440551
0.021539826403145
0.021620260155634
0.021694167477212
0.021761225453249
0.021821119247278
0.021873542861593
0.021918199884114
0.021954804219264
0.021983080800763
0.022002766284432
0.022013609719314
0.022015373195619
0.022007832468230
0.021990777554724
0.021964013307011
0.021927359955885
0.021880653627873
0.021823746833838
0.021756508928813
0.021678826542530
0.021590603980042
0.021491763591720
0.021382246111831
0.021262010964735
0.021131036537631
0.020989320418660
0.020836879599101
0.020673750638308
0.020499989790062
0.020315673089034
0.020120896396133
0.019915775401678
0.019700445585501
0.019475062133329
0.019239799809063
0.018994852782852
0.018740434415182
0.018476776997509
0.018204131450260
0.017922766979316
0.017632970692348
0.017335047176577
0.017029318039696
0.016716121415813
0.016395811438295
0.016068757681425
0.015735344572699
0.015395970777490
0.015051048557668
0.014701003105600
0.014346271854744
0.013987303767906
0.013624558604024
0.013258506164220
0.012889625517743
0.012518404208371
0.012145337441815
0.011770927254717
0.011395681665928
0.011020113810866
0.010644741059967
0.010270084122405
0.009896666136525
0.009525011748640
0.009155646182087
0.008789094298656
0.008425879654697
0.008066523554368
0.007711544102616
0.007361455260533
0.007016765905797
0.006677978900833
0.006345590171285
0.006020087797275
0.005701951119745
0.005391649864014
0.005089643282469
0.004796379318076
0.004512293790198
0.004237809604007
0.003973335984556
0.003719267736493
0.003475984530213
0.003243850215252
0.003023212161637
0.002814400629980
0.002617728171140
0.002433489056362
0.002261958738938
0.002103393348537
0.001958029219483
0.001826082454356
0.001707748524393
0.001603201908174
0.001512595770126
0.001436061680287
0.001373709376709
0.001325626571707
0.001291878802992
0.001272509330462
0.001267539079174
0.001276966628732
0.001300768248990
0.001338897981695
0.001391287767365
0.001457847616426
0.001538465823392
0.001633009222634
0.001741323484149
0.001863233447611
0.001998543492923
0.002147037945516
0.002308481514660
0.002482619763164
0.002669179606985
0.002867869843420
0.003078381706731
0.003300389450252
0.003533550954174
0.003777508358362
0.004031888719667
0.004296304693253
0.004570355237470
0.004853626341773
0.005145691777077
0.005446113867796
0.005754444284643
0.006070224857010
0.006392988403556
0.006722259579326
0.007057555737529
0.007398387803834
0.007744261160882
0.008094676540512
0.008449130921134
0.008807118427588
0.009168131230847
0.009531660444968
0.009897197018815
0.010264232620232
0.010632260510542
0.011000776407496
0.011369279335028
0.011737272458468
0.012104263904091
0.012469767562136
0.012833303872648
0.013194400593643
0.013552593551229
0.013907427371380
0.014258456193051
0.014605244362273
0.014947367106758
0.015284411190392
0.015615975546783
0.015941671890851
0.016261125307186
0.016573974813729
0.016879873899101
0.017178491031777
0.017469510139196
0.017752631054838
0.018027569931333
0.018294059617738
0.018551849999287
0.018800708298104
0.019040419333678
0.019270785742154
0.019491628153906
0.019702785329154
0.019904114251805
0.020095490182034
0.020276806668447
0.020447975520989
0.020608926745977
0.020759608444861
0.020899986678418
0.021030045298157
0.021149785746717
0.021259226828959
0.021358404455346
0.021447371359045
0.021526196787977
0.021594966172846
0.021653780771955
0.021702757293418
0.021742027495211
0.021771737763356
0.021792048668473
0.021803134500862
0.021805182784353
0.021798393769193
0.021782979904418
0.021759165290291
0.021727185111639
0.021687285053098
0.021639720697583
0.021584756909454
0.021522667204122
0.021453733106001
0.021378243496844
0.021296493956612
0.021208786099084
0.021115426904364
0.021016728050441
0.020913005245787
0.020804577564884
0.020691766788342
0.020574896749089
0.020454292685877
0.020330280605140
0.020203186652019
0.020073336491186
0.019941054697959
0.019806664160055
0.019670485490314
0.019532836450633
0.019394031387471
0.019254380679254
0.019114190196215
0.018973760773246
0.018833387696552
0.018693360205013
0.018553961007285
0.018415465815827
0.018278142899077
0.018142252653076
0.018008047193814
0.017875769971539
0.017745655408166
0.017617928558797
0.017492804798186
0.017370489532795
0.017251177938883
0.017135054726842
0.017022293931803
0.016913058730337
0.016807501282893
0.016705762601499
0.016607972442134
0.016514249221115
0.016424699954820
0.016339420222066
0.016258494148525
0.016181994412608
0.016109982272346
0.016042507612909
0.015979609014483
0.015921313840362
0.015867638345146
0.015818587803052
0.015774156656311
0.015734328683676
0.015699077188987
0.015668365209662
0.015642145744893
0.015620362003154
0.015602947668498
0.015589827184925
0.015580916057954
0.015576121172365
0.015575341124946
0.015578466570967
0.015585380583046
0.015595959021025
0.015610070911503
0.015627578835698
0.015648339324407
0.015672203258929
0.015699016276933
0.015728619182395
0.015760848358828
0.015795536185178
0.015832511453797
0.015871599790030
0.015912624072941
0.015955404856724
0.015999760792313
0.016045509048657
0.016092465733017
0.016140446309569
0.016189266015477
0.016238740273492
0.016288685100033
0.016338917507626
0.016389255900527
0.016439520462312
0.016489533534276
0.016539119983483
0.016588107559472
0.016636327238693
0.016683613555981
0.016729804922523
0.016774743929994
0.016818277640760
0.016860257864220
0.016900541419553
0.016938990385252
0.016975472335954
0.017009860567068
