0.006358301505146
0.006383107195718
0.006407585717129
0.006431606356735
0.006455032757594
0.006477730131404
0.006499572000550
0.006520446071572
0.006540258945918
0.006558939492754
0.006576440831259
0.006592740985070
0.006607842369053
0.006621770340503
0.006634571087928
0.006646309138844
0.006657064744915
0.006666931352813
0.006676013299577
0.006684423791020
0.006692283140802
0.006699717176109
0.006706855662070
0.006713830568084
0.006720773998899
0.006727815642846
0.006735079646429
0.006742680903348
0.006750720838857
0.006759282867329
0.006768427791337
0.006778189483818
0.006788571241643
0.006799543211836
0.006811041266526
0.006822967638438
0.006835193528216
0.006847563764157
0.006859903443581
0.006872026324594
0.006883744580608
0.006894879391134
0.006905271733663
0.006914792673634
0.006923352430461
0.006930907531561
0.006937465453579
0.006943086286475
0.006947881134025
0.006952007172031
0.006955659509260
0.006959060220065
0.006962445125700
0.006966049078165
0.006970090632395
0.006974757069257
0.006980190746120
0.006986477701126
0.006993639323552
0.007001627731898
0.007010325283942
0.007019548392244
0.007029055550502
0.007038559207923
0.007047740877673
0.007056268648151
0.007063816096365
0.007070081492762
0.007074806143896
0.007077790746932
0.007078908727233
0.007078115691805
0.007075454348042
0.007071054496280
0.007065127990860
0.007057958860699
0.007049889069229
0.007041300657551
0.007032595238112
0.007024171975473
0.007016405295483
0.007009623597779
0.007004090206322
0.006999987680507
0.006997406430997
0.006996338349657
0.006996675884689
0.006998216686067
0.007000673629793
0.007003689720462
0.007006857087950
0.007009739052139
0.007011894043776
0.007012900051071
0.007012378217907
0.007010014253874
0.007005576427651
0.006998929097944
0.006990040980550
0.006978987642759
0.006965948040969
0.006951195255599
0.006935081909928
0.006918021066964
0.006900463662910
0.006882873741481
0.006865702887762
0.006849365315056
0.006834215029352
0.006820526384725
0.006808479155008
0.006798148992906
0.006789503841888
0.006782406526297
0.006776623390933
0.006771838513758
0.006767672694723
0.006763706149087
0.006759503621187
0.006754640497077
0.006748728439851
0.006741439102840
0.006732524591246
0.006721833534793
0.006709321890920
0.006695057904173
0.006679220983989
0.006662094609830
0.006644053708587
0.006625547254411
0.006607077097863
0.006589174224660
0.006572373764076
0.006557190107243
0.006544093455641
0.006533489004267
0.006525699781278
0.006520953929418
0.006519376940275
0.006520989058428
0.006525707777620
0.006533355073363
0.006543668772417
0.006556317262892
0.006570916609397
0.006587049061457
0.006604281931631
0.006622185869305
0.006640351659997
0.006658404827657
0.006676017496131
0.006692917161377
0.006708892223646
0.006723794315061
0.006737537620934
0.006750095523579
0.006761494989458
0.006771809171770
0.006781148712286
0.006789652202819
0.006797476215329
0.006804785239382
0.006811741786711
0.006818496845061
0.006825180796596
0.006831894867488
0.006838703149702
0.006845625235780
0.006852629531433
0.006859627355095
0.006866467991755
0.006872934931745
0.006878743584172
0.006883540799410
0.006886906556422
0.006888358161272
0.006887357257957
0.006883319869873
0.006875629571109
0.006863653736452
0.006846762645285
0.006824351028445
0.006795861460957
0.006760808830990
0.006718804969813
0.006669582421232
0.006613016272067
0.006549142964856
0.006478175073757
0.006400511144085
0.006316739870763
0.006227638112967
0.006134162500017
0.006037434663209
0.005938720414220
0.005839403467054
0.005740954551602
0.005644896978805
0.005552769878648
0.005466090434178
0.005386316472641
0.005314810747605
0.005252808156145
0.005201386989081
0.005161445118912
0.005133681800905
0.005118585510760
0.005116427980955
0.005127264340874
0.005150939025662
0.005187096906644
0.005235198920950
0.005294541346466
0.005364277784212
0.005443442875115
0.005530976790675
0.005625749593645
0.005726584660049
0.005832280480538
0.005941630309049
0.006053439290900
0.006166538871828
0.006279798454914
0.006392134425507
0.006502516797604
0.006609973842493
0.006713595136990
0.006812533511243
0.006906006383691
0.006993296943805
0.007073755584503
0.007146801899711
0.007211927454540
0.007268699413171
0.007316764981026
0.007355856491915
0.007385796856391
0.007406504992702
0.007418000793697
0.007420409147321
0.007413962528503
0.007399001717280
0.007375974270570
0.007345430478970
0.007308016668891
0.007264465855706
0.007215585905483
0.007162245510338
0.007105358414885
0.007045866438439
0.006984721911425
0.006922870178588
0.006861232813166
0.006800692135083
0.006742077536001
0.006686153991287
0.006633612992835
0.006585065978718
0.006541040178108
0.006501976645587
0.006468230139548
0.006440070414611
0.006417684455020
0.006401179178304
0.006390584185976
0.006385854226421
0.006386871156707
0.006393445333936
0.006405316519786
0.006422154529941
0.006443559988887
0.006469065647130
0.006498138771754
0.006530185125147
0.006564554997574
0.006600551658384
0.006637442443715
0.006674472515497
0.006710881120484
0.006745919964601
0.006778873113782
0.006809077654259
0.006835944208005
0.006858976315101
0.006877787672767
0.006892116264815
0.006901834524714
0.006906954844656
0.006907629962231
0.006904148011693
0.006896922302146
0.006886476162448
0.006873423454279
0.006858445583926
0.006842266025422
0.006825623491844
0.006809244950759
0.006793819671646
0.006779975419684
0.006768257777856
0.006759113397887
0.006752877762807
0.006749767804454
0.006749879473153
0.006753190118979
0.006759565327684
0.006768769670739
0.006780480686219
0.006794305310406
0.006809797930782
0.006826479227933
0.006843855012618
0.006861434338257
0.006878746270368
0.006895354814027
0.006910871629274
0.006924966293904
0.006937373995908
0.006947900647872
0.006956425508646
0.006962901471073
0.006967353227645
0.006969873559546
0.006970618010454
0.006969798207910
0.006967674085272
0.006964545240224
0.006960741644984
0.006956613902130
0.006952523221059
0.006948831275506
0.006945890093719
0.006944032130164
0.006943560671024
0.006944740734204
0.006947790636751
0.006952874416487
0.006960095308039
0.006969490483638
0.006981027273514
0.006994601076778
0.007010035158901
0.007027082504381
0.007045429851413
0.007064703978793
0.007084480244126
0.007104293288134
0.007123649725064
0.007142042537569
0.007158966791056
0.007173936183087
0.007186499854635
0.007196258818703
0.007202881314675
0.007206116379946
0.007205804948628
0.007201887843737
0.007194410125092
0.007183521388889
0.007169471782239
0.007152603690296
0.007133339265547
0.007112164187326
0.007089608251983
0.007066223587166
0.007042561444363
0.007019148640564
0.006996464782742
0.006974921411234
0.006954844136683
0.006936458720696
0.006919881867677
0.006905117263107
0.006892057124291
0.006880489238360
0.006870109166152
0.006860537007318
0.006851337869076
0.006842044974190
0.006832184196176
0.006821298731005
0.006808972609765
0.006794851826512
0.006778661995653
0.006760221654913
0.006739450580790
0.006716372767692
0.006691114022177
0.006663894421509
0.006635016163194
0.006604847572902
0.006573804228738
0.006542328289805
0.006510867180581
0.006479852777880
0.006449682176798
0.006420700982666
0.006393189897646
0.006367355155935
0.006343323125049
0.006321139147359
