0.000626234665011
0.000624805482891
0.000623725683658
0.000622980103521
0.000622555371516
0.000622445850632
0.000622660039658
0.000623226922698
0.000624201707665
0.000625670393200
0.000627752647195
0.000630602567606
0.000634407022235
0.000639381420512
0.000645762945890
0.000653801459890
0.000663748464296
0.000675844663265
0.000690306789705
0.000707314440143
0.000726997692271
0.000749426255936
0.000774600832257
0.000802447231511
0.000832813637279
0.000865471213911
0.000900118051104
0.000936386238603
0.000973851681120
0.001012046112120
0.001050470656237
0.001088610230874
0.001125948070919
0.001161979704590
0.001196225797101
0.001228243402149
0.001257635306547
0.001284057306675
0.001307223402680
0.001326909025027
0.001342952507838
0.001355255088062
0.001363779736257
0.001368549115102
0.001369642920963
0.001367194799976
0.001361388953236
0.001352456466608
0.001340671329605
0.001326346053574
0.001309826768322
0.001291487671798
0.001271724729796
0.001250948569252
0.001229576574439
0.001208024273398
0.001186696184298
0.001165976370262
0.001146219018891
0.001127739413349
0.001110805690619
0.001095631786882
0.001082371948892
0.001071117144611
0.001061893638414
0.001054663909340
0.001049329989348
0.001045739187204
0.001043692047756
0.001042952281377
0.001043258289985
0.001044335819950
0.001045911193928
0.001047724518489
0.001049542237065
0.001051168401918
0.001052454076936
0.001053304355865
0.001053682586475
0.001053611526657
0.001053171317125
0.001052494329199
0.001051757124581
0.001051169935937
0.001050964230435
0.001051379041959
0.001052646841695
0.001054979753748
0.001058556908213
0.001063513658127
0.001069933272431
0.001077841561471
0.001087204705266
0.001097930350622
0.001109871835665
0.001122835204392
0.001136588503296
0.001150872719139
0.001165413630591
0.001179933812245
0.001194164048980
0.001207853489187
0.001220777980666
0.001232746183450
0.001243603227434
0.001253231866121
0.001261551257199
0.001268513663046
0.001274099498252
0.001278311247816
0.001281166833258
0.001282693011846
0.001282919357849
0.001281873298429
0.001279576567999
0.001276043312909
0.001271279934345
0.001265286612576
0.001258060321428
0.001249599027784
0.001239906684940
0.001228998576046
0.001216906547170
0.001203683688203
0.001189408070679
0.001174185228993
0.001158149168167
0.001141461788658
0.001124310728177
0.001106905723778
0.001089473687432
0.001072252759657
0.001055485654882
0.001039412637874
0.001024264473250
0.001010255672180
0.000997578325386
0.000986396763775
0.000976843232089
0.000969014701137
0.000962970884361
0.000958733467712
0.000956286510307
0.000955577928511
0.000956521938872
0.000959002305969
0.000962876220106
0.000967978616800
0.000974126745569
0.000981124799545
0.000988768430165
0.000996848992350
0.001005157394461
0.001013487462818
0.001021638770480
0.001029418921872
0.001036645325398
0.001043146521977
0.001048763165292
0.001053348766562
0.001056770321274
0.001058908926880
0.001059660480138
0.001058936512918
0.001056665189557
0.001052792451655
0.001047283262238
0.001040122874554
0.001031318034623
0.001020898022627
0.001008915445907
0.000995446713821
0.000980592148121
0.000964475707340
0.000947244324722
0.000929066872358
0.000910132766144
0.000890650216192
0.000870844106849
0.000850953463411
0.000831228435058
0.000811926702740
0.000793309214268
0.000775635163259
0.000759156168223
0.000744109673952
0.000730711686766
0.000719149061112
0.000709571666877
0.000702084871343
0.000696742852223
0.000693543304698
0.000692424104085
0.000693262429106
0.000695876736826
0.000700031813539
0.000705446917094
0.000711806792054
0.000718775100535
0.000726009591838
0.000733178155806
0.000739974788357
0.000746134457474
0.000751445901728
0.000755761520326
0.000759003714503
0.000761167297487
0.000762317881078
0.000762586443931
0.000762160561790
0.000761273007531
0.000760188587744
0.000759190159302
0.000758564758829
0.000758590684673
0.000759526207857
0.000761600375783
0.000765006135155
0.000769895765607
0.000776378408602
0.000784519318888
0.000794340373445
0.000805821352193
0.000818901554207
0.000833481422314
0.000849424000618
0.000866556221277
0.000884670184447
0.000903524734860
0.000922847729925
0.000942339423249
0.000961677347535
0.000980522973562
0.000998530257634
0.001015355985415
0.001030671597911
0.001044175970558
0.001055608433911
0.001064761196505
0.001071490274180
0.001075724055185
0.001077468738661
0.001076810068704
0.001073911032667
0.001069005479824
0.001062387919645
0.001054400050820
0.001045414826395
0.001035819054055
0.001025995646154
0.001016306661083
0.001007078213519
0.000998588181735
0.000991057418628
0.000984644898945
0.000979446932180
0.000975500264803
0.000972788612642
0.000971251927650
0.000970797531653
0.000971312155475
0.000972673910480
0.000974763288894
0.000977472430051
0.000980712086611
0.000984415957913
0.000988542304614
0.000993072996682
0.000998010354636
0.001003372304302
0.001009186466103
0.001015483835237
0.001022292679801
0.001029633197028
0.001037513335936
0.001045926034143
0.001054847945953
0.001064239576595
0.001074046600346
0.001084202041238
0.001094628942245
0.001105243144825
0.001115955842273
0.001126675649409
0.001137310035416
0.001147766081832
0.001157950638642
0.001167770044427
0.001177129640676
0.001185933338975
0.001194083490730
0.001201481265394
0.001208027671841
0.001213625269170
0.001218180519914
0.001221606652819
0.001223826834967
0.001224777412031
0.001224410965245
0.001222698954058
0.001219633760382
0.001215230016182
0.001209525170996
0.001202579329050
0.001194474446854
0.001185313023459
0.001175216432117
0.001164323032773
0.001152786172585
0.001140772132757
0.001128458023299
0.001116029572908
0.001103678718950
0.001091600880614
0.001079991802097
0.001069043883735
0.001058941975038
0.001049858678384
0.001041949296657
0.001035346641326
0.001030155988085
0.001026450514836
0.001024267573706
0.001023606130641
0.001024425652547
0.001026646636992
0.001030152870620
0.001034795380238
0.001040397916775
0.001046763699328
0.001053683054841
0.001060941527215
0.001068328002568
0.001075642406308
0.001082702569993
0.001089349935943
0.001095453856976
0.001100914348122
0.001105663247137
0.001109663832626
0.001112909025972
0.001115418361914
0.001117233951136
0.001118415677593
0.001119035876640
0.001119173731611
0.001118909611115
0.001118319551338
0.001117470070362
0.001116413486800
0.001115183902932
0.001113794001706
0.001112232794854
0.001110464442746
0.001108428242678
0.001106039848502
0.001103193740227
0.001099766907917
0.001095623652490
0.001090621340903
0.001084616889832
0.001077473696317
0.001069068691417
0.001059299168798
0.001048089037686
0.001035394170376
0.001021206557834
0.001005557050271
0.000988516538093
0.000970195516521
0.000950742067350
0.000930338376968
0.000909195984299
0.000887550010626
0.000865652661593
0.000843766308430
0.000822156450881
0.000801084840679
0.000780803005405
0.000761546363094
0.000743529063445
0.000726939637350
0.000711937487591
0.000698650213759
0.000687171736338
0.000677561169296
0.000669842386972
0.000664004237457
0.000660001367926
0.000657755643616
0.000657158157243
0.000658071835673
0.000660334652501
0.000663763446669
0.000668158327732
0.000673307618627
0.000678993249162
0.000684996471357
0.000691103725906
0.000697112452168
0.000702836607175
