0.000729073760083
0.000730651136969
0.000731623051712
0.000732129329215
0.000732336761384
0.000732432736381
0.000732617448030
0.000733094993010
0.000734063760049
0.000735706594587
0.000738181276280
0.000741611868717
0.000746081486258
0.000751626970097
0.000758235875466
0.000765846048637
0.000774347922814
0.000783589495891
0.000793383781396
0.000803518359068
0.000813766505516
0.000823899269428
0.000833697779007
0.000842965038285
0.000851536486902
0.000859288664550
0.000866145432784
0.000872081356001
0.000877122020326
0.000881341261848
0.000884855471092
0.000887815325616
0.000890395464580
0.000892782747554
0.000895163826122
0.000897712795990
0.000900579687033
0.000903880490582
0.000907689321745
0.000912033176999
0.000916889583303
0.000922187255619
0.000927809696638
0.000933601497447
0.000939376941408
0.000944930384932
0.000950047795023
0.000954518769113
0.000958148349591
0.000960767972850
0.000962244957407
0.000962490032261
0.000961462528176
0.000959172992857
0.000955683137216
0.000951103165621
0.000945586679832
0.000939323467410
0.000932530584775
0.000925442218893
0.000918298857138
0.000911336311718
0.000904775133836
0.000898810915868
0.000893605920600
0.000889282399123
0.000885917868159
0.000883542518201
0.000882138820947
0.000881643302603
0.000881950353186
0.000882917854496
0.000884374334305
0.000886127293853
0.000887972311965
0.000889702503120
0.000891117899303
0.000892034336278
0.000892291453579
0.000891759462531
0.000890344396272
0.000887991627573
0.000884687521147
0.000880459173865
0.000875372284841
0.000869527283853
0.000863053926937
0.000856104638300
0.000848846934529
0.000841455307360
0.000834102963053
0.000826953818246
0.000820155134122
0.000813831133509
0.000808077891302
0.000802959720190
0.000798507194907
0.000794716873414
0.000791552687235
0.000788948890247
0.000786814380090
0.000785038142802
0.000783495522561
0.000782054986625
0.000780585042033
0.000778960965283
0.000777071028245
0.000774821940983
0.000772143282345
0.000768990748756
0.000765348117077
0.000761227884736
0.000756670616053
0.000751743084224
0.000746535351011
0.000741156968429
0.000735732517065
0.000730396713309
0.000725289322576
0.000720550108268
0.000716314027969
0.000712706860978
0.000709841416960
0.000707814436580
0.000706704254045
0.000706569250836
0.000707447091867
0.000709354701729
0.000712288910951
0.000716227681464
0.000721131806954
0.000726946977638
0.000733606099495
0.000741031764281
0.000749138777394
0.000757836664409
0.000767032092368
0.000776631157145
0.000786541502280
0.000796674246493
0.000806945706166
0.000817278905081
0.000827604866950
0.000837863687152
0.000848005379468
0.000857990492365
0.000867790488487
0.000877387881329
0.000886776125220
0.000895959259123
0.000904951311321
0.000913775480506
0.000922463118385
0.000931052548805
0.000939587767444
0.000948117073261
0.000956691687170
0.000965364414045
0.000974188400801
0.000983216035892
0.000992498024608
0.001002082660788
0.001012015300203
0.001022338025189
0.001033089475605
0.001044304809121
0.001056015745435
0.001068250644904
0.001081034572710
0.001094389304885
0.001108333241640
0.001122881205606
0.001138044116330
0.001153828546384
0.001170236177207
0.001187263183006
0.001204899577778
0.001223128563186
0.001241925913519
0.001261259428737
0.001281088478492
0.001301363650215
0.001322026504297
0.001343009430485
0.001364235593276
0.001385618951244
0.001407064336505
0.001428467586084
0.001449715726080
0.001470687221453
0.001491252317355
0.001511273510498
0.001530606199216
0.001549099566915
0.001566597753967
0.001582941366986
0.001597969361308
0.001611521313002
0.001623440071783
0.001633574757703
0.001641784034648
0.001647939565074
0.001651929525682
0.001653662045285
0.001653068415833
0.001650105926783
0.001644760182012
0.001637046776957
0.001627012240146
0.001614734175788
0.001600320579940
0.001583908339215
0.001565660955067
0.001545765566110
0.001524429363696
0.001501875511172
0.001478338684680
0.001454060353816
0.001429283915613
0.001404249787081
0.001379190552489
0.001354326253830
0.001329859908411
0.001305973337300
0.001282823392570
0.001260538679090
0.001239216875966
0.001218922771094
0.001199687126237
0.001181506486461
0.001164344033575
0.001148131556496
0.001132772571259
0.001118146570568
0.001104114319622
0.001090524045590
0.001077218297804
0.001064041190922
0.001050845690451
0.001037500565572
0.001023896623279
0.001009951854132
0.000995615164762
0.000980868444517
0.000965726809746
0.000950236982833
0.000934473886404
0.000918535656362
0.000902537390918
0.000886604046638
0.000870862958627
0.000855436493843
0.000840435340695
0.000825952894061
0.000812061115306
0.000798808137771
0.000786217757736
0.000774290809436
0.000763008281498
0.000752335902516
0.000742229815632
0.000732642884446
0.000723531131209
0.000714859805900
0.000706608620960
0.000698775757607
0.000691380349312
0.000684463267573
0.000678086164535
0.000672328855741
0.000667285244159
0.000663058084806
0.000659752960748
0.000657471881667
0.000656306923871
0.000656334306716
0.000657609248686
0.000660161872813
0.000663994342939
0.000669079318062
0.000675359719625
0.000682749723904
0.000691136824675
0.000700384764503
0.000710337108394
0.000720821231169
0.000731652507443
0.000742638526506
0.000753583198319
0.000764290665086
0.000774568979384
0.000784233548823
0.000793110374408
0.000801039122172
0.000807876064384
0.000813496908628
0.000817799503172
0.000820706369664
0.000822166974695
0.000822159616071
0.000820692773346
0.000817805760231
0.000813568522307
0.000808080448656
0.000801468110259
0.000793881898661
0.000785491611039
0.000776481106482
0.000767042235882
0.000757368317156
0.000747647481438
0.000738056248685
0.000728753698528
0.000719876582147
0.000711535673794
0.000703813589084
0.000696764206232
0.000690413722890
0.000684763272987
0.000679792923530
0.000675466778917
0.000671738847092
0.000668559273560
0.000665880529362
0.000663663148804
0.000661880650696
0.000660523339766
0.000659600767082
0.000659142723286
0.000659198738340
0.000659836158970
0.000661136962805
0.000663193540563
0.000666103730046
0.000669965415786
0.000674871015221
0.000680902157636
0.000688124828596
0.000696585204348
0.000706306342639
0.000717285833747
0.000729494453384
0.000742875802031
0.000757346866732
0.000772799404041
0.000789102017891
0.000806102793748
0.000823632349552
0.000841507172812
0.000859533129201
0.000877509048421
0.000895230314970
0.000912492412144
0.000929094384840
0.000944842198928
0.000959551981052
0.000973053122625
0.000985191225891
0.000995830859430
0.001004858077035
0.001012182639504
0.001017739865741
0.001021492029879
0.001023429216879
0.001023569551797
0.001021958728804
0.001018668785329
0.001013796094303
0.001007458582014
0.000999792219065
0.000990946874659
0.000981081667165
0.000970359983399
0.000958944372023
0.000946991539884
0.000934647691463
0.000922044448897
0.000909295572430
0.000896494668583
0.000883714027062
0.000871004669614
0.000858397627912
0.000845906397079
0.000833530440988
0.000821259559766
0.000809078873329
0.000796974131276
0.000784937032208
0.000772970226649
0.000761091688043
0.000749338165427
0.000737767477688
0.000726459469960
0.000715515524110
0.000705056592998
0.000695219807710
0.000686153783646
0.000678012820905
0.000670950253251
0.000665111245221
0.000660625366728
