0.004232837130470
0.004228311872461
0.004223803177183
0.004219447072201
0.004215376243308
0.004211716024670
0.004208580572933
0.004206069341279
0.004204263961405
0.004203225630193
0.004202993083581
0.004203581223357
0.004204980443725
0.004207156684032
0.004210052212673
0.004213587125462
0.004217661520352
0.004222158289947
0.004226946454346
0.004231884940120
0.004236826697124
0.004241623033824
0.004246128044271
0.004250202995942
0.004253720547675
0.004256568670708
0.004258654153481
0.004259905582075
0.004260275702656
0.004259743089727
0.004258313063787
0.004256017823664
0.004252915781680
0.004249090113240
0.004244646555756
0.004239710514328
0.004234423552639
0.004228939366407
0.004223419353004
0.004218027903874
0.004212927555829
0.004208274142858
0.004204212091505
0.004200870000147
0.004198356635574
0.004196757469463
0.004196131862711
0.004196510987768
0.004197896558378
0.004200260413245
0.004203544975583
0.004207664585109
0.004212507673471
0.004217939729067
0.004223806973583
0.004229940650869
0.004236161809784
0.004242286446895
0.004248130862874
0.004253517078534
0.004258278152938
0.004262263247028
0.004265342281791
0.004267410049993
0.004268389654722
0.004268235166017
0.004266933408225
0.004264504814912
0.004261003314373
0.004256515236414
0.004251157259304
0.004245073443755
0.004238431427772
0.004231417881371
0.004224233342772
0.004217086577061
0.004210188613887
0.004203746632026
0.004197957865237
0.004193003705537
0.004189044176648
0.004186212942100
0.004184612999322
0.004184313193472
0.004185345663137
0.004187704304891
0.004191344315868
0.004196182843494
0.004202100740447
0.004208945391330
0.004216534546640
0.004224661070009
0.004233098477424
0.004241607122899
0.004249940864596
0.004257854029360
0.004265108482468
0.004271480603508
0.004276767968972
0.004280795547327
0.004283421223102
0.004284540482537
0.004284090114281
0.004282050803952
0.004278448530431
0.004273354703840
0.004266885019347
0.004259197036369
0.004250486528424
0.004240982683896
0.004230942271215
0.004220642912661
0.004210375638140
0.004200436913157
0.004191120353102
0.004182708348313
0.004175463830792
0.004169622413624
0.004165385128057
0.004162911970837
0.004162316456061
0.004163661341905
0.004166955673648
0.004172153251121
0.004179152592021
0.004187798423158
0.004197884690856
0.004209159040375
0.004221328673437
0.004234067453849
0.004247024094904
0.004259831229586
0.004272115136706
0.004283505873543
0.004293647549239
0.004302208463446
0.004308890832020
0.004313439826051
0.004315651662134
0.004315380500525
0.004312543933061
0.004307126874196
0.004299183705265
0.004288838563513
0.004276283712340
0.004261775976746
0.004245631276787
0.004228217340948
0.004209944729328
0.004191256342365
0.004172615633255
0.004154493780169
0.004137356106889
0.004121648066647
0.004107781123107
0.004096118873925
0.004086963765839
0.004080544745599
0.004077006178124
0.004076398342427
0.004078669787279
0.004083661793020
0.004091105143947
0.004100619368321
0.004111714551142
0.004123795769703
0.004136170144597
0.004148056440715
0.004158597095083
0.004166872492397
0.004171917256107
0.004172738274151
0.004168334134868
0.004157715611432
0.004139926803067
0.004114066519077
0.004079309477918
0.004034926888449
0.003980305984376
0.003914968095628
0.003838584861862
0.003750992223027
0.003652201859328
0.003542409797428
0.003422001950193
0.003291556412988
0.003151842399111
0.003003815759431
0.002848611095256
0.002687530537778
0.002522029330736
0.002353698414037
0.002184244263748
0.002015466297015
0.001849232198034
0.001687451562322
0.001532048290392
0.001384932187953
0.001247970247405
0.001122958094408
0.001011592083543
0.000915442518553
0.000835928455562
0.000774294522374
0.000731590153977
0.000708651604303
0.000706087047966
0.000724265033916
0.000763306496723
0.000823080471532
0.000903203596721
0.001003043425024
0.001121725500500
0.001258144096301
0.001410976447849
0.001578700258719
0.001759614203282
0.001951861101801
0.002153453400981
0.002362300556703
0.002576237886207
0.002793056434964
0.003010533389062
0.003226462557285
0.003438684448384
0.003645115478009
0.003843775856395
0.004032815731643
0.004210539194042
0.004375425783610
0.004526149185387
0.004661592844156
0.004780862281464
0.004883293952168
0.004968460534347
0.005036172604360
0.005086476707206
0.005119649890071
0.005136190823278
0.005136807686739
0.005122403050656
0.005094056025798
0.005053002000505
0.005000610317875
0.004938360276928
0.004867815865359
0.004790599648438
0.004708366248435
0.004622775851533
0.004535468174428
0.004448037310927
0.004362007859897
0.004278812710398
0.004199772828028
0.004126079349062
0.004058778246507
0.003998757785415
0.003946738934559
0.003903268848706
0.003868717481160
0.003843277330951
0.003826966274008
0.003819633373778
0.003820967515101
0.003830508656570
0.003847661452002
0.003871710951827
0.003901840060930
0.003937148401270
0.003976672206161
0.004019404858622
0.004064317679136
0.004110380568486
0.004156582119177
0.004201948824040
0.004245563032739
0.004286579335568
0.004324239088628
0.004357882834461
0.004386960416733
0.004411038635743
0.004429806342340
0.004443076920296
0.004450788160250
0.004452999580893
0.004449887304030
0.004441736638579
0.004428932573319
0.004411948418483
0.004391332871213
0.004367695808782
0.004341693135686
0.004314011025896
0.004285349909288
0.004256408551534
0.004227868569487
0.004200379709569
0.004174546195190
0.004150914421275
0.004129962240317
0.004112090045574
0.004097613814208
0.004086760227106
0.004079663933992
0.004076366983288
0.004076820387103
0.004080887743908
0.004088350795837
0.004098916755330
0.004112227197816
0.004127868284196
0.004145382049836
0.004164278476060
0.004184048046285
0.004204174482206
0.004224147355905
0.004243474281344
0.004261692403237
0.004278378922290
0.004293160422780
0.004305720800631
0.004315807626846
0.004323236821291
0.004327895554566
0.004329743339849
0.004328811321162
0.004325199808381
0.004319074151383
0.004310659085052
0.004300231712497
0.004288113324819
0.004274660281625
0.004260254196312
0.004245291683818
0.004230173935521
0.004215296386345
0.004201038732817
0.004187755548123
0.004175767721512
0.004165354925144
0.004156749282446
0.004150130378969
0.004145621720438
0.004143288704268
0.004143138131114
0.004145119243164
0.004149126236890
0.004155002160739
0.004162544073852
0.004171509311086
0.004181622673189
0.004192584339566
0.004204078285211
0.004215780973343
0.004227370091365
0.004238533099904
0.004248975372912
0.004258427720597
0.004266653106211
0.004273452391538
0.004278668973932
0.004282192208942
0.004283959546225
0.004283957341577
0.004282220343617
0.004278829888960
0.004273910873700
0.004267627600771
0.004260178631470
0.004251790794403
0.004242712525614
0.004233206729343
0.004223543359222
0.004213991924578
0.004204814125874
0.004196256817107
0.004188545481572
0.004181878391047
0.004176421597733
0.004172304883707
0.004169618765024
0.004168412617642
0.004168693960894
0.004170428902206
0.004173543714957
0.004177927490761
0.004183435778731
0.004189895098351
0.004197108189966
0.004204859848365
0.004212923170746
0.004221066041060
0.004229057668338
0.004236674997370
0.004243708815824
0.004249969392384
0.004255291495470
0.004259538661065
0.004262606600541
0.004264425664548
0.004264962306246
