0.004198292127689
0.004193645292477
0.004189332748314
0.004185486699795
0.004182227043816
0.004179657712676
0.004177863452371
0.004176907134519
0.004176827685555
0.004177638699466
0.004179327780881
0.004181856644348
0.004185161973747
0.004189157023567
0.004193733921957
0.004198766614576
0.004204114369043
0.004209625742700
0.004215142902024
0.004220506170784
0.004225558676267
0.004230150958887
0.004234145410326
0.004237420409166
0.004239874030577
0.004241427217910
0.004242026318667
0.004241644904930
0.004240284818376
0.004237976401998
0.004234777903931
0.004230774062650
0.004226073906703
0.004220807825208
0.004215123987032
0.004209184206205
0.004203159368084
0.004197224544629
0.004191553937377
0.004186315793050
0.004181667438928
0.004177750583128
0.004174687018677
0.004172574860011
0.004171485426431
0.004171460869529
0.004172512621121
0.004174620715316
0.004177734013750
0.004181771337233
0.004186623481032
0.004192156065321
0.004198213147775
0.004204621502623
0.004211195450271
0.004217742104559
0.004224066891271
0.004229979182143
0.004235297883598
0.004239856818934
0.004243509746824
0.004246134867642
0.004247638682071
0.004247959083476
0.004247067586007
0.004244970613974
0.004241709803964
0.004237361298720
0.004232034040326
0.004225867098791
0.004219026100042
0.004211698843665
0.004204090224903
0.004196416596537
0.004188899723831
0.004181760499179
0.004175212591947
0.004169456213043
0.004164672172790
0.004161016404628
0.004158615116251
0.004157560714160
0.004157908627707
0.004159675135031
0.004162836266440
0.004167327831521
0.004173046585299
0.004179852517055
0.004187572213680
0.004196003218746
0.004204919279513
0.004214076347805
0.004223219177786
0.004232088344826
0.004240427495431
0.004247990629120
0.004254549209380
0.004259898902669
0.004263865751847
0.004266311603293
0.004267138624907
0.004266292775008
0.004263766108932
0.004259597840574
0.004253874109096
0.004246726435925
0.004238328892900
0.004228894038126
0.004218667710731
0.004207922808371
0.004196952201106
0.004186060961242
0.004175558110297
0.004165748100605
0.004156922259827
0.004149350431392
0.004143273042440
0.004138893823100
0.004136373387132
0.004135823864259
0.004137304749447
0.004140820104518
0.004146317213497
0.004153686755933
0.004162764522897
0.004173334659603
0.004185134377545
0.004197860038832
0.004211174477109
0.004224715384031
0.004238104558739
0.004250957790991
0.004262895127335
0.004273551254553
0.004282585726034
0.004289692755146
0.004294610305048
0.004297128216858
0.004297095137317
0.004294424032751
0.004289096107621
0.004281162982646
0.004270747028399
0.004258039794635
0.004243298522176
0.004226840771975
0.004209037253786
0.004190302983505
0.004171086942589
0.004151860453897
0.004133104524793
0.004115296439448
0.004098895907203
0.004084331091913
0.004071984857873
0.004062181570886
0.004055174788118
0.004051136157651
0.004050145828186
0.004052184641755
0.004057128347886
0.004064744037395
0.004074688948492
0.004086511748367
0.004099656340754
0.004113468195503
0.004127203140929
0.004140038505079
0.004151086439057
0.004159409205567
0.004164036169787
0.004163982188757
0.004158267060465
0.004145935665571
0.004126078413840
0.004097851594366
0.004060497223778
0.004013361990099
0.003955914901548
0.003887763269282
0.003808666680319
0.003718548651240
0.003617505693960
0.003505813571045
0.003383930568903
0.003252497671506
0.003112335574161
0.002964438535038
0.002809965120507
0.002650225957779
0.002486668663685
0.002320860170657
0.002154466719110
0.001989231828530
0.001826952596956
0.001669454709398
0.001518566559772
0.001376092907452
0.001243788498657
0.001123332084210
0.001016301259012
0.000924148534901
0.000848179037895
0.000789530193460
0.000749153730104
0.000727800292833
0.000726006914656
0.000744087547118
0.000782126800762
0.000839976994231
0.000917258557443
0.001013363780773
0.001127463849347
0.001258519050272
0.001405291991697
0.001566363626759
0.001740151833471
0.001924932263930
0.002118861143565
0.002319999673717
0.002526339669217
0.002735830046811
0.002946403770613
0.003156004857136
0.003362615044926
0.003564279742209
0.003759132880015
0.003945420317791
0.004121521472995
0.004285968875372
0.004437465379841
0.004574898808836
0.004697353834814
0.004804120955964
0.004894702462235
0.004968815334075
0.005026391061945
0.005067572420327
0.005092707274618
0.005102339542739
0.005097197474495
0.005078179450461
0.005046337537665
0.005002859071182
0.004949046558531
0.004886296226944
0.004816075551985
0.004739900119216
0.004659310178499
0.004575847252964
0.004491031161530
0.004406337805249
0.004323178053706
0.004242878048387
0.004166661215700
0.004095632253416
0.004030763321192
0.003972882628988
0.003922665577191
0.003880628559690
0.003847125496696
0.003822347118535
0.003806322975560
0.003798926103733
0.003799880230832
0.003808769365662
0.003825049572631
0.003848062697515
0.003877051777687
0.003911177842219
0.003949537784673
0.003991182974389
0.004035138261170
0.004080421023593
0.004126059912941
0.004171112952958
0.004214684670129
0.004255941949834
0.004294128340081
0.004328576556169
0.004358718975972
0.004384095955899
0.004404361841131
0.004419288589790
0.004428766978086
0.004432805401569
0.004431526335142
0.004425160560721
0.004414039315229
0.004398584552249
0.004379297547082
0.004356746106647
0.004331550671642
0.004304369618436
0.004275884081544
0.004246782624177
0.004217746084015
0.004189432914019
0.004162465324000
0.004137416508054
0.004114799216312
0.004095055897388
0.004078550601038
0.004065562789835
0.004056283164910
0.004050811565033
0.004049156951584
0.004051239445267
0.004056894334843
0.004065877934776
0.004077875128372
0.004092508396757
0.004109348102654
0.004127923772061
0.004147736097251
0.004168269371338
0.004189004058333
0.004209429203244
0.004229054394255
0.004247421003232
0.004264112451265
0.004278763272220
0.004291066778692
0.004300781170432
0.004307733964550
0.004311824668464
0.004313025659738
0.004311381280563
0.004307005197572
0.004300076119043
0.004290832000137
0.004279562901939
0.004266602700710
0.004252319869317
0.004237107572625
0.004221373332317
0.004205528523840
0.004189977968841
0.004175109880573
0.004161286407559
0.004148835002632
0.004138040820806
0.004129140320964
0.004122316213799
0.004117693862671
0.004115339205973
0.004115258230225
0.004117397983454
0.004121649079431
0.004127849606067
0.004135790316611
0.004145220951127
0.004155857508791
0.004167390269535
0.004179492346937
0.004191828543449
0.004204064274245
0.004215874327252
0.004226951234190
0.004237013040484
0.004245810280257
0.004253131985826
0.004258810588510
0.004262725598321
0.004264805983546
0.004265031206248
0.004263430905597
0.004260083256557
0.004255112065966
0.004248682700591
0.004240996971317
0.004232287123738
0.004222809107141
0.004212835310887
0.004202646968980
0.004192526439930
0.004182749569800
0.004173578341536
0.004165254003540
0.004157990855310
0.004151970848193
0.004147339135557
0.004144200679619
0.004142617992476
0.004142610057484
0.004144152444821
0.004147178602709
0.004151582274311
0.004157220960512
0.004163920321448
0.004171479385538
0.004179676414415
0.004188275256159
0.004197032007910
0.004205701802626
0.004214045533490
0.004221836333330
0.004228865635163
0.004234948653374
0.004239929142691
0.004243683313443
