0.004050252958349
0.004053929518194
0.004058594082284
0.004064131224013
0.004070401076740
0.004077242858333
0.004084478984773
0.004091919668059
0.004099367879937
0.004106624552256
0.004113493877402
0.004119788568471
0.004125334938779
0.004129977663898
0.004133584096740
0.004136048016990
0.004137292710202
0.004137273288795
0.004135978186570
0.004133429779707
0.004129684109957
0.004124829709386
0.004118985549794
0.004112298163360
0.004104938003429
0.004097095135071
0.004088974363594
0.004080789925028
0.004072759875283
0.004065100323888
0.004058019663636
0.004051712948940
0.004046356573156
0.004042103388615
0.004039078402731
0.004037375169576
0.004037052979056
0.004038134925779
0.004040606917211
0.004044417656599
0.004049479610718
0.004055670946733
0.004062838396725
0.004070800983692
0.004079354519486
0.004088276763996
0.004097333116435
0.004106282694315
0.004114884644115
0.004122904519999
0.004130120563518
0.004136329718157
0.004141353217863
0.004145041598202
0.004147278992388
0.004147986591708
0.004147125170499
0.004144696599255
0.004140744295082
0.004135352585932
0.004128644993188
0.004120781465406
0.004111954623728
0.004102385105912
0.004092316120293
0.004082007342810
0.004071728308731
0.004061751465530
0.004052345064008
0.004043766070877
0.004036253287547
0.004030020856538
0.004025252328939
0.004022095453762
0.004020657833179
0.004021003566863
0.004023150984499
0.004027071538572
0.004032689900408
0.004039885271912
0.004048493894254
0.004058312703693
0.004069104054640
0.004080601401622
0.004092515805902
0.004104543109724
0.004116371602096
0.004127689985312
0.004138195441389
0.004147601592538
0.004155646150012
0.004162098051042
0.004166763894188
0.004169493498911
0.004170184435342
0.004168785394452
0.004165298296694
0.004159779067937
0.004152337044422
0.004143133002745
0.004132375845650
0.004120318008835
0.004107249687166
0.004093492009797
0.004079389321916
0.004065300755480
0.004051591291598
0.004038622532764
0.004026743413357
0.004016281081506
0.004007532184295
0.004000754781402
0.003996161099671
0.003993911323094
0.003994108589608
0.003996795338477
0.004001951120510
0.004009491948667
0.004019271229539
0.004031082277630
0.004044662375324
0.004059698302707
0.004075833224090
0.004092674783035
0.004109804225777
0.004126786345000
0.004143180012657
0.004158549052594
0.004172473191526
0.004184558820908
0.004194449302562
0.004201834557630
0.004206459691516
0.004208132426572
0.004206729139111
0.004202199327286
0.004194568370845
0.004183938481938
0.004170487787212
0.004154467524438
0.004136197380774
0.004116059043683
0.004094488078239
0.004071964285193
0.004049000731806
0.004026131681048
0.004003899673674
0.003982842041088
0.003963477144301
0.003946290645163
0.003931722120217
0.003920152324677
0.003911891404414
0.003907168337364
0.003906121863032
0.003908793130020
0.003915120257507
0.003924934968040
0.003937961406644
0.003953817216169
0.003972016891797
0.003991977389896
0.004013025918900
0.004034409793612
0.004055308190452
0.004074845600386
0.004092106739743
0.004106152647421
0.004116037670881
0.004120827023369
0.004119614581364
0.004111540584625
0.004095808901491
0.004071703529255
0.004038604013280
0.003995999488731
0.003943501074876
0.003880852383291
0.003807937937268
0.003724789339474
0.003631589067603
0.003528671822452
0.003416523398588
0.003295777093657
0.003167207717337
0.003031723304221
0.002890354675518
0.002744243031677
0.002594625791149
0.002442820918948
0.002290210011859
0.002138220424897
0.001988306735522
0.001841931848207
0.001700548042186
0.001565578259778
0.001438397921838
0.001320317541032
0.001212566383250
0.001116277403091
0.001032473651703
0.000962056324876
0.000905794587066
0.000864317273538
0.000838106538921
0.000827493486786
0.000832655782130
0.000853617217475
0.000890249174203
0.000942273894313
0.001009269454299
0.001090676312705
0.001185805286311
0.001293846796895
0.001413881221248
0.001544890171412
0.001685768529856
0.001835337065319
0.001992355458932
0.002155535576765
0.002323554833593
0.002495069503151
0.002668727841910
0.002843182906082
0.003017104954660
0.003189193344509
0.003358187836353
0.003522879242727
0.003682119360295
0.003834830139085
0.003980012050142
0.004116751620646
0.004244228111768
0.004361719319387
0.004468606481525
0.004564378278947
0.004648633917188
0.004721085279470
0.004781558140846
0.004829992434733
0.004866441564064
0.004891070750910
0.004904154420744
0.004906072620933
0.004897306477580
0.004878432700720
0.004850117155155
0.004813107522924
0.004768225093455
0.004716355728800
0.004658440063756
0.004595463013930
0.004528442678635
0.004458418739494
0.004386440469487
0.004313554480436
0.004240792349141
0.004169158273196
0.004099616916416
0.004033081610461
0.003970403083242
0.003912358885734
0.003859643686650
0.003812860598837
0.003772513692158
0.003739001834971
0.003712613990180
0.003693526072392
0.003681799450184
0.003677381152213
0.003680105808323
0.003689699327429
0.003705784283259
0.003727886947799
0.003755445880983
0.003787821954622
0.003824309659410
0.003864149516743
0.003906541392789
0.003950658491228
0.003995661784045
0.004040714627125
0.004084997299507
0.004127721202464
0.004168142457063
0.004205574646845
0.004239400465419
0.004269082047218
0.004294169782866
0.004314309448311
0.004329247508527
0.004338834491518
0.004343026365959
0.004341883895205
0.004335569980854
0.004324345049630
0.004308560577213
0.004288650880914
0.004265123348858
0.004238547305894
0.004209541744946
0.004178762176365
0.004146886866435
0.004114602749086
0.004082591301765
0.004051514677076
0.004022002376212
0.003994638738416
0.003969951502994
0.003948401677069
0.003930374913849
0.003916174573304
0.003906016600459
0.003900026316895
0.003898237179364
0.003900591516542
0.003906943211911
0.003917062258494
0.003930641070590
0.003947302399782
0.003966608668028
0.003988072500547
0.004011168215961
0.004035344011528
0.004060034567521
0.004084673787397
0.004108707389301
0.004131605069865
0.004152871972911
0.004172059213342
0.004188773229744
0.004202683767526
0.004213530327035
0.004221126947338
0.004225365235301
0.004226215590452
0.004223726617725
0.004218022761818
0.004209300237397
0.004197821367914
0.004183907481453
0.004167930543957
0.004150303737724
0.004131471215513
0.004111897277577
0.004092055229916
0.004072416186997
0.004053438080863
0.004035555131100
0.004019168016812
0.004004634972798
0.003992264008151
0.003982306417008
0.003974951718953
0.003970324131337
0.003968480638470
0.003969410684072
0.003973037474555
0.003979220842503
0.003987761583123
0.003998407142171
0.004010858502926
0.004024778092666
0.004039798506639
0.004055531830065
0.004071579326698
0.004087541256173
0.004103026581815
0.004117662335830
0.004131102419601
0.004143035632892
0.004153192746673
0.004161352459506
0.004167346106257
0.004171061019683
0.004172442479277
0.004171494216925
0.004168277484433
0.004162908723057
0.004155555908903
0.004146433679663
0.004135797376851
0.004123936162862
0.004111165393107
0.004097818439888
0.004084238175964
0.004070768331921
0.004057744942237
0.004045488090406
0.004034294153847
0.004024428734779
0.004016120444274
0.004009555683787
0.004004874542149
0.004002167897125
0.004001475779724
0.004002787027488
0.004006040220636
0.004011125863064
0.004017889739610
0.004026137352399
