0.008993473693325
0.008984497514503
0.008971077289799
0.008953966129772
0.008933956647796
0.008911858229738
0.008888474668878
0.008864582809196
0.008840912795720
0.008818130469184
0.008796822365720
0.008777483692816
0.008760509552834
0.008746189577840
0.008734706027494
0.008726135288756
0.008720452605706
0.008717539763731
0.008717195358240
0.008719147197681
0.008723066327034
0.008728582113935
0.008735297817268
0.008742806058532
0.008750703639941
0.008758605199192
0.008766155257291
0.008773038299794
0.008778986629539
0.008783785835578
0.008787277833562
0.008789361541555
0.008789991356882
0.008789173688860
0.008786961874747
0.008783449858405
0.008778765040695
0.008773060716486
0.008766508495820
0.008759291068049
0.008751595610784
0.008743608074502
0.008735508493712
0.008727467392163
0.008719643268434
0.008712181074614
0.008705211539537
0.008698851142823
0.008693202519444
0.008688355067772
0.008684385546850
0.008681358479162
0.008679326220568
0.008678328615107
0.008678392214467
0.008679529104613
0.008681735440463
0.008684989838542
0.008689251813405
0.008694460463151
0.008700533610941
0.008707367592753
0.008714837847723
0.008722800418908
0.008731094412661
0.008739545398608
0.008747969664451
0.008756179175687
0.008763987034759
0.008771213191452
0.008777690129890
0.008783268249394
0.008787820667521
0.008791247203112
0.008793477343080
0.008794472055723
0.008794224381131
0.008792758801061
0.008790129461077
0.008786417381922
0.008781726850296
0.008776181217956
0.008769918359671
0.008763086043959
0.008755837455882
0.008748327080140
0.008740707108081
0.008733124478015
0.008725718598854
0.008718619747521
0.008711948075725
0.008705813115762
0.008700313641778
0.008695537724733
0.008691562817536
0.008688455721158
0.008686272311651
0.008685056949046
0.008684841538467
0.008685644266999
0.008687468092156
0.008690299104528
0.008694104924075
0.008698833313081
0.008704411196621
0.008710744272308
0.008717717365475
0.008725195645170
0.008733026763564
0.008741043920156
0.008749069787409
0.008756921170952
0.008764414220267
0.008771369959440
0.008777619875694
0.008783011288899
0.008787412229263
0.008790715572995
0.008792842225377
0.008793743194583
0.008793400463856
0.008791826639590
0.008789063423354
0.008785179021785
0.008780264664775
0.008774430445525
0.008767800722848
0.008760509334948
0.008752694864576
0.008744496169218
0.008736048349255
0.008727479275692
0.008718906741366
0.008710436240622
0.008702159327119
0.008694152452451
0.008686476153330
0.008679174435241
0.008672274197034
0.008665784554239
0.008659695947545
0.008653978964362
0.008648582852031
0.008643433756557
0.008638432775764
0.008633453965699
0.008628342479203
0.008622913042091
0.008616948982558
0.008610202021669
0.008602393007155
0.008593213730489
0.008582329911073
0.008569385365226
0.008554007306156
0.008535812649389
0.008514415131563
0.008489432993884
0.008460496939249
0.008427258047219
0.008389395325600
0.008346622591937
0.008298694411784
0.008245410870913
0.008186621022125
0.008122224919774
0.008052174231462
0.007976471491555
0.007895168130419
0.007808361472182
0.007716190939148
0.007618833730460
0.007516500255269
0.007409429596866
0.007297885265465
0.007182151466100
0.007062530067627
0.006939338412679
0.006812908060205
0.006683584505245
0.006551727877347
0.006417714581475
0.006281939813871
0.006144820860104
0.006006801061959
0.005868354322179
0.005729989998778
0.005592258021367
0.005455754038450
0.005321124375616
0.005189070549611
0.005060353043385
0.004935794004897
0.004816278491603
0.004702753848370
0.004596226785283
0.004497757720090
0.004408451974446
0.004329447469550
0.004261898659480
0.004206956571762
0.004165744993940
0.004139333048380
0.004128704628260
0.004134725415139
0.004158108449229
0.004199379461528
0.004258843384684
0.004336553618846
0.004432285722282
0.004545517209106
0.004675415056106
0.004820832340413
0.004980315148241
0.005152120517431
0.005334245715101
0.005524468625323
0.005720398455316
0.005919535392439
0.006119337291723
0.006317290980053
0.006510985362728
0.006698183242364
0.006876888634785
0.007045406409998
0.007202391307324
0.007346883770485
0.007478330607764
0.007596589179973
0.007701914620328
0.007794930452463
0.007876583846426
0.007948087585395
0.008010851555815
0.008066407172436
0.008116328566104
0.008162154565261
0.008205315474003
0.008247068386494
0.008288444291550
0.008330209538793
0.008372843399262
0.008416532510242
0.008461182005397
0.008506442160288
0.008551748492533
0.008596372502907
0.008639479677205
0.008680191024582
0.008717644327108
0.008751051421020
0.008779748209348
0.008803234688288
0.008821203012372
0.008833552471415
0.008840391144360
0.008842024868256
0.008838934954207
0.008831746743060
0.008821191579754
0.008808065068775
0.008793184542117
0.008777348530093
0.008761300694612
0.008745700197966
0.008731099882263
0.008717932976391
0.008706508382233
0.008697013970987
0.008689526789057
0.008684028666658
0.008680425464485
0.008678568094803
0.008678273509635
0.008679344044409
0.008681583814083
0.008684811246159
0.008688867262761
0.008693619052887
0.008698959769620
0.008704804814604
0.008711085610878
0.008717741901684
0.008724713643967
0.008731933497048
0.008739320754020
0.008746777346515
0.008754186297741
0.008761412730186
0.008768307278662
0.008774711538218
0.008780465007100
0.008785412878051
0.008789413991247
0.008792348286810
0.008794123176275
0.008794678378432
0.008793988920346
0.008792066172743
0.008788956954193
0.008784740886426
0.008779526302312
0.008773445090817
0.008766646905921
0.008759293169291
0.008751551263071
0.008743589246049
0.008735571342070
0.008727654353369
0.008719985052880
0.008712698517444
0.008705917285321
0.008699751162201
0.008694297463094
0.008689641464523
0.008685856851179
0.008683005971311
0.008681139761326
0.008680297257601
0.008680504676734
0.008681774108835
0.008684101926741
0.008687467062542
0.008691829337795
0.008697128052700
0.008703281040881
0.008710184380088
0.008717712916364
0.008725721712156
0.008734048470894
0.008742516925786
0.008750941113570
0.008759130389638
0.008766894983938
0.008774051851769
0.008780430543419
0.008785878804111
0.008790267622158
0.008793495468427
0.008795491512696
0.008796217659443
0.008795669313079
0.008793874855964
0.008790893896379
0.008786814412856
0.008781748980770
0.008775830312861
0.008769206374091
0.008762035341295
0.008754480668985
0.008746706495689
0.008738873582764
0.008731135923562
0.008723638099545
0.008716513396692
0.008709882635292
0.008703853613833
0.008698521027274
0.008693966694404
0.008690259920187
0.008687457827095
0.008685605513492
0.008684735934689
0.008684869449826
0.008686013030999
0.008688159185142
0.008691284689361
0.008695349282115
0.008700294482036
0.008706042720446
0.008712496971235
0.008719541042341
0.008727040658009
0.008734845412530
0.008742791618079
0.008750706005851
0.008758410175921
0.008765725632141
0.008772479188618
0.008778508497965
0.008783667431596
0.008787831040670
0.008790899843250
0.008792803217777
0.008793501732704
0.008792988303476
0.008791288136468
0.008788457490110
0.008784581350868
0.008779770181315
0.008774155944784
0.008767887642899
0.008761126616473
0.008754041856295
0.008746805548901
0.008739589045678
0.008732559394919
0.008725876519870
0.008719691066142
0.008714142883992
0.008709360059618
