0.102136503451951
0.102472282495646
0.102765874104258
0.103006039817785
0.103182112938957
0.103284366182192
0.103304358762057
0.103235250014787
0.103072067891778
0.102811922373616
0.102454155944588
0.102000425643307
0.101454713758494
0.100823266859756
0.100114465432579
0.099338628822729
0.098507762396312
0.097635255710713
0.096735542007749
0.095823730440601
0.094915223105985
0.094025329165710
0.093168888117376
0.092359913637663
0.091611268411815
0.090934379028702
0.090338998420223
0.089833021520854
0.089422357886381
0.089110863010575
0.088900328085440
0.088790526033410
0.088779309863772
0.088862757830246
0.089035358544890
0.089290228178620
0.089619351183764
0.090013835629745
0.090464174256358
0.090960502712890
0.091492847143261
0.092051354260673
0.092626498279527
0.093209260475103
0.093791278651313
0.094364965335773
0.094923595010028
0.095461362043360
0.095973412160503
0.096455851177122
0.096905735337439
0.097321047859463
0.097700666228739
0.098044324396593
0.098352573369339
0.098626742775736
0.098868904941421
0.099081841863018
0.099269014348265
0.099434531559565
0.099583118347849
0.099720077160961
0.099851241008206
0.099982913991468
0.100121796281259
0.100274891106594
0.100449392300533
0.100652552137566
0.100891530536869
0.101173228097348
0.101504106781868
0.101890003285595
0.102335941121761
0.102845948165546
0.103422886760207
0.104068303478286
0.104782305237737
0.105563467715783
0.106408780921910
0.107313635445387
0.108271851356236
0.109275750095918
0.110316268033064
0.111383108766300
0.112464929809246
0.113549558058730
0.114624227477390
0.115675831749947
0.116691184313840
0.117657278117608
0.118561537706288
0.119392056741066
0.120137814789792
0.120788868128809
0.121336510325670
0.121773399478253
0.122093650123469
0.122292888958570
0.122368274606484
0.122318482676847
0.122143658305773
0.121845339184083
0.121426352794091
0.120890692159699
0.120243374865594
0.119490290411547
0.118638041130063
0.117693781903516
0.116665063765232
0.115559686155048
0.114385562124882
0.113150600160329
0.111862605513609
0.110529203052127
0.109157782644416
0.107755467067902
0.106329101373696
0.104885261630553
0.103430280043048
0.101970282647398
0.100511235177494
0.099058992301715
0.097619345286130
0.096198063256939
0.094800923615960
0.093433727793518
0.092102299374881
0.090812462667396
0.089570000932285
0.088380594726574
0.087249742020396
0.086182662906767
0.085184192741173
0.084258668381184
0.083409812795884
0.082640623648666
0.081953271506884
0.081349013095605
0.080828124503010
0.080389858489048
0.080032429085825
0.079753025557041
0.079547856560082
0.079412224087365
0.079340625512635
0.079326880889823
0.079364281598167
0.079445755541465
0.079564043426322
0.079711880188784
0.079882175424906
0.080068186712537
0.080263679982549
0.080463071592921
0.080661547455364
0.080855155431687
0.081040868220920
0.081216615058792
0.081381281706795
0.081534679375019
0.081677484357503
0.081811151218178
0.081937803308934
0.082060105192013
0.082181122144576
0.082304172318188
0.082432677291889
0.082570016685088
0.082719392186227
0.082883705816137
0.083065456502860
0.083266658129983
0.083488781174856
0.083732718926474
0.083998778120897
0.084286692713409
0.084595658479931
0.084924385259867
0.085271162966533
0.085633937036473
0.086010388789276
0.086398016233565
0.086794211174888
0.087196329033194
0.087601748522145
0.088007919227762
0.088412396088201
0.088812860753131
0.089207130722906
0.089593157971601
0.089969019389908
0.090332901803333
0.090683084503267
0.091017922167279
0.091335830752740
0.091635278454948
0.091914783173048
0.092172917181720
0.092408318928337
0.092619711130724
0.092805923702387
0.092965919534251
0.093098820855291
0.093203933802814
0.093280768962231
0.093329055971819
0.093348750799055
0.093340034934505
0.093303306459373
0.093239163659634
0.093148382518535
0.093031889960887
0.092890735097308
0.092726060889671
0.092539078613079
0.092331047226227
0.092103259301862
0.091857034550026
0.091593721241011
0.091314705064169
0.091021424209297
0.090715388794515
0.090398202246967
0.090071581917770
0.089737376111927
0.089397574851279
0.089054312058213
0.088709857425153
0.088366596978446
0.088027002199616
0.087693588467780
0.087368864465366
0.087055274977534
0.086755140152675
0.086470594726778
0.086203530912983
0.085955548601333
0.085727916203373
0.085521544930774
0.085336978552928
0.085174399785126
0.085033653477175
0.084914285767921
0.084815597411319
0.084736708627653
0.084676632144257
0.084634350606973
0.084608894295081
0.084599415071080
0.084605252738114
0.084625990441863
0.084661496406060
0.084711950085754
0.084777851706521
0.084860015073322
0.084959544422173
0.085077796897227
0.085216332918957
0.085376857229336
0.085561153732946
0.085771017387766
0.086008186338064
0.086274277239290
0.086570726326790
0.086898738261055
0.087259244182586
0.087652869772696
0.088079913486025
0.088540334536732
0.089033749718113
0.089559437742262
0.090116349521017
0.090703122680782
0.091318098611386
0.091959340483238
0.092624650910262
0.093311588264611
0.094017481034628
0.094739440029351
0.095474368639751
0.096218971739259
0.096969764117501
0.097723079569500
0.098475081891895
0.099221779057972
0.099959041751687
0.100682627241023
0.101388209273577
0.102071414298506
0.102727863880676
0.103353222700935
0.103943251059941
0.104493860352498
0.105001169585811
0.105461560707829
0.105871730317216
0.106228735265996
0.106530029754724
0.106773491765563
0.106957437079487
0.107080619668920
0.107142217925754
0.107141806946512
0.107079317913067
0.106954986433123
0.106769292490098
0.106522895345412
0.106216567287513
0.105851130486157
0.105427401350382
0.104946146678497
0.104408055516006
0.103813730005999
0.103163697645423
0.102458446285300
0.101698481983180
0.100884408494072
0.100017025842702
0.099097444130922
0.098127207575313
0.097108422813031
0.096043884821002
0.094937193414204
0.093792853255828
0.092616350639989
0.091414200990965
0.090193962036559
0.088964208913846
0.087734468993881
0.086515115896344
0.085317223925302
0.084152385909155
0.083032499087992
0.081969525181430
0.080975232020183
0.080060925077911
0.079237177854061
0.078513570307458
0.077898444415706
0.077398685444683
0.077019536679958
0.076764454235193
0.076635007161696
0.076630826497104
0.076749605174989
0.076987148939899
0.077337476643466
0.077792966603990
0.078344544157414
0.078981904168171
0.079693761151721
0.080468118824941
0.081292550372573
0.082154480513096
0.083041460568508
0.083941428180662
0.084842944050967
0.085735399078805
0.086609186495069
0.087455834981248
0.088268100274848
0.089040014328722
0.089766892652539
0.090445301958186
0.091072991599260
0.091648793486132
0.092172496128290
0.092644699171231
0.093066655233672
0.093440106002455
0.093767119410163
0.094049934319456
0.094290818494859
0.094491944794122
0.094655289501162
0.094782555601120
0.094875122617458
0.094934023444217
0.094959947463514
0.094953268184792
0.094914092716676
0.094842329615340
0.094737771066076
0.094600184959417
0.094429412222018
0.094225464749610
0.093988619451124
0.093719504229964
0.093419172176589
0.093089160799373
0.092731533750773
0.092348903186122
0.091944431597712
0.091521812674711
0.091085231430763
0.090639304499885
0.090189002115202
0.089739553844578
0.089296340654979
0.088864776307929
0.088450181446727
