0.099170527614662
0.099040893114511
0.098931618216126
0.098841682278503
0.098769733201699
0.098714073554095
0.098672646717117
0.098643026459279
0.098622413526603
0.098607642732092
0.098595203643901
0.098581277330432
0.098561790758510
0.098532489410874
0.098489027555289
0.098427074430546
0.098342433487332
0.098231170804875
0.098089747960741
0.097915154014004
0.097705030909839
0.097457786549911
0.097172690003820
0.096849943852610
0.096490729430138
0.096097221723372
0.095672571858764
0.095220856381876
0.094746993870420
0.094256630745163
0.093755999399912
0.093251752907194
0.092750781524673
0.092260016991798
0.091786231140486
0.091335835631714
0.090914689665961
0.090527922303415
0.090179775581700
0.089873473953898
0.089611124713073
0.089393653050889
0.089220774250732
0.089091004275984
0.089001708720011
0.088949188775697
0.088928801600196
0.088935111236558
0.088962065150044
0.089003190484378
0.089051803380968
0.089101224167972
0.089144990946007
0.089177064096033
0.089192014525205
0.089185189049699
0.089152847177321
0.089092264670916
0.089001800605130
0.088880926119692
0.088730214655734
0.088551295063099
0.088346770506263
0.088120107494971
0.087875500547671
0.087617718896901
0.087351942215362
0.087083592548124
0.086818169469921
0.086561094959208
0.086317573627532
0.086092472819055
0.085890225773246
0.085714759608301
0.085569448424951
0.085457090441000
0.085379906831293
0.085339558938626
0.085337179794271
0.085373415477162
0.085448471760778
0.085562161735298
0.085713950616901
0.085902994714789
0.086128172453389
0.086388106367143
0.086681176019653
0.087005522771387
0.087359048162397
0.087739408332516
0.088144007331413
0.088569992352889
0.089014253858698
0.089473433252215
0.089943940252296
0.090421981446698
0.090903600725476
0.091384731465495
0.091861259515896
0.092329095275370
0.092784252502958
0.093222931002150
0.093641599989039
0.094037078812669
0.094406611740132
0.094747933740147
0.095059324576411
0.095339649028222
0.095588381657606
0.095805615203784
0.095992052370903
0.096148981449021
0.096278236839867
0.096382146120701
0.096463465749873
0.096525307879710
0.096571060985271
0.096604307135520
0.096628738725889
0.096648077362119
0.096665997342913
0.096686055845754
0.096711631492463
0.096745872478299
0.096791654913596
0.096851551475560
0.096927809927344
0.097022340560385
0.097136711182180
0.097272147931536
0.097429539979447
0.097609446083703
0.097812101019153
0.098037420105669
0.098285000394451
0.098554117533595
0.098843717888982
0.099152406111898
0.099478428978799
0.099819656936361
0.100173565319973
0.100537217632906
0.100907253538381
0.101279884299142
0.101650898281230
0.102015678816710
0.102369236203761
0.102706254935920
0.103021156431783
0.103308176628858
0.103561456864902
0.103775145554849
0.103943507339364
0.104061035686468
0.104122564417565
0.104123373340648
0.104059283131579
0.103926734820658
0.103722849714637
0.103445466298623
0.103093151591374
0.102665185533943
0.102161518230280
0.101582701177637
0.100929794969039
0.100204257261818
0.099407816027494
0.098542334171846
0.097609672485842
0.096611558507386
0.095549469195734
0.094424535306678
0.093237474978098
0.091988563274103
0.090677643287017
0.089304182871092
0.087867379209130
0.086366311242135
0.084800137592099
0.083168335069339
0.081470970287154
0.079708994432904
0.077884549001588
0.076001268425872
0.074064564172400
0.072081874143322
0.070062861228164
0.068019545668459
0.065966357561512
0.063920098331296
0.061899803275925
0.059926501254497
0.058022872045251
0.056212806693401
0.054520881037873
0.052971757306974
0.051589532940975
0.050397059379792
0.049415256215694
0.048662447662986
0.048153748601864
0.047900526439551
0.047909962698833
0.048184734667691
0.048722832773593
0.049517523798616
0.050557463899560
0.051826958953622
0.053306363350523
0.054972602333976
0.056799797678338
0.058759972151515
0.060823805088551
0.062961409638266
0.065143101925602
0.067340133489630
0.069525360824473
0.071673829504863
0.073763254993435
0.075774387527247
0.077691254160523
0.079501276781982
0.081195270419912
0.082767331115826
0.084214626850641
0.085537108265556
0.086737158116807
0.087819199492384
0.088789282819636
0.089654670688481
0.090423437641390
0.091104099515550
0.091705283868544
0.092235449692553
0.092702661237082
0.093114417513799
0.093477536119895
0.093798087522496
0.094081373989951
0.094331945985974
0.094553648068037
0.094749686121329
0.094922708051556
0.095074890766541
0.095208027294931
0.095323609110067
0.095422900039431
0.095506999444869
0.095576893570349
0.095633495005590
0.095677671059731
0.095710262455022
0.095732094132631
0.095743980124985
0.095746724419824
0.095741119558703
0.095727944420623
0.095707962284846
0.095681919888152
0.095650547827203
0.095614562335226
0.095574668203138
0.095531562428869
0.095485938066313
0.095438487701277
0.095389905994655
0.095340890788577
0.095292142353924
0.095244360453251
0.095198238990218
0.095154458107601
0.095113673677466
0.095076504200448
0.095043515200601
0.095015201275280
0.094991966043600
0.094974100339349
0.094961759119471
0.094954937708214
0.094953448166092
0.094956896753021
0.094964663632709
0.094975886122908
0.094989446913100
0.095003968726470
0.095017816876796
0.095029111046920
0.095035747383073
0.095035431655325
0.095025723784248
0.095004093492037
0.094967986226803
0.094914897863099
0.094842456038447
0.094748505386941
0.094631193420502
0.094489053427757
0.094321080546353
0.094126797145399
0.093906303848374
0.093660312938657
0.093390161511238
0.093097802542891
0.092785773013362
0.092457139275246
0.092115420983843
0.091764495999185
0.091408489696872
0.091051653011072
0.090698234226633
0.090352349991985
0.090017861207595
0.089698259338308
0.089396568300501
0.089115266402305
0.088856231898324
0.088620714605391
0.088409334770172
0.088222109048620
0.088058502121639
0.087917501201311
0.087797709544838
0.087697454148519
0.087614902091098
0.087548179570800
0.087495487555281
0.087455208144682
0.087425996225958
0.087406851748094
0.087397168935792
0.087396759935998
0.087405851700743
0.087425056288648
0.087455316150402
0.087497827284294
0.087553944342509
0.087625072778214
0.087712553895451
0.087817549156026
0.087940930278954
0.088083181520495
0.088244320043361
0.088423839484225
0.088620680737681
0.088833232636029
0.089059363676506
0.089296484302380
0.089541637563543
0.089791614354020
0.090043087938793
0.090292761228045
0.090537519312924
0.090774579209283
0.091001628612405
0.091216945771830
0.091419493351252
0.091608980317297
0.091785887449966
0.091951453909192
0.092107624328585
0.092256958026570
0.092402504005857
0.092547647333302
0.092695934139595
0.092850883752437
0.093015797300050
0.093193572442443
0.093386533684655
0.093596287009171
0.093823606374752
0.094068358034755
0.094329466721371
0.094604925632352
0.094891849962266
0.095186571562758
0.095484770311588
0.095781636022849
0.096072053327123
0.096350800954982
0.096612756309879
0.096853096130977
0.097067484411472
0.097252239518958
0.097404473606954
0.097522198840655
0.097604396604029
0.097651047622102
0.097663122732783
0.097642535791000
0.097592061805247
0.097515224823791
0.097416161248445
0.097299465115296
0.097170022417308
0.097032841741152
0.096892888353804
0.096754928421152
0.096623389302266
0.096502240882084
0.096394901734194
0.096304172604153
