0.041098619453175
0.040786773290653
0.040467382097575
0.040148452917368
0.039838101634949
0.039544316149641
0.039274722720165
0.039036362441831
0.038835484459838
0.038677361975985
0.038566136390928
0.038504694066402
0.038494579220044
0.038535945409589
0.038627546953660
0.038766770503096
0.038949705848624
0.039171253954946
0.039425269173556
0.039704731630506
0.040001944932690
0.040308753606998
0.040616774099164
0.040917632729337
0.041203203743651
0.041465840526474
0.041698593155203
0.041895405792481
0.042051287919574
0.042162454113422
0.042226427946900
0.042242106628528
0.042209784169111
0.042131132136440
0.042009138397317
0.041848005605335
0.041653012526226
0.041430342551010
0.041186884882018
0.040930014841568
0.040667360506040
0.040406563374714
0.040155041017389
0.039919759592471
0.039707023784999
0.039522291090932
0.039370016491794
0.039253532455310
0.039174967906415
0.039135208390337
0.039133898152824
0.039169483352483
0.039239294157359
0.039339662120759
0.039466068032639
0.039613314448160
0.039775716339929
0.039947302829571
0.040122022740742
0.040293946779963
0.040457459483124
0.040607434642384
0.040739388719598
0.040849607719726
0.040935244096911
0.040994381449468
0.041026065979265
0.041030304897993
0.041008033112611
0.040961050574114
0.040891933593008
0.040803924183383
0.040700802075010
0.040586744416784
0.040466178380660
0.040343631866005
0.040223587310387
0.040110343250898
0.040007887772327
0.039919787351491
0.039849093890403
0.039798271956382
0.039769147446853
0.039762878101850
0.039779945527591
0.039820167696497
0.039882730274855
0.039966234616847
0.040068759865089
0.040187936320152
0.040321027086132
0.040465014962548
0.040616691626324
0.040772746319335
0.040929851511834
0.041084743333122
0.041234294930057
0.041375581313571
0.041505934665870
0.041622989490766
0.041724717382554
0.041809451553000
0.041875901581601
0.041923159133437
0.041950695615722
0.041958352914257
0.041946328461581
0.041915155938146
0.041865682896378
0.041799046526208
0.041716648652870
0.041620130878507
0.041511350555752
0.041392358024011
0.041265375259903
0.041132775807258
0.040997065575807
0.040860863849413
0.040726883642498
0.040597910404539
0.040476778011942
0.040366341015457
0.040269442235585
0.040188875018150
0.040127339770834
0.040087394785199
0.040071401787838
0.040081467133041
0.040119380018385
0.040186549542271
0.040283942797138
0.040412026474887
0.040570714627488
0.040759325258106
0.040976548306735
0.041220427338586
0.041488356851917
0.041777096611855
0.042082803812921
0.042401083205733
0.042727054627247
0.043055436684077
0.043380644689395
0.043696900376638
0.043998350433793
0.044279190539714
0.044533791351380
0.044756822793148
0.044943373034298
0.045089058701758
0.045190123148557
0.045243519969532
0.045246979406558
0.045199055797791
0.045099154781323
0.044947539546283
0.044745316018435
0.044494397458580
0.044197449527520
0.043857817418891
0.043479437168623
0.043066733705146
0.042624508595373
0.042157820755287
0.041671863618479
0.041171842379560
0.040662854942534
0.040149780099929
0.039637176243839
0.039129193566750
0.038629502255355
0.038141238627506
0.037666970529592
0.037208682622808
0.036767781469563
0.036345119616106
0.035941037185533
0.035555418876865
0.035187763738392
0.034837264669771
0.034502894324619
0.034183493943627
0.033877861650467
0.033584836884411
0.033303377913504
0.033032629753167
0.032771980285815
0.032521102912823
0.032279984645179
0.032048939127492
0.031828604667664
0.031619927889636
0.031424134121196
0.031242686058362
0.031077232601971
0.030929550034172
0.030801477889197
0.030694851973671
0.030611437008735
0.030552861302999
0.030520555727057
0.030515699053043
0.030539171453998
0.030591517635858
0.030672920709421
0.030783187511624
0.030921745667326
0.031087652258557
0.031279613552998
0.031496014853506
0.031734959181989
0.031994313219632
0.032271758705446
0.032564847357395
0.032871057332729
0.033187849288950
0.033512720241583
0.033843253631056
0.034177164294579
0.034512337371038
0.034846860524909
0.035179049234078
0.035507465220830
0.035830928391379
0.036148522867018
0.036459597824538
0.036763763907314
0.037060885921578
0.037351072403219
0.037634662445219
0.037912209937507
0.038184465117425
0.038452353090723
0.038716948790750
0.038979447725112
0.039241131837312
0.039503329900803
0.039767372070255
0.040034538535298
0.040306002640534
0.040582769327877
0.040865610290300
0.041154997761522
0.041451039362138
0.041753416837553
0.042061331818255
0.042373461875800
0.042687930114721
0.043002291317751
0.043313537247852
0.043618123115626
0.043912016466733
0.044190768862822
0.044449609761652
0.044683560993684
0.044887569232958
0.045056652919471
0.045186059256108
0.045271426218492
0.045308944017024
0.045295510164759
0.045228872250890
0.045107752705796
0.044931950267803
0.044702413512091
0.044421282657244
0.044091896894985
0.043718765656681
0.043307503493141
0.042864729554445
0.042397933963638
0.041915314630306
0.041425589196291
0.040937787797683
0.040461033120740
0.040004314787201
0.039576265397660
0.039184945571466
0.038837645040949
0.038540706292055
0.038299376411439
0.038117691733185
0.037998398620349
0.037942912321518
0.037951314372960
0.038022387540173
0.038153685878081
0.038341636204152
0.038581666184877
0.038868353385560
0.039195589065660
0.039556750241341
0.039944873590830
0.040352825136479
0.040773460272793
0.041199769579410
0.041625006906038
0.042042797377565
0.042447224170812
0.042832894088144
0.043194983028847
0.043529263376591
0.043832116031569
0.044100530284724
0.044332094941346
0.044524984051762
0.044677940314597
0.044790258715383
0.044861772295208
0.044892841165450
0.044884345056045
0.044837678868017
0.044754749955713
0.044637975242884
0.044490275822576
0.044315066433919
0.044116237166102
0.043898124912735
0.043665472476214
0.043423373776383
0.043177204314912
0.042932536842386
0.042695043020507
0.042470382716607
0.042264083363087
0.042081412516019
0.041927247317440
0.041805944975678
0.041721218608239
0.041676022832878
0.041672453345363
0.041711664396608
0.041793807594959
0.041917994835177
0.042082287422323
0.042283712647334
0.042518308213665
0.042781194042534
0.043066670128156
0.043368338301171
0.043679245012761
0.043992041594177
0.044299157893862
0.044592984760465
0.044866060534819
0.045111256544220
0.045321956561831
0.045492225303414
0.045616961280814
0.045692029711577
0.045714371688728
0.045682086432980
0.045594484167169
0.045452107952082
0.045256723683548
0.045011278349369
0.044719827555654
0.044387434227991
0.044020041245146
0.043624321543350
0.043207509910436
0.042777221246172
0.042341260476685
0.041907429559958
0.041483337094619
0.041076215940651
0.040692753979783
0.040338942693956
0.040019947637664
0.039740004145911
0.039502340780974
0.039309132109629
0.039161481452041
0.039059433290059
0.039002014101334
0.038987299530282
0.039012505047540
0.039074096611761
0.039167917351087
0.039289325939737
0.039433342164019
0.039594795151120
0.039768469865823
0.039949247751515
0.040132237784012
0.040312894697492
0.040487121706300
0.040651355658325
0.040802633189137
0.040938637076417
0.041057722599347
0.041158924268862
0.041241943797161
0.041307120608402
0.041355386550887
0.041388206752504
0.041407508767623
0.041415602299879
0.041415091858549
0.041408784725227
0.041399596581272
