0.002013850568504
0.002016284870880
0.002019357469553
0.002022817580961
0.002026380608432
0.002029751564139
0.002032649465543
0.002034830688101
0.002036109336192
0.002036372935191
0.002035592129631
0.002033823563932
0.002031205682819
0.002027947771873
0.002024313116686
0.002020597645595
0.002017105795948
0.002014125576277
0.002011904867462
0.002010630909159
0.002010414661191
0.002011281334508
0.002013167884765
0.002015927694845
0.002019342086888
0.002023137747390
0.002027008666181
0.002030640820654
0.002033737610609
0.002036043984630
0.002037367301261
0.002037593228817
0.002036695385484
0.002034737924011
0.002031870832293
0.002028318306807
0.002024361113024
0.002020314331002
0.002016502256611
0.002013232459555
0.002010771070254
0.002009321273302
0.002009006733092
0.002009861287736
0.002011825751417
0.002014752102401
0.002018414748556
0.002022528000878
0.002026768392345
0.002030800093419
0.002034301426972
0.002036990393918
0.002038647193466
0.002039131953085
0.002038396254807
0.002036487527387
0.002033545930400
0.002029793943140
0.002025519442480
0.002021053565112
0.002016745061001
0.002012933124329
0.002009920813813
0.002007951136125
0.002007187666840
0.002007701238167
0.002009463757989
0.002012349676214
0.002016145024317
0.002020563367619
0.002025267472602
0.002029895044864
0.002034086571859
0.002037513133376
0.002039902035399
0.002041058280536
0.002040880199118
0.002039368005758
0.002036624583433
0.002032848389958
0.002028318984951
0.002023376242863
0.002018394805814
0.002013755701392
0.002009817276370
0.002006887659910
0.002005200863913
0.002004898361344
0.002006017575437
0.002008488194323
0.002012136635874
0.002016698371077
0.002021837217704
0.002027170184658
0.002032296021660
0.002036825341144
0.002040410051565
0.002042769883565
0.002043713999837
0.002043156040472
0.002041121441248
0.002037746436318
0.002033268776278
0.002028010811144
0.002022356159314
0.002016721665266
0.002011526704768
0.002007162100200
0.002003960944999
0.002002173502696
0.002001948052272
0.002003319119449
0.002006203994980
0.002010407835528
0.002015637015004
0.002021519790033
0.002027632806781
0.002033531546701
0.002038782516902
0.002042994857896
0.002045849076822
0.002047120815076
0.002046697910954
0.002044589494946
0.002040926423272
0.002035952973500
0.002030010350355
0.002023513135675
0.002016920322469
0.002010702963222
0.002005310709714
0.002001139608240
0.001998503434349
0.001997610610660
0.001998548367018
0.002001275300914
0.002005622912882
0.002011306066788
0.002017941702168
0.002025074547938
0.002032208093967
0.002038838703259
0.002044490518583
0.002048748749358
0.002051289022223
0.002051900735734
0.002050502758631
0.002047150325266
0.002042032576305
0.002035460827410
0.002027848280390
0.002019682477331
0.002011492298751
0.002003811687798
0.001997142517752
0.001991919093468
0.001988476683337
0.001987026222686
0.001987636929021
0.001990228050403
0.001994570365059
0.002000297402976
0.002006925711936
0.002013882884255
0.002020541536968
0.002026257032298
0.002030406464200
0.002032426338315
0.002031846443715
0.002028317651179
0.002021631759383
0.002011732022370
0.001998713595950
0.001982813798211
0.001964392747608
0.001943905578164
0.001921867994097
0.001898817379694
0.001875271995421
0.001851690947837
0.001828437608945
0.001805748980605
0.001783713162663
0.001762256610244
0.001741142285134
0.001719979153872
0.001698242800303
0.001675306244316
0.001650479431209
0.001623055314767
0.001592360032945
0.001557804392382
0.001518933752430
0.001475473437440
0.001427367004578
0.001374805041397
0.001318242642299
0.001258404288814
0.001196275502832
0.001133081319052
0.001070252296173
0.001009379419894
0.000952159811726
0.000900335617380
0.000855628784867
0.000819674639975
0.000793957217843
0.000779749214309
0.000778059187244
0.000789588281411
0.000814698291171
0.000853392339475
0.000905308867770
0.000969729030236
0.001045596997516
0.001131552128402
0.001225971488368
0.001327020802313
0.001432711641136
0.001540962467313
0.001649661106768
0.001756726270006
0.001860165905957
0.001958130423254
0.002048959137942
0.002131218682964
0.002203732520967
0.002265601115456
0.002316212714809
0.002355245070068
0.002382658725020
0.002398682774215
0.002403794173892
0.002398691809686
0.002384266575198
0.002361568702749
0.002331773520752
0.002296146702764
0.002256009933972
0.002212707765138
0.002167576264546
0.002121913926629
0.002076955161079
0.002033846574966
0.001993626176618
0.001957205574539
0.001925355215677
0.001898692700553
0.001877674222025
0.001862589192401
0.001853558142318
0.001850533986537
0.001853306749695
0.001861511823532
0.001874641782644
0.001892061716826
0.001913027945498
0.001936709866548
0.001962214563529
0.001988613658396
0.002014971760303
0.002040375733510
0.002063963898671
0.002084954200647
0.002102670330728
0.002116564788280
0.002126237911023
0.002131451996555
0.002132139780083
0.002128406721222
0.002120526780366
0.002108931623805
0.002094193475611
0.002077002120537
0.002058136841792
0.002038434335904
0.002018753869632
0.001999941117527
0.001982792231770
0.001968019739244
0.001956221828568
0.001947856480018
0.001943221705856
0.001942442913630
0.001945468090909
0.001952071150405
0.001961863386630
0.001974312598340
0.001988769045599
0.002004497057040
0.002020710801473
0.002036612505888
0.002051431253392
0.002064460439691
0.002075092010584
0.002082845745482
0.002087392087441
0.002088567337918
0.002086380418636
0.002081010834062
0.002072797923472
0.002062221947140
0.002049877982268
0.002036443987196
0.002022644705995
0.002009213312043
0.001996852815477
0.001986199277870
0.001977788786088
0.001972029940232
0.001969183317746
0.001969349002448
0.001972462833098
0.001978301554561
0.001986496570942
0.001996555530811
0.002007890545446
0.002019851475833
0.002031762443441
0.002042959539714
0.002052827640384
0.002060834277967
0.002066558687276
0.002069714406591
0.002070164177043
0.002067926315452
0.002063172217508
0.002056215151935
0.002047491003679
0.002037532086640
0.002026935547153
0.002016328194510
0.002006329805239
0.001997517040204
0.001990390081420
0.001985343939310
0.001982646109146
0.001982421882499
0.001984648167113
0.001989156163020
0.001995642713832
0.002003689631834
0.002012789815258
0.002022378565503
0.002031868196747
0.002040683830181
0.002048298193238
0.002054263305731
0.002058237126759
0.002060003547407
0.002059484525712
0.002056743647096
0.002051980925124
0.002045519201125
0.002037783022730
0.002029271347982
0.002020525803902
0.002012096502045
0.002004507561201
0.001998224499654
0.001993625535349
0.001990978579812
0.001990425346714
0.001991973541672
0.001995497585230
0.002000747778556
0.002007367285840
0.002014915812708
0.002022898437663
0.002030797730493
0.002038107088267
0.002044363148835
0.002049175208196
0.002052249767154
0.002053408651780
0.002052599570630
0.002049898462692
0.002045503521997
0.002039721323566
0.002032945986076
0.002025632756339
0.002018267760279
0.002011335911008
0.002005289080902
0.002000516623224
0.001997320171151
0.001995894357880
0.001996314709185
0.001998533484811
0.002002383718463
0.002007591162444
0.002013793318215
0.002020564263076
0.002027443597489
0.002033967563227
0.002039700238364
0.002044262711400
0.002047358274212
0.002048791943485
0.002048483004993
0.002046469749007
