0.006594687080083
0.006604291461368
0.006608921452836
0.006608277871089
0.006602364429679
0.006591488366365
0.006576243686906
0.006557478003392
0.006536244871953
0.006513744348153
0.006491255134324
0.006470062156218
0.006451383652822
0.006436301881041
0.006425701327024
0.006420217891349
0.006420201900713
0.006425697028858
0.006436436326917
0.006451855616692
0.006471123541068
0.006493186645889
0.006516827036788
0.006540729457446
0.006563554110157
0.006584011213787
0.006600933186072
0.006613340452950
0.006620497221634
0.006621954089113
0.006617575065598
0.006607547435684
0.006592373813590
0.006572846722788
0.006550006991817
0.006525088154767
0.006499449827395
0.006474503654587
0.006451635856367
0.006432130612957
0.006417098510820
0.006407414020648
0.006403665506727
0.006406120599517
0.006414708935047
0.006429023320605
0.006448339377741
0.006471652696535
0.006497731565715
0.006525182476017
0.006552524877835
0.006578271149374
0.006601007428352
0.006619470896275
0.006632619283854
0.006639688779587
0.006640237148296
0.006634169667741
0.006621746424775
0.006603570525882
0.006580557813993
0.006553889686740
0.006524951525457
0.006495260019294
0.006466383262845
0.006439857887273
0.006417107634641
0.006399367696638
0.006387618819088
0.006382534641904
0.006384445031373
0.006393317308081
0.006408756326491
0.006430023372805
0.006456072868964
0.006485604953781
0.006517131204304
0.006549050101801
0.006579728369027
0.006607584030298
0.006631166984052
0.006649233028820
0.006660807636621
0.006665236301894
0.006662218979768
0.006651826928531
0.006634501146688
0.006611032501419
0.006582524538430
0.006550340800718
0.006516039226559
0.006481296811396
0.006447828176898
0.006417301973696
0.006391259140786
0.006371036951533
0.006357702499363
0.006351998829463
0.006354306327454
0.006364621259782
0.006382552556530
0.006407337072131
0.006437872692186
0.006472767814715
0.006510404960199
0.006549015592276
0.006586762691371
0.006621827242176
0.006652494591487
0.006677236615882
0.006694785811267
0.006704197771705
0.006704899047906
0.006696718042946
0.006679897383901
0.006655087066895
0.006623318569506
0.006585961016075
0.006544661325826
0.006501271030184
0.006457763077898
0.006416142423837
0.006378354496514
0.006346195746078
0.006321230383735
0.006304717140015
0.006297549407304
0.006300211514531
0.006312753139298
0.006334783031409
0.006365482341977
0.006403636966146
0.006447687456757
0.006495794290248
0.006545915599624
0.006595893961240
0.006643548453910
0.006686768013742
0.006723602090871
0.006752344771167
0.006771608845467
0.006780386772100
0.006778096061251
0.006764607283114
0.006740253634432
0.006705821757291
0.006662524257751
0.006611955089602
0.006556029622969
0.006496911785120
0.006436931122958
0.006378492979540
0.006323985191982
0.006275684801969
0.006235668224110
0.006205728147569
0.006187300162541
0.006181401718444
0.006188585551159
0.006208909180381
0.006241921494800
0.006286666833184
0.006341706354358
0.006405155889700
0.006474738908082
0.006547852714305
0.006621645564921
0.006693102034860
0.006759133716110
0.006816672184509
0.006862761137083
0.006894644680913
0.006909848941675
0.006906254447822
0.006882157122886
0.006836316168044
0.006767987621065
0.006676942915124
0.006563472309219
0.006428373598337
0.006272927014013
0.006098857674317
0.005908287319151
0.005703677358320
0.005487765456808
0.005263497979410
0.005033960615587
0.004802309410345
0.004571704247357
0.004345246579718
0.004125922897595
0.003916555078480
0.003719758403352
0.003537907659192
0.003373111402052
0.003227194140070
0.003101685924678
0.002997818619536
0.002916527955811
0.002858460381214
0.002823983667431
0.002813200252044
0.002825962350458
0.002861887972632
0.002920377109651
0.003000627506985
0.003101649605490
0.003222280399230
0.003361196123447
0.003516923839806
0.003687852124043
0.003872241178966
0.004068232790006
0.004273860608613
0.004487061288946
0.004705687013947
0.004927519927435
0.005150288938738
0.005371689285971
0.005589405134394
0.005801135349245
0.006004622421260
0.006197684342157
0.006378249032739
0.006544390725184
0.006694367502530
0.006826659012061
0.006940003205936
0.007033430832796
0.007106296318587
0.007158303642624
0.007189525843554
0.007200416884013
0.007191814764470
0.007164935004168
0.007121353895012
0.007062981273576
0.006992022934802
0.006910933212999
0.006822358663937
0.006729074177225
0.006633913211658
0.006539694159239
0.006449145089509
0.006364829290648
0.006289074097122
0.006223905469146
0.006170990665138
0.006131591127536
0.006106527392077
0.006096157442476
0.006100369481135
0.006118589589837
0.006149804231791
0.006192597018312
0.006245198650321
0.006305548466312
0.006371365602372
0.006440227412030
0.006509652516999
0.006577185674179
0.006640481556068
0.006697384554294
0.006746001829069
0.006784767037781
0.006812492477287
0.006828407757691
0.006832183578787
0.006823939690120
0.006804236665731
0.006774051697720
0.006734739189860
0.006687977493973
0.006635703657571
0.006580038521528
0.006523204902338
0.006467441897391
0.006414918548821
0.006367650179840
0.006327420669446
0.006295713753504
0.006273656134511
0.006261974756244
0.006260970065868
0.006270506463558
0.006290020451433
0.006318546267198
0.006354758053902
0.006397026907801
0.006443490494005
0.006492132355409
0.006540867592269
0.006587631281106
0.006630465849731
0.006667603640314
0.006697541077057
0.006719101203375
0.006731481851680
0.006734287335549
0.006727542281289
0.006711687010429
0.006687554709788
0.006656331442851
0.006619500827003
0.006578775889404
0.006536021187785
0.006493168714416
0.006452131372119
0.006414717908329
0.006382553113013
0.006357006833294
0.006339134944369
0.006329634862747
0.006328817519930
0.006336596963626
0.006352497953820
0.006375681108801
0.006404984368117
0.006438978810160
0.006476036223924
0.006514405315009
0.006552293047546
0.006587947402656
0.006619737779347
0.006646229377852
0.006666248183007
0.006678933594516
0.006683776313317
0.006680639764537
0.006669764088655
0.006651752530799
0.006627540868397
0.006598351303604
0.006565632973380
0.006530991863153
0.006496113419532
0.006462681518304
0.006432297637016
0.006406404094889
0.006386215053140
0.006372658620653
0.006366332896911
0.006367478127788
0.006375966379644
0.006391309288649
0.006412683555969
0.006438972978829
0.006468824976699
0.006500718833812
0.006533042273052
0.006564172534959
0.006592557884771
0.006616795425637
0.006635701262933
0.006648369437068
0.006654216603326
0.006653010160009
0.006644878373786
0.006630301980219
0.006610087699043
0.006585325047077
0.006557328705906
0.006527569459501
0.006497597317453
0.006468960849445
0.006443126953324
0.006421405251584
0.006404881060232
0.006394360413438
0.006390329981785
0.006392933926395
0.006401968828877
0.006416896876664
0.006436876516890
0.006460808871280
0.006487397378961
0.006515217447240
0.006542792378317
0.006568671528794
0.006591506564047
0.006610121794531
0.006623574917765
0.006631205018582
0.006632665372023
0.006627939410011
0.006617339111074
0.006601486003725
0.006581275889972
0.006557829247671
0.006532430015203
0.006506456060940
0.006481305062865
0.006458319749482
0.006438716470842
0.006423520878235
0.006413514103126
0.006409192261143
0.006410741394690
0.006418029145417
0.006430613557851
0.006447768504419
