0.006660690117166
0.006657364323815
0.006660982414546
0.006671425254405
0.006688500567128
0.006711946730903
0.006741438142510
0.006776591966527
0.006816976024669
0.006862117531671
0.006911512350975
0.006964634427626
0.007020945057937
0.007079901675332
0.007140965867870
0.007203610393113
0.007267325017050
0.007331621072092
0.007396034700757
0.007460128822255
0.007523493924991
0.007585747845128
0.007646534736926
0.007705523472115
0.007762405721669
0.007816893973407
0.007868719723330
0.007917632048676
0.007963396728519
0.008005796026130
0.008044629189367
0.008079713664887
0.008110886962411
0.008138009050355
0.008160965117096
0.008179668495687
0.008194063526303
0.008204128121331
0.008209875803562
0.008211357008124
0.008208659472548
0.008201907584878
0.008191260614561
0.008176909811850
0.008159074425367
0.008137996750514
0.008113936380141
0.008087163879759
0.008057954149591
0.008026579762452
0.007993304577981
0.007958377929135
0.007922029656083
0.007884466226313
0.007845868129784
0.007806388676608
0.007766154255281
0.007725266035593
0.007683803025932
0.007641826324019
0.007599384336959
0.007556518694646
0.007513270542961
0.007469686882128
0.007425826612459
0.007381765964806
0.007337603025752
0.007293461116081
0.007249490842844
0.007205870716914
0.007162806305200
0.007120527965404
0.007079287286797
0.007039352428607
0.007001002604459
0.006964522003543
0.006930193464491
0.006898292224942
0.006869080058149
0.006842800078558
0.006819672452932
0.006799891195057
0.006783622153986
0.006771002232123
0.006762139794720
0.006757116160922
0.006755988002499
0.006758790423637
0.006765540456509
0.006776240685074
0.006790882704755
0.006809450138458
0.006831920959008
0.006858268912591
0.006888463894544
0.006922471194558
0.006960249599192
0.007001748411521
0.007046903516742
0.007095632684754
0.007147830352704
0.007203362169461
0.007262059607813
0.007323714957661
0.007388077004255
0.007454847670095
0.007523679858949
0.007594176687599
0.007665892228318
0.007738333815900
0.007810965901025
0.007883215360510
0.007954478108254
0.008024126791964
0.008091519312841
0.008156007870963
0.008216948219635
0.008273708808538
0.008325679508060
0.008372279635096
0.008412965042041
0.008447234083613
0.008474632337303
0.008494756019449
0.008507254106368
0.008511829234835
0.008508237514964
0.008496287437702
0.008475838096067
0.008446796961714
0.008409117465254
0.008362796619449
0.008307872899752
0.008244424557984
0.008172568494775
0.008092459757700
0.008004291668622
0.007908296519456
0.007804746714593
0.007693956184496
0.007576281852035
0.007452124903926
0.007321931606387
0.007186193407909
0.007045446093136
0.006900267789318
0.006751275678764
0.006599121334389
0.006444484667217
0.006288066550622
0.006130580261619
0.005972741950405
0.005815260411381
0.005658826478327
0.005504102400421
0.005351711572121
0.005202228987624
0.005056172769536
0.004913997082652
0.004776086689241
0.004642753334981
0.004514234078133
0.004390691592794
0.004272216394430
0.004158830856579
0.004050494815768
0.003947112500849
0.003848540476081
0.003754596256497
0.003665067240678
0.003579719610273
0.003498306866823
0.003420577713089
0.003346283035954
0.003275181807903
0.003207045790809
0.003141662995462
0.003078839919144
0.003018402647928
0.002960196966879
0.002904087667002
0.002849957270453
0.002797704413571
0.002747242130079
0.002698496264382
0.002651404218308
0.002605914195579
0.002561985059186
0.002519586860718
0.002478702040824
0.002439327240115
0.002401475603401
0.002365179410768
0.002330492829644
0.002297494555223
0.002266290094275
0.002237013450462
0.002209827987991
0.002184926283991
0.002162528826776
0.002142881474712
0.002126251655640
0.002112923356060
0.002103191018650
0.002097352532169
0.002095701555393
0.002098519463135
0.002106067234522
0.002118577619528
0.002136247918013
0.002159233686037
0.002187643647710
0.002221536039224
0.002260916547599
0.002305737933530
0.002355901349552
0.002411259285782
0.002471620000193
0.002536753222763
0.002606396866744
0.002680264438596
0.002758052813213
0.002839450033874
0.002924142807314
0.003011823392338
0.003102195623770
0.003194979869419
0.003289916782835
0.003386769784933
0.003485326279026
0.003585397672274
0.003686818338116
0.003789443705584
0.003893147699676
0.003997819780311
0.004103361834785
0.004209685170002
0.004316707826978
0.004424352402868
0.004532544517663
0.004641212006692
0.004750284859735
0.004859695866587
0.004969381870973
0.005079285483354
0.005189357061394
0.005299556737303
0.005409856255632
0.005520240384563
0.005630707678373
0.005741270398008
0.005851953439091
0.005962792170023
0.006073829144320
0.006185109717719
0.006296676668230
0.006408563982592
0.006520790031826
0.006633350408403
0.006746210735041
0.006859299777947
0.006972503203850
0.007085658309598
0.007198550025565
0.007310908450552
0.007422408118218
0.007532669125843
0.007641260178849
0.007747703522626
0.007851481651038
0.007952045602607
0.008048824584928
0.008141236608924
0.008228699770358
0.008310643788828
0.008386521405802
0.008455819253622
0.008518067836168
0.008572850307585
0.008619809795531
0.008658655086603
0.008689164569955
0.008711188416376
0.008724649049803
0.008729540042018
0.008725923625236
0.008713927067965
0.008693738194461
0.008665600345595
0.008629807078458
0.008586696884125
0.008536648169031
0.008480074698047
0.008417421639689
0.008349162289734
0.008275795483161
0.008197843639760
0.008115851330223
0.008030384200566
0.007942028056282
0.007851387886016
0.007759086598918
0.007665763260486
0.007572070637974
0.007478671906596
0.007386236419399
0.007295434503592
0.007206931310764
0.007121379813888
0.007039413106399
0.006961636214261
0.006888617677504
0.006820881190448
0.006758897607801
0.006703077625855
0.006653765433726
0.006611233599748
0.006575679414047
0.006547222852291
0.006525906260434
0.006511695789288
0.006504484534631
0.006504097266999
0.006510296568972
0.006522790140137
0.006541238983787
0.006565266157302
0.006594465751553
0.006628411764480
0.006666666550119
0.006708788555967
0.006754339106883
0.006802888050399
0.006854018143192
0.006907328128166
0.006962434522224
0.007018972202652
0.007076593941311
0.007134969087212
0.007193781636733
0.007252727954573
0.007311514416290
0.007369855234489
0.007427470706036
0.007484086078578
0.007539431183468
0.007593240921983
0.007645256626240
0.007695228249254
0.007742917274435
0.007788100177298
0.007830572224973
0.007870151365207
0.007906681938186
0.007940037943001
0.007970125606228
0.007996885032137
0.008020290760770
0.008040351118896
0.008057106316239
0.008070625311457
0.008081001544918
0.008088347703993
0.008092789747320
0.008094460463627
0.008093492875219
0.008090013814056
0.008084137998234
0.008075962918578
0.008065564809769
0.008052995929958
0.008038283309783
0.008021429059617
0.008002412246630
0.007981192275020
0.007957713627755
0.007931911760351
0.007903719880141
0.007873076301064
0.007839932036342
0.007804258280839
0.007766053441666
0.007725349399122
0.007682216718940
0.007636768588636
0.007589163312821
0.007539605271079
0.007488344313905
0.007435673643438
0.007381926292649
0.007327470375944
0.007272703332941
0.007218045423132
0.007163932750785
0.007110810105914
0.007059123898523
0.007009315440449
0.006961814793582
0.006917035357256
0.006875369314055
0.006837183995255
