0.718991785771883
0.724407331265078
0.729137415230927
0.733114181695247
0.736281050614570
0.738594229939227
0.740023934237531
0.740555283458675
0.740188864293607
0.738940945557752
0.736843347817595
0.733942975891184
0.730301030680486
0.725991923883318
0.721101925361314
0.715727578214917
0.709973920873296
0.703952558705907
0.697779629786072
0.691573710484984
0.685453706565515
0.679536774412526
0.673936315031006
0.668760080532753
0.664108429102684
0.660072759991992
0.656734155049004
0.654162247810915
0.652414335391778
0.651534742478426
0.651554440850722
0.652490922139811
0.654348316179132
0.657117742424548
0.660777877633197
0.665295719379751
0.670627522107393
0.676719880278330
0.683510931796440
0.690931654183722
0.698907225943180
0.707358426055721
0.716203045552416
0.725357286485356
0.734737125307035
0.744259619581735
0.753844139029911
0.763413504099511
0.772895017531115
0.782221376716718
0.791331457032695
0.800170958751258
0.808692912596974
0.816858041508522
0.824634978677115
0.832000344435671
0.838938687033248
0.845442294697860
0.851510888611183
0.857151208426899
0.862376503692975
0.867205945924394
0.871663977060114
0.875779610584541
0.879585701675002
0.883118202349351
0.886415416752154
0.889517270476710
0.892464606238330
0.895298516374276
0.898059720643421
0.900787995735968
0.903521660883922
0.906297122081321
0.909148475762823
0.912107171412491
0.915201731523142
0.918457526614191
0.921896602631403
0.925537557960299
0.929395467427874
0.933481850973193
0.937804685052220
0.942368455221555
0.947174248638869
0.952219885354372
0.957500087197975
0.963006682759940
0.968728846415312
0.974653368575115
0.980764953407188
0.987046539222395
0.993479635652726
1.000044670748927
1.006721340292119
1.013488951037046
1.020326749360708
1.027214226936981
1.034131395626420
1.041059024766214
1.047978835437956
1.054873648026086
1.061727481371260
1.068525603964589
1.075254539798087
1.081902033553912
1.088456981650517
1.094909337148777
1.101249997555030
1.107470685065712
1.113563828736285
1.119522457420566
1.125340111141883
1.131010776894758
1.136528852832135
1.141889142496514
1.147086878348897
1.152117771495681
1.156978082365953
1.161664705298128
1.166175258682241
1.170508171571137
1.174662757582331
1.178639267485005
1.182438913079561
1.186063856769771
1.189517163491977
1.192802714266472
1.195925083410183
1.198889384216107
1.201701090482131
1.204365843483439
1.206889255667807
1.209276723388423
1.211533261276278
1.213663370351599
1.215670950678676
1.217559267331394
1.219330975752880
1.220988209399984
1.222532729033169
1.223966129340142
1.225290094976019
1.226506694773030
1.227618700015962
1.228629910470494
1.229545470430105
1.230372156512717
1.231118619340869
1.231795562580164
1.232415845037824
1.232994494538748
1.233548625958554
1.234097259926741
1.234661043116625
1.235261875499617
1.235922454242602
1.236665747862285
1.237514417633840
1.238490205924927
1.239613312971843
1.240901784552808
1.242370933013839
1.244032813174958
1.245895772847166
1.247964095114906
1.250237746314027
1.252712239910592
1.255378622430527
1.258223583379410
1.261229686898655
1.264375718895090
1.267637139702945
1.270986629116732
1.274394707970459
1.277830418402222
1.281262043575295
1.284657846936330
1.287986811062495
1.291219356739542
1.294328024061459
1.297288098970195
1.300078170672987
1.302680607691171
1.305081942809191
1.307273159816923
1.309249877581063
1.311012429568186
1.312565839405593
1.313919695351616
1.315087928615996
1.316088502292404
1.316943019224258
1.317676258414384
1.318315650610944
1.318890704464983
1.319432395173556
1.319972527810436
1.320543087624894
1.321175589472378
1.321900438248093
1.322746311737851
1.323739576695610
1.324903748212350
1.326259001567482
1.327821744760417
1.329604258814213
1.331614411736419
1.333855450723900
1.336325875824900
1.339019396835712
1.341924973735590
1.345026939470021
1.348305202409682
1.351735524364769
1.355289868654185
1.358936811445688
1.362642008426371
1.366368707860569
1.370078300270394
1.373730894352071
1.377285908336930
1.380702665827944
1.383940985196470
1.386961751906544
1.389727463637129
1.392202738782187
1.394354779803346
1.396153783967512
1.397573295191490
1.398590492009552
1.399186408043251
1.399346082754364
1.399058641669250
1.398317306645650
1.397119338082554
1.395465912225900
1.393361937875359
1.390815817832308
1.387839161333175
1.384446454474713
1.380654696252264
1.376483008295876
1.371952226701192
1.367084484514779
1.361902793451131
1.356430633294913
1.350691557184173
1.344708820583412
1.338505041246596
1.332101896843933
1.325519866190326
1.318778019171319
1.311893859521309
1.304883223575018
1.297760236993398
1.290537330269642
1.283225312561664
1.275833502087376
1.268369909979919
1.260841473151026
1.253254330381071
1.245614134573511
1.237926392914571
1.230196825603187
1.222431732901018
1.214638359537156
1.206825245025778
1.199002548252187
1.191182334784384
1.183378815795506
1.175608528252215
1.167890447137490
1.160246021925768
1.152699131291200
1.145275952072178
1.138004740788930
1.130915528456695
1.124039731985129
1.117409688026545
1.111058117648381
1.105017532572887
1.099319595864348
1.093994451771112
1.089070040873354
1.084571417687654
1.080520088387771
1.076933386288273
1.073823902190800
1.071198985619474
1.069060331397812
1.067403663991518
1.066218529619585
1.065488203400887
1.065189715841552
1.065293999880396
1.065766156596512
1.066565834649214
1.067647715665202
1.068962095202115
1.070455546683470
1.072071653881731
1.073751796173773
1.075435969935250
1.077063629088378
1.078574527960846
1.079909550224220
1.081011508712069
1.081825902311004
1.082301617800254
1.082391566406739
1.082053246859758
1.081249228787373
1.079947552316084
1.078122041642676
1.075752532080281
1.072825011591326
1.069331679072650
1.065270922636996
1.060647221837022
1.055470978219242
1.049758278804207
1.043530597108192
1.036814436201419
1.029640918098433
1.022045323556902
1.014066586185027
1.005746744680047
0.997130357091482
0.988263881259555
0.979195026047915
0.969972078677586
0.960643214369261
0.951255795586384
0.941855669400059
0.932486472808059
0.923188957161246
0.914000344096686
0.904953726455521
0.896077528479423
0.887395040039713
0.878924039669355
0.870676520666885
0.862658533463753
0.854870155756976
0.847305599596506
0.839953461699353
0.832797119788434
0.825815273803026
0.818982626507888
0.812270693477433
0.805648727807601
0.799084740390460
0.792546592361041
0.786003132584053
0.779425349973573
0.772787508200656
0.766068229086911
0.759251490819222
0.752327508124163
0.745293463738123
0.738154063878999
0.730921894894158
0.723617563706160
0.716269610931442
0.708914192400114
0.701594532012262
0.694360156164488
0.687265927090969
0.680370899112101
0.673737027706810
0.667427766287280
0.661506589356236
0.656035483215608
0.651073446472626
0.646675042215281
0.642889041925546
0.639757198046206
0.637313177752780
0.635581685090815
0.634577792445676
0.634306495571125
0.634762499382272
0.635930234692578
0.637784099304776
0.640288910594917
0.643400551166424
0.647066784467385
0.651228213582845
0.655819353809891
0.660769788121532
0.666005374204128
0.671449472347212
0.677024164972995
0.682651440886233
0.688254320254724
0.693757899737536
0.699090300900605
0.704183508943879
0.708974092667100
0.713403800398495
