0.008287976615180
0.008270723687327
0.008255435130255
0.008242734416604
0.008233132805148
0.008227009784008
0.008224599406126
0.008225982923289
0.008231087840333
0.008239693234585
0.008251440929392
0.008265851885099
0.008282346984338
0.008300271246670
0.008318920413613
0.008337568799633
0.008355497306046
0.008372020539322
0.008386512057770
0.008398426884494
0.008407320562780
0.008412864185173
0.008414854992301
0.008413222305164
0.008408028719108
0.008399466644087
0.008387850419962
0.008373604364574
0.008357247224043
0.008339373588115
0.008320632907729
0.008301706807370
0.008283285421434
0.008266043502137
0.008250617046883
0.008237581175917
0.008227429956686
0.008220558819993
0.008217250145019
0.008217662505977
0.008221823973431
0.008229629749118
0.008240844286433
0.008255107911767
0.008271947817903
0.008290793153581
0.008310993787634
0.008331842187062
0.008352597721485
0.008372512597351
0.008390858539543
0.008406953280672
0.008420185893661
0.008430040014228
0.008436114048455
0.008438137546709
0.008435983047429
0.008429672848980
0.008419380350082
0.008405425802299
0.008388266533828
0.008368481923289
0.008346753615872
0.008323841672329
0.008300557514810
0.008277734673922
0.008256198441875
0.008236735591769
0.008220065329990
0.008206812606310
0.008197484816260
0.008192452796265
0.008191936840035
0.008195998262378
0.008204536813267
0.008217294010750
0.008233862226858
0.008253699136371
0.008276146934188
0.008300455551599
0.008325808962184
0.008351353569471
0.008376227613914
0.008399590526968
0.008420651193647
0.008438694158509
0.008453102918308
0.008463379580982
0.008469160327685
0.008470226284056
0.008466509580951
0.008458094555591
0.008445214204808
0.008428242147125
0.008407680475377
0.008384143983813
0.008358341331666
0.008331053759317
0.008303112004571
0.008275372077800
0.008248690548500
0.008223899975796
0.008201785084737
0.008183060252090
0.008168348822167
0.008158164726963
0.008152896836396
0.008152796414022
0.008157968000660
0.008168363991761
0.008183783112586
0.008203872926834
0.008228136437776
0.008255942755408
0.008286541708457
0.008319082176940
0.008352633811372
0.008386211691341
0.008418803363218
0.008449397588793
0.008477014039381
0.008500733088983
0.008519724801354
0.008533276174540
0.008540815707115
0.008541934386282
0.008536402270867
0.008524179952042
0.008505424319363
0.008480488235518
0.008449913924169
0.008414420094127
0.008374883050877
0.008332312273539
0.008287821151534
0.008242593770373
0.008197848800749
0.008154801671136
0.008114626284763
0.008078417572588
0.008047156152400
0.008021676290845
0.008002638242603
0.007990505874651
0.007985530280711
0.007987739861132
0.007996937097025
0.008012701996045
0.008034401942271
0.008061207455549
0.008092113166390
0.008125963149908
0.008161479642678
0.008197294094265
0.008231979481971
0.008264082842251
0.008292157041715
0.008314790918834
0.008330637066768
0.008338436688928
0.008337041131904
0.008325429875030
0.008302724922004
0.008268201688766
0.008221296605558
0.008161611744264
0.008088916841149
0.008003149109124
0.007904411223836
0.007792967828050
0.007669240834338
0.007533803724421
0.007387374952717
0.007230810470495
0.007065095304218
0.006891334054878
0.006710740141143
0.006524623592672
0.006334377213816
0.006141460982468
0.005947384622170
0.005753688383459
0.005561922186565
0.005373623404253
0.005190293691657
0.005013375390137
0.004844228134988
0.004684106373789
0.004534138545989
0.004395308679784
0.004268441126248
0.004154189072724
0.004053027359744
0.003965249972974
0.003890972401090
0.003830138851075
0.003782534104717
0.003747799595539
0.003725453095323
0.003714911234898
0.003715513954515
0.003726549892837
0.003747281685815
0.003776970160210
0.003814896471221
0.003860381346375
0.003912800752713
0.003971597492960
0.004036288448427
0.004106467410154
0.004181803662660
0.004262036694339
0.004346967593190
0.004436447836076
0.004530366285875
0.004628635268130
0.004731176604486
0.004837908434653
0.004948733565350
0.005063529949874
0.005182143734485
0.005304385118233
0.005430027073317
0.005558806776053
0.005690429416395
0.005824573898173
0.005960899822453
0.006099055070260
0.006238683273017
0.006379430481212
0.006520950412538
0.006662907775488
0.006804979315845
0.006946852411860
0.007088221237610
0.007228780710532
0.007368218625315
0.007506206539963
0.007642390109522
0.007776379649708
0.007907741749804
0.008035992738126
0.008160594733961
0.008280954900107
0.008396428346372
0.008506324935741
0.008609920022861
0.008706468922067
0.008795224673475
0.008875458464438
0.008946481883169
0.009007670042913
0.009058484527635
0.009098495079988
0.009127398981808
0.009145037165764
0.009151406239517
0.009146665793170
0.009131140586101
0.009105317457881
0.009069837065340
0.009025480799273
0.008973153465088
0.008913862508624
0.008848694720058
0.008778791446736
0.008705323384553
0.008629465995558
0.008552376518690
0.008475173406609
0.008398918843371
0.008324604786597
0.008253142747584
0.008185357287864
0.008121982986209
0.008063664429964
0.008010958621504
0.007964339074772
0.007924200815233
0.007890865492899
0.007864585872126
0.007845549069799
0.007833878067822
0.007829631216120
0.007832799655657
0.007843302812819
0.007860982331666
0.007885595004093
0.007916805416136
0.007954179139854
0.007997177355768
0.008045153785246
0.008097354744237
0.008152923001712
0.008210905944442
0.008270268324311
0.008329909607899
0.008388685675735
0.008445434346593
0.008499003947215
0.008548283925713
0.008592236331874
0.008629926871285
0.008660554190927
0.008683476076108
0.008698231332603
0.008704556289734
0.008702395081837
0.008691903135734
0.008673443595829
0.008647576739939
0.008615042760261
0.008576738587368
0.008533689704093
0.008487018116078
0.008437907804687
0.008387569077783
0.008337203250276
0.008287969029493
0.008240951854552
0.008197137252428
0.008157389037883
0.008122432914433
0.008092845745237
0.008069050473222
0.008051316395789
0.008039764256564
0.008034375418166
0.008035004236231
0.008041392672651
0.008053186167779
0.008069949836021
0.008091184151116
0.008116339437853
0.008144828673782
0.008176038313702
0.008209337065937
0.008244082757023
0.008279627605734
0.008315322375178
0.008350519972700
0.008384579114336
0.008416868660168
0.008446773159822
0.008473700028059
0.008497088607224
0.008516421177623
0.008531235762600
0.008541140357513
0.008545828006850
0.008545091976932
0.008538840136693
0.008527107577599
0.008510066483878
0.008488032310411
0.008461465438042
0.008430967650694
0.008397273007370
0.008361232953150
0.008323795811780
0.008285981111607
0.008248849498246
0.008213469263515
0.008180880753621
0.008152060095543
0.008127883786960
0.008109095723806
0.008096278186873
0.008089828175447
0.008089940267354
0.008096596910610
0.008109566725865
0.008128411037521
0.008152498473776
0.008181027101560
0.008213053211396
0.008247525558028
0.008283323611693
0.008319298195151
0.008354312782355
0.008387283720503
0.008417217708402
0.008443245015773
0.008464647151540
0.008480877971332
0.008491577539682
0.008496578412746
0.008495904363851
0.008489761917939
0.008478525374192
0.008462716263253
0.008442978393769
0.008420049783652
0.008394732839428
0.008367864141891
0.008340285121501
0.008312814770069
0.008286225347101
0.008261221813093
0.008238425473150
0.008218362058476
