0.015769214153071
0.015773066948579
0.015779833019671
0.015789410563543
0.015801681935151
0.015816514483809
0.015833761061988
0.015853260324003
0.015874836958963
0.015898302014939
0.015923453469149
0.015950077182598
0.015977948348623
0.016006833505877
0.016036493140626
0.016066684854681
0.016097167027674
0.016127702859426
0.016158064643075
0.016188038095062
0.016217426555556
0.016246054873305
0.016273772801854
0.016300457758412
0.016326016830411
0.016350387955353
0.016373540243885
0.016395473461053
0.016416216723343
0.016435826506539
0.016454384089581
0.016471992580585
0.016488773682294
0.016504864355097
0.016520413526866
0.016535578981408
0.016550524532699
0.016565417562332
0.016580426964817
0.016595721511684
0.016611468612892
0.016627833424687
0.016644978228419
0.016663061986191
0.016682239967417
0.016702663335999
0.016724478590950
0.016747826763694
0.016772842292432
0.016799651516989
0.016828370765372
0.016859104034495
0.016891940300663
0.016926950528729
0.016964184480510
0.017003667451295
0.017045397086170
0.017089340443789
0.017135431482587
0.017183569142184
0.017233616180045
0.017285398900395
0.017338707879151
0.017393299746685
0.017448900041229
0.017505207092211
0.017561896837855
0.017618628428212
0.017675050417135
0.017730807307733
0.017785546188896
0.017838923187744
0.017890609466103
0.017940296508834
0.017987700487429
0.018032565532072
0.018074665806432
0.018113806348030
0.018149822708679
0.018182579499360
0.018211968007059
0.018237903103221
0.018260319700585
0.018279169034712
0.018294415046910
0.018306031126476
0.018313997433581
0.018318298972352
0.018318924520694
0.018315866453657
0.018309121425971
0.018298691811868
0.018284587741355
0.018266829525964
0.018245450236698
0.018220498184480
0.018192039059291
0.018160157507714
0.018124957967548
0.018086564629506
0.018045120455789
0.018000785249180
0.017953732829781
0.017904147435363
0.017852219511785
0.017798141099211
0.017742101045810
0.017684280292312
0.017624847468180
0.017563955024111
0.017501736097745
0.017438302271973
0.017373742340704
0.017308122147942
0.017241485515213
0.017173856222179
0.017105240957737
0.017035633115848
0.016965017273076
0.016893374154434
0.016820685871331
0.016746941200765
0.016672140668660
0.016596301202763
0.016519460131722
0.016441678327064
0.016363042313363
0.016283665208758
0.016203686402254
0.016123269925002
0.016042601528373
0.015961884540264
0.015881334630319
0.015801173671769
0.015721622939601
0.015642895928488
0.015565191106548
0.015488684939892
0.015413525526042
0.015339827160350
0.015267666128253
0.015197077968224
0.015128056387341
0.015060553936459
0.014994484468506
0.014929727316081
0.014866133037884
0.014803530502749
0.014741735009719
0.014680557087086
0.014619811575919
0.014559326586728
0.014498951922667
0.014438566588907
0.014378085054058
0.014317461993077
0.014256695318344
0.014195827392050
0.014134944403696
0.014074173986411
0.014013681229753
0.013953663320385
0.013894343101475
0.013835961884117
0.013778771867524
0.013723028528562
0.013668983325707
0.013616877029173
0.013566933940247
0.013519357201841
0.013474325332782
0.013431990044465
0.013392475324399
0.013355877701064
0.013322267542060
0.013291691186142
0.013264173671954
0.013239721803848
0.013218327289160
0.013199969691555
0.013184618970745
0.013172237418215
0.013162780849061
0.013156198968494
0.013152434894461
0.013151423881343
0.013153091350026
0.013157350383180
0.013164098888169
0.013173216661079
0.013184562602119
0.013197972334182
0.013213256462729
0.013230199687242
0.013248560934102
0.013268074630356
0.013288453180501
0.013309390647414
0.013330567577422
0.013351656851500
0.013372330392738
0.013392266516954
0.013411157680548
0.013428718358479
0.013444692776103
0.013458862221168
0.013471051675848
0.013481135531891
0.013489042183293
0.013494757328521
0.013498325856583
0.013499852236317
0.013499499374796
0.013497485957332
0.013494082327037
0.013489605005474
0.013484409996562
0.013478885052940
0.013473441116583
0.013468503172654
0.013464500776558
0.013461858527849
0.013460986770060
0.013462272791888
0.013466072791767
0.013472704844369
0.013482443074303
0.013495513199789
0.013512089558851
0.013532293674465
0.013556194355689
0.013583809271953
0.013615107880660
0.013650015537200
0.013688418574474
0.013730170108523
0.013775096309857
0.013823002877397
0.013873681463745
0.013926915825653
0.013982487510102
0.014040180931472
0.014099787745396
0.014161110476112
0.014223965402670
0.014288184751379
0.014353618274466
0.014420134315672
0.014487620471290
0.014555983949826
0.014625151716080
0.014695070478197
0.014765706542082
0.014837045520249
0.014909091845606
0.014981868008971
0.015055413415786
0.015129782745673
0.015205043700033
0.015281274038994
0.015358557839163
0.015436980946468
0.015516625651271
0.015597564672235
0.015679854597010
0.015763528986963
0.015848591405316
0.015935008668832
0.016022704648915
0.016111554955928
0.016201382828954
0.016291956521968
0.016382988427118
0.016474136109074
0.016565005344256
0.016655155169721
0.016744104853353
0.016831342605128
0.016916335763882
0.016998542120093
0.017077421977092
0.017152450514112
0.017223129997008
0.017289001387233
0.017349654926507
0.017404739321794
0.017453969220092
0.017497130741187
0.017534084924521
0.017564769038699
0.017589195793737
0.017607450582154
0.017619686950956
0.017626120568718
0.017627021997819
0.017622708609592
0.017613535989347
0.017599889169580
0.017582174004804
0.017560808962917
0.017536217559138
0.017508821602792
0.017479035368569
0.017447260745834
0.017413883365617
0.017379269657748
0.017343764752440
0.017307691112733
0.017271347767237
0.017235010006293
0.017198929408143
0.017163334073601
0.017128428966155
0.017094396277449
0.017061395763572
0.017029565023492
0.016999019715622
0.016969853730330
0.016942139354109
0.016915927474469
0.016891247882864
0.016868109736259
0.016846502236399
0.016826395579918
0.016807742222757
0.016790478489500
0.016774526543010
0.016759796712697
0.016746190161757
0.016733601855281
0.016721923773050
0.016711048293750
0.016700871661962
0.016691297436311
0.016682239807341
0.016673626667732
0.016665402315967
0.016657529678116
0.016649991941374
0.016642793507463
0.016635960193954
0.016629538636525
0.016623594874324
0.016618212132947
0.016613487853634
0.016609530051535
0.016606453118488
0.016604373214887
0.016603403419130
0.016603648820178
0.016605201747700
0.016608137334187
0.016612509593853
0.016618348184270
0.016625655989065
0.016634407624894
0.016644548934941
0.016655997486340
0.016668644042628
0.016682354936953
0.016696975229826
0.016712332499014
0.016728241080747
0.016744506562445
0.016760930318659
0.016777313884606
0.016793462975199
0.016809190981451
0.016824321809007
0.016838691963689
0.016852151834055
0.016864566168543
0.016875813792160
0.016885786652180
0.016894388321427
0.016901532119202
0.016907139031997
0.016911135627433
0.016913452154857
0.016914021014512
0.016912775754878
0.016909650725834
0.016904581475445
0.016897505932687
0.016888366369687
0.016877112087816
0.016863702724936
0.016848112038691
0.016830331985438
0.016810376887894
0.016788287468438
0.016764134519902
0.016738021992055
0.016710089289287
0.016680512602554
0.016649505134892
0.016617316123090
0.016584228606323
0.016550555943353
0.016516637131154
0.016482831027034
