0.022402584535462
0.022407434186493
0.022415518549296
0.022427134947872
0.022442559435694
0.022462044876255
0.022485818740109
0.022514080750995
0.022547000529043
0.022584715383868
0.022627328404459
0.022674906976837
0.022727481835781
0.022785046725434
0.022847558707466
0.022914939117441
0.022987075132505
0.023063821879166
0.023145004980930
0.023230423423728
0.023319852603723
0.023413047417904
0.023509745262923
0.023609668821333
0.023712528535689
0.023818024698146
0.023925849114444
0.024035686334148
0.024147214471622
0.024260105672110
0.024374026302690
0.024488636966916
0.024603592453704
0.024718541734537
0.024833128118419
0.024946989661472
0.025059759908573
0.025171069019449
0.025280545302659
0.025387817150166
0.025492515334417
0.025594275601430
0.025692741468831
0.025787567118990
0.025878420265365
0.025964984865807
0.026046963560047
0.026124079719737
0.026196079017494
0.026262730445259
0.026323826740463
0.026379184209209
0.026428641967106
0.026472060648633
0.026509320663131
0.026540320098262
0.026564972388619
0.026583203877350
0.026594951401579
0.026600160028103
0.026598781054573
0.026590770374004
0.026576087277978
0.026554693747768
0.026526554254247
0.026491636058561
0.026449909977709
0.026401351553894
0.026345942545157
0.026283672638447
0.026214541275685
0.026138559479020
0.026055751563403
0.025966156632554
0.025869829767796
0.025766842837150
0.025657284873417
0.025541261993485
0.025418896855354
0.025290327673109
0.025155706831908
0.025015199163978
0.024868979961577
0.024717232813390
0.024560147356300
0.024397917035048
0.024230736958004
0.024058801928636
0.023882304720010
0.023701434644545
0.023516376454293
0.023327309589217
0.023134407773291
0.022937838941633
0.022737765467197
0.022534344643376
0.022327729369723
0.022118068982177
0.021905510166737
0.021690197896437
0.021472276335337
0.021251889659844
0.021029182756242
0.020804301763432
0.020577394440818
0.020348610352335
0.020118100868270
0.019886018996130
0.019652519059979
0.019417756253966
0.019181886100080
0.018945063842380
0.018707443810043
0.018469178779919
0.018230419365944
0.017991313458248
0.017752005729514
0.017512637220399
0.017273345010205
0.017034261973739
0.016795516620761
0.016557233010858
0.016319530734075
0.016082524946260
0.015846326447762
0.015611041794786
0.015376773434077
0.015143619853593
0.014911675743994
0.014681032168119
0.014451776737629
0.014223993797783
0.013997764622427
0.013773167621891
0.013550278566325
0.013329170826306
0.013109915631206
0.012892582343992
0.012677238749097
0.012463951347746
0.012252785652989
0.012043806474840
0.011837078184493
0.011632664945824
0.011430630902329
0.011231040308450
0.011033957595898
0.010839447367993
0.010647574318249
0.010458403073090
0.010271997962691
0.010088422728013
0.009907740176132
0.009730011799426
0.009555297377041
0.009383654578924
0.009215138593548
0.009049801800046
0.008887693503932
0.008728859752808
0.008573343244731
0.008421183337280
0.008272416160238
0.008127074829286
0.007985189752701
0.007846789017876
0.007711898840001
0.007580544051572
0.007452748608831
0.007328536089910
0.007207930159417
0.007090954975534
0.006977635518246
0.006867997821138
0.006762069093868
0.006659877727955
0.006561453184477
0.006466825768384
0.006376026300145
0.006289085700935
0.006206034512306
0.006126902374982
0.006051717493832
0.005980506117056
0.005913292057139
0.005850096279070
0.005790936577938
0.005735827363289
0.005684779561985
0.005637800644904
0.005594894776089
0.005556063076288
0.005521303986478
0.005490613711465
0.005463986719133
0.005441416267756
0.005422894932094
0.005408415098881
0.005397969403784
0.005391551084900
0.005389154232173
0.005390773917560
0.005396406197051
0.005406047982452
0.005419696787772
0.005437350361813
0.005459006224769
0.005484661131969
0.005514310492084
0.005547947769906
0.005585563905063
0.005627146777678
0.005672680749944
0.005722146309055
0.005775519832008
0.005832773486692
0.005893875276817
0.005958789230851
0.006027475727719
0.006099891944917
0.006175992408324
0.006255729617690
0.006339054717884
0.006425918183619
0.006516270484782
0.006610062700619
0.006707247053837
0.006807777339995
0.006911609233175
0.007018700455413
0.007129010804539
0.007242502042362
0.007359137652270
0.007478882481851
0.007601702291769
0.007727563236556
0.007856431305960
0.007988271756969
0.008123048566397
0.008260723932205
0.008401257848426
0.008544607774063
0.008690728410722
0.008839571597479
0.008991086324758
0.009145218862390
0.009301912990673
0.009461110317725
0.009622750661875
0.009786772474642
0.009953113278084
0.010121710090152
0.010292499813074
0.010465419562669
0.010640406920649
0.010817400097109
0.010996337996280
0.011177160184702
0.011359806767073
0.011544218180552
0.011730334923075
0.011918097234823
0.012107444754310
0.012298316171347
0.012490648898480
0.012684378780369
0.012879439857204
0.013075764193800
0.013273281780849
0.013471920509219
0.013671606212612
0.013872262768643
0.014073812243860
0.014276175064712
0.014479270194229
0.014683015293356
0.014887326846638
0.015092120234189
0.015297309735532
0.015502808455808
0.015708528170583
0.015914379091882
0.016120269564512
0.016326105707937
0.016531791024367
0.016737225997995
0.016942307713057
0.017146929519343
0.017350980772814
0.017554346676023
0.017756908238229
0.017958542368616
0.018159122108339
0.018358516998531
0.018556593572638
0.018753215952903
0.018948246523228
0.019141546644457
0.019332977373887
0.019522400148834
0.019709677394691
0.019894673021077
0.020077252775414
0.020257284431285
0.020434637798824
0.020609184555640
0.020780797908724
0.020949352109774
0.021114721857509
0.021276781630316
0.021435405000069
0.021590463982791
0.021741828483465
0.021889365890485
0.022032940869943
0.022172415401294
0.022307649084248
0.022438499732649
0.022564824255247
0.022686479806613
0.022803325174869
0.022915222357508
0.023022038263255
0.023123646467622
0.023219928943289
0.023310777684241
0.023396096145033
0.023475800423677
0.023549820128241
0.023618098882753
0.023680594446697
0.023737278443175
0.023788135712713
0.023833163331198
0.023872369350534
0.023905771337828
0.023933394802351
0.023955271608116
0.023971438473121
0.023981935653711
0.023986805904178
0.023986093787862
0.023979845397408
0.023968108519343
0.023950933253021
0.023928373067601
0.023900486254615
0.023867337709330
0.023829000953036
0.023785560291816
0.023737112996460
0.023683771383634
0.023625664680643
0.023562940565182
0.023495766286829
0.023424329298032
0.023348837347727
0.023269518019058
0.023186617722336
0.023100400183557
0.023011144495744
0.022919142823384
0.022824697867942
0.022728120213591
0.022629725676241
0.022529832775377
0.022428760437251
0.022326826020273
0.022224343730158
0.022121623464774
0.022018970098661
0.021916683186523
0.021815057035770
0.021714381072188
0.021614940401798
0.021517016457301
0.021420887610243
0.021326829630657
0.021235115884565
0.021146017175832
0.021059801161494
0.020976731297486
0.020897065302870
0.020821053163242
0.020748934725884
0.020680936968244
0.020617271045684
0.020558129242238
0.020503681958372
0.020454074871385
0.020409426397127
0.020369825566349
0.020335330406187
0.020305966888454
0.020281728473408
0.020262576242652
0.020248439580100
0.020239217327954
0.020234779317459
0.020234968153857
0.020239601122883
