0.034647731698981
0.034490965905720
0.034338429249553
0.034194984473829
0.034065231011064
0.033953361647130
0.033863032748550
0.033797251984312
0.033758286837315
0.033747596475158
0.033765788763777
0.033812603389674
0.033886921235376
0.033986799354722
0.034109530143450
0.034251722616850
0.034409403106811
0.034578132188478
0.034753134251265
0.034929435845715
0.035102008769039
0.035265913797498
0.035416441029736
0.035549242966436
0.035660456710588
0.035746812020472
0.035805722373369
0.035835356690597
0.035834689920619
0.035803531263097
0.035742529428137
0.035653154946361
0.035537660161192
0.035399018129110
0.035240842211082
0.035067288644115
0.034882944822139
0.034692706378226
0.034501646435364
0.034314880573205
0.034137431138741
0.033974094508101
0.033829314786445
0.033707067217921
0.033610754276006
0.033543117026643
0.033506163915540
0.033501118641257
0.033528388253125
0.033587552073683
0.033677371505251
0.033795820254489
0.033940134011207
0.034106878160211
0.034292031697447
0.034491085171827
0.034699150187041
0.034911077776571
0.035121582810973
0.035325371508573
0.035517269096970
0.035692344709849
0.035846030697779
0.035974233678482
0.036073434847058
0.036140777305291
0.036174138447014
0.036172185749169
0.036134414661319
0.036061167655384
0.035953633887518
0.035813829329956
0.035644557646474
0.035449352504123
0.035232402428615
0.034998459712995
0.034752735270008
0.034500781668646
0.034248366905035
0.034001341717889
0.033765503460312
0.033546459674940
0.033349494582025
0.033179441675126
0.033040565524392
0.032936455712452
0.032869935575160
0.032842988093545
0.032856700891489
0.032911231845430
0.033005796319085
0.033138676510893
0.033307252858670
0.033508056899764
0.033736844450658
0.033988687462317
0.034258082440341
0.034539072904887
0.034825383015372
0.035110559208335
0.035388116500432
0.035651685997263
0.035895160124736
0.036112832163134
0.036299526812550
0.036450718747404
0.036562636420846
0.036632348748525
0.036657832725601
0.036638020499660
0.036572824922998
0.036463143127722
0.036310838192653
0.036118699488808
0.035890382787123
0.035630331675430
0.035343682250211
0.035036153411864
0.034713925391712
0.034383509367888
0.034051611180839
0.033724992235067
0.033410330671558
0.033114085817252
0.032842368768113
0.032600821747131
0.032394508605968
0.032227818518569
0.032104384557360
0.032027018459154
0.031997662489962
0.032017358917080
0.032086237203764
0.032203518666407
0.032367537984803
0.032575780639995
0.032824935076470
0.033110958149948
0.033429152230453
0.033774252183270
0.034140520346703
0.034521847563261
0.034911858296947
0.035304017880476
0.035691739978569
0.036068492423532
0.036427899673602
0.036763840259994
0.037070537722767
0.037342643686276
0.037575311890606
0.037764262174356
0.037905833595400
0.037997026078083
0.038035530186309
0.038019744839716
0.037948783011917
0.037822465672027
0.037641304449215
0.037406473709789
0.037119772932107
0.036783580440594
0.036400799710804
0.035974799577458
0.035509349762231
0.035008553184175
0.034476776521128
0.033918580454587
0.033338650954876
0.032741732851007
0.032132566785413
0.031515830484218
0.030896085086575
0.030277727080546
0.029664946196739
0.029061689423399
0.028471631135763
0.027898149184952
0.027344306672818
0.026812839051845
0.026306146134620
0.025826288574158
0.025374988381189
0.024953633072310
0.024563283087101
0.024204682165645
0.023878270432653
0.023584199983483
0.023322352804343
0.023092360879203
0.022893628336364
0.022725355467605
0.022586564413495
0.022476126253596
0.022392789174790
0.022335207321725
0.022301969867456
0.022291629787401
0.022302731782442
0.022333838783173
0.022383556480797
0.022450555372841
0.022533589883114
0.022631514212120
0.022743294691418
0.022868018545933
0.023004899103666
0.023153277623594
0.023312622030613
0.023482522943092
0.023662687447089
0.023852931106822
0.024053168701395
0.024263404143407
0.024483719969082
0.024714266697585
0.024955252246983
0.025206931475033
0.025469595794811
0.025743562708163
0.026029165013553
0.026326739386988
0.026636614011369
0.026959094944110
0.027294450965930
0.027642896743119
0.028004574256270
0.028379532593321
0.028767706364400
0.029168893160056
0.029582730631995
0.030008673915562
0.030445974226011
0.030893659537704
0.031350518290415
0.031815087055891
0.032285643039603
0.032760202188487
0.033236523529460
0.033712120181957
0.034184277278732
0.034650076802470
0.035106429111666
0.035550110698538
0.035977807504818
0.036386162927537
0.036771829484603
0.037131522985458
0.037462077969678
0.037760503138387
0.038024035509647
0.038250192077494
0.038436817840884
0.038582129187793
0.038684751764059
0.038743752118539
0.038758662587514
0.038729499054081
0.038656771385060
0.038541486502201
0.038385144181288
0.038189725788355
0.037957676255103
0.037691879665538
0.037395628874563
0.037072589609774
0.036726759524237
0.036362422675576
0.035984099910444
0.035596495638605
0.035204441491894
0.034812837383854
0.034426590518022
0.034050552937524
0.033689458264787
0.033347858345449
0.033030060580924
0.032740066804552
0.032481514620953
0.032257622180809
0.032071137397793
0.031924292625033
0.031818765790854
0.031755648944210
0.031735425077621
0.031757953979549
0.031822467720868
0.031927576204958
0.032071283012851
0.032251011560171
0.032463641358167
0.032705553944610
0.032972687829112
0.033260601588859
0.033564544061332
0.033879530416038
0.034200422752096
0.034522013766049
0.034839111966617
0.035146626880992
0.035439652700572
0.035713548851196
0.035964016042038
0.036187166445262
0.036379586782099
0.036538393236258
0.036661277278607
0.036746541663544
0.036793126043380
0.036800621837955
0.036769276188800
0.036699985016364
0.036594275381641
0.036454277526638
0.036282687128767
0.036082718449905
0.035858049190004
0.035612757966340
0.035351255432514
0.035078210126046
0.034798470190787
0.034516982161479
0.034238708024334
0.033968541781263
0.033711226748196
0.033471274811549
0.033252888852387
0.033059889526238
0.032895647557545
0.032763022670907
0.032664310234905
0.032601196636316
0.032574724329994
0.032585267419640
0.032632518513825
0.032715487467127
0.032832512455775
0.032981283649520
0.033158879526473
0.033361815637079
0.033586105360356
0.033827331915332
0.034080730600046
0.034341279938253
0.034603800129869
0.034863056936324
0.035113868897530
0.035351215584702
0.035570344453262
0.035766873782056
0.035936889176591
0.036077031180207
0.036184571680386
0.036257477017108
0.036294455992435
0.036294991338192
0.036259353611591
0.036188596944287
0.036084536553516
0.035949708418475
0.035787312013567
0.035601137455383
0.035395478846047
0.035175035966726
0.034944806779412
0.034709973422551
0.034475784530397
0.034247436764100
0.034029958415096
0.033828097832436
0.033646219242356
0.033488208280512
0.033357389256595
0.033256455830569
0.033187416413238
0.033151555224535
0.033149409563555
0.033180763475683
0.033244657653667
0.033339415087679
0.033462681689090
0.033611480856033
0.033782280726055
0.033971072670889
0.034173459428073
0.034384751130428
0.034600067384212
0.034814443457184
0.035022938566959
0.035220744207392
0.035403290417110
0.035566347881960
0.035706123775885
0.035819349287099
0.035903356853791
0.035956145251329
0.035976430835731
0.035963683459871
0.035918145841338
0.035840835473877
0.035733528535075
