0.107699860382651
0.107586893939379
0.107412103386576
0.107179704721994
0.106895253880340
0.106565512809486
0.106198290186948
0.105802260784075
0.105386767795130
0.104961612650766
0.104536836936420
0.104122501044261
0.103728464111959
0.103364169652702
0.103038441068143
0.102759290968074
0.102533747905320
0.102367703777493
0.102265784754029
0.102231248160533
0.102265907295955
0.102370085673624
0.102542601667190
0.102780784009996
0.103080518045393
0.103436322061326
0.103841452472231
0.104288036043609
0.104767226799821
0.105269384725430
0.105784272877543
0.106301269084243
0.106809588025581
0.107298509191213
0.107757605994045
0.108176971201377
0.108547433831611
0.108860762759611
0.109109852479279
0.109288886785846
0.109393476558505
0.109420768338278
0.109369520996384
0.109240148461581
0.109034727206317
0.108756967964124
0.108412151946804
0.108007032630731
0.107549704968185
0.107049444632954
0.106516520611195
0.105961985081374
0.105397445074682
0.104834820855532
0.104286096298059
0.103763066749273
0.103277089955371
0.102838845580817
0.102458108669245
0.102143542083796
0.101902512528389
0.101740934200705
0.101663143475241
0.101671807277685
0.101767867008994
0.101950519030733
0.102217231855871
0.102563799325254
0.102984428213966
0.103471857927127
0.104017509233231
0.104611658364351
0.105243632302569
0.105902020683121
0.106574899485143
0.107250061553896
0.107915249002999
0.108558382675789
0.109167784091860
0.109732385654928
0.110241925335165
0.110687122545039
0.111059832482960
0.111353176803978
0.111561649072206
0.111681194037490
0.111709260343274
0.111644826799783
0.111488402835961
0.111242004167036
0.110909105077326
0.110494569017750
0.110004559455034
0.109446433087287
0.108828617662967
0.108160476712811
0.107452163533490
0.106714466754556
0.105958649783225
0.105196286361414
0.104439094391877
0.103698770100594
0.102986824504805
0.102314424053789
0.101692237204962
0.101130288592744
0.100637822342689
0.100223175978572
0.099893666264896
0.099655488220364
0.099513628427604
0.099471793648672
0.099532355632239
0.099696312864242
0.099963269866643
0.100331434486098
0.100797633434004
0.101357346139690
0.102004756758908
0.102732823940575
0.103533367697388
0.104397172453689
0.105314105061134
0.106273246285726
0.107263033986006
0.108271415930743
0.109286009955177
0.110294268938355
0.111283647910794
0.112241770481871
0.113156591718832
0.114016554621411
0.114810737422682
0.115528989110112
0.116162050799797
0.116701660907296
0.117140642432528
0.117472971103082
0.117693823586267
0.117799605469398
0.117787959202755
0.117657752682114
0.117409049600002
0.117043063099851
0.116562094610455
0.115969460007410
0.115269405435122
0.114467015222667
0.113568114338817
0.112579167759206
0.111507178969323
0.110359589611422
0.109144182014779
0.107868986042583
0.106542191361184
0.105172065905207
0.103766880990699
0.102334843232392
0.100884033162077
0.099422350232288
0.097957463728959
0.096496769011305
0.095047348446503
0.093615936407627
0.092208887749910
0.090832149265094
0.089491233727252
0.088191196276256
0.086936613026881
0.085731561933127
0.084579606069624
0.083483779608053
0.082446576860032
0.081469944824950
0.080555279718910
0.079703427968319
0.078914692128919
0.078188842139704
0.077525132243557
0.076922323805681
0.076378714140684
0.075892171323326
0.075460174810909
0.075079861551300
0.074748077094245
0.074461431069726
0.074216356250355
0.074009170280143
0.073836139034560
0.073693540481393
0.073577727843557
0.073485190827935
0.073412613682460
0.073356928879862
0.073315365302445
0.073285489918087
0.073265242091982
0.073252959867810
0.073247397770851
0.073247735926660
0.073253580543377
0.073264956063165
0.073282289537534
0.073306388010724
0.073338409893677
0.073379831468206
0.073432409768051
0.073498143134348
0.073579230734007
0.073678032260165
0.073797028907190
0.073938786534752
0.074105921715550
0.074301071111184
0.074526864354227
0.074785900346879
0.075080726633012
0.075413821275796
0.075787576490899
0.076204283156340
0.076666115252792
0.077175113286863
0.077733165815484
0.078341988318939
0.079003098856378
0.079717790170826
0.080487098177933
0.081311767059195
0.082192211470340
0.083128476653147
0.084120197488834
0.085166557740016
0.086266250884766
0.087417444042446
0.088617746521770
0.089864184485654
0.091153183126787
0.092480557587696
0.093841513647429
0.095230658943813
0.096642025217210
0.098069101761379
0.099504879961718
0.100941908503079
0.102372358549108
0.103788097942227
0.105180773255017
0.106541898345617
0.107862947934592
0.109135454630228
0.110351107782466
0.111501852540764
0.112579987524593
0.113578259582908
0.114489954215831
0.115308980352886
0.116029948322183
0.116648239998947
0.117160070284708
0.117562539235896
0.117853674328093
0.118032462505969
0.118098871825170
0.118053862637948
0.117899388406090
0.117638386340052
0.117274758160267
0.116813341353699
0.116259871355297
0.115620935120182
0.114903916569495
0.114116934392959
0.113268772678013
0.112368804813127
0.111426911087125
0.110453390383036
0.109458866350521
0.108454188441715
0.107450328217129
0.106458271375965
0.105488906042281
0.104552907946280
0.103660623278148
0.102821950157164
0.102046219845803
0.101342079039359
0.100717374766304
0.100179043631530
0.099733007311007
0.099384076349155
0.099135864406572
0.098990715143858
0.098949643897599
0.099012296199720
0.099176925007366
0.099440388246916
0.099798167935624
0.100244411735151
0.100771997323178
0.101372619456341
0.102036899056157
0.102754513097453
0.103514343535289
0.104304642990437
0.105113214443654
0.105927601781765
0.106735287708289
0.107523895289278
0.108281389259012
0.108996273164436
0.109657778482232
0.110256041995176
0.110782267958577
0.111228871913989
0.111589603404707
0.111859645302549
0.112035687954056
0.112115976881816
0.112100333318674
0.111990147395318
0.111788344332129
0.111499324493006
0.111128878631892
0.110684080093920
0.110173156115735
0.109605340698757
0.108990711801734
0.108340015812805
0.107664482416185
0.106975633064884
0.106285086310401
0.105604363225555
0.104944696090768
0.104316843401244
0.103730914096814
0.103196203722690
0.102721045002933
0.102312675054295
0.101977121191300
0.101719106979099
0.101541979883191
0.101447661549004
0.101436621423041
0.101507874103924
0.101659000488642
0.101886192458290
0.102184320529778
0.102547023586312
0.102966819490277
0.103435235078266
0.103942953740201
0.104479978494198
0.105035808188435
0.105599624193888
0.106160484702006
0.106707523514793
0.107230150018214
0.107718246871196
0.108162361830340
0.108553890073725
0.108885243394617
0.109150002715715
0.109343050533521
0.109460680145593
0.109500678843535
0.109462382671304
0.109346700848629
0.109156108536097
0.108894607261896
0.108567653026749
0.108182052836871
0.107745831166199
0.107268068597622
0.106758715616885
0.106228385210020
0.105688128523638
0.105149198367281
0.104622805749591
0.104119874930399
0.103650802626667
0.103225227023832
0.102851812111376
0.102538052583214
0.102290104124261
0.102112643353654
0.102008761025181
0.101979891313075
0.102025779155686
0.102144486712541
0.102332439035383
0.102584508085898
0.102894133277138
0.103253475797425
0.103653603119147
0.104084699323461
0.104536296206547
0.104997519592278
0.105457344875543
0.105904855571909
0.106329498560894
0.106721329785629
