0.018610430333317
0.018610288603325
0.018610042643369
0.018609740362986
0.018609434461445
0.018609178045725
0.018609020227261
0.018609002056219
0.018609153122720
0.018609489098566
0.018610010415237
0.018610702180807
0.018611535337461
0.018612468960801
0.018613453510193
0.018614434763448
0.018615358115170
0.018616172890446
0.018616836326234
0.018617316901686
0.018617596753112
0.018617672984997
0.018617557778885
0.018617277299911
0.018616869498055
0.018616380990021
0.018615863280822
0.018615368635702
0.018614945939034
0.018614636875185
0.018614472737404
0.018614472117179
0.018614639652616
0.018614965926583
0.018615428510820
0.018615994058733
0.018616621264914
0.018617264440302
0.018617877403925
0.018618417369091
0.018618848505335
0.018619144886884
0.018619292591233
0.018619290783003
0.018619151702623
0.018618899569465
0.018618568497471
0.018618199600888
0.018617837532030
0.018617526737105
0.018617307736505
0.018617213731486
0.018617267810200
0.018617480975466
0.018617851148670
0.018618363224451
0.018618990165978
0.018619695047422
0.018620433875365
0.018621158960267
0.018621822567317
0.018622380556293
0.018622795723531
0.018623040585524
0.018623099390331
0.018622969206280
0.018622660011908
0.018622193790872
0.018621602714180
0.018620926563321
0.018620209606208
0.018619497178671
0.018618832244583
0.018618252206114
0.018617786212420
0.018617453172379
0.018617260618380
0.018617204498454
0.018617269898944
0.018617432625504
0.018617661502354
0.018617921193960
0.018618175313781
0.018618389564651
0.018618534655939
0.018618588763800
0.018618539340442
0.018618384133188
0.018618131339462
0.018617798894407
0.018617412957835
0.018617005731042
0.018616612786630
0.018616270131804
0.018616011244863
0.018615864324488
0.018615849972243
0.018615979492197
0.018616253940974
0.018616664000962
0.018617190683874
0.018617806806547
0.018618479120913
0.018619170930129
0.018619844986612
0.018620466447811
0.018621005663327
0.018621440582211
0.018621758600708
0.018621957715474
0.018622046901945
0.018622045697605
0.018621983030722
0.018621895392091
0.018621824495978
0.018621814613293
0.018621909782178
0.018622151107185
0.018622574347645
0.018623207969548
0.018624071795434
0.018625176336349
0.018626522832925
0.018628103973217
0.018629905197797
0.018631906451987
0.018634084204899
0.018636413528230
0.018638870016568
0.018641431336148
0.018644078210268
0.018646794685261
0.018649567568421
0.018652384985032
0.018655234061397
0.018658097800185
0.018660951269010
0.018663757268936
0.018666461683435
0.018668988727691
0.018671236322176
0.018673071802977
0.018674328155928
0.018674800924562
0.018674245896552
0.018672377623675
0.018668868780666
0.018663350322787
0.018655412364456
0.018644605674872
0.018630443673548
0.018612404809936
0.018589935226855
0.018562451635763
0.018529344370593
0.018489980632471
0.018443707986075
0.018389858215220
0.018327751685920
0.018256702395514
0.018176023902809
0.018085036333880
0.017983074639457
0.017869498242477
0.017743702159066
0.017605129605274
0.017453286018536
0.017287754331357
0.017108211240123
0.016914444119641
0.016706368149371
0.016484043145673
0.016247689540168
0.015997702911356
0.015734666467385
0.015459360893666
0.015172771019830
0.014876088824828
0.014570712384234
0.014258240466359
0.013940462599098
0.013619344552863
0.013297009311231
0.012975713725548
0.012657821168249
0.012345770608542
0.012042042630857
0.011749122999198
0.011469464438658
0.011205447358858
0.010959340283609
0.010733260777669
0.010529137676339
0.010348675427435
0.010193321348732
0.010064236586825
0.009962271534950
0.009887946425896
0.009841437759812
0.009822571152847
0.009830821098722
0.009865318019321
0.009924862840569
0.010007949165939
0.010112792932895
0.010237369230009
0.010379455729272
0.010536681955441
0.010706583380676
0.010886659107863
0.011074431700925
0.011267507546410
0.011463635999292
0.011660765487630
0.011857094734743
0.012051117310625
0.012241657850637
0.012427898479618
0.012609394250671
0.012786076743145
0.012958245353260
0.013126546239520
0.013291939336612
0.013455654306928
0.013619136737757
0.013783986294147
0.013951888882502
0.014124545150603
0.014303597830988
0.014490560515706
0.014686750425262
0.014893227601860
0.015110742721328
0.015339695388802
0.015580104374719
0.015831590778562
0.016093374599720
0.016364284671590
0.016642781401194
0.016926991276011
0.017214751674528
0.017503664166191
0.017791154224770
0.018074535116781
0.018351073667962
0.018618055655193
0.018872848712186
0.019112960863719
0.019336093099656
0.019540184748025
0.019723450785300
0.019884410610387
0.020021908185562
0.020135123793428
0.020223577957102
0.020287128308325
0.020325960356053
0.020340573202309
0.020331761273096
0.020300593085219
0.020248387964118
0.020176691475901
0.020087250153878
0.019981985902489
0.019862970266551
0.019732398577276
0.019592563842709
0.019445830150424
0.019294605302414
0.019141312409673
0.018988360236557
0.018838112197717
0.018692854064553
0.018554760621701
0.018425861712713
0.018308008311944
0.018202839440587
0.018111750893645
0.018035866847943
0.017976015468659
0.017932709616458
0.017906133676392
0.017896137384844
0.017902237327779
0.017923626531969
0.017959192283494
0.018007541999705
0.018067036668378
0.018135831067460
0.018211919706437
0.018293187199611
0.018377461603821
0.018462569136114
0.018546388634961
0.018626904142165
0.018702254058790
0.018770775460833
0.018831042340449
0.018881896755681
0.018922472114530
0.018952208076214
0.018970856812785
0.018978480628310
0.018975441172803
0.018962380708184
0.018940196080084
0.018910006220365
0.018873114150484
0.018830964576006
0.018785098258703
0.018737104425890
0.018688572527331
0.018641044677612
0.018595970124723
0.018554663060843
0.018518265035360
0.018487713139059
0.018463714998365
0.018446731447050
0.018436967528949
0.018434372230926
0.018438647055277
0.018449263223367
0.018465486969180
0.018486412047343
0.018510998262082
0.018538114539842
0.018566584837158
0.018595235013731
0.018622938722449
0.018648660382862
0.018671493416807
0.018690692132449
0.018705695937926
0.018716144933535
0.018721886352414
0.018722971769980
0.018719645455806
0.018712324671175
0.018701573095758
0.018688068875554
0.018672569004077
0.018655871868733
0.018638779810271
0.018622063457967
0.018606429426485
0.018592492707300
0.018580754777851
0.018571588107207
0.018565227380934
0.018561767421837
0.018561167466527
0.018563261185595
0.018567771618360
0.018574330037209
0.018582497662584
0.018591789114208
0.018601696500868
0.018611713111172
0.018621355761671
0.018630184977108
0.018637822311861
0.018643964265161
0.018648392390363
0.018650979347324
0.018651690795127
0.018650583168952
0.018647797529283
0.018643549812535
0.018638117947279
0.018631826426017
0.018625029033703
0.018618090524794
0.018611368103605
0.018605193591297
0.018599857151152
0.018595593387805
0.018592570534332
0.018590883295435
0.018590549730484
0.018591512345673
0.018593643331653
0.018596753645717
0.018600605411143
0.018604926906164
0.018609429255241
0.018613823827952
0.018617839304362
0.018621237384566
0.018623826204166
0.018625470662005
0.018626099062403
0.018625705708830
0.018624349343896
0.018622147594616
0.018619267834717
0.018615915100562
0.018612317879385
0.018608712716193
0.018605328650869
0.018602372495693
