0.029891834254078
0.029973347557329
0.030074098016072
0.030191589822511
0.030322862519512
0.030464563679361
0.030613033518028
0.030764399273008
0.030914676802551
0.031059876571784
0.031196110991035
0.031319699974152
0.031427271595674
0.031515854846647
0.031582961715971
0.031626656149104
0.031645607846116
0.031639129340259
0.031607195327368
0.031550443774787
0.031470158904378
0.031368236696345
0.031247134078748
0.031109803434022
0.030959614453151
0.030800265689124
0.030635688395792
0.030469945382694
0.030307127670652
0.030151251700733
0.030006159737287
0.029875425923556
0.029762270207109
0.029669482064586
0.029599355633697
0.029553637518020
0.029533488178526
0.029539457475713
0.029571474586582
0.029628852198656
0.029710304584147
0.029813978884682
0.029937498692848
0.030078018801818
0.030232289808549
0.030396731098709
0.030567510611986
0.030740629683985
0.030912011185422
0.031077589130945
0.031233397909433
0.031375659296312
0.031500865447685
0.031605856147424
0.031687888682971
0.031744698864070
0.031774551870592
0.031776281819643
0.031749319175417
0.031693705383545
0.031610094389543
0.031499740991545
0.031364476273095
0.031206670654172
0.031029185379021
0.030835313519770
0.030628711807216
0.030413324798131
0.030193303046626
0.029972917061828
0.029756468903467
0.029548203290780
0.029352220079864
0.029172389903216
0.029012274666790
0.028875054469468
0.028763462352754
0.028679728110426
0.028625532194019
0.028601970545408
0.028609530976522
0.028648081501860
0.028716870814786
0.028814540885476
0.028939151448558
0.029088215943000
0.029258748266939
0.029447319517034
0.029650123697403
0.029863051209192
0.030081768771334
0.030301804279228
0.030518634984988
0.030727777284763
0.030924876329945
0.031105793644122
0.031266690930280
0.031404108296203
0.031515035212129
0.031596972644330
0.031647984980369
0.031666740573823
0.031652539984001
0.031605331263546
0.031525711946523
0.031414917702892
0.031274797942671
0.031107778964632
0.030916815539948
0.030705332091268
0.030477154863493
0.030236436676642
0.029987575997728
0.029735132163767
0.029483738629908
0.029238016105642
0.029002487380461
0.028781495532516
0.028579127065800
0.028399141340473
0.028244907455360
0.028119349520103
0.028024901025640
0.027963468793747
0.027936406766765
0.027944499693365
0.027987956580074
0.028066413614270
0.028178946124047
0.028324089023670
0.028499865098946
0.028703820412458
0.028933066051176
0.029184325395252
0.029453986053694
0.029738155587436
0.030032720121259
0.030333404932088
0.030635836092655
0.030935602247504
0.031228315604842
0.031509671245421
0.031775503881385
0.032021841246329
0.032244953364880
0.032441397036872
0.032608054977418
0.032742169177994
0.032841368191675
0.032903688192952
0.032927587812741
0.032911956895333
0.032856119458399
0.032759831252551
0.032623272406874
0.032447035706138
0.032232111071152
0.031979866804984
0.031692028126576
0.031370653443830
0.031018108727472
0.030637040243392
0.030230345794891
0.029801144527676
0.029352745269914
0.028888613326081
0.028412335623881
0.027927584132439
0.027438077528595
0.026947541184131
0.026459665674718
0.025978064162446
0.025506229167011
0.025047489403038
0.024604967509044
0.024181539614037
0.023779797768722
0.023402016300405
0.023050123127541
0.022725676989020
0.022429851406189
0.022163426007858
0.021926785619301
0.021719927257895
0.021542474904880
0.021393701650402
0.021272558553009
0.021177709329511
0.021107569808803
0.021060350953068
0.021034104177224
0.021026767684286
0.021036212578030
0.021060287609088
0.021096861547468
0.021143862342113
0.021199312414230
0.021261359622805
0.021328303626151
0.021398617531991
0.021470964872522
0.021544212054755
0.021617436518057
0.021689930880779
0.021761203379606
0.021830974904156
0.021899172912346
0.021965922486558
0.022031534764300
0.022096492956215
0.022161436154236
0.022227141136556
0.022294502394990
0.022364510643182
0.022438230107939
0.022516774956062
0.022601285259782
0.022692902948930
0.022792748231294
0.022901896978779
0.023021359571905
0.023152061666307
0.023294827291576
0.023450364616363
0.023619254617237
0.023801942777186
0.023998733818840
0.024209789354393
0.024435128215904
0.024674629123216
0.024928035258442
0.025194960251199
0.025474895041458
0.025767215079434
0.026071187345113
0.026385976722886
0.026710651346789
0.027044186635186
0.027385467855195
0.027733291190757
0.028086363427314
0.028443300503556
0.028802625309641
0.029162765224809
0.029522049979309
0.029878710490410
0.030230879355785
0.030576593686449
0.030913800924085
0.031240368213891
0.031554095795559
0.031852734734886
0.032134009151712
0.032395642912702
0.032635390557632
0.032851072023807
0.033040610534317
0.033202072831337
0.033333710774502
0.033434003194888
0.033501696804075
0.033535844910455
0.033535842694567
0.033501457842809
0.033432855433152
0.033330616103880
0.033195746711505
0.033029682889467
0.032834283146723
0.032611814385367
0.032364928959562
0.032096633634990
0.031810251030060
0.031509374319872
0.031197816155248
0.030879552887574
0.030558665292820
0.030239277053696
0.029925492287634
0.029621333401536
0.029330680514491
0.029057213620043
0.028804358563792
0.028575237794134
0.028372626707851
0.028198916262421
0.028056082367381
0.027945662402290
0.027868739042962
0.027825931415086
0.027817393439468
0.027842819090164
0.027901454160003
0.027992114021079
0.028113206784150
0.028262761202842
0.028438458637624
0.028637668390756
0.028857485745473
0.029094772087762
0.029346196552716
0.029608278714069
0.029877431918279
0.030150006946172
0.030422335758247
0.030690775137316
0.030951750078359
0.031201796786060
0.031437605123259
0.031656060308720
0.031854283592905
0.032029671551021
0.032179933530845
0.032303126687784
0.032397687941375
0.032462462106536
0.032496725399037
0.032500203496670
0.032473083361760
0.032416018100873
0.032330124254470
0.032216971070249
0.032078561513135
0.031917304993624
0.031735982043354
0.031537701419668
0.031325850366172
0.031104038980675
0.030876039833358
0.030645724126664
0.030416995786726
0.030193724920311
0.029979682060369
0.029778474560329
0.029593486388196
0.029427822424866
0.029284258197598
0.029165195790878
0.029072626484932
0.029008100488090
0.028972703962769
0.028967043403352
0.028991237312546
0.029044915042442
0.029127222616217
0.029236835322094
0.029371976866169
0.029530444877056
0.029709642563514
0.029906616327318
0.030118099118953
0.030340559286172
0.030570254600540
0.030803291052313
0.031035685880548
0.031263434156853
0.031482578074508
0.031689277918777
0.031879883520184
0.032051004832252
0.032199580140964
0.032322940316723
0.032418867471057
0.032485646387720
0.032522107166615
0.032527657651084
0.032502304403418
0.032446661245293
0.032361944681532
0.032249955866605
0.032113049141196
0.031954087546812
0.031776386105277
0.031583644012365
0.031379867227129
0.031169283228435
0.030956249947576
0.030745161062907
0.030540349953993
0.030345994656474
0.030166026134784
0.030004042100803
0.029863228457043
0.029746290239534
0.029655393685954
0.029592120767138
0.029557437204140
0.029551674657407
0.029574527428515
0.029625063666730
0.029701750730529
0.029802494025505
0.029924688331573
0.030065280350257
0.030220840952494
0.030387645393731
0.030561759590327
0.030739130422926
0.030915677951385
0.031087387393945
0.031250398741712
