0.014208165553319
0.014212328169714
0.014214661925371
0.014215120561754
0.014213661774038
0.014210247431757
0.014204843760958
0.014197421470510
0.014187955809823
0.014176426550716
0.014162817892044
0.014147118291562
0.014129320234768
0.014109419954851
0.014087417121010
0.014063314514073
0.014037117708453
0.014008834778170
0.013978476041896
0.013946053858227
0.013911582477863
0.013875077954439
0.013836558110973
0.013796042554413
0.013753552727175
0.013709111981934
0.013662745664528
0.013614481189742
0.013564348095858
0.013512378066126
0.013458604908449
0.013403064488366
0.013345794614440
0.013286834879205
0.013226226462423
0.013164011906400
0.013100234875203
0.013034939910698
0.012968172198301
0.012899977354308
0.012830401244664
0.012759489842294
0.012687289126921
0.012613845027797
0.012539203406456
0.012463410073474
0.012386510830848
0.012308551529840
0.012229578133367
0.012149636772116
0.012068773784578
0.011987035732993
0.011904469389606
0.011821121690468
0.011737039656989
0.011652270288330
0.011566860430328
0.011480856628646
0.011394304975224
0.011307250957671
0.011219739320990
0.011131813950025
0.011043517779309
0.010954892734776
0.010865979709266
0.010776818571038
0.010687448202007
0.010597906560111
0.010508230758498
0.010418457153080
0.010328621429581
0.010238758681539
0.010148903471705
0.010059089870931
0.009969351470673
0.009879721367632
0.009790232121460
0.009700915688835
0.009611803339192
0.009522925559003
0.009434311952461
0.009345991146746
0.009257990709721
0.009170337086893
0.009083055562955
0.008996170251260
0.008909704112360
0.008823679000459
0.008738115734444
0.008653034188269
0.008568453394012
0.008484391649991
0.008400866626060
0.008317895458510
0.008235494827959
0.008153681015048
0.008072469930630
0.007991877119209
0.007911917736608
0.007832606504857
0.007753957649175
0.007675984823284
0.007598701030220
0.007522118546140
0.007446248854307
0.007371102595665
0.007296689540987
0.007223018587927
0.007150097784273
0.007077934376650
0.007006534881938
0.006935905176871
0.006866050599921
0.006796976058622
0.006728686135105
0.006661185182822
0.006594477408124
0.006528566931628
0.006463457825856
0.006399154127531
0.006335659824863
0.006272978822086
0.006211114885249
0.006150071574659
0.006089852170348
0.006030459597414
0.005971896358001
0.005914164476105
0.005857265460324
0.005801200288197
0.005745969414081
0.005691572800624
0.005638009972084
0.005585280085998
0.005533382018345
0.005482314456304
0.005432075992145
0.005382665211761
0.005334080771793
0.005286321460195
0.005239386236429
0.005193274249010
0.005147984829914
0.005103517467092
0.005059871757994
0.005017047348415
0.004975043862043
0.004933860826713
0.004893497603554
0.004853953324905
0.004815226846103
0.004777316715129
0.004740221162650
0.004703938113366
0.004668465217936
0.004633799903139
0.004599939436536
0.004566881000821
0.004534621772330
0.004503158997911
0.004472490064526
0.004442612556571
0.004413524296901
0.004385223368797
0.004357708117645
0.004330977132622
0.004305029210230
0.004279863302867
0.004255478456753
0.004231873744246
0.004209048195990
0.004187000738241
0.004165730140257
0.004145234975792
0.004125513601586
0.004106564154392
0.004088384566611
0.004070972599177
0.004054325888998
0.004038442007164
0.004023318523343
0.004008953071357
0.003995343410905
0.003982487480734
0.003970383439301
0.003959029689981
0.003948424889089
0.003938567936360
0.003929457948886
0.003921094220779
0.003913476171908
0.003906603289862
0.003900475069775
0.003895090956747
0.003890450295325
0.003886552289918
0.003883395979100
0.003880980225643
0.003879303722867
0.003878365016597
0.003878162540826
0.003878694664117
0.003879959742965
0.003881956177862
0.003884682467631
0.003888137257773
0.003892319379137
0.003897227873961
0.003902862007435
0.003909221264030
0.003916305329099
0.003924114057381
0.003932647431060
0.003941905510837
0.003951888383953
0.003962596113337
0.003974028691884
0.003986186005414
0.003999067807160
0.004012673705656
0.004027003166806
0.004042055529819
0.004057830035517
0.004074325864636
0.004091542182885
0.004109478189078
0.004128133162410
0.004147506505047
0.004167597776641
0.004188406718017
0.004209933262174
0.004232177531801
0.004255139823534
0.004278820580295
0.004303220353938
0.004328339761213
0.004354179436550
0.004380739985370
0.004408021941568
0.004436025732421
0.004464751653541
0.004494199855659
0.004524370344034
0.004555262990255
0.004586877555177
0.004619213720844
0.004652271128509
0.004686049419393
0.004720548274578
0.004755767450554
0.004791706807237
0.004828366325957
0.004865746115659
0.004903846406561
0.004942667531493
0.004982209896124
0.005022473940170
0.005063460092370
0.005105168722515
0.005147600093976
0.005190754320157
0.005234631327903
0.005279230830312
0.005324552310602
0.005370595017759
0.005417357973704
0.005464839990757
0.005513039697327
0.005561955569056
0.005611585962204
0.005661929145850
0.005712983329569
0.005764746683614
0.005817217349196
0.005870393437290
0.005924273015263
0.005978854081633
0.006034134530190
0.006090112105566
0.006146784353019
0.006204148565624
0.006262201732290
0.006320940489894
0.006380361082493
0.006440459329972
0.006501230607694
0.006562669837816
0.006624771491957
0.006687529603975
0.006750937790784
0.006814989278436
0.006879676930320
0.006944993274088
0.007010930524040
0.007077480596083
0.007144635112930
0.007212385398049
0.007280722457744
0.007349636951735
0.007419119153545
0.007489158902821
0.007559745552379
0.007630867913221
0.007702514200917
0.007774671986687
0.007847328156098
0.007920468877764
0.007994079583581
0.008068144961164
0.008142648958164
0.008217574797239
0.008292904999592
0.008368621414354
0.008444705250656
0.008521137109056
0.008597897009079
0.008674964410012
0.008752318222675
0.008829936810687
0.008907797980654
0.008985878961657
0.009064156375351
0.009142606198813
0.009221203722929
0.009299923509539
0.009378739350752
0.009457624233724
0.009536550313854
0.009615488898753
0.009694410444570
0.009773284565365
0.009852080055267
0.009930764922242
0.010009306431482
0.010087671155775
0.010165825029769
0.010243733404902
0.010321361101808
0.010398672457399
0.010475631364360
0.010552201301564
0.010628345354800
0.010704026228096
0.010779206246840
0.010853847354708
0.010927911107007
0.011001358663501
0.011074150783955
0.011146247829546
0.011217609772965
0.011288196219490
0.011357966440560
0.011426879420570
0.011494893916668
0.011561968530508
0.011628061790099
0.011693132239290
0.011757138532003
0.011820039528119
0.011881794388017
0.011942362663022
0.012001704379557
0.012059780115460
0.012116551067709
0.012171979111654
0.012226026852656
0.012278657671768
0.012329835767677
0.012379526197535
0.012427694919461
0.012474308839468
0.012519335865271
0.012562744968970
0.012604506259957
0.012644591068657
0.012682972040933
0.012719623242193
0.012754520269578
0.012787640370007
0.012818962561507
0.012848467755034
0.012876138874022
0.012901960969144
0.012925921326135
0.012948009565121
0.012968217730535
0.012986540371369
0.013002974612248
0.013017520216372
0.013030179641897
0.013040958093680
0.013049863572458
0.013056906923529
0.013062101886816
0.013065465149821
0.013067016404490
0.013066778408454
0.013064777050485
0.013061041419405
0.013055603875143
0.013048500120184
