0.040589455024484
0.040591068822302
0.040592672648531
0.040594266526384
0.040595850479088
0.040597424529888
0.040598988702039
0.040600543018806
0.040602087503462
0.040603622179288
0.040605147069563
0.040606662197574
0.040608167586603
0.040609663259929
0.040611149240830
0.040612625552572
0.040614092218414
0.040615549261605
0.040616996705380
0.040618434572959
0.040619862887543
0.040621281672318
0.040622690950446
0.040624090745065
0.040625481079291
0.040626861976212
0.040628233458885
0.040629595550339
0.040630948273572
0.040632291651541
0.040633625707175
0.040634950463359
0.040636265942940
0.040637572168723
0.040638869163471
0.040640156949900
0.040641435550679
0.040642704988429
0.040643965285720
0.040645216465071
0.040646458548944
0.040647691559749
0.040648915519838
0.040650130451500
0.040651336376969
0.040652533318413
0.040653721297938
0.040654900337584
0.040656070459323
0.040657231685060
0.040658384036629
0.040659527535791
0.040660662204236
0.040661788063577
0.040662905135353
0.040664013441022
0.040665113001966
0.040666203839484
0.040667285974793
0.040668359429027
0.040669424223234
0.040670480378377
0.040671527915329
0.040672566854875
0.040673597217708
0.040674619024431
0.040675632295550
0.040676637051481
0.040677633312540
0.040678621098945
0.040679600430819
0.040680571328182
0.040681533810953
0.040682487898949
0.040683433611884
0.040684370969364
0.040685299990892
0.040686220695860
0.040687133103554
0.040688037233149
0.040688933103709
0.040689820734184
0.040690700143414
0.040691571350119
0.040692434372909
0.040693289230274
0.040694135940585
0.040694974522095
0.040695804992936
0.040696627371119
0.040697441674531
0.040698247920935
0.040699046127967
0.040699836313135
0.040700618493818
0.040701392687260
0.040702158910571
0.040702917180715
0.040703667514510
0.040704409928618
0.040705144439525
0.040705871063531
0.040706589816721
0.040707300714927
0.040708003773675
0.040708699008117
0.040709386432923
0.040710066062137
0.040710737908975
0.040711401985539
0.040712058302428
0.040712706868182
0.040713347688536
0.040713980765372
0.040714606095300
0.040715223667702
0.040715833462087
0.040716435444493
0.040717029562635
0.040717615739379
0.040718193863989
0.040718763780459
0.040719325272001
0.040719878040506
0.040720421679470
0.040720955638456
0.040721479176622
0.040721991302229
0.040722490694215
0.040722975600986
0.040723443710345
0.040723891983103
0.040724316441165
0.040724711898904
0.040725071624206
0.040725386912821
0.040725646556433
0.040725836181193
0.040725937429315
0.040725926951744
0.040725775174817
0.040725444798431
0.040724888977453
0.040724049132251
0.040722852328346
0.040721208159674
0.040719005065112
0.040716106004149
0.040712343415500
0.040707513382709
0.040701368933962
0.040693612410536
0.040683886850250
0.040671766350086
0.040656745396843
0.040638227187308
0.040615511000888
0.040587778738938
0.040554080806564
0.040513321584956
0.040464244824997
0.040405419385478
0.040335225840133
0.040251844584865
0.040153246186709
0.040037184825209
0.039901195779677
0.039742598006044
0.039558502917320
0.039345830523830
0.039101334094573
0.038821634459804
0.038503264978314
0.038142728031975
0.037736563677661
0.037281430777056
0.036774200535196
0.036212061909497
0.035592637807207
0.034914110380345
0.034175353068309
0.033376066350251
0.032516913478633
0.031599651804078
0.030627254706731
0.029604018661105
0.028535649622575
0.027429322776607
0.026293709776672
0.025138967948308
0.023976686581790
0.022819786389615
0.021682369469368
0.020579518672421
0.019527047101519
0.018541200493492
0.017638317415989
0.016834454430682
0.016144985546121
0.015584187286998
0.015164822422901
0.014897736709780
0.014791483790432
0.014851993581423
0.015082298971708
0.015482334432008
0.016048818179404
0.016775226895136
0.017651868733817
0.018666056610017
0.019802379662149
0.021043066564263
0.022368430196818
0.023757379321490
0.025187979554223
0.026638043299830
0.028085726574988
0.029510109934844
0.030891741107943
0.032213118448465
0.033459096881510
0.034617201528441
0.035677838476558
0.036634396971492
0.037483242395262
0.038223604461103
0.038857369819572
0.039388792458209
0.039824138654487
0.040171285626560
0.040439294300717
0.040637976733591
0.040777477721269
0.040867888098896
0.040918904349328
0.040939545614568
0.040937935289775
0.040921150342159
0.040895137596768
0.040864692705591
0.040833494563135
0.040804185696184
0.040778487723265
0.040757340372798
0.040741052730158
0.040729456261409
0.040722050601686
0.040718134936578
0.040716919869499
0.040717616782503
0.040719503703109
0.040721968453042
0.040724531278462
0.040726850186401
0.040728712819463
0.040730018907479
0.040730757188559
0.040730980263212
0.040730780217798
0.040730267115587
0.040729551688974
0.040728732847298
0.040727889997416
0.040727079695619
0.040726335826840
0.040725672339680
0.040725087537413
0.040724569009088
0.040724098447874
0.040723655811001
0.040723222494611
0.040722783400152
0.040722327937010
0.040721850127258
0.040721348048976
0.040720822877821
0.040720277770618
0.040719716790908
0.040719144017037
0.040718562910059
0.040717975960827
0.040717384589999
0.040716789244450
0.040716189619516
0.040715584936505
0.040714974215593
0.040714356501353
0.040713731017416
0.040713097244782
0.040712454932386
0.040711804057495
0.040711144757235
0.040710477251596
0.040709801774152
0.040709118520832
0.040708427620972
0.040707729129609
0.040707023036344
0.040706309284295
0.040705587792532
0.040704858476607
0.040704121263624
0.040703376100422
0.040702622955196
0.040701861814125
0.040701092675176
0.040700315541211
0.040699530414062
0.040698737290594
0.040697936161013
0.040697127009149
0.040696309814072
0.040695484552278
0.040694651199790
0.040693809733701
0.040692960132979
0.040692102378545
0.040691236452833
0.040690362339089
0.040689480020645
0.040688589480371
0.040687690700377
0.040686783661966
0.040685868345782
0.040684944732053
0.040684012800841
0.040683072532227
0.040682123906412
0.040681166903723
0.040680201504558
0.040679227689295
0.040678245438214
0.040677254731432
0.040676255548888
0.040675247870340
0.040674231675401
0.040673206943565
0.040672173654243
0.040671131786779
0.040670081320453
0.040669022234478
0.040667954507992
0.040666878120046
0.040665793049594
0.040664699275498
0.040663596776523
0.040662485531346
0.040661365518562
0.040660236716687
0.040659099104166
0.040657952659367
0.040656797360589
0.040655633186059
0.040654460113931
0.040653278122285
0.040652087189135
0.040650887292423
0.040649678410026
0.040648460519760
0.040647233599373
0.040645997626558
0.040644752578948
0.040643498434119
0.040642235169591
0.040640962762829
0.040639681191245
0.040638390432204
0.040637090463018
0.040635781260953
0.040634462803230
0.040633135067027
0.040631798029478
0.040630451667682
0.040629095958693
0.040627730879534
0.040626356407192
0.040624972518620
0.040623579190740
0.040622176400448
0.040620764124611
0.040619342340071
0.040617911023647
0.040616470152136
0.040615019702319
0.040613559650956
0.040612089974793
0.040610610650564
0.040609121654990
0.040607622964785
0.040606114556652
0.040604596407294
0.040603068493408
0.040601530791690
0.040599983278838
0.040598425931554
0.040596858726544
0.040595281640524
0.040593694650218
0.040592097732362
0.040590490863707
0.040588874021020
