0.005821894575650
0.005945111105071
0.006068789972190
0.006191896305909
0.006313410199018
0.006432355780791
0.006547829362704
0.006659025614466
0.006765260814476
0.006865992335938
0.006960833671283
0.007049564457681
0.007132135139885
0.007208666088732
0.007279441179891
0.007344896023642
0.007405601218333
0.007462241173170
0.007515589205188
0.007566479755287
0.007615778683406
0.007664352687597
0.007713038940500
0.007762616045066
0.007813777376151
0.007867107794414
0.007923064594798
0.007981963387097
0.008043969406645
0.008109094527308
0.008177200007081
0.008248004750280
0.008321098632259
0.008395960214914
0.008471977995687
0.008548474189043
0.008624729945104
0.008700010870016
0.008773591728374
0.008844779278285
0.008912932309863
0.008977478121180
0.009037924862634
0.009093869400612
0.009145000582502
0.009191098015684
0.009232026691582
0.009267727981712
0.009298207696835
0.009323522025573
0.009343762250114
0.009359039170814
0.009369468158133
0.009375155690768
0.009376188136826
0.009372623395798
0.009364485850152
0.009351764884857
0.009334417030581
0.009312371581440
0.009285539341179
0.009253823972273
0.009217135269601
0.009175403562053
0.009128594367911
0.009076722397530
0.009019864012116
0.008958167310139
0.008891859120741
0.008821248331796
0.008746725162006
0.008668756193002
0.008587875198645
0.008504670033324
0.008419766057561
0.008333806776110
0.008247432530270
0.008161258212985
0.008075851054867
0.007991709556325
0.007909244612939
0.007828763798209
0.007750459633184
0.007674402492045
0.007600538575343
0.007528693138982
0.007458578909893
0.007389809362214
0.007321916284725
0.007254370854628
0.007186607256842
0.007118047761843
0.007048128106221
0.006976322012783
0.006902163741818
0.006825267679075
0.006745344132495
0.006662210718922
0.006575798961624
0.006486155975015
0.006393441369507
0.006297919751579
0.006199949408097
0.006099967937368
0.005998475713204
0.005896018136504
0.005793167639251
0.005690506360062
0.005588610313664
0.005488035737150
0.005389308124385
0.005292914268730
0.005199297436362
0.005108855600546
0.005021942492871
0.004938871080304
0.004859918964261
0.004785335124060
0.004715347393765
0.004650170067189
0.004590011067111
0.004535078185690
0.004485583996660
0.004441749148117
0.004403803859496
0.004371987560017
0.004346546711625
0.004327730951744
0.004315787765971
0.004310955955658
0.004313458199444
0.004323493021669
0.004341226476318
0.004366783835499
0.004400241540307
0.004441619633277
0.004490874849934
0.004547894506259
0.004612491282987
0.004684398979630
0.004763269293037
0.004848669668367
0.004940082274302
0.005036904167840
0.005138448734414
0.005243948512659
0.005352559535209
0.005463367332386
0.005575394749212
0.005687611713009
0.005798947055070
0.005908302433044
0.006014568320299
0.006116641926425
0.006213446793362
0.006303953681085
0.006387202223932
0.006462322713774
0.006528557260363
0.006585279503210
0.006632012013146
0.006668440533003
0.006694424270466
0.006710001573156
0.006715390483570
0.006710983882459
0.006697339172709
0.006675162717717
0.006645289512224
0.006608658812333
0.006566286668023
0.006519236470597
0.006468588736956
0.006415411394110
0.006360731797417
0.006305511616205
0.006250625557154
0.006196844679897
0.006144824805262
0.006095100241032
0.006048082771027
0.006004065588081
0.005963231616079
0.005925665473764
0.005891368193143
0.005860273723693
0.005832266231470
0.005807197237221
0.005784901723575
0.005765212469546
0.005747972030186
0.005733041958683
0.005720309055602
0.005709688614301
0.005701124803044
0.005694588474805
0.005690072819288
0.005687587364033
0.005687150890664
0.005688783857888
0.005692500915858
0.005698304059327
0.005706176902820
0.005716080473832
0.005727950814344
0.005741698561702
0.005757210552434
0.005774353362506
0.005792978570656
0.005812929413691
0.005834048399906
0.005856185364674
0.005879205395955
0.005902996031281
0.005927473134946
0.005952584906557
0.005978313549782
0.006004674241428
0.006031711182000
0.006059490673796
0.006088091353669
0.006117591895377
0.006148056680437
0.006179520105183
0.006211970334039
0.006245333414216
0.006279458725776
0.006314106746335
0.006348940057158
0.006383518406250
0.006417298476781
0.006449638792524
0.006479809935990
0.006507009973041
0.006530384686072
0.006549051933901
0.006562129198478
0.006568763164000
0.006568160018140
0.006559615080379
0.006542540356462
0.006516488693838
0.006481173367731
0.006436482153202
0.006382485221669
0.006319436523525
0.006247768660844
0.006168081593663
0.006081125837750
0.005987781080790
0.005889031350531
0.005785938000321
0.005679611827774
0.005571185610440
0.005461788233557
0.005352521410101
0.005244439767673
0.005138534818818
0.005035723061052
0.004936838190184
0.004842627173509
0.004753749733291
0.004670780646311
0.004594214178277
0.004524469943411
0.004461899505704
0.004406793111286
0.004359386049884
0.004319864274528
0.004288369048911
0.004265000528016
0.004249820298709
0.004242853004165
0.004244087243744
0.004253475976143
0.004270936659164
0.004296351338200
0.004329566853506
0.004370395280797
0.004418614658729
0.004473969998119
0.004536174518011
0.004604911018385
0.004679833281737
0.004760567397508
0.004846712923731
0.004937843837026
0.005033509271222
0.005133234101495
0.005236519489235
0.005342843557082
0.005451662407997
0.005562411731873
0.005674509253978
0.005787358268617
0.005900352467517
0.006012882215682
0.006124342349734
0.006234141478482
0.006341712657438
0.006446525194552
0.006548097230525
0.006646008631609
0.006739913643559
0.006829552689992
0.006914762663437
0.006995485058050
0.007071771332629
0.007143784972169
0.007211799834207
0.007276194518329
0.007337442676683
0.007396099380998
0.007452783866559
0.007508159173876
0.007562909391857
0.007617715360394
0.007673229804765
0.007730052940699
0.007788709601798
0.007849628897760
0.007913127313748
0.007979396012776
0.008048492911990
0.008120339880733
0.008194725165708
0.008271310900152
0.008349645313592
0.008429179039796
0.008509284734736
0.008589279073532
0.008668446102202
0.008746060880741
0.008821412369227
0.008893824576081
0.008962675102376
0.009027410370610
0.009087557011791
0.009142729090344
0.009192631061603
0.009237056570299
0.009275883400288
0.009309065066160
0.009336619688465
0.009358616909440
0.009375163680830
0.009386389786931
0.009392433953556
0.009393431338523
0.009389503104431
0.009380748644841
0.009367240876656
0.009349024832353
0.009326119594162
0.009298523417945
0.009266221706817
0.009229197323199
0.009187442581971
0.009140972154619
0.009089836041445
0.009034131740637
0.008974014761894
0.008909706698588
0.008841500183775
0.008769760206976
0.008694921453589
0.008617481537810
0.008537990222729
0.008457034945827
0.008375223182754
0.008293162374887
0.008211438306015
0.008130592931118
0.008051102728253
0.007973358658263
0.007897648774449
0.007824144426537
0.007752890854379
0.007683802773754
0.007616665328950
0.007551140535900
0.007486779078647
0.007423037064273
0.007359297100912
0.007294892852780
0.007229136056433
0.007161344862714
0.007090872305132
0.007017133690771
0.006939631763873
0.006857978601322
0.006771913356816
0.006681315167206
0.006586210759227
0.006486776535276
0.006383335160232
0.006276346905352
0.006166396218823
0.006054174176335
0.005940457612091
0.005826085836388
