0.007175178297593
0.007202699702131
0.007228760084611
0.007252765165366
0.007274176729512
0.007292530467606
0.007307450957501
0.007318663213862
0.007326000392707
0.007329407415498
0.007328940460883
0.007324762452069
0.007317134834468
0.007306406083221
0.007292997496776
0.007277386916020
0.007260091056164
0.007241647150486
0.007222594583342
0.007203457138608
0.007184726414801
0.007166846866114
0.007150202827097
0.007135107774669
0.007121795981419
0.007110416624061
0.007101030334572
0.007093608121214
0.007088032542955
0.007084100992521
0.007081530928060
0.007079966887399
0.007078989118143
0.007078123656913
0.007076853688139
0.007074632003848
0.007070894369025
0.007065073571992
0.007056613906875
0.007044985798183
0.007029700239594
0.007010322684687
0.006986486001711
0.006957902092338
0.006924371779951
0.006885792599523
0.006842164170182
0.006793590902909
0.006740281887515
0.006682547911061
0.006620795678769
0.006555519431239
0.006487290270888
0.006416743617966
0.006344565304822
0.006271476879629
0.006198220722558
0.006125545575201
0.006054193047022
0.005984885592206
0.005918316350225
0.005855141119730
0.005795972595457
0.005741376850738
0.005691871903292
0.005647928068780
0.005609969693974
0.005578377776888
0.005553492930688
0.005535618135221
0.005525020745898
0.005521933293053
0.005526552702131
0.005539037690144
0.005559504239174
0.005588019204134
0.005624592269803
0.005669166621511
0.005721608825224
0.005781698518075
0.005849118582694
0.005923446513476
0.006004147677553
0.006090571127718
0.006181948540963
0.006277396739065
0.006375924102878
0.006476441027205
0.006577774386868
0.006678685805608
0.006777893346560
0.006874096084309
0.006966000880999
0.007052350578482
0.007131952739109
0.007203708022160
0.007266637271998
0.007319906417231
0.007362848335756
0.007394980925611
0.007416020732479
0.007425891617355
0.007424728097838
0.007412873159198
0.007390870502275
0.007359451369703
0.007319516265492
0.007272112050967
0.007218405057788
0.007159651001435
0.007097162601174
0.007032275910149
0.006966316426973
0.006900566093403
0.006836232277611
0.006774419796170
0.006716106938793
0.006662126328336
0.006613151276999
0.006569688092645
0.006532074553763
0.006500484516950
0.006474938358076
0.006455318690022
0.006441390559436
0.006432825115596
0.006429225578778
0.006430154224090
0.006435159048001
0.006443798803420
0.006455665176734
0.006470401033611
0.006487713872973
0.006507383889732
0.006529266342798
0.006553288239412
0.006579439662154
0.006607760363208
0.006638322514011
0.006671210712180
0.006706500498735
0.006744236718480
0.006784413060147
0.006826954040662
0.006871700553972
0.006918399898151
0.006966700937283
0.007016154762330
0.007066220904918
0.007116278847869
0.007165644284073
0.007213589317352
0.007259365589345
0.007302229166196
0.007341465934993
0.007376416245820
0.007406497589917
0.007431224222789
0.007450222814877
0.007463243430039
0.007470165380269
0.007470997768973
0.007465874799762
0.007455046178793
0.007438863163166
0.007417760995225
0.007392238604716
0.007362836552800
0.007330114232165
0.007294627327302
0.007256906482555
0.007217438029286
0.007176647495504
0.007134886470750
0.007092423235313
0.007049437395023
0.007006018598924
0.006962169263849
0.006917811092169
0.006872795049994
0.006826914374361
0.006779920099395
0.006731538532058
0.006681490066000
0.006629508695344
0.006575361577053
0.006518867989699
0.006459917047492
0.006398483551665
0.006334641397971
0.006268574010591
0.006200581341071
0.006131083057277
0.006060617652512
0.005989837328278
0.005919498643481
0.005850449074458
0.005783609788328
0.005719955089848
0.005660489150823
0.005606220762551
0.005558136956901
0.005517176412809
0.005484203595866
0.005459984565407
0.005445165324825
0.005440253488418
0.005445603896880
0.005461408640982
0.005487691759058
0.005524308670063
0.005570950202431
0.005627150891830
0.005692301059117
0.005765662052288
0.005846383949492
0.005933524977304
0.006026071899606
0.006122960674222
0.006223096750932
0.006325374487199
0.006428695277144
0.006531984114387
0.006634204430242
0.006734371156204
0.006831562046462
0.006924927357458
0.007013698014969
0.007097192405440
0.007174821910403
0.007246095266024
0.007310621781024
0.007368113393142
0.007418385494856
0.007461356420504
0.007497045465342
0.007525569306542
0.007547136718813
0.007562041522901
0.007570653771048
0.007573409255034
0.007570797513311
0.007563348606673
0.007551619018951
0.007536177112889
0.007517588624709
0.007496402708630
0.007473139041296
0.007448276464323
0.007422243582023
0.007395411644074
0.007368089934779
0.007340523768351
0.007312895061642
0.007285325330120
0.007257880838278
0.007230579539462
0.007203399368529
0.007176287408204
0.007149169438556
0.007121959398570
0.007094568336766
0.007066912499725
0.007038920296804
0.007010537978783
0.006981733969571
0.006952501885305
0.006922862356982
0.006892863835030
0.006862582592911
0.006832122159769
0.006801612399575
0.006771208418615
0.006741089428993
0.006711457629055
0.006682537089489
0.006654572563719
0.006627828080500
0.006602585131613
0.006579140243438
0.006557801720946
0.006538885377522
0.006522709112798
0.006509586270319
0.006499817792324
0.006493683284029
0.006491431197359
0.006493268436786
0.006499349770690
0.006509767494262
0.006524541829565
0.006543612561456
0.006566832393310
0.006593962463831
0.006624670397849
0.006658531173103
0.006695030976284
0.006733574100419
0.006773492807979
0.006814059955934
0.006854504056210
0.006894026333244
0.006931819244395
0.006967085853107
0.006999059392333
0.007027022329380
0.007050324244592
0.007068397865976
0.007080772659655
0.007087085460624
0.007087087737418
0.007080649214351
0.007067757721605
0.007048515300820
0.007023130755450
0.006991908993785
0.006955237660220
0.006913571679408
0.006867416440737
0.006817310420481
0.006763808070671
0.006707463793595
0.006648817767531
0.006588384293792
0.006526643201041
0.006464034676080
0.006400957699207
0.006337772056899
0.006274803696218
0.006212352985984
0.006150705271082
0.006090142959099
0.006030958272043
0.005973465737129
0.005918013483721
0.005864992459866
0.005814842779427
0.005768056554860
0.005725176753602
0.005686791827918
0.005653526097516
0.005626026098745
0.005604943341018
0.005590914118047
0.005584537197484
0.005586350348318
0.005596806753881
0.005616252395164
0.005644905472681
0.005682838866597
0.005729966518150
0.005786034456834
0.005850617005827
0.005923118482467
0.006002780482173
0.006088694604009
0.006179820255160
0.006275006969721
0.006373020503068
0.006472571823573
0.006572348023145
0.006671044109795
0.006767394629334
0.006860204087897
0.006948375208710
0.007030934150623
0.007107051936555
0.007176061480848
0.007237469759206
0.007290964827251
0.007336417558296
0.007373878132938
0.007403567468642
0.007425863923494
0.007441285742324
0.007450469833490
0.007454147568977
0.007453118387401
0.007448222047134
0.007440310422933
0.007430219761866
0.007418744310549
0.007406612193522
0.007394464360236
0.007382837324775
0.007372150298334
0.007362697161736
0.007354643547425
0.007348029103133
0.007342774800224
0.007338694937441
0.007335513285711
0.007332882632322
0.007330406823926
0.007327664287100
0.007324231930786
0.007319708312876
0.007313734986558
0.007306015030951
0.007296327911771
0.007284540004793
