0.016864108482843
0.016945414592356
0.017031362676077
0.017118781306320
0.017204429017302
0.017285116007207
0.017357823924890
0.017419819182663
0.017468755504935
0.017502761855984
0.017520512470172
0.017521276410417
0.017504944876719
0.017472035343886
0.017423672491966
0.017361546769551
0.017287852264928
0.017205206321294
0.017116553991469
0.017025060960961
0.016933998957337
0.016846627896182
0.016766079083549
0.016695243701961
0.016636670558630
0.016592476683065
0.016564273844569
0.016553113440318
0.016559451507479
0.016583134865667
0.016623408628116
0.016678944559743
0.016747889035580
0.016827928689126
0.016916371259249
0.017010238664777
0.017106368971855
0.017201523679727
0.017292496640275
0.017376220944940
0.017449870254521
0.017510951303705
0.017557384670151
0.017587571341866
0.017600443128454
0.017595495522235
0.017572802204059
0.017533010985925
0.017477321568919
0.017407446052611
0.017325553644855
0.017234201475108
0.017136253798679
0.017034792185217
0.016933019506480
0.016834160672904
0.016741363115378
0.016657599969724
0.016585578800962
0.016527658508280
0.016485776787464
0.016461390203997
0.016455428556972
0.016468264801841
0.016499701359711
0.016548973183612
0.016614767489006
0.016695259597944
0.016788163904360
0.016890798552474
0.017000162040909
0.017113019631020
0.017225997157412
0.017335679618938
0.017438711775869
0.017531897898182
0.017612297804545
0.017677316403209
0.017724784094696
0.017753025619911
0.017760915232089
0.017747916430798
0.017714104912962
0.017660173859457
0.017587421174428
0.017497718814700
0.017393464873737
0.017277519603156
0.017153127048894
0.017023824432897
0.016893341809699
0.016765494856412
0.016644073902480
0.016532732462078
0.016434878590173
0.016353572338968
0.016291432443967
0.016250555121077
0.016232447514300
0.016237977907329
0.016267344314646
0.016320062513996
0.016394973990251
0.016490273649916
0.016603556556328
0.016731882348172
0.016871855458295
0.017019718764291
0.017171457893342
0.017322913085096
0.017469895298284
0.017608303136253
0.017734237166425
0.017844108317946
0.017934737255435
0.018003441936038
0.018048110950113
0.018067260707796
0.018060075047581
0.018026426390278
0.017966878123042
0.017882668454339
0.017775676513253
0.017648371958343
0.017503749797448
0.017345252488010
0.017176681678297
0.017002102157211
0.016825740701364
0.016651882543401
0.016484768138567
0.016328492783937
0.016186911455101
0.016063550979276
0.015961531373694
0.015883497856436
0.015831564696430
0.015807271722642
0.015811553970870
0.015844724620317
0.015906471069623
0.015995863729853
0.016111376874654
0.016250920687956
0.016411883487814
0.016591182980303
0.016785325307334
0.016990470593314
0.017202503663537
0.017417108597585
0.017629845789175
0.017836230205912
0.018031809574560
0.018212241257274
0.018373366629967
0.018511281824924
0.018622403756334
0.018703530410565
0.018751894454653
0.018765209298717
0.018741706843169
0.018680166251720
0.018579933217978
0.018440929337689
0.018263651360351
0.018049160271777
0.017799060350725
0.017515468544335
0.017200974713859
0.016858593508332
0.016491708822700
0.016104011981515
0.015699434952352
0.015282080027779
0.014856147514562
0.014425863028659
0.013995406010346
0.013568841043168
0.013150053482770
0.012742690778263
0.012350110702915
0.011975337507695
0.011621026777275
0.011289439511658
0.010982425686865
0.010701417274951
0.010447430437051
0.010221076353103
0.010022579927344
0.009851805417747
0.009708287886721
0.009591269264247
0.009499737756047
0.009432469318773
0.009388069960100
0.009365017700458
0.009361703149427
0.009376467796736
0.009407639287092
0.009453563131014
0.009512630491123
0.009583301866101
0.009664126664291
0.009753758808405
0.009850968636026
0.009954651453268
0.010063833158575
0.010177673379769
0.010295466561286
0.010416641403386
0.010540758995523
0.010667509908031
0.010796710416602
0.010928297940099
0.011062325681213
0.011198956378571
0.011338455014051
0.011481180275534
0.011627574556571
0.011778152282581
0.011933486388430
0.012094192833133
0.012260913120771
0.012434294898004
0.012614970811920
0.012803535930686
0.013000524146482
0.013206384088169
0.013421455163166
0.013645944418027
0.013879904949976
0.014123216613642
0.014375569746268
0.014636452580417
0.014905142927173
0.015180704597991
0.015461988894623
0.015747641339629
0.016036113652112
0.016325680801880
0.016614462808120
0.016900450793473
0.017181536668071
0.017455545706672
0.017720271200230
0.017973510314256
0.018213100271684
0.018436953997327
0.018643094412515
0.018829686648528
0.018995067550942
0.019137771968104
0.019256555448686
0.019350413108587
0.019418594559154
0.019460614910231
0.019476261966939
0.019465599823686
0.019428969119451
0.019366984252974
0.019280527865200
0.019170742880588
0.019039022361894
0.018886997379097
0.018716523027887
0.018529662662689
0.018328670340218
0.018115971408564
0.017894141129815
0.017665881196629
0.017433993998846
0.017201354518000
0.016970879776364
0.016745495842210
0.016528102491878
0.016321535747876
0.016128528645021
0.015951670716905
0.015793366835045
0.015655796165100
0.015540872120363
0.015450204284833
0.015385063339822
0.015346350053677
0.015334569379864
0.015349810652214
0.015391734767330
0.015459569104774
0.015552110759522
0.015667738453755
0.015804433263612
0.015959808049380
0.016131145224073
0.016315442245133
0.016509463976797
0.016709800855760
0.016912931608420
0.017115289121350
0.017313327963156
0.017503591999152
0.017682780532092
0.017847811442143
0.017995879885070
0.018124511235190
0.018231607123334
0.018315483612904
0.018374900771336
0.018409083121503
0.018417730689471
0.018401020593401
0.018359599335836
0.018294566161792
0.018207448022694
0.018100166837636
0.017974999866361
0.017834534102122
0.017681615657897
0.017519295158163
0.017350770163777
0.017179325653005
0.017008273561690
0.016840892354233
0.016680367558394
0.016529734154634
0.016391821667439
0.016269202763676
0.016164146122327
0.016078574300564
0.016014027281735
0.015971632349159
0.015952080882690
0.015955612619404
0.015982007851878
0.016030587954082
0.016100224522906
0.016189357300899
0.016296020901919
0.016417880196534
0.016552274030099
0.016696266746866
0.016846706783288
0.017000291379156
0.017153636243911
0.017303348815789
0.017446103572267
0.017578717700587
0.017698225325516
0.017801948425729
0.017887562556771
0.017953155542253
0.017997277398563
0.018018979922403
0.018017844592999
0.017993997717365
0.017948112070847
0.017881394647046
0.017795560520357
0.017692793228005
0.017575692483155
0.017447210422218
0.017310577953799
0.017169223100416
0.017026683494866
0.016886515400474
0.016752201760031
0.016627061836260
0.016514164984151
0.016416250992456
0.016335659250918
0.016274268747285
0.016233450582152
0.016214034320898
0.016216289092973
0.016239919913408
0.016284079254269
0.016347393449807
0.016428003092677
0.016523616183451
0.016631572443844
0.016748916906047
0.016872480654434
0.016998966427495
0.017125036690498
0.017247401763799
0.017362905636295
0.017468607204307
0.017561854847382
0.017640352476479
0.017702215458103
0.017746015120431
0.017770810874312
0.017776169323035
0.017762170080171
0.017729398355273
0.017678924694565
0.017612272570529
0.017531374794454
0.017438519974606
0.017336290455969
0.017227493352936
0.017115086422243
