0.017288709739535
0.017355166271645
0.017410160067751
0.017451719688967
0.017478334100985
0.017489005148323
0.017483282168270
0.017461277648234
0.017423663494072
0.017371648147508
0.017306935444809
0.017231666724053
0.017148348244204
0.017059766457838
0.016968894065740
0.016878790064249
0.016792497167469
0.016712940042420
0.016642827736125
0.016584563503408
0.016540164970405
0.016511197202370
0.016498720798684
0.016503256629178
0.016524768271251
0.016562662625638
0.016615808598974
0.016682573162514
0.016760873546570
0.016848243826300
0.016941913711435
0.017038896983250
0.017136086736819
0.017230354392941
0.017318649346694
0.017398096119873
0.017466085981464
0.017520360189361
0.017559082281038
0.017580897191563
0.017584975392683
0.017571040713816
0.017539381010062
0.017490841368607
0.017426800077254
0.017349128101622
0.017260133315343
0.017162491186007
0.017059164025290
0.016953311253133
0.016848193393243
0.016747072703046
0.016653113440347
0.016569284778745
0.016498269304108
0.016442379857797
0.016403487243636
0.016382960992453
0.016381624989657
0.016399729329397
0.016436939276279
0.016492341706610
0.016564468880763
0.016651338881907
0.016750511559259
0.016859158351108
0.016974143947841
0.017092117400540
0.017209609997101
0.017323137023751
0.017429300411572
0.017524889238682
0.017606975120139
0.017672999667419
0.017720851433157
0.017748930067401
0.017756195789768
0.017742202715805
0.017707115052574
0.017651705683385
0.017577337179341
0.017485925790307
0.017379889464499
0.017262081409135
0.017135711120831
0.017004255171263
0.016871360320817
0.016740741742396
0.016616079263564
0.016500914574980
0.016398552306108
0.016311967738080
0.016243723713220
0.016195899018439
0.016170030174974
0.016167068170891
0.016187351238043
0.016230594315152
0.016295895367497
0.016381758265183
0.016486131469908
0.016606461357147
0.016739758618402
0.016882675856575
0.017031594214797
0.017182716671479
0.017332165495895
0.017476081291264
0.017610721055810
0.017732552764304
0.017838344109019
0.017925243233964
0.017990849542403
0.018033272946696
0.018051180251986
0.018043827711757
0.018011079153520
0.017953409437360
0.017871893369071
0.017768180534576
0.017644456845043
0.017503393875832
0.017348087341160
0.017181986265516
0.017008814589083
0.016832487075385
0.016657021474280
0.016486448932173
0.016324724635276
0.016175640622783
0.016042742617942
0.015929252599613
0.015837998679113
0.015771353661362
0.015731183460379
0.015718806311949
0.015734963485772
0.015779801950766
0.015852869195310
0.015953120153957
0.016078935948221
0.016228153915787
0.016398108184165
0.016585679845130
0.016787355608741
0.016999293663400
0.017217395343790
0.017437381113805
0.017654869308198
0.017865456045690
0.018064794728004
0.018248673573439
0.018413089699245
0.018554318362633
0.018668976093475
0.018754076599756
0.018807078496270
0.018825924093883
0.018809068686593
0.018755499981972
0.018664747532384
0.018536882234798
0.018372506170989
0.018172733252917
0.017939161315469
0.017673836456810
0.017379210561778
0.017058093053448
0.016713598000204
0.016349087759179
0.015968114361447
0.015574359840342
0.015171576672917
0.014763529447961
0.014353938794654
0.013946428507095
0.013544476685205
0.013151371585668
0.012770172741754
0.012403677771963
0.012054395158515
0.011724523141135
0.011415934742953
0.011130168826109
0.010868426967376
0.010631575850299
0.010420154791253
0.010234387952843
0.010074200749338
0.009939239914724
0.009828896683605
0.009742332527299
0.009678506890515
0.009636206386326
0.009614074927009
0.009610644293998
0.009624364680128
0.009653634770101
0.009696830959470
0.009752335347504
0.009818562174361
0.009893982407690
0.009977146217896
0.010066703114886
0.010161419552407
0.010260193839328
0.010362068230807
0.010466238106556
0.010572058178639
0.010679045707579
0.010786880743047
0.010895403443879
0.011004608571310
0.011114637288561
0.011225766438675
0.011338395509831
0.011453031532491
0.011570272184593
0.011690787408727
0.011815299867879
0.011944564583124
0.012079348107081
0.012220407590403
0.012368470095132
0.012524212498234
0.012688242311535
0.012861079721075
0.013043141120367
0.013234724379187
0.013435996053366
0.013646980702852
0.013867552446157
0.014097428840511
0.014336167139511
0.014583162944930
0.014837651237153
0.015098709740220
0.015365264552771
0.015636097955507
0.015909858288887
0.016185071781253
0.016460156196951
0.016733436165483
0.017003160045560
0.017267518171368
0.017524662321511
0.017772726243376
0.018009847056458
0.018234187347165
0.018443957754571
0.018637439831652
0.018813008950012
0.018969156998491
0.019104514608251
0.019217872619737
0.019308202491524
0.019374675338592
0.019416679279235
0.019433834766682
0.019426007584740
0.019393319197123
0.019336154158293
0.019255164320078
0.019151269603020
0.019025655144252
0.018879764684169
0.018715290111336
0.018534157148051
0.018338507226213
0.018130675673268
0.017913166399272
0.017688623346758
0.017459799033458
0.017229520582132
0.017000653690355
0.016776065044534
0.016558583725398
0.016350962185843
0.016155837405320
0.015975692837650
0.015812821770800
0.015669292707903
0.015546917358819
0.015447221801288
0.015371421330845
0.015320399469916
0.015294691549727
0.015294473214849
0.015319554130218
0.015369377095492
0.015443022692406
0.015539219508573
0.015656359896719
0.015792521142797
0.015945491830533
0.016112803104956
0.016291764454089
0.016479503547484
0.016673009593703
0.016869179607266
0.017064866910433
0.017256931137544
0.017442288961029
0.017617964719865
0.017781140104622
0.017929202039570
0.018059787902783
0.018170827240900
0.018260579166814
0.018327664676818
0.018371093188608
0.018390282683020
0.018385072929744
0.018355731389504
0.018302951510747
0.018227843275868
0.018131915997827
0.018017053520089
0.017885482127732
0.017739731632153
0.017582590242219
0.017417053977417
0.017246271509824
0.017073485437986
0.016901971093813
0.016734974060363
0.016575647631421
0.016426991471109
0.016291792732011
0.016172570862722
0.016071527280395
0.015990501001329
0.015930931214414
0.015893827650270
0.015879749445915
0.015888793033963
0.015920589400329
0.015974310859327
0.016048687294134
0.016142031608349
0.016252273935396
0.016377003961126
0.016513520535597
0.016658887586601
0.016809995203738
0.016963624641037
0.017116515890892
0.017265436414829
0.017407249578762
0.017538981333127
0.017657883701884
0.017761493698703
0.017847686372798
0.017914720799496
0.017961277969648
0.017986489694948
0.017989957830042
0.017971763313573
0.017932464745069
0.017873086438741
0.017795096124220
0.017700372693429
0.017591164617300
0.017470039871032
0.017339828407240
0.017203558397978
0.017064387624727
0.016925531525972
0.016790189511197
0.016661471214883
0.016542324391980
0.016435466145435
0.016343319125928
0.016267954253855
0.016211041384748
0.016173809173623
0.016157015194109
0.016160927138410
0.016185315669028
0.016229459218297
0.016292160743485
0.016371776150471
0.016466253805132
0.016573184266254
0.016689859104590
0.016813337427202
0.016940518511462
0.017068218775567
0.017193251177783
0.017312505049481
0.017423024330809
0.017522082194662
0.017607250115081
0.017676459559512
0.017728054658140
0.017760834423822
0.017774083357872
0.017767589573351
0.017741649891073
0.017697061705557
0.017635101769431
