0.059850600424344
0.059855804062859
0.059860997918105
0.059866173335761
0.059871321415606
0.059876433195557
0.059881499853163
0.059886512914998
0.059891464466145
0.059896347354139
0.059901155383518
0.059905883498170
0.059910527948732
0.059915086441304
0.059919558261999
0.059923944369813
0.059928247448506
0.059932471907265
0.059936623820389
0.059940710798324
0.059944741786208
0.059948726791252
0.059952676546423
0.059956602124048
0.059960514518488
0.059964424221019
0.059968340811911
0.059972272594120
0.059976226289895
0.059980206816383
0.059984217149578
0.059988258278552
0.059992329244848
0.059996427255947
0.060000547857652
0.060004685148411
0.060008832019002
0.060012980403446
0.060017121530710
0.060021246171154
0.060025344875655
0.060029408208407
0.060033426975846
0.060037392453864
0.060041296613473
0.060045132342012
0.060048893653195
0.060052575875980
0.060056175809848
0.060059691833420
0.060063123954697
0.060066473794573
0.060069744500266
0.060072940591385
0.060076067747465
0.060079132551272
0.060082142205968
0.060085104245949
0.060088026260425
0.060090915645824
0.060093779398343
0.060096623952192
0.060099455063193
0.060102277732435
0.060105096161222
0.060107913727277
0.060110732972983
0.060113555599229
0.060116382462460
0.060119213576942
0.060122048128181
0.060124884505929
0.060127720365687
0.060130552725866
0.060133378103826
0.060136192688580
0.060138992541821
0.060141773813147
0.060144532951041
0.060147266889145
0.060149973188163
0.060152650117480
0.060155296666851
0.060157912486584
0.060160497763200
0.060163053045606
0.060165579042926
0.060168076418460
0.060170545604353
0.060172986658190
0.060175399176641
0.060177782273233
0.060180134618561
0.060182454533211
0.060184740117356
0.060186989397542
0.060189200470807
0.060191371629088
0.060193501452150
0.060195588864064
0.060197633155325
0.060199633978851
0.060201591332092
0.060203505538845
0.060205377242757
0.060207207420258
0.060208997414698
0.060210748986763
0.060212464370249
0.060214146318000
0.060215798121361
0.060217423588052
0.060219026968067
0.060220612824146
0.060222185851658
0.060223750660867
0.060225311541264
0.060226872231661
0.060228435720387
0.060230004096916
0.060231578470079
0.060233158959511
0.060234744757563
0.060236334250079
0.060237925177515
0.060239514814113
0.060241100142646
0.060242678005588
0.060244245219789
0.060245798649413
0.060247335239607
0.060248852019314
0.060250346084309
0.060251814569964
0.060253254616801
0.060254663320892
0.060256037646315
0.060257374259450
0.060258669226295
0.060259917495631
0.060261112073693
0.060262242780564
0.060263294464609
0.060264244538130
0.060265059683989
0.060265691567807
0.060266071372716
0.060266102952991
0.060265654380289
0.060264547633453
0.060262546163782
0.060259340057069
0.060254528517867
0.060247599427198
0.060237905779403
0.060224638893754
0.060206798427371
0.060183159391712
0.060152236596908
0.060112247215032
0.060061072460299
0.059996219722797
0.059914786850626
0.059813430637114
0.059688341915501
0.059535229969676
0.059349319209955
0.059125361208913
0.058857665214252
0.058540150124292
0.058166420600406
0.057729869477485
0.057223807904251
0.056641623695970
0.055976967222123
0.055223962805423
0.054377442117654
0.053433194480859
0.052388227394272
0.051241029096982
0.049991823641841
0.048642807900161
0.047198359238890
0.045665202401474
0.044052524451690
0.042372027552074
0.040637910859352
0.038866774907045
0.037077444451046
0.035290708781716
0.033528981827281
0.031815887832994
0.030175781825972
0.028633217287112
0.027212376273566
0.025936479508025
0.024827195540918
0.023904068899477
0.023183987105697
0.022680705559876
0.022404447579096
0.022361594424030
0.022554477053253
0.022981277751882
0.023636045851837
0.024508827667218
0.025585906685279
0.026850146150772
0.028281422614545
0.029857135922996
0.031552778615825
0.033342545861823
0.035199965953997
0.037098531035373
0.039012308136001
0.040916511742998
0.042788020945619
0.044605826618352
0.046351397026533
0.048008953541090
0.049565651695760
0.051011666464282
0.052340184223416
0.053547307247490
0.054631879606833
0.055595245886117
0.056440956092601
0.057174431410794
0.057802606036434
0.058333560183736
0.058776158539966
0.059139707011659
0.059433638671710
0.059667237506234
0.059849406022187
0.059988480165488
0.060092092465789
0.060167082004775
0.060219447814185
0.060254340731947
0.060276087630520
0.060288241295978
0.060293649061283
0.060294533534726
0.060292579343890
0.060289020650406
0.060284725188097
0.060280271644765
0.060276018262233
0.060272161500663
0.060268784449864
0.060265895339832
0.060263456991973
0.060261408365088
0.060259679503783
0.060258201218532
0.060256910748353
0.060255754512174
0.060254688874334
0.060253679659048
0.060252700967677
0.060251733693831
0.060250764001041
0.060249781927136
0.060248780205667
0.060247753343280
0.060246696957054
0.060245607352664
0.060244481308897
0.060243316024004
0.060242109173534
0.060240859027513
0.060239564577237
0.060238225628804
0.060236842831512
0.060235417623426
0.060233952092221
0.060232448764731
0.060230910351382
0.060229339479968
0.060227738455759
0.060226109081410
0.060224452561180
0.060222769501027
0.060221060001425
0.060219323825651
0.060217560615074
0.060215770116499
0.060213952385707
0.060212107936167
0.060210237811417
0.060208343572163
0.060206427202663
0.060204490953125
0.060202537143732
0.060200567960290
0.060198585270736
0.060196590486300
0.060194584482112
0.060192567581199
0.060190539595067
0.060188499905338
0.060186447565585
0.060184381401413
0.060182300090004
0.060180202207036
0.060178086237692
0.060175950557804
0.060173793399162
0.060171612818230
0.060169406688887
0.060167172737135
0.060164908629332
0.060162612116518
0.060160281227334
0.060157914492600
0.060155511177417
0.060153071492994
0.060150596760815
0.060148089506361
0.060145553467600
0.060142993513565
0.060140415479121
0.060137825931604
0.060135231892165
0.060132640538163
0.060130058912646
0.060127493662800
0.060124950822411
0.060122435644838
0.060119952484527
0.060117504717935
0.060115094690227
0.060112723672841
0.060110391819133
0.060108098110321
0.060105840290806
0.060103614799378
0.060101416709382
0.060099239695298
0.060097076044607
0.060094916731714
0.060092751565399
0.060090569413493
0.060088358499331
0.060086106755483
0.060083802212680
0.060081433396926
0.060078989706189
0.060076461740183
0.060073841562038
0.060071122878474
0.060068301134101
0.060065373524354
0.060062338939135
0.060059197854274
0.060055952190007
0.060052605154626
0.060049161087691
0.060045625311583
0.060042003993824
0.060038304016632
0.060034532845762
0.060030698388510
0.060026808831210
0.060022872449510
0.060018897389634
0.060014891424803
0.060010861696964
0.060006814458933
0.060002754835004
0.059998686618654
0.059994612123834
0.059990532101975
0.059986445730768
0.059982350674002
0.059978243205294
0.059974118383287
0.059969970262628
0.059965792124116
0.059961576708792
0.059957316444071
0.059953003654526
0.059948630754911
0.059944190427293
0.059939675787255
0.059935080545411
0.059930399169689
0.059925627051431
0.059920760674559
0.059915797782843
0.059910737536418
0.059905580645862
0.059900329471078
0.059894988073140
0.059889562210071
0.059884059272018
0.059878488156575
0.059872859090516
0.059867183408944
0.059861473306208
