0.059889643465543
0.059894962015145
0.059900200150181
0.059905345817876
0.059910388810666
0.059915320925883
0.059920136047206
0.059924830144011
0.059929401191617
0.059933849022324
0.059938175123186
0.059942382400702
0.059946474934535
0.059950457741606
0.059954336568614
0.059958117725590
0.059961807966306
0.059965414414228
0.059968944526157
0.059972406080723
0.059975807176125
0.059979156221288
0.059982461906827
0.059985733146497
0.059988978985363
0.059992208476784
0.059995430535617
0.059998653778831
0.060001886366440
0.060005135855134
0.060008409074241
0.060011712029355
0.060015049833733
0.060018426662577
0.060021845721270
0.060025309216497
0.060028818319348
0.060032373112055
0.060035972514692
0.060039614194295
0.060043294465394
0.060047008196934
0.060050748744952
0.060054507932184
0.060058276094836
0.060062042212603
0.060065794131446
0.060069518880029
0.060073203071449
0.060076833372891
0.060080397018427
0.060083882335131
0.060087279250719
0.060090579752092
0.060093778268250
0.060096871957411
0.060099860885801
0.060102748093540
0.060105539550221
0.060108244008446
0.060110872767193
0.060113439358384
0.060115959169632
0.060118449014530
0.060120926659673
0.060123410315879
0.060125918100314
0.060128467477063
0.060131074686147
0.060133754174823
0.060136518049583
0.060139375571779
0.060142332723140
0.060145391868833
0.060148551544291
0.060151806387609
0.060155147231830
0.060158561361612
0.060162032927464
0.060165543499203
0.060169072729884
0.060172599093461
0.060176100654713
0.060179555829197
0.060182944094135
0.060186246617696
0.060189446783256
0.060192530595566
0.060195486966057
0.060198307883353
0.060200988481576
0.060203527022496
0.060205924807935
0.060208186036521
0.060210317614726
0.060212328927114
0.060214231566300
0.060216039020023
0.060217766312080
0.060219429595672
0.060221045702016
0.060222631653112
0.060224204154302
0.060225779088511
0.060227371038535
0.060228992865443
0.060230655369447
0.060232367054397
0.060234134008755
0.060235959905622
0.060237846113264
0.060239791897376
0.060241794688305
0.060243850381926
0.060245953642445
0.060248098179305
0.060250276977890
0.060252482474012
0.060254706673571
0.060256941229805
0.060259177499633
0.060261406606524
0.060263619539566
0.060265807316692
0.060267961235296
0.060270073226512
0.060272136321939
0.060274145234927
0.060276097054004
0.060277992044281
0.060279834553806
0.060281634024973
0.060283406114535
0.060285173927317
0.060286969365470
0.060288834584316
0.060290823524790
0.060293003459373
0.060295456442032
0.060298280493425
0.060301590281859
0.060305516981263
0.060310206903991
0.060315818424144
0.060322516633018
0.060330465109764
0.060339814155640
0.060350684838241
0.060363148231598
0.060377199327939
0.060392725245187
0.060409467567644
0.060426978940129
0.060444574389241
0.060461278266006
0.060475768182791
0.060486317838368
0.060490741164956
0.060486340759057
0.060469864035604
0.060437470928178
0.060384717199061
0.060306557473175
0.060197371925177
0.060051020092342
0.059860924534313
0.059620186008468
0.059321730492518
0.058958486804032
0.058523591804870
0.058010618325828
0.057413819111970
0.056728378395615
0.055950661281130
0.055078450100403
0.054111156382973
0.053049997169522
0.051898125137435
0.050660703416888
0.049344918023872
0.047959923443248
0.046516719935577
0.045027964451668
0.043507720424546
0.041971154958880
0.040434194839679
0.038913155135967
0.037424355810836
0.035983742539657
0.034606527809744
0.033306867315103
0.032097584719852
0.030989955155483
0.029993554505914
0.029116177828467
0.028363826394443
0.027740759056414
0.027249600201046
0.026891493642348
0.026666289628566
0.026572750803616
0.026608762549798
0.026771533649479
0.027057774585870
0.027463842948149
0.027985848159274
0.028619710917068
0.029361176121590
0.030205781439299
0.031148786819883
0.032185073048108
0.033309019624169
0.034514373803773
0.035794123418303
0.037140386105296
0.038544326823601
0.039996114059974
0.041484923044760
0.042998991703310
0.044525732119613
0.046051897137102
0.047563798534518
0.049047570158411
0.050489466627957
0.051876185898613
0.053195202205324
0.054435094804517
0.055585857567313
0.056639174879528
0.057588650474108
0.058429977715956
0.059161042395122
0.059781952142126
0.060294990005887
0.060704493351583
0.061016662846945
0.061239309709316
0.061381552386604
0.061453476266311
0.061465771701935
0.061429366511174
0.061355069080766
0.061253237309449
0.061133486890242
0.061004449986906
0.060873592354387
0.060747093582905
0.060629791626445
0.060525189332192
0.060435517532537
0.060361846585766
0.060304236207555
0.060261912126450
0.060233457571053
0.060217007845845
0.060210437213007
0.060211528857930
0.060218120727839
0.060228222323433
0.060240099910679
0.060252329927383
0.060263822429339
0.060273818126832
0.060281863815526
0.060287771760946
0.060291568850773
0.060293441121993
0.060293678671925
0.060292625069065
0.060290634301007
0.060288037145088
0.060285117728224
0.060282100045303
0.060279143397974
0.060276345139637
0.060273748783027
0.060271355434577
0.060269136634326
0.060267046956119
0.060265035105784
0.060263052688552
0.060261060248410
0.060259030567322
0.060256949519400
0.060254814985548
0.060252634443169
0.060250421860291
0.060248194460663
0.060245969808427
0.060243763513213
0.060241587702935
0.060239450272883
0.060237354810808
0.060235301027083
0.060233285488510
0.060231302460203
0.060229344693968
0.060227404053256
0.060225471922728
0.060223539404634
0.060221597346627
0.060219636271714
0.060217646289126
0.060215617056907
0.060213537846683
0.060211397733983
0.060209185909221
0.060206892080250
0.060204506921005
0.060202022514114
0.060199432738579
0.060196733565021
0.060193923237654
0.060191002340576
0.060187973762643
0.060184842587230
0.060181615938796
0.060178302816847
0.060174913940359
0.060171461613912
0.060167959613182
0.060164423074695
0.060160868365554
0.060157312904721
0.060153774909395
0.060150273047733
0.060146825991382
0.060143451876117
0.060140167693790
0.060136988651521
0.060133927542528
0.060130994175890
0.060128194909461
0.060125532321586
0.060123005044553
0.060120607767665
0.060118331402768
0.060116163391877
0.060114088127093
0.060112087448185
0.060110141183314
0.060108227702883
0.060106324464190
0.060104408533734
0.060102457083071
0.060100447861191
0.060098359650454
0.060096172713433
0.060093869234792
0.060091433756183
0.060088853594437
0.060086119225547
0.060083224610761
0.060080167437755
0.060076949250353
0.060073575444782
0.060070055118699
0.060066400770128
0.060062627855711
0.060058754229506
0.060054799493527
0.060050784297840
0.060046729630585
0.060042656136458
0.060038583496456
0.060034529892897
0.060030511573354
0.060026542516584
0.060022634194409
0.060018795416867
0.060015032244637
0.060011347952832
0.060007743033461
0.060004215229178
0.060000759597248
0.059997368608627
0.059994032291392
0.059990738429618
0.059987472827656
0.059984219645696
0.059980961806059
0.059977681461807
0.059974360511318
0.059970981135539
0.059967526330142
0.059963980403190
0.059960329410885
0.059956561509020
0.059952667205449
0.059948639508048
0.059944473972041
0.059940168658951
0.059935724025656
0.059931142765378
0.059926429622552
0.059921591200668
0.059916635776944
0.059911573131083
0.059906414388543
0.059901171872831
0.059895858957355
