0.059991701194252
0.059995294690531
0.059998830274453
0.060002312339780
0.060005748155680
0.060009147884623
0.060012524403103
0.060015892913141
0.060019270350488
0.060022674614832
0.060026123665799
0.060029634543860
0.060033222385380
0.060036899504573
0.060040674611383
0.060044552223557
0.060048532314566
0.060052610218424
0.060056776790294
0.060061018800589
0.060065319522496
0.060069659460467
0.060074017161307
0.060078370050466
0.060082695243245
0.060086970292471
0.060091173848754
0.060095286224260
0.060099289863911
0.060103169737075
0.060106913666981
0.060110512614016
0.060113960923245
0.060117256537313
0.060120401165336
0.060123400388616
0.060126263677232
0.060129004289322
0.060131639028284
0.060134187842128
0.060136673262908
0.060139119700935
0.060141552625786
0.060143997681598
0.060146479795118
0.060149022339702
0.060151646415692
0.060154370297347
0.060157209079832
0.060160174538587
0.060163275190532
0.060166516524995
0.060169901354953
0.060173430228547
0.060177101838359
0.060180913371990
0.060184860761101
0.060188938805426
0.060193141170310
0.060197460278072
0.060201887131515
0.060206411119707
0.060211019860014
0.060215699125706
0.060220432896174
0.060225203548816
0.060229992190797
0.060234779108465
0.060239544295348
0.060244268008854
0.060248931302611
0.060253516486003
0.060258007473628
0.060262390003089
0.060266651716448
0.060270782115895
0.060274772414819
0.060278615309929
0.060282304697993
0.060285835353640
0.060289202575282
0.060292401798559
0.060295428175070
0.060298276122222
0.060300938870122
0.060303408063234
0.060305673515130
0.060307723257692
0.060309544062765
0.060311122633589
0.060312447654321
0.060313512838537
0.060314321025471
0.060314889234463
0.060315254409086
0.060315479375633
0.060315658326417
0.060315920943524
0.060316434134180
0.060317400286991
0.060319051008482
0.060321635484202
0.060325402940092
0.060330579155268
0.060337337577877
0.060345766284723
0.060355832750224
0.060367349084832
0.060379940992698
0.060393024106530
0.060405791512957
0.060417216126282
0.060426071065023
0.060430970323633
0.060430430832249
0.060422955513964
0.060407135267495
0.060381766036130
0.060345975404305
0.060299351634342
0.060242066859661
0.060174985415720
0.060099748118956
0.060018823764408
0.059935520227295
0.059853949297214
0.059778941670198
0.059715911252109
0.059670670925729
0.059649205014284
0.059657406631674
0.059700790740401
0.059784195853288
0.059911488756074
0.060085287278378
0.060306715935665
0.060575208196533
0.060888367247524
0.061241894535490
0.061629592215591
0.062043442107375
0.062473760070291
0.062909421069272
0.063338146819234
0.063746844961804
0.064121986392882
0.064450005738420
0.064717709133438
0.064912673412296
0.065023621535211
0.065040760483627
0.064956069846361
0.064763531755203
0.064459295562788
0.064041773532186
0.063511666676421
0.062871922609922
0.062127629735569
0.061285854197822
0.060355427718967
0.059346695663957
0.058271235438269
0.057141555625094
0.055970786145443
0.054772369225635
0.053559760140624
0.052346145634991
0.051144186675180
0.049965790825081
0.048821918126909
0.047722422969409
0.046675933086961
0.045689765599052
0.044769878903502
0.043920858303213
0.043145932490482
0.042447017441692
0.041824783887259
0.041278744308613
0.040807355361400
0.040408131712673
0.040077767487015
0.039812261817436
0.039607045366109
0.039457105092779
0.039357104981995
0.039301500874084
0.039284647962294
0.039300899907022
0.039344698868571
0.039410656067357
0.039493622742841
0.039588751600290
0.039691549010269
0.039797918362851
0.039904195080893
0.040007173868162
0.040104128811927
0.040192826978663
0.040271536138164
0.040339027227474
0.040394572123716
0.040437937236243
0.040469373356367
0.040489602120486
0.040499799353944
0.040501575472834
0.040496953034306
0.040488341447512
0.040478508791763
0.040470550639434
0.040467855751385
0.040474068503686
0.040493047916353
0.040528823186683
0.040585545679716
0.040667437393705
0.040778735996499
0.040923636616564
0.041106230667713
0.041330442087485
0.041599961474361
0.041918178717676
0.042288114825747
0.042712353771686
0.043192975291590
0.043731489684538
0.044328775775230
0.044985023304257
0.045699681102753
0.046471412481431
0.047298059311997
0.048176616294561
0.049103216881199
0.050073132257211
0.051080784663127
0.052119776169139
0.053182933788092
0.054262371534714
0.055349569710199
0.056435471318008
0.057510595105496
0.058565164285447
0.059589249531500
0.060572924372820
0.061506430648040
0.062380351229254
0.063185786806882
0.063914533149790
0.064559254936483
0.065113652007385
0.065572613730037
0.065932357112878
0.066190544362439
0.066346375764893
0.066400654094844
0.066355817217256
0.066215936153326
0.065986676623442
0.065675222949462
0.065290164177753
0.064841343350446
0.064339671975746
0.063796912894462
0.063225435869635
0.062637951297537
0.062047228407471
0.061465805141723
0.060905697544757
0.060378116905450
0.059893203057179
0.059459782124720
0.059085156600104
0.058774934928128
0.058532906793465
0.058360969044076
0.058259105690762
0.058225423731953
0.058256244718931
0.058346250061387
0.058488676145901
0.058675553475183
0.058897982311069
0.059146435795818
0.059411080307061
0.059682101936833
0.059950027528448
0.060206028695840
0.060442197709945
0.060651785067146
0.060829389935529
0.060971096462958
0.061074551062649
0.061138978182605
0.061165134614346
0.061155204990142
0.061112643636108
0.061041970269083
0.060948529031753
0.060838221948304
0.060717228965173
0.060591727255003
0.060467622371111
0.060350303140057
0.060244430898464
0.060153771876203
0.060081079289412
0.060028029147044
0.059995211026367
0.059982172281211
0.059987511461400
0.060009014288254
0.060043823482425
0.060088632189381
0.060139889779783
0.060194008469273
0.060247559520511
0.060297448737310
0.060341062476553
0.060376377394062
0.060402029482515
0.060417340507924
0.060422302548176
0.060417523822042
0.060404141216268
0.060383706736190
0.060358056412293
0.060329170916325
0.060299037240269
0.060269520276232
0.060242252053526
0.060218544827757
0.060199332295050
0.060185141065651
0.060176092331674
0.060171931561919
0.060172082200715
0.060175717864831
0.060181846519110
0.060189399626631
0.060197319329666
0.060204637298300
0.060210539918697
0.060214415883550
0.060215883868756
0.060214799693862
0.060211244027720
0.060205493182602
0.060197976727309
0.060189226459153
0.060179821657988
0.060170335492709
0.060161286990110
0.060153102169441
0.060146086883193
0.060140412693113
0.060136115865814
0.060133108407573
0.060131199072236
0.060130121547940
0.060129566607326
0.060129214911062
0.060128767372913
0.060127970484883
0.060126634698324
0.060124644780651
0.060121961929667
0.060118618242454
0.060114704827309
0.060110355356639
0.060105727148934
0.060100981926558
0.060096268234448
0.060091707156145
0.060087382477463
0.060083335885081
0.060079567211340
0.060076039208340
0.060072685905406
0.060069423311320
0.060066161086361
0.060062813830919
0.060059310802219
0.060055603148727
0.060051668103925
0.060047509962536
0.060043158028957
0.060038662040326
0.060034085795433
0.060029499847321
0.060024974136698
0.060020571362482
0.060016341723158
0.060012319443957
0.060008521260630
0.060004946791352
0.060001580521541
0.059998394973520
0.059995354546880
0.059992419500312
0.059989549596230
