0.043991055049394
0.043960451384364
0.043926821992135
0.043890660147066
0.043852595106704
0.043813370309043
0.043773817290659
0.043734826283702
0.043697314539425
0.043662193478934
0.043630335789189
0.043602543566028
0.043579518558307
0.043561835490897
0.043549919341720
0.043544027322275
0.043544236164734
0.043550435154979
0.043562325173038
0.043579423814012
0.043601076468152
0.043626473043046
0.043654669819556
0.043684615752430
0.043715182363023
0.043745196232318
0.043773472994176
0.043798851657874
0.043820228060909
0.043836586271611
0.043847026828466
0.043850790818967
0.043847278962371
0.043836065062728
0.043816903432600
0.043789730143865
0.043754658227412
0.043711967205029
0.043662087580344
0.043605581127910
0.043543117988392
0.043475451693441
0.043403393299511
0.043327785802264
0.043249479932992
0.043169312310144
0.043088086740755
0.043006559249707
0.042925427172923
0.042845322399077
0.042766808598696
0.042690382054673
0.042616475517468
0.042545464362563
0.042477674234626
0.042413389326509
0.042352860461752
0.042296312223555
0.042243948494185
0.042195955927224
0.042152505059249
0.042113748964716
0.042079819554849
0.042050821805575
0.042026826359716
0.042007861075282
0.041993902178087
0.041984865718755
0.041980600030585
0.041980879837348
0.041985402573301
0.041993787358399
0.042005576927978
0.042020242657944
0.042037192663324
0.042055782789983
0.042075330174938
0.042095128927608
0.042114467388143
0.042132646353019
0.042148997623916
0.042162902232506
0.042173807718683
0.042181243888686
0.042184836547460
0.042184318780796
0.042179539451756
0.042170468667636
0.042157200064204
0.042139949840241
0.042119052555928
0.042094953782956
0.042068199762868
0.042039424294315
0.042009333130958
0.041978686230889
0.041948278256214
0.041918917777512
0.041891405690862
0.041866513402495
0.041844961374433
0.041827398649773
0.041814383984184
0.041806369196956
0.041803685317331
0.041806532038302
0.041814970900273
0.041828922513041
0.041848167990081
0.041872354619878
0.041901005642076
0.041933533839679
0.041969258510941
0.042007425254174
0.042047227892932
0.042087831793682
0.042128397787223
0.042168105900407
0.042206178135558
0.042241899598545
0.042274637367717
0.042303856608624
0.042329133565875
0.042350165195867
0.042366775334604
0.042378917416385
0.042386673865976
0.042390252374736
0.042389979337685
0.042386290772964
0.042379721068796
0.042370889908437
0.042360487714467
0.042349259934461
0.042337990465139
0.042327484485820
0.042318550947880
0.042311984947479
0.042308550195323
0.042308961789649
0.042313869495664
0.042323841734108
0.042339350480597
0.042360757272642
0.042388300510018
0.042422084214006
0.042462068380939
0.042508061025284
0.042559711959054
0.042616508300217
0.042677771647465
0.042742656806928
0.042810151913658
0.042879079762150
0.042948100150113
0.043015713051389
0.043080262468764
0.043139940874799
0.043192794226233
0.043236727630320
0.043269511843625
0.043288790887724
0.043292091164292
0.043276832536048
0.043240341902985
0.043179869839045
0.043092610858797
0.042975727854028
0.042826381176152
0.042641762743100
0.042419135421796
0.042155877783224
0.041849534151246
0.041497869673320
0.041098929936117
0.040651104435844
0.040153192996064
0.039604474008413
0.039004773157587
0.038354531085036
0.037654868250535
0.036907645073000
0.036115515278486
0.035281970263116
0.034411372202138
0.033508973614755
0.032580921140609
0.031634241409832
0.030676807106059
0.029717281639684
0.028765041272857
0.027830074069244
0.026922855676220
0.026054202673650
0.025235105024229
0.024476540010536
0.023789270912186
0.023183634525896
0.022669322420832
0.022255161507927
0.021948900041746
0.021757005526175
0.021684481125407
0.021734707061767
0.021909313094793
0.022208087516712
0.022628927176890
0.023167831885117
0.023818945178169
0.024574641916098
0.025425661565699
0.026361284397779
0.027369546246246
0.028437486024963
0.029551418943250
0.030697227365350
0.031860660573635
0.033027634355207
0.034184521354922
0.035318423524357
0.036417418726629
0.037470774595130
0.038469124038686
0.039404598273265
0.040270914870095
0.041063419967377
0.041779085423534
0.042416463224941
0.042975600839266
0.043457922376368
0.043866081344816
0.044203791449140
0.044475642250268
0.044686906611442
0.044843346687261
0.044951024807495
0.045016124990027
0.045044790024925
0.045042978143576
0.045016342265162
0.044970133739864
0.044909131426503
0.044837595892723
0.044759247547124
0.044677266640588
0.044594312339875
0.044512557506755
0.044433735430158
0.044359194569455
0.044289957377330
0.044226779474954
0.044170205834478
0.044120621159000
0.044078292304066
0.044043401316797
0.044016068433144
0.043996365123442
0.043984317965357
0.043979904710292
0.043983044360629
0.043993583367489
0.044011280180257
0.044035790331116
0.044066654033555
0.044103287937801
0.044144982251423
0.044190903939052
0.044240106202495
0.044291543951699
0.044344094543815
0.044396582720555
0.044447808432641
0.044496576113709
0.044541723953696
0.044582151813423
0.044616846600054
0.044644904164508
0.044665547060861
0.044678137798558
0.044682187497164
0.044677360100661
0.044663472509798
0.044640491138110
0.044608525487439
0.044567819374639
0.044518740429291
0.044461768432218
0.044397482987216
0.044326550924772
0.044249713736721
0.044167775243342
0.044081589605800
0.043992049721503
0.043900075980637
0.043806605319789
0.043712580483535
0.043618939396433
0.043526604555322
0.043436472374099
0.043349402448992
0.043266206760140
0.043187638883019
0.043114383347705
0.043047045351595
0.042986141096871
0.042932089082233
0.042885202723127
0.042845684699691
0.042813623431729
0.042788992050941
0.042771650180403
0.042761348740010
0.042757737877369
0.042760377981877
0.042768753583687
0.042782289778675
0.042800370666628
0.042822359153853
0.042847617363994
0.042875526830852
0.042905507621196
0.042937035557269
0.042969656778248
0.043002998994132
0.043036778938003
0.043070805704496
0.043104979862566
0.043139288437314
0.043173796056424
0.043208632739922
0.043243978967377
0.043280048775921
0.043317071719957
0.043355274556153
0.043394863504986
0.043436007885423
0.043478825826942
0.043523372640016
0.043569632280479
0.043617512183929
0.043666841582755
0.043717373259247
0.043768788541540
0.043820705221374
0.043872687968785
0.043924260741759
0.043974920639913
0.044024152629570
0.044071444571025
0.044116302003941
0.044158262189289
0.044196906961667
0.044231874009576
0.044262866269490
0.044289659189179
0.044312105684626
0.044330138682064
0.044343771201888
0.044353094005135
0.044358270886786
0.044359531764004
0.044357163772154
0.044351500646473
0.044342910731207
0.044331784018313
0.044318518670976
0.044303507528877
0.044287125117787
0.044269715691444
0.044251582814913
0.044232980953815
0.044214109462076
0.044195109263976
0.044176062407805
0.044156994533995
0.044137880157736
0.044118650522914
0.044099203650024
0.044079416083831
0.044059155754823
0.044038295307761
0.044016725224834
0.043994366081446
0.043971179318455
0.043947175992386
0.043922423069435
0.043897046953166
0.043871234072067
0.043845228493794
0.043819326670394
0.043793869546706
0.043769232376699
0.043745812686098
0.043724016891292
0.043704246133139
0.043686881909477
0.043672272092682
0.043660717899529
0.043652462341544
0.043647680626694
0.043646472909469
