0.144545145527763
0.144564152283501
0.144719942890064
0.145010037216229
0.145429245413295
0.145969799352279
0.146621535567965
0.147372124828222
0.148207342524894
0.149111373314954
0.150067142845024
0.151056668981474
0.152061424749917
0.153062705163741
0.154041990287572
0.154981297228056
0.155863514255688
0.156672710916562
0.157394418767203
0.158015878230453
0.158526247995786
0.158916774342226
0.159180918716258
0.159314442822411
0.159315451355467
0.159184393299766
0.158924023426696
0.158539326225382
0.158037404998576
0.157427339245419
0.156720013739790
0.155927922905454
0.155064954199073
0.154146154252304
0.153187481509460
0.152205549041435
0.151217361133305
0.150240047143178
0.149290596022684
0.148385594780670
0.147540974064728
0.146771763929854
0.146091862758082
0.145513822182368
0.145048650746859
0.144705638896720
0.144492207727159
0.144413783726380
0.144473701515254
0.144673136313399
0.145011067544667
0.145484274634246
0.146087365646522
0.146812838971149
0.147651177790110
0.148590976558248
0.149619098212673
0.150720860302228
0.151880247707939
0.153080149119896
0.154302613957072
0.155529125975380
0.156740889417221
0.157919123223209
0.159045358564077
0.160101734766552
0.161071288609571
0.161938231962836
0.162688212833346
0.163308555080205
0.163788472354419
0.164119252217044
0.164294406881495
0.164309787607351
0.164163660433417
0.163856741664624
0.163392192305352
0.162775571442990
0.162014749410852
0.161119782377654
0.160102750800333
0.158977564916228
0.157759741119185
0.156466153642649
0.155114766444939
0.153724350544158
0.152314192272817
0.150903798009693
0.149512600897649
0.148159674874234
0.146863461034487
0.145641510924205
0.144510250841803
0.143484770625940
0.142578639743996
0.141803752794708
0.141170205818411
0.140686204091379
0.140358001387473
0.140189870038197
0.140184100528117
0.140341028839121
0.140659089314731
0.141134890461640
0.141763310843842
0.142537612055999
0.143449565685462
0.144489591181599
0.145646901640868
0.146909654676909
0.148265105767465
0.149699761742051
0.151199532384260
0.152749878457283
0.154335954807805
0.155942747548989
0.157555204655331
0.159158359609314
0.160737448011217
0.162278017290394
0.163766029831398
0.165187959946237
0.166530885182220
0.167782572452692
0.168931559417852
0.169967231430136
0.170879894200454
0.171660842148316
0.172302422182316
0.172798092431155
0.173142475223865
0.173331403415843
0.173361958988912
0.173232502731884
0.172942693744203
0.172493497507071
0.171887181339984
0.171127296206524
0.170218644050186
0.169167230122473
0.167980200102131
0.166665762183432
0.165233094717569
0.163692240407216
0.162053988462361
0.160329746507073
0.158531404365269
0.156671192132843
0.154761535151390
0.152814908625339
0.150843694663736
0.148860044478351
0.146875748332938
0.144902115620380
0.142949867153786
0.141029041406746
0.139148916040407
0.137317945626714
0.135543716033676
0.133832915496039
0.132191321968009
0.130623805957386
0.129134347684205
0.127726067101045
0.126401265063624
0.125161473753663
0.124007514333440
0.122939559753115
0.121957200635924
0.121059512229458
0.120245120528783
0.119512265843634
0.118858862290958
0.118282551939003
0.117780752602547
0.117350698583329
0.116989473957253
0.116694038322421
0.116461245230899
0.116287853823720
0.116170534463999
0.116105869408219
0.116090349762212
0.116120370127677
0.116192222450184
0.116302090624365
0.116446047392293
0.116620054984710
0.116819970802465
0.117041559220294
0.117280510323520
0.117532466069266
0.117793054009522
0.118057928338140
0.118322817643702
0.118583578382448
0.118836252747597
0.119077129320206
0.119302804657604
0.119510243820978
0.119696837773587
0.119860455600794
0.119999489613918
0.120112891598605
0.120200198747044
0.120261548160302
0.120297679206497
0.120309923454551
0.120300182351592
0.120270893253980
0.120224984837071
0.120165823278101
0.120097150913697
0.120023019305141
0.119947718791576
0.119875706668874
0.119811536099655
0.119759787741778
0.119725005886783
0.119711640637397
0.119723997338829
0.119766194127724
0.119842128092512
0.119955450166179
0.120109548513160
0.120307539840661
0.120552267773396
0.120846307189055
0.121191973226817
0.121591333556565
0.122046222433679
0.122558255061767
0.123128840840339
0.123759194180979
0.124450341727751
0.125203125008195
0.126018197762855
0.126896017445965
0.127836830650295
0.128840652477708
0.129907240146813
0.131036061393301
0.132226258470723
0.133476608793121
0.134785483470019
0.136150805162265
0.137570006828718
0.139039993032272
0.140557105524709
0.142117094828197
0.143715099473890
0.145345634442734
0.147002590180066
0.148679243325726
0.150368280019425
0.152061832313487
0.153751527861142
0.155428552659493
0.157083726225653
0.158707588186999
0.160290494887933
0.161822724271582
0.163294587000622
0.164696541550569
0.166019310852273
0.167253997986580
0.168392198447318
0.169426106589683
0.170348614066216
0.171153398314034
0.171834999483615
0.172388884576608
0.172811497970866
0.173100297936486
0.173253779168223
0.173271481758178
0.173153987391256
0.172902903849423
0.172520839147647
0.172011366786429
0.171378983689061
0.170629062396109
0.169767799019409
0.168802158320603
0.167739817085821
0.166589106731729
0.165358955813503
0.164058832827805
0.162698689429082
0.161288903919597
0.159840224645781
0.158363712746260
0.156870683558754
0.155372645909415
0.153881238482019
0.152408162495955
0.150965110008967
0.149563687298836
0.148215332961632
0.146931230585559
0.145722216110440
0.144598680254778
0.143570466675961
0.142646766815333
0.141836012659650
0.141145768914953
0.140582626329784
0.140152098113877
0.139858521568357
0.139704967167110
0.139693157399838
0.139823397699842
0.140094521729238
0.140503853177629
0.141047186045647
0.141718785131984
0.142511408123910
0.143416350310897
0.144423512505961
0.145521492278567
0.146697698088306
0.147938485373662
0.149229313110419
0.150554918826525
0.151899509561587
0.153246965807051
0.154581055073618
0.155885651420469
0.157144957058382
0.158343722015436
0.159467457835096
0.160502641364087
0.161436904879354
0.162259209093229
0.162959995953975
0.163531318611826
0.163966946432643
0.164262443494773
0.164415219580752
0.164424553255219
0.164291587185668
0.164019296396663
0.163612430636265
0.163077432464048
0.162422333034196
0.161656627839617
0.160791134901247
0.159837838032045
0.158809717880885
0.157720573473985
0.156584836928198
0.155417383920744
0.154233342373312
0.153047901654813
0.151876124435935
0.150732763148745
0.149632082823501
0.148587691899127
0.147612382438348
0.146717981026978
0.145915211501556
0.145213570531437
0.144621216980343
0.144144875887142
0.143789757834160
0.143559494410777
0.143456090426872
0.143479893480881
0.143629581436123
0.143902168301787
0.144293028946468
0.144795942986787
0.145403158086783
0.146105472770025
0.146892338681930
0.147751982041174
0.148671543784221
0.149637237635671
0.150634525030602
0.151648305477150
0.152663120584111
0.153663369597689
0.154633533904163
0.155558407573991
0.156423330661817
0.157214421651533
0.157918805161831
0.158524830821344
0.159022279098062
0.159402549838183
0.159658829345053
0.159786232016517
0.159781912861983
0.159645147637845
0.159377377866502
0.158982218630254
0.158465427743614
0.157834835688498
0.157100236526627
0.156273240859546
0.155367092765759
