0.187534577760038
0.187948571599409
0.188179009627343
0.188217032915925
0.188060788602260
0.187715566785949
0.187193668119218
0.186514005213327
0.185701451471565
0.184785960965693
0.183801492074975
0.182784775416026
0.181773972774615
0.180807278044358
0.179921513403503
0.179150774033022
0.178525172606677
0.178069730670558
0.177803458069284
0.177738654040131
0.177880454820858
0.178226642985190
0.178767723643361
0.179487262543450
0.180362471391257
0.181365016751160
0.182462021031376
0.183617217569778
0.184792216928072
0.185947838306961
0.187045458571747
0.188048331712588
0.188922833574400
0.189639590236478
0.190174453309968
0.190509291422684
0.190632574019330
0.190539731050797
0.190233279884663
0.189722718573924
0.189024192219780
0.188159946327771
0.187157587581256
0.186049178170264
0.184870194576664
0.183658385422063
0.182452565558860
0.181291384986210
0.180212111391163
0.179249464170248
0.178434535726561
0.177793832736518
0.177348466038935
0.177113512940774
0.177097570203343
0.177302509934136
0.177723444241951
0.178348898007689
0.179161182678399
0.180136957807145
0.181247961331044
0.182461884488029
0.183743362985026
0.185055052687033
0.186358755808345
0.187616562427500
0.188791972150603
0.189850961905190
0.190762968107090
0.191501754713624
0.192046142826902
0.192380582377483
0.192495551812630
0.192387777427659
0.192060269799432
0.191522180494226
0.190788487625760
0.189879523750697
0.188820363852752
0.187640094661355
0.186370989192170
0.185047612140523
0.183705882600332
0.182382120553265
0.181112102742237
0.179930152003929
0.178868282002123
0.177955416705962
0.177216701028602
0.176672915914861
0.176340007964833
0.176228740513373
0.176344470043948
0.176687048969338
0.177250853208751
0.178024930657725
0.178993264590750
0.180135144248333
0.181425633319748
0.182836125712540
0.184334976870027
0.185888197930933
0.187460199198881
0.189014568690413
0.190514870956066
0.191925450927842
0.193212227256961
0.194343459495507
0.195290473577846
0.196028330408169
0.196536422994455
0.196798988515700
0.196805522989882
0.196551087833641
0.196036499565943
0.195268396185997
0.194259176313093
0.193026809959492
0.191594522750011
0.189990358424106
0.188246627470763
0.186399252660994
0.184487024964138
0.182550785772987
0.180632553436471
0.178774613735899
0.177018595083578
0.175404549829281
0.173970063106145
0.172749410126962
0.171772781766251
0.171065596662365
0.170647915991689
0.170533974563411
0.170731839028117
0.171243200867162
0.172063308518142
0.173181039585188
0.174579110672825
0.176234419058651
0.178118507270538
0.180198138739078
0.182435970130037
0.184791303789025
0.187220902005646
0.189679843569360
0.192122402373059
0.194502927638810
0.196776705693364
0.198900784096004
0.200834740288650
0.202541378755863
0.203987342893821
0.205143630325189
0.205986003182227
0.206495287828310
0.206657561506939
0.206464226404089
0.205911974492796
0.205002649210421
0.203743012419387
0.202144427152470
0.200222468288261
0.197996474501542
0.195489055564059
0.192725569328931
0.189733582529736
0.186542328893464
0.183182177050610
0.179684119385124
0.176079291370485
0.172398529163007
0.168671971348814
0.164928708847086
0.161196485134932
0.157501447247575
0.153867946480985
0.150318386429536
0.146873114962339
0.143550355997581
0.140366176478737
0.137334483780217
0.134467048850125
0.131773550700784
0.129261638341001
0.126937006858825
0.124803485057896
0.122863132770879
0.121116346669410
0.119561974014240
0.118197434302077
0.117018849134773
0.116021180839815
0.115198380396419
0.114543545067485
0.114049085813418
0.113706904088125
0.113508577017965
0.113445549276092
0.113509329227838
0.113691686181804
0.113984844881908
0.114381672762871
0.114875855008027
0.115462052131717
0.116136034690019
0.116894789826231
0.117736594695067
0.118661052385147
0.119669086765592
0.120762893701117
0.121945847281900
0.123222361061845
0.124597705744886
0.126077786251052
0.127668882575107
0.129377360261420
0.131209357601216
0.133170457756823
0.135265354882793
0.137497523903891
0.139868903893570
0.142379604953811
0.145027648120769
0.147808747116978
0.150716139759239
0.153740475543840
0.156869764410763
0.160089389989096
0.163382188806821
0.166728595074649
0.170106848791937
0.173493263138722
0.176862545472894
0.180188164801078
0.183442757381516
0.186598561183618
0.189627869294885
0.192503492043536
0.195199217592339
0.197690261042758
0.199953692643692
0.201968836492132
0.203717632102115
0.205184952357324
0.206358872601413
0.207230886909410
0.207796068874844
0.208053175496917
0.208004693921628
0.207656831849252
0.207019453344983
0.206105962565234
0.204933138533380
0.203520924567738
0.201892176291143
0.200072372351326
0.198089292075650
0.195972664296565
0.193753791541821
0.191465153712241
0.189139995295028
0.186811900104532
0.184514357524103
0.182280324255945
0.180141785679517
0.178129321075689
0.176271677190052
0.174595354875365
0.173124213854814
0.171879100964224
0.170877507538057
0.170133261872203
0.169656262895720
0.169452261281440
0.169522694189743
0.169864579640426
0.170470476117020
0.171328512403506
0.172422491818902
0.173732073941829
0.175233035605850
0.176897611407558
0.178694912225522
0.180591418332480
0.182551541640908
0.184538249509416
0.186513740420038
0.188440159788540
0.190280342270689
0.191998565259626
0.193561296914346
0.194937921094408
0.196101421069958
0.197029003886030
0.197702647826621
0.198109556569246
0.198242505345018
0.198100066699895
0.197686706243324
0.197012742001035
0.196094164568090
0.194952319076543
0.193613453924138
0.192108145122488
0.190470608875716
0.188737918457181
0.186949144483099
0.185144440172648
0.183364095038183
0.181647581593998
0.180032620062304
0.178554285674391
0.177244182026706
0.176129702098388
0.175233396037597
0.174572461771140
0.174158370996218
0.173996639298732
0.174086745140789
0.174422198403877
0.174990755191942
0.175774771810008
0.176751687343874
0.177894621163904
0.179173069030201
0.180553679336893
0.182001089429712
0.183478800874709
0.184950072041417
0.186378806372566
0.187730415214193
0.188972635038152
0.190076280260358
0.191015914598270
0.191770425973806
0.192323492307731
0.192663928122926
0.192785904632412
0.192689038887552
0.192378350555733
0.191864087935014
0.191161427842204
0.190290056972436
0.189273645160177
0.188139223607693
0.186916483518232
0.185637012609343
0.184333488620244
0.183038850106001
0.181785465479608
0.180604321383354
0.179524251021439
0.178571222064141
0.177767702157706
0.177132117982301
0.176678421252375
0.176415772127350
0.176348347289279
0.176475276552871
0.176790708413432
0.177284001522757
0.177940035819992
0.178739634033378
0.179660081594596
0.180675730737955
0.181758672739533
0.182879460913917
0.184007866134322
0.185113646263922
0.186167310953547
0.187140863733823
0.188008504160413
0.188747273908580
0.189337632108140
0.189763946817582
0.190014891319364
0.190083735849598
0.189968527435754
0.189672152695396
0.189202280742767
0.188571185756030
0.187795451272041
0.186895560887683
0.185895382736519
0.184821557842375
0.183702805176684
0.182569158896115
0.181451155725797
0.180378992682482
0.179381677191490
0.178486193027538
0.177716706291325
0.177093835720223
0.176634010940389
0.176348940743207
0.176245211088186
0.176324029312949
0.176581127025610
0.177006829465363
0.177586293883688
