0.005377076911548
0.005351162942266
0.005329141537778
0.005310847416186
0.005295992127253
0.005284194029851
0.005275014562722
0.005267997423087
0.005262707131151
0.005258763640613
0.005255870127498
0.005253831798094
0.005252564428433
0.005252092297228
0.005252536113132
0.005254092381800
0.005257006337546
0.005261541025743
0.005267945335666
0.005276423743487
0.005287110249415
0.005300048519881
0.005315179629250
0.005332338099552
0.005351256227848
0.005371576032198
0.005392867592621
0.005414652152614
0.005436428103021
0.005457697898712
0.005477994048474
0.005496902544495
0.005514082424313
0.005529280544138
0.005542341046397
0.005553209388443
0.005561931133460
0.005568645968735
0.005573577601726
0.005577020292833
0.005579322826417
0.005580870715854
0.005582067404375
0.005583315180848
0.005584996493834
0.005587456327510
0.005590986300458
0.005595811155947
0.005602078316474
0.005609851157357
0.005619106594345
0.005629737460512
0.005641559956370
0.005654326190681
0.005667741495700
0.005681485818713
0.005695238091977
0.005708702104266
0.005721632082782
0.005733855988193
0.005745294466679
0.005755973519823
0.005766029259750
0.005775703608706
0.005785330455409
0.005795312551611
0.005806090261345
0.005818104090101
0.005831753643604
0.005847356219143
0.005865108549324
0.005885055247907
0.005907067222653
0.005930832720921
0.005955862789832
0.005981511822976
0.006007012613837
0.006031524045545
0.006054188330814
0.006074193689234
0.006090837615440
0.006103585534686
0.006112119716390
0.006116373839496
0.006116549555036
0.006113112710233
0.006106768488055
0.006098416450823
0.006089088211444
0.006079872040087
0.006071830002884
0.006065914097809
0.006062888208419
0.006063262487009
0.006067246000857
0.006074722174071
0.006085249825700
0.006098090575573
0.006112261226218
0.006126607612406
0.006139894521170
0.006150904791834
0.006158539745702
0.006161912764532
0.006160428180207
0.006153838642905
0.006142275732901
0.006126250650915
0.006106624200231
0.006084547767857
0.006061379415460
0.006038581301771
0.006017606295776
0.005999782660987
0.005986206001637
0.005977647226689
0.005974484133795
0.005976662430001
0.005983689729531
0.005994663484007
0.006008331116073
0.006023178062199
0.006037537193807
0.006049711360504
0.006058099725887
0.006061318232012
0.006058304959350
0.006048402308184
0.006031409718756
0.006007602924089
0.005977718305703
0.005942903590726
0.005904638675999
0.005864632590683
0.005824704342414
0.005786656504925
0.005752150821496
0.005722594800682
0.005699047308322
0.005682149605939
0.005672086287453
0.005668578291985
0.005670907805514
0.005677972593676
0.005688365302820
0.005700471668859
0.005712580486681
0.005722997674275
0.005730156824066
0.005732719231255
0.005729657446165
0.005720317803683
0.005704459006217
0.005682265537657
0.005654336329778
0.005621650570748
0.005585513744759
0.005547487860876
0.005509310341401
0.005472806202753
0.005439798012831
0.005412017709195
0.005391023788739
0.005378126713629
0.005374324698613
0.005380251417365
0.005396136638058
0.005421780396051
0.005456541036098
0.005499337287890
0.005548664439515
0.005602624595320
0.005658970895755
0.005715165389971
0.005768449951906
0.005815929199954
0.005854663823408
0.005881772062842
0.005894536385021
0.005890511701281
0.005867630877756
0.005824302854823
0.005759498503752
0.005672819457799
0.005564545597082
0.005435657647668
0.005287832450262
0.005123409806641
0.004945331338652
0.004757053389764
0.004562437544570
0.004365623716141
0.004170891842187
0.003982518944583
0.003804638577334
0.003641109484572
0.003495399620671
0.003370490596111
0.003268806188190
0.003192166907259
0.003141770868776
0.003118199529482
0.003121445338643
0.003150957152858
0.003205698458329
0.003284213095442
0.003384693303611
0.003505045473817
0.003642949946193
0.003795912420016
0.003961305928453
0.004136403731562
0.004318404759082
0.004504454262550
0.004691663011648
0.004877128623833
0.005057962421302
0.005231324580761
0.005394469337268
0.005544800718648
0.005679937845467
0.005797787374441
0.005896619335757
0.005975141553488
0.006032567157484
0.006068669476596
0.006083818888096
0.006078996983180
0.006055784645051
0.006016322234818
0.005963241918266
0.005899574097721
0.005828631781632
0.005753878377465
0.005678785694882
0.005606689788185
0.005540652579129
0.005483336956480
0.005436902265047
0.005402925835715
0.005382354568039
0.005375488685438
0.005381997784679
0.005400967345550
0.005430972095052
0.005470171155430
0.005516418840190
0.005567384354748
0.005620673527211
0.005673946020193
0.005725022201513
0.005771974896863
0.005813202508339
0.005847481347090
0.005873996385647
0.005892350886143
0.005902556424450
0.005905005652064
0.005900430690476
0.005889850337802
0.005874509311156
0.005855812596774
0.005835257692503
0.005814367167779
0.005794623595237
0.005777408575621
0.005763947317564
0.005755260060419
0.005752121535573
0.005755029625134
0.005764184357564
0.005779478330825
0.005800499526659
0.005826547233421
0.005856661401429
0.005889665205370
0.005924219896707
0.005958890232553
0.005992217924740
0.006022799739262
0.006049366176957
0.006070856167284
0.006086482986020
0.006095786724280
0.006098669124422
0.006095407460087
0.006086645339667
0.006073359787079
0.006056805601734
0.006038439697830
0.006019829734174
0.006002552729573
0.005988090385695
0.005977728401948
0.005972467091911
0.005972950066621
0.005979416652186
0.005991682121241
0.006009147847749
0.006030841287597
0.006055483414172
0.006081579081512
0.006107523926988
0.006131720021228
0.006152691651918
0.006169192472023
0.006180295779877
0.006185460899630
0.006184570410629
0.006177935198520
0.006166266794908
0.006150619036662
0.006132303502104
0.006112785269961
0.006093567124385
0.006076071262868
0.006061527773221
0.006050878610197
0.006044704563345
0.006043180864900
0.006046064790643
0.006052716045795
0.006062148112685
0.006073106281641
0.006084165992187
0.006093843548078
0.006100710361913
0.006103501702459
0.006101211468992
0.006093165748950
0.006079069719099
0.006059024670274
0.006033514383093
0.006003362551523
0.005969665238552
0.005933704267600
0.005896848852583
0.005860453542757
0.005825760654322
0.005793814785581
0.005765395829028
0.005740975214557
0.005720698094876
0.005704391994311
0.005691600272504
0.005681636785443
0.005673656516652
0.005666735825087
0.005659955392856
0.005652478984773
0.005643621731067
0.005632902744920
0.005620078377858
0.005605154158975
0.005588375302487
0.005570197443453
0.005551240826554
0.005532232403759
0.005513941103446
0.005497111865983
0.005482403891650
0.005470337950553
0.005461256632356
0.005455300166678
0.005452399042496
0.005452283223905
0.005454506423277
0.005458482759677
0.005463532285275
0.005468931360443
0.005473963721161
0.005477968298822
0.005480380380721
0.005480763472920
0.005478830161807
0.005474451274297
0.005467653617134
0.005458607450227
0.005447605550208
0.005435036202415
0.005421352700091
0.005407041930489
0.005392594412861
0.005378477764507
0.005365115062529
0.005352869000369
0.005342032169229
0.005332823277619
0.005325388699003
0.005319808434487
0.005316105405411
0.005314256944808
0.005314207418806
0.005315881051356
0.005319194214966
0.005324066652484
0.005330431280568
0.005338242371519
0.005347482004258
0.005358164715504
0.005370340277410
