0.033330114003287
0.033690219809920
0.034055399456651
0.034426407051418
0.034804020669828
0.035189033735462
0.035582246206147
0.035984455681134
0.036396448527398
0.036818991105733
0.037252821160267
0.037698639419979
0.038157101448674
0.038628809771568
0.039114306302362
0.039614065094551
0.040128485444266
0.040657885378391
0.041202495570138
0.041762453733521
0.042337799556992
0.042928470243874
0.043534296732078
0.044155000667233
0.044790192201397
0.045439368683795
0.046101914300846
0.046777100710519
0.047464088701659
0.048161930893097
0.048869575471184
0.049585870948638
0.050309571913164
0.051039345721726
0.051773780085975
0.052511391486354
0.053250634346563
0.053989910896165
0.054727581646553
0.055461976403760
0.056191405740136
0.056914172845099
0.057628585672785
0.058332969301086
0.059025678412403
0.059705109801552
0.060369714811104
0.061018011589423
0.061648597062557
0.062260158508403
0.062851484620976
0.063421475954474
0.063969154641679
0.064493673289011
0.064994322961303
0.065470540182730
0.065921912895752
0.066348185336795
0.066749261804819
0.067125209316042
0.067476259154052
0.067802807338490
0.068105414046797
0.068384802031660
0.068641854081485
0.068877609572546
0.069093260159477
0.069290144646141
0.069469743072135
0.069633670042260
0.069783667317997
0.069921595682426
0.070049426083934
0.070169230060369
0.070283169444449
0.070393485353750
0.070502486474521
0.070612536657643
0.070726041857038
0.070845436454833
0.070973169032945
0.071111687666398
0.071263424828632
0.071430782012397
0.071616114180622
0.071821714169266
0.072049797168152
0.072302485405943
0.072581793161769
0.072889612219009
0.073227697866694
0.073597655541891
0.074000928192838
0.074438784428591
0.074912307507224
0.075422385202015
0.075969700574199
0.076554723672166
0.077177704170753
0.077838664960508
0.078537396695417
0.079273453308223
0.080046148504690
0.080854553251418
0.081697494275550
0.082573553598238
0.083481069126561
0.084418136330211
0.085382611029295
0.086372113317777
0.087384032643349
0.088415534058896
0.089463565653305
0.090524867160618
0.091595979736658
0.092673256881849
0.093752876478451
0.094830853900244
0.095903056143456
0.096965216919513
0.098012952643585
0.099041779247751
0.100047129744170
0.101024372461636
0.101968829878212
0.102875797972880
0.103740566019989
0.104558436751278
0.105324746811021
0.106034887430060
0.106684325243808
0.107268623177658
0.107783461320514
0.108224657703432
0.108588188895943
0.108870210327640
0.109067076237638
0.109175359149820
0.109191868767862
0.109113670181354
0.108938101273059
0.108662789218002
0.108285665967548
0.107804982616130
0.107219322554713
0.106527613323161
0.105729137083291
0.104823539645082
0.103810837989988
0.102691426247048
0.101466080089295
0.100135959529255
0.098702610102971
0.097167962441610
0.095534330238209
0.093804406624331
0.091981258977413
0.090068322184325
0.088069390390384
0.085988607265957
0.083830454824972
0.081599740831636
0.079301584833507
0.076941402861243
0.074524890838013
0.072058006744998
0.069546951593702
0.066998149261137
0.064418225250188
0.061813984444657
0.059192387936331
0.056560529009773
0.053925608378991
0.051294908778442
0.048675769018596
0.046075557623126
0.043501646170509
0.040961382467089
0.038462063681295
0.036010909569739
0.033615035925186
0.031281428374091
0.029016916647619
0.026828149445043
0.024721570002340
0.022703392472020
0.020779579212887
0.018955819080905
0.017237506804722
0.015629723521986
0.014137218545438
0.012764392421006
0.011515281333804
0.010393542912081
0.009402443473744
0.008544846755030
0.007823204156187
0.007239546534513
0.006795477570762
0.006492168730520
0.006330355837754
0.006310337273078
0.006431973804323
0.006694690051738
0.007097477584392
0.007638899638181
0.008317097439223
0.009129798109346
0.010074324123032
0.011147604277454
0.012346186129488
0.013666249845756
0.015103623404046
0.016653799077076
0.018311951122484
0.020072954596445
0.021931405202353
0.023881640080718
0.025917759441883
0.028033648939286
0.030223002677882
0.032479346749989
0.034796063189154
0.037166414231761
0.039583566775921
0.042040616927792
0.044530614526796
0.047046587543292
0.049581566245120
0.052128607032994
0.054680815848999
0.057231371067319
0.059773545781797
0.062300729410763
0.064806448545742
0.067284386976974
0.069728404835012
0.072132556793824
0.074491109286757
0.076798556692274
0.079049636451418
0.081239343083576
0.083362941071176
0.085415976587523
0.087394288045187
0.089294015445141
0.091111608509486
0.092843833583081
0.094487779291953
0.096040860949055
0.097500823700964
0.098865744412543
0.100134032290557
0.101304428251788
0.102376003046384
0.103348154153040
0.104220601469015
0.104993381824952
0.105666842361763
0.106241632814339
0.106718696754270
0.107099261850911
0.107384829216691
0.107577161908282
0.107678272659894
0.107690410928305
0.107616049331160
0.107457869560488
0.107218747852319
0.106901740090867
0.106510066622100
0.106047096847007
0.105516333659746
0.104921397790494
0.104266012107613
0.103553985928955
0.102789199388188
0.101975587898957
0.101117126757854
0.100217815926376
0.099281665032430
0.098312678633154
0.097314841782768
0.096292105951431
0.095248375343369
0.094187493664500
0.093113231390988
0.092029273590435
0.090939208346395
0.089846515834474
0.088754558094387
0.087666569536976
0.086585648218499
0.085514747906692
0.084456670954492
0.083414061988237
0.082389402408087
0.081385005689677
0.080403013468198
0.079445392379394
0.078513931626928
0.077610241242214
0.076735751001483
0.075891709965426
0.075079186609188
0.074299069514548
0.073552068601402
0.072838716881781
0.072159372726055
0.071514222637090
0.070903284533501
0.070326411547168
0.069783296342554
0.069273475965705
0.068796337229040
0.068351122634135
0.067936936828889
0.067552753587969
0.067197423296882
0.066869680910755
0.066568154349722
0.066291373284171
0.066037778255636
0.065805730073281
0.065593519422079
0.065399376617094
0.065221481438874
0.065057972987629
0.064906959498390
0.064766528065319
0.064634754230268
0.064509711398004
0.064389480047720
0.064272156716929
0.064155862739250
0.064038752721447
0.063919022747347
0.063794918296625
0.063664741865231
0.063526860271493
0.063379711628029
0.063221811955103
0.063051761406287
0.062868250072911
0.062670063330310
0.062456086686638
0.062225310094564
0.061976831687598
0.061709860906244
0.061423720984649
0.061117850775545
0.060791805899900
0.060445259217098
0.060078000621339
0.059689936179463
0.059281086634157
0.058851585303861
0.058401675416287
0.057931706916010
0.057442132787969
0.056933504938065
0.056406469669490
0.055861762789523
0.055300204376718
0.054722693233287
0.054130201042777
0.053523766249302
0.052904487672229
0.052273517869681
0.051632056265609
0.050981342058683
0.050322646936434
0.049657267624810
0.048986518310888
0.048311722984381
0.047634207751127
0.046955293178242
0.046276286735531
0.045598475400567
0.044923118495257
0.044251440819690
0.043584626144492
0.042923811116291
0.042270079622461
0.041624457651734
0.040987908677162
0.040361329577934
0.039745547107334
0.039141314906260
0.038549311055600
0.037970136156648
0.037404311926715
0.036852280297084
0.036314403002075
0.035790961650904
0.035282158277588
0.034788116367791
0.034308882364564
0.033844427656844
0.033394651054802
0.032959381754395
