0.000718312562106
0.000727678654828
0.000737135331331
0.000746407340114
0.000755217683123
0.000763292606639
0.000770367028095
0.000776190271215
0.000780531943741
0.000783187764613
0.000783985132820
0.000782788228594
0.000779502448598
0.000774077998514
0.000766512496493
0.000756852476348
0.000745193717207
0.000731680363842
0.000716502836864
0.000699894563052
0.000682127582595
0.000663507112225
0.000644365161963
0.000625053319833
0.000605934834947
0.000587376146122
0.000569738021782
0.000553366497436
0.000538583819207
0.000525679624219
0.000514902609118
0.000506452953815
0.000500475775591
0.000497055886065
0.000496214107302
0.000497905371839
0.000502018783550
0.000508379752656
0.000516754240609
0.000526855062400
0.000538350099534
0.000550872182184
0.000564030309828
0.000577421802479
0.000590644915096
0.000603311410995
0.000615058579645
0.000625560201970
0.000634536012146
0.000641759276857
0.000647062206891
0.000650339026353
0.000651546644537
0.000650702996977
0.000647883237603
0.000643214065617
0.000636866552450
0.000629047890786
0.000619992516212
0.000609953051461
0.000599191494733
0.000587971020220
0.000576548685869
0.000565169256659
0.000554060258458
0.000543428285095
0.000533456496573
0.000524303175407
0.000516101155567
0.000508957907397
0.000502956053208
0.000498154101251
0.000494587217751
0.000492267903586
0.000491186498784
0.000491311498451
0.000492589722138
0.000494946429428
0.000498285513093
0.000502489924087
0.000507422487990
0.000512927260018
0.000518831536703
0.000524948599438
0.000531081212297
0.000537025838441
0.000542577481089
0.000547535001367
0.000551706720859
0.000554916084811
0.000557007145266
0.000557849622829
0.000557343321209
0.000555421698409
0.000552054439902
0.000547248928711
0.000541050561102
0.000533541910418
0.000524840791592
0.000515097321834
0.000504490106476
0.000493221701609
0.000481513516772
0.000469600322327
0.000457724519093
0.000446130314709
0.000435057934962
0.000424737981726
0.000415386034850
0.000407197585218
0.000400343381370
0.000394965272608
0.000391172636427
0.000389039485521
0.000388602356778
0.000389859088526
0.000392768589570
0.000397251691350
0.000403193150839
0.000410444835345
0.000418830071691
0.000428149082971
0.000438185369680
0.000448712823025
0.000459503292363
0.000470334272202
0.000480996333245
0.000491299902170
0.000501081000710
0.000510205588710
0.000518572218792
0.000526112800127
0.000532791381187
0.000538600989670
0.000543558703287
0.000547699258080
0.000551067620746
0.000553711047960
0.000555671219799
0.000556977059021
0.000557638828714
0.000557644036557
0.000556955566852
0.000555512317500
0.000553232447022
0.000550019148311
0.000545768674333
0.000540380160708
0.000533766634968
0.000525866484691
0.000516654586914
0.000506152285828
0.000494435447740
0.000481639920151
0.000467963869968
0.000453666664646
0.000439064176820
0.000424520622411
0.000410437268168
0.000397238550791
0.000385356321332
0.000375213053011
0.000367204919016
0.000361685654352
0.000358952062265
0.000359231915352
0.000362674842894
0.000369346601275
0.000379226908374
0.000392210801787
0.000408113271073
0.000426676731126
0.000447580760404
0.000470453433512
0.000494883538318
0.000520432984243
0.000546648777186
0.000573074050002
0.000599257784079
0.000624763023573
0.000649173553662
0.000672099172316
0.000693179817042
0.000712088901819
0.000728536266313
0.000742271134997
0.000753085428154
0.000760817664595
0.000765357556549
0.000766651233149
0.000764706855738
0.000759600222523
0.000751479818761
0.000740570666908
0.000727176281788
0.000711678047545
0.000694531409972
0.000676258418689
0.000657436352012
0.000638682401732
0.000620634669616
0.000603930013173
0.000589179554122
0.000576942907817
0.000567702385314
0.000561838544691
0.000559608511200
0.000561128439046
0.000566361349004
0.000575111350172
0.000587024951475
0.000601599805482
0.000618200824654
0.000636083192684
0.000654421387316
0.000672342962138
0.000688965527743
0.000703435148369
0.000714964244774
0.000722867077575
0.000726590980872
0.000725741719539
0.000720101644220
0.000709639698456
0.000694512769953
0.000675058346424
0.000651778907282
0.000625318926973
0.000596435757054
0.000565965968416
0.000534788953911
0.000503789702488
0.000473822653301
0.000445678424082
0.000420054991123
0.000397534594152
0.000378567268843
0.000363461497590
0.000352382042409
0.000345354609879
0.000342276622833
0.000342933059862
0.000347016089696
0.000354147085529
0.000363899560104
0.000375821614920
0.000389456638615
0.000404361207051
0.000420119412543
0.000436353160444
0.000452728294432
0.000468956723881
0.000484795005757
0.000500040060750
0.000514522864676
0.000528101042394
0.000540651299581
0.000552062560460
0.000562230545322
0.000571054333528
0.000578435232557
0.000584278030613
0.000588494469371
0.000591008553941
0.000591763136139
0.000590727078479
0.000587902239299
0.000583329518452
0.000577093267186
0.000569323489230
0.000560195432149
0.000549926374660
0.000538769639939
0.000527006089262
0.000514933556669
0.000502854857649
0.000491065129508
0.000479839328495
0.000469420713521
0.000460011088185
0.000451763455941
0.000444777576713
0.000439098709506
0.000434719600032
0.000431585542011
0.000429602122960
0.000428645076117
0.000428571513855
0.000429231725202
0.000430480687658
0.000432188473592
0.000434248821567
0.000436585285975
0.000439154563537
0.000441946808490
0.000444982973718
0.000448309435856
0.000451990362258
0.000456098442083
0.000460704720669
0.000465868337848
0.000471626972734
0.000477988740423
0.000484926174874
0.000492372775762
0.000500222407539
0.000508331630652
0.000516524833444
0.000524601834274
0.000532347451257
0.000539542403753
0.000545974824441
0.000551451628569
0.000555809009030
0.000558921399227
0.000560708363571
0.000561139028044
0.000560233838183
0.000558063615740
0.000554746064039
0.000550440032937
0.000545337985830
0.000539657204915
0.000533630321443
0.000527495763134
0.000521488673051
0.000515832778056
0.000510733578321
0.000506373102289
0.000502906334984
0.000500459293196
0.000499128599543
0.000498982307890
0.000500061662253
0.000502383434249
0.000505942481739
0.000510714201901
0.000516656611034
0.000523711864327
0.000531807123305
0.000540854777486
0.000550752120825
0.000561380664271
0.000572605326303
0.000584273778558
0.000596216231109
0.000608245921415
0.000620160524738
0.000631744636523
0.000642773394788
0.000653017220396
0.000662247562750
0.000670243455301
0.000676798615883
0.000681728776287
0.000684878897016
0.000686129918085
0.000685404714435
0.000682672962503
0.000677954678771
0.000671322256744
0.000662900900226
0.000652867422603
0.000641447449067
0.000628911117435
0.000615567420660
0.000601757369038
0.000587846172517
0.000574214654779
0.000561250113205
0.000549336835359
0.000538846476277
0.000530128494509
0.000523500840752
0.000519241092269
0.000517578229382
0.000518685256178
0.000522672874227
0.000529584422753
0.000539392298105
0.000551996056128
0.000567222380172
0.000584827062722
0.000604499098844
0.000625866925092
0.000648506759834
0.000671952913478
0.000695709844165
0.000719265641845
0.000742106537332
0.000763731959274
0.000783669606952
0.000801489975360
0.000816819765000
0.000829353634079
0.000838863805536
0.000845207123585
0.000848329260382
0.000848265897392
0.000845140841254
0.000839161172389
