0.108740818205438
0.108779968527344
0.108817042801519
0.108852070365117
0.108885093538761
0.108916169679973
0.108945373593693
0.108972799986850
0.108998565621801
0.109022810828148
0.109045700074371
0.109067421376573
0.109088184424024
0.109108217420150
0.109127762760741
0.109147071785674
0.109166398933907
0.109185995693663
0.109206104763166
0.109226954818904
0.109248756229084
0.109271697955326
0.109295945765070
0.109321641743097
0.109348904957041
0.109377833013416
0.109408504150488
0.109440979462898
0.109475304846809
0.109511512295364
0.109549620259198
0.109589632907734
0.109631538271615
0.109675305400014
0.109720880811988
0.109768184642313
0.109817106965163
0.109867504812817
0.109919200385720
0.109971980874292
0.110025600187735
0.110079782721568
0.110134229109335
0.110188623713130
0.110242643431802
0.110295967263400
0.110348285965411
0.110399311123529
0.110448782972451
0.110496476409108
0.110542204791766
0.110585821313816
0.110627217960112
0.110666322275136
0.110703092373972
0.110737510788719
0.110769577847947
0.110799305324127
0.110826711049610
0.110851815098946
0.110874637974769
0.110895201032688
0.110913529158741
0.110929655494299
0.110943627810450
0.110955515986798
0.110965419962503
0.110973477507420
0.110979871207458
0.110984834161083
0.110988654026620
0.110991675219901
0.110994299213345
0.110996983005342
0.111000235890762
0.111004614654606
0.111010717225514
0.111019174669919
0.111030641199075
0.111045781629067
0.111065255517179
0.111089697040886
0.111119689634312
0.111155734493232
0.111198212336091
0.111247338283078
0.111303110386784
0.111365253193238
0.111433158684667
0.111505827986411
0.111581818222470
0.111659199775815
0.111735529843809
0.111807848471469
0.111872703104174
0.111926207057585
0.111964136117952
0.111982065761438
0.111975549260457
0.111940334317548
0.111872612965159
0.111769296463053
0.111628304012414
0.111448851502441
0.111231724428450
0.110979517773511
0.110696825201633
0.110390360497295
0.110068995873151
0.109743704556398
0.109427398882626
0.109134659827896
0.108881359280521
0.108684182119277
0.108560061006389
0.108525542377679
0.108596107070530
0.108785473043458
0.109104910420550
0.109562600413170
0.110163069382500
0.110906727353605
0.111789536717119
0.112802831799714
0.113933303683246
0.115163157419467
0.116470440999364
0.117829537510563
0.119211804284419
0.120586335916114
0.121920822217644
0.123182467754719
0.124338936861753
0.125359287065881
0.126214854717598
0.126880059252777
0.127333096728248
0.127556498821527
0.127537540034550
0.127268483011314
0.126746659265535
0.125974389812940
0.124958756835349
0.123711243240848
0.122247261563083
0.120585596881436
0.118747790249072
0.116757489484385
0.114639793195989
0.112420611730429
0.110126065574921
0.107781937877683
0.105413193451874
0.103043572195082
0.100695260557087
0.098388640763450
0.096142114142980
0.093971992248743
0.091892447579240
0.089915514611898
0.088051131512144
0.086307213187105
0.084689747186043
0.083202905159447
0.081849164015422
0.080629432400271
0.079543179540795
0.078588564706072
0.077762566495986
0.077061111798876
0.076479204573781
0.076011054629359
0.075650206344916
0.075389666881692
0.075222032948392
0.075139614699048
0.075134554931999
0.075198941489883
0.075324910676155
0.075504739624432
0.075730925880100
0.075996252953369
0.076293841235116
0.076617184373744
0.076960171927727
0.077317099769366
0.077682670261219
0.078051984610199
0.078420529994291
0.078784164040416
0.079139099016292
0.079481887709187
0.079809412440986
0.080118878063825
0.080407809151387
0.080674051006075
0.080915773594755
0.081131477148641
0.081319997945666
0.081480512749626
0.081612540505916
0.081715940169257
0.081790903931038
0.081837945579309
0.081857884213770
0.081851824001130
0.081821131046606
0.081767408737100
0.081692473054082
0.081598329346995
0.081487151903063
0.081361267363165
0.081223142644623
0.081075377578313
0.080920701993067
0.080761976529707
0.080602196082113
0.080444494478338
0.080292148855914
0.080148582164695
0.080017362347390
0.079902196988913
0.079806922566146
0.079735487836228
0.079691931335030
0.079680353377812
0.079704883322640
0.079769643141897
0.079878708524314
0.080036068786986
0.080245586812811
0.080510960054922
0.080835683387391
0.081223014260513
0.081675940274544
0.082197148954626
0.082788999226997
0.083453493892613
0.084192252291014
0.085006482356919
0.085896951395811
0.086863955132629
0.087907284899816
0.089026193199258
0.090219358263648
0.091484848620973
0.092820088996440
0.094221829139089
0.095686117312278
0.097208280223959
0.098782911090309
0.100403867331300
0.102064279105240
0.103756569525483
0.105472486995803
0.107203149684050
0.108939101758329
0.110670380665010
0.112386594455758
0.114077007986218
0.115730636717456
0.117336346848453
0.118882960581093
0.120359365447542
0.121754626788112
0.123058102627282
0.124259560328586
0.125349294490762
0.126318245558820
0.127158118553245
0.127861501165896
0.128421980239535
0.128834255354975
0.129094247919299
0.129199203809376
0.129147787309079
0.128940163818475
0.128578068638234
0.128064859067095
0.127405547111030
0.126606810298073
0.125676978420960
0.124625994479878
0.123465348650632
0.122207984733348
0.120868179213103
0.119461393754224
0.118004102622891
0.116513597159630
0.115007769981037
0.113504882062249
0.112023316229312
0.110581320872159
0.109196747880032
0.107886788912571
0.106667714165959
0.105554617790315
0.104561174076900
0.103699408473637
0.102979487412263
0.102409530841528
0.101995451253291
0.101740822851150
0.101646784328251
0.101711978472575
0.101932531483481
0.102302074442874
0.102811808822080
0.103450617211435
0.104205219631888
0.105060374834092
0.105999124928328
0.107003080545803
0.108052742545038
0.109127855090231
0.110207783790497
0.111271911550575
0.112300043895063
0.113272814835275
0.114172083889550
0.114981314674121
0.115685925571415
0.116273603362864
0.116734571378712
0.117061804651145
0.117251185732063
0.117301596217082
0.117214940560630
0.116996100426738
0.116652819548118
0.116195520814201
0.115637059031184
0.114992414450809
0.114278333711303
0.113512926239222
0.112715225394990
0.111904724681765
0.111100900153869
0.110322730737347
0.109588228493216
0.108913990897676
0.108314786969297
0.107803188530298
0.107389257040756
0.107080295289877
0.106880671773401
0.106791723845878
0.106811743736624
0.106936049296264
0.107157138946806
0.107464927804923
0.107847059409434
0.108289284993840
0.108775899893638
0.109290224560159
0.109815115860519
0.110333492964213
0.110828861227397
0.111285817147020
0.111690517710399
0.112031098329941
0.112298025020671
0.112484368516611
0.112585990570984
0.112601635660583
0.112532924610232
0.112384250146184
0.112162577942134
0.111877160197159
0.111539172040538
0.111161283960008
0.110757185876594
0.110341080338141
0.109927163495609
0.109529113008197
0.109159601771391
0.108829855381864
0.108549269579879
0.108325101606340
0.108162246565805
0.108063106607774
0.108027557152540
0.108053010632780
0.108134574442643
0.108265296128268
0.108436485459316
0.108638100023052
0.108859178499418
0.109088303908146
0.109314077945600
0.109525587103302
0.109712841607805
0.109867169339378
0.109981548741747
0.110050867263822
0.110072094985607
0.110044366656658
0.109968969276063
0.109849236409692
0.109690354502021
0.109499090319578
