0.108460925113560
0.108485644794387
0.108508924757009
0.108530988527867
0.108552004909210
0.108572087661780
0.108591300881259
0.108609669630781
0.108627194946051
0.108643871942876
0.108659709461886
0.108674749508444
0.108689084705111
0.108702872077498
0.108716341738711
0.108729799408185
0.108743622172727
0.108758247436780
0.108774155574819
0.108791847346749
0.108811817622620
0.108834527343721
0.108860375888265
0.108889676085059
0.108922634014161
0.108959335448853
0.108999740342151
0.109043686171052
0.109090900262616
0.109141020487648
0.109193622976471
0.109248254845950
0.109304469384739
0.109361860775484
0.109420095278850
0.109478935891163
0.109538257824483
0.109598052735969
0.109658420424405
0.109719547669412
0.109781674951525
0.109845052884901
0.109909891237564
0.109976304323554
0.110044257247610
0.110113517896617
0.110183619649054
0.110253839480325
0.110323195468605
0.110390466669157
0.110454236968506
0.110512962922109
0.110565063811706
0.110609030340293
0.110643546634104
0.110667618666689
0.110680700980748
0.110682812767421
0.110674634058792
0.110657573059107
0.110633796512744
0.110606216475063
0.110578428870509
0.110554601708161
0.110539313660957
0.110537346755000
0.110553439991568
0.110592013656133
0.110656876672863
0.110750931465132
0.110875892227462
0.111032033176276
0.111217983138550
0.111430581716793
0.111664810243188
0.111913807864299
0.112168979489671
0.112420198148202
0.112656099719885
0.112864463271384
0.113032665564278
0.113148193972354
0.113199198278495
0.113175058840566
0.113066946602921
0.112868349524592
0.112575540281743
0.112187961605855
0.111708508303190
0.111143688766501
0.110503653480119
0.109802083427537
0.109055937189290
0.108285061593228
0.107511676760569
0.106759751991838
0.106054293885720
0.105420572139997
0.104883311449175
0.104465879643733
0.104189502627056
0.104072535739561
0.104129818962234
0.104372139973604
0.104805824662205
0.105432469485241
0.106248824304481
0.107246828296145
0.108413795504961
0.109732740870090
0.111182832348241
0.112739950320618
0.114377331975232
0.116066275933026
0.117776881106953
0.119478793660728
0.121141936924059
0.122737201126429
0.124237072688391
0.125616186377714
0.126851787691614
0.127924097145947
0.128816572516539
0.129516069275860
0.130012903310503
0.130300823332019
0.130376903083604
0.130241365417976
0.129897351541170
0.129350649190051
0.128609393285283
0.127683751758176
0.126585607899175
0.125328248847050
0.123926067870748
0.122394286031875
0.120748696788539
0.119005435230040
0.117180772014184
0.115290930786849
0.113351926939980
0.111379425023740
0.109388611957084
0.107394083339993
0.105409740600539
0.103448697337163
0.101523193958143
0.099644520491866
0.097822948162562
0.096067670926413
0.094386758586192
0.092787123311051
0.091274501363506
0.089853451580330
0.088527371689374
0.087298532908596
0.086168132518430
0.085136363284467
0.084202497799079
0.083364985071438
0.082621556083481
0.081969334592672
0.081404949235315
0.080924642985948
0.080524376260757
0.080199920401802
0.079946938913945
0.079761054605042
0.079637901649552
0.079573162497866
0.079562590428536
0.079602019330989
0.079687362961803
0.079814606397936
0.079979792687993
0.080179007764770
0.080408366531052
0.080664002683136
0.080942064322737
0.081238716769093
0.081550153267983
0.081872613556041
0.082202409530630
0.082535956647655
0.082869809165145
0.083200697002762
0.083525561817889
0.083841589916055
0.084146239811776
0.084437262617344
0.084712713932046
0.084970956494335
0.085210653499671
0.085430753129743
0.085630465437607
0.085809233244763
0.085966699094635
0.086102670545365
0.086217086158033
0.086309984440975
0.086381477755536
0.086431732793572
0.086460958732215
0.086469403594148
0.086457358734027
0.086425170777486
0.086373259800486
0.086302142091446
0.086212455517226
0.086104985337893
0.085980688295268
0.085840712935889
0.085686414408734
0.085519362380111
0.085341341202483
0.085154342024087
0.084960547092282
0.084762307044875
0.084562112461826
0.084362561331224
0.084166324342021
0.083976110034345
0.083794631809359
0.083624578627840
0.083468590923752
0.083329242848656
0.083209031475157
0.083110373057963
0.083035605917662
0.082986999012813
0.082966764835736
0.082977074936276
0.083020076168664
0.083097905683228
0.083212702751230
0.083366615712121
0.083561802652518
0.083800424842371
0.084084632435960
0.084416542459676
0.084798209618931
0.085231590927724
0.085718505564411
0.086260591659235
0.086859261903946
0.087515659930308
0.088230619330991
0.089004627000644
0.089837792173199
0.090729822147085
0.091680005252147
0.092687201153397
0.093749838140809
0.094865916653687
0.096033017961504
0.097248316693460
0.098508595792449
0.099810262472901
0.101149363884949
0.102521601419419
0.103922342911327
0.105346632389430
0.106789197446344
0.108244454735914
0.109706514509222
0.111169185447179
0.112625981309503
0.114070131076197
0.115494594295001
0.116892083261545
0.118255093451332
0.119575943306046
0.120846824069973
0.122059859900729
0.123207177971561
0.124280987771769
0.125273668329096
0.126177861652722
0.126986570353280
0.127693257156388
0.128291943901224
0.128777307609877
0.129144771323327
0.129390587614384
0.129511912989109
0.129506871752453
0.129374608314552
0.129115327322377
0.128730321389675
0.128221986540575
0.127593825758042
0.126850441222200
0.125997515927355
0.125041785379479
0.123991000004776
0.122853878758598
0.121640054231768
0.120360009332641
0.119025005404271
0.117647001444310
0.116238563956209
0.114812766896271
0.113383081209156
0.111963253574948
0.110567174226998
0.109208734036388
0.107901671483610
0.106659410630991
0.105494891745241
0.104420396768197
0.103447372363351
0.102586253743458
0.101846292879674
0.101235394978306
0.100759967265743
0.100424784130947
0.100232872530909
0.100185421269219
0.100281717320469
0.100519111810458
0.100893017597039
0.101396939656806
0.102022538699340
0.102759727635491
0.103596799750050
0.104520586700643
0.105516643807808
0.106569459534728
0.107662685591317
0.108779383742198
0.109902285150898
0.111014057947086
0.112097578648727
0.113136203092259
0.114114032605072
0.115016171279323
0.115828970359574
0.116540255926872
0.117139536240736
0.117618185284918
0.117969599254579
0.118189322928663
0.118275143102682
0.118227146528339
0.118047740133520
0.117741631695261
0.117315769624091
0.116779241101567
0.116143128499611
0.115420324799984
0.114625309616304
0.113773888383440
0.112882898295343
0.111969885610782
0.111052759969109
0.110149432322339
0.109277443950650
0.108453594740411
0.107693579424301
0.107011640773939
0.106420248765956
0.105929814491206
0.105548447033420
0.105281760709519
0.105132738953304
0.105101659763656
0.105186086065751
0.105380922597169
0.105678539086305
0.106068957600041
0.106540100066137
0.107078090188289
0.107667602330866
0.108292248513073
0.108934993468515
0.109578586835747
0.110206000977776
0.110800862700750
0.111347867259674
0.111833163495183
0.112244699722592
0.112572521065228
0.112809010252420
0.112949065446468
0.112990210375156
0.112932633877276
0.112779157867315
0.112535134641393
0.112208276331127
0.111808421119540
0.111347242520656
0.110837909553882
0.110294706980855
0.109732625886126
0.109166935747661
0.108612749736749
0.108084595291729
0.107596002012705
0.107159118616287
0.106784370067107
0.106480165068771
