0.107476207194900
0.107442697798725
0.107402034073096
0.107356959011923
0.107310677123369
0.107266730600571
0.107228849562157
0.107200782139832
0.107186111496363
0.107188067887150
0.107209344571093
0.107251926684029
0.107316942079500
0.107404542604140
0.107513823315337
0.107642785793616
0.107788349997515
0.107946417118360
0.108111983695411
0.108279304940222
0.108442102892357
0.108593812791430
0.108727859006254
0.108837950109611
0.108918381315459
0.108964331579452
0.108972142260425
0.108939564386508
0.108865962278217
0.108752462541455
0.108602039220893
0.108419528140167
0.108211566070071
0.107986453260934
0.107753940937967
0.107524948465453
0.107311217909254
0.107124916539739
0.106978200296954
0.106882753276263
0.106849319790960
0.106887246454427
0.107004051947615
0.107205041673986
0.107492983356882
0.107867857835261
0.108326696921275
0.108863517280722
0.109469355990347
0.110132409836982
0.110838276688499
0.111570293528407
0.112309962149187
0.113037450184291
0.113732152255276
0.114373293633224
0.114940557057107
0.115414712286288
0.115778227633610
0.116015843144195
0.116115086238830
0.116066712486522
0.115865056638571
0.115508282052673
0.114998520046105
0.114341894413085
0.113548430183513
0.112631849545062
0.111609261555841
0.110500755705236
0.109328912413716
0.108118246092353
0.106894598325226
0.105684500032438
0.104514522083698
0.103410633755286
0.102397587676248
0.101498348537810
0.100733580911363
0.100121209122830
0.099676059368258
0.099409591241886
0.099329722704515
0.099440749368769
0.099743355936729
0.100234714803929
0.100908664338192
0.101755957232566
0.102764567679494
0.103920044958446
0.105205900389595
0.106604014478105
0.108095051432820
0.109658869046259
0.111274913110382
0.112922587042106
0.114581589122304
0.116232211625091
0.117855598042364
0.119433956506499
0.120950729302752
0.122390719973174
0.123740180888572
0.124986865261892
0.126120048368111
0.127130523211559
0.128010576046119
0.128753947026547
0.129355780882636
0.129812571905314
0.130122106766343
0.130283407817501
0.130296678589467
0.130163252292602
0.129885543265018
0.129467000564933
0.128912062302946
0.128226108883681
0.127415413092631
0.126487084927963
0.125449009232676
0.124309774512698
0.123078591804958
0.121765203052120
0.120379779107733
0.118932808194139
0.117434976321751
0.115897041809959
0.114329706588532
0.112743487371371
0.111148590056598
0.109554790801846
0.107971327144164
0.106406802282719
0.104869105231446
0.103365348998334
0.101901828286024
0.100483997468400
0.099116468817236
0.097803030171270
0.096546680496223
0.095349681115326
0.094213619828466
0.093139484711086
0.092127744111180
0.091178429255880
0.090291215941280
0.089465502004867
0.088700477655340
0.087995186238741
0.087348573625044
0.086759525073802
0.086226889145639
0.085749488932310
0.085326121545792
0.084955547403417
0.084636471342605
0.084367517971660
0.084147203896154
0.083973909544203
0.083845853247419
0.083761070023886
0.083717397169141
0.083712468311186
0.083743717051872
0.083808390729233
0.083903574225792
0.084026223149103
0.084173205154853
0.084341347698623
0.084527490114945
0.084728537651232
0.084941514942636
0.085163616408263
0.085392251178616
0.085625080420586
0.085860045295414
0.086095384246416
0.086329638842235
0.086561647969589
0.086790530747252
0.087015659090008
0.087236621358860
0.087453178965942
0.087665218137419
0.087872699258769
0.088075606323524
0.088273898974883
0.088467469472195
0.088656106640298
0.088839468484106
0.089017064693821
0.089188249751899
0.089352226808206
0.089508061943025
0.089654707916521
0.089791036034634
0.089915874368438
0.090028050266202
0.090126434909076
0.090209987590784
0.090277797451522
0.090329120562267
0.090363410528315
0.090380341144563
0.090379820070297
0.090361992974423
0.090327238107925
0.090276151762138
0.090209525543261
0.090128316811185
0.090033613972930
0.089926598570738
0.089808506249955
0.089680588725760
0.089544078789596
0.089400160211098
0.089249944109726
0.089094453007777
0.088934613352515
0.088771256832234
0.088605130333810
0.088436913922349
0.088267245791477
0.088096752757533
0.087926084571869
0.087755950117435
0.087587153449186
0.087420627637424
0.087257464478398
0.087098938341137
0.086946522712476
0.086801898367810
0.086666952513927
0.086543768700409
0.086434607754094
0.086341880433312
0.086268112902351
0.086215906471330
0.086187893315063
0.086186690063211
0.086214851234596
0.086274824467540
0.086368909377365
0.086499221658736
0.086667663756243
0.086875903067210
0.087125358235529
0.087417193665635
0.087752321954157
0.088131413525870
0.088554912391516
0.089023056637062
0.089535902022627
0.090093346926401
0.090695156821495
0.091340986523816
0.092030398593816
0.092762876506481
0.093537831509823
0.094354602456475
0.095212448296527
0.096110533341706
0.097047905829436
0.098023470708680
0.099035957917680
0.100083887708827
0.101165534783732
0.102278893121384
0.103421643408560
0.104591124913047
0.105784313480784
0.106997807096035
0.108227820131789
0.109470187051908
0.110720375925674
0.111973511699905
0.113224408764498
0.114467611964743
0.115697444876919
0.116908063888926
0.118093516428198
0.119247801563842
0.120364931183576
0.121438990008463
0.122464192855059
0.123434937776332
0.124345853996575
0.125191843885637
0.125968118575458
0.126670227187531
0.127294079993447
0.127835966152630
0.128292566944318
0.128660965619856
0.128938655134824
0.129123545071277
0.129213969025183
0.129208693614758
0.129106930067881
0.128908349081351
0.128613099325515
0.128221829611510
0.127735714364033
0.127156481670359
0.126486442826184
0.125728521990274
0.124886284309756
0.123963960700908
0.122966467377146
0.121899418213414
0.120769128126614
0.119582605832759
0.118347534606460
0.117072240006306
0.115765643926174
0.114437204770312
0.113096844009766
0.111754859839308
0.110421829096944
0.109108499013282
0.107825670708006
0.106584076631088
0.105394254345873
0.104266419163035
0.103210338155537
0.102235208017016
0.101349539075148
0.100561047547230
0.099876557840585
0.099301916370854
0.098841918014284
0.098500245943805
0.098279425240738
0.098180790341610
0.098204466086969
0.098349361898753
0.098613178432836
0.098992425938827
0.099482453510415
0.100077488423370
0.100770684827193
0.101554181169888
0.102419165879898
0.103355950989312
0.104354053541749
0.105402284769795
0.106488847134934
0.107601439383284
0.108727369771823
0.109853677553943
0.110967262676126
0.112055023429345
0.113104001524136
0.114101533726029
0.115035408811270
0.115894028197817
0.116666568192712
0.117343141395230
0.117914954427437
0.118374458851756
0.118715491899180
0.118933403489855
0.119025165994696
0.118989463273035
0.118826755732949
0.118539318498595
0.118131250227965
0.117608450695102
0.116978565918140
0.116250900359310
0.115436296522372
0.114546983101087
0.113596393662032
0.112598958648260
0.111569874239719
0.110524852276287
0.109479856016828
0.108450826953579
0.107453408210704
0.106502670218933
0.105612844370509
0.104797070220698
0.104067161520077
0.103433395946305
0.102904332870260
0.102486662857819
0.102185091896106
0.102002262564825
0.101938713572376
0.101992878266198
0.102161121928802
0.102437816905116
0.102815453890063
0.103284787051570
0.103835010083853
0.104453959785623
0.105128343341122
0.105843985148936
0.106586088791694
0.107339509564640
