0.108091947595871
0.108049323075716
0.107934994603137
0.107750461121932
0.107499480122849
0.107188050164949
0.106824324103245
0.106418453703840
0.105982368489564
0.105529493769412
0.105074414795184
0.104632495792739
0.104219464173125
0.103850971487626
0.103542143607054
0.103307133146727
0.103158687303720
0.103107744014146
0.103163068680306
0.103330942678449
0.103614913467668
0.104015614420896
0.104530660541427
0.105154624072981
0.105879091724468
0.106692802882663
0.107581865849733
0.108530046889819
0.109519124769065
0.110529301590716
0.111539659118309
0.112528648493786
0.113474600331191
0.114356241626661
0.115153205785452
0.115846522327704
0.116419073485107
0.116856005916667
0.117145087118590
0.117276997735802
0.117245552847530
0.117047847336808
0.116684322599101
0.116158754031912
0.115478160908075
0.114652642305593
0.113695144685416
0.112621168420849
0.111448422040847
0.110196434116619
0.108886133568501
0.107539409681073
0.106178663282990
0.104826360379135
0.103504599032393
0.102234699506181
0.101036826631354
0.099929652094140
0.098930062902748
0.098052920731151
0.097310875212753
0.096714232618525
0.096270879756082
0.095986261417358
0.095863408327310
0.095903011342587
0.096103536647997
0.096461375922609
0.096971024910279
0.097625283536440
0.098415470660526
0.099331646729678
0.100362837984824
0.101497256439304
0.102722510571335
0.104025802509839
0.105394108410565
0.106814339677181
0.108273483641772
0.109758723244269
0.111257536107393
0.112757774163582
0.114247725629135
0.115716161620600
0.117152370057522
0.118546179689351
0.119887977123969
0.121168719628910
0.122379946237404
0.123513789338331
0.124562988484460
0.125520907642513
0.126381556558705
0.127139616352534
0.127790468906894
0.128330229119949
0.128755778646417
0.129064799402735
0.129255804856918
0.129328166980394
0.129282136710899
0.129118855862721
0.128840358618198
0.128449561032573
0.127950237369064
0.127346982534587
0.126645160388644
0.125850838226035
0.124970708265150
0.124011997484449
0.122982367618297
0.121889807529522
0.120742520502374
0.119548809232456
0.118316961419330
0.117055138887806
0.115771273074059
0.114472969516424
0.113167423695842
0.111861350189215
0.110560926645840
0.109271753590504
0.107998830516981
0.106746548183746
0.105518696481356
0.104318486729081
0.103148586796636
0.102011167052688
0.100907954829659
0.099840294875369
0.098809213143562
0.097815481260453
0.096859679092236
0.095942253023855
0.095063567833483
0.094223950397644
0.093423723873630
0.092663231461334
0.091942849326782
0.091262988754935
0.090624088069925
0.090026595298147
0.089470942936208
0.088957516506900
0.088486618829819
0.088058432090521
0.087672979857788
0.087330091171498
0.087029368706166
0.086770162813470
0.086551552970569
0.086372337822131
0.086231034617492
0.086125888426891
0.086054891090002
0.086015809423906
0.086006221814036
0.086023561946877
0.086065168132244
0.086128336418174
0.086210375532473
0.086308661598271
0.086420690569466
0.086544126415280
0.086676843247297
0.086816959820042
0.086962865137364
0.087113234248667
0.087267033707045
0.087423516569313
0.087582207229347
0.087742876774058
0.087905509919950
0.088070264912549
0.088237428038387
0.088407364599111
0.088580468322102
0.088757111227150
0.088937595932984
0.089122112272769
0.089310699899263
0.089503218306251
0.089699325383888
0.089898465274493
0.090099865916625
0.090302546274336
0.090505332861277
0.090706884801197
0.090905726332213
0.091100285375034
0.091288936556376
0.091470046916841
0.091642022443452
0.091803353553958
0.091952657722614
0.092088717572502
0.092210512961225
0.092317245846467
0.092408357024334
0.092483534173838
0.092542711001233
0.092586057643411
0.092613962845308
0.092627008757908
0.092625939497701
0.092611624853607
0.092585020713941
0.092547127906702
0.092498951197002
0.092441460164174
0.092375553589475
0.092302028827446
0.092221557416959
0.092134667920757
0.092041736676379
0.091942986809188
0.091838495513706
0.091728209266488
0.091611966306520
0.091489525420562
0.091360599813197
0.091224894634621
0.091082146591655
0.090932163984710
0.090774865498389
0.090610316126471
0.090438758730455
0.090260639909671
0.090076629092388
0.089887630031934
0.089694784197953
0.089499465878173
0.089303269137060
0.089107987101038
0.088915584342504
0.088728163404544
0.088547926734230
0.088377135465802
0.088218066609110
0.088072970249151
0.087944028347620
0.087833316658148
0.087742771126781
0.087674159954341
0.087629062255804
0.087608853973699
0.087614701399384
0.087647562340202
0.087708194654969
0.087797171577733
0.087914902972578
0.088061661421533
0.088237611853012
0.088442843277444
0.088677401115242
0.088941318583188
0.089234645649196
0.089557474170175
0.089909957989030
0.090292326977848
0.090704894266389
0.091148056177789
0.091622284695347
0.092128112593174
0.092666111666844
0.093236864785788
0.093840932745598
0.094478817115467
0.095150920445022
0.095857505309380
0.096598653726792
0.097374228477967
0.098183837790437
0.099026804728135
0.099902142450975
0.100808536288848
0.101744333318349
0.102707539849118
0.103695826931365
0.104706543699096
0.105736738076540
0.106783184110015
0.107842414954396
0.108910760351852
0.109984387297879
0.111059342501601
0.112131595216824
0.113197079048412
0.114251731423660
0.115291529556498
0.116312521917718
0.117310854448899
0.118282791011863
0.119224727838642
0.120133202027557
0.121004894407396
0.121836627352297
0.122625358363814
0.123368170434060
0.124062260356463
0.124704926251998
0.125293555624520
0.125825615246771
0.126298644109134
0.126710250538723
0.127058114421834
0.127339995244932
0.127553746416823
0.127697336057538
0.127768874148684
0.127766645647304
0.127689148882223
0.127535138289902
0.127303670316392
0.126994151122433
0.126606384587697
0.126140619023464
0.125597590974190
0.124978564518915
0.124285364572240
0.123520402828441
0.122686695185805
0.121787869724132
0.120828164577636
0.119812415337940
0.118746031926564
0.117634965181618
0.116485663698150
0.115305021734672
0.114100319240015
0.112879155256124
0.111649376106847
0.110418999885187
0.109196138799005
0.107988920927214
0.106805412876714
0.105653544718493
0.104541038425225
0.103475340839990
0.102463561985264
0.101512419283206
0.100628188013118
0.099816658090601
0.099083097025893
0.098432218716046
0.097868157555633
0.097394447220741
0.097014003396549
0.096729109683125
0.096541405928351
0.096451878300054
0.096460850518205
0.096567975816963
0.096772229388329
0.097071901265227
0.097464589822019
0.097947196293858
0.098515920931735
0.099166261606399
0.099893015840988
0.100690287379717
0.101551498480141
0.102469409143089
0.103436144463054
0.104443231190640
0.105481644448117
0.106541865331973
0.107613949877839
0.108687609560796
0.109752303166947
0.110797339511638
0.111811990107576
0.112785610515635
0.113707768755483
0.114568378825334
0.115357837092650
0.116067159081551
0.116688114007810
0.117213354306200
0.117636537363168
0.117952436713204
0.118157040080316
0.118247631844516
0.118222857782278
0.118082770262648
0.117828852467543
0.117464020634962
0.116992603784813
0.116420300865423
0.115754115740850
0.115002270910831
0.114174101303491
0.113279929893251
0.112330927261998
0.111338957531030
0.110316413337745
0.109276042709277
0.108230770792978
0.107193519440551
0.106177027610912
0.105193675460871
