0.022597231247660
0.022649565973131
0.022698776531407
0.022744816968878
0.022787644126263
0.022827217639499
0.022863499936633
0.022896456230840
0.022926054509678
0.022952265520716
0.022975062753656
0.022994422419107
0.023010323424144
0.023022747344845
0.023031678395938
0.023037103397772
0.023039011740757
0.023037395347461
0.023032248632519
0.023023568460525
0.023011354102032
0.022995607187819
0.022976331661532
0.022953533730838
0.022927221817193
0.022897406504360
0.022864100485773
0.022827318510903
0.022787077330722
0.022743395642424
0.022696294033534
0.022645794925529
0.022591922517133
0.022534702727389
0.022474163138643
0.022410332939545
0.022343242868167
0.022272925155315
0.022199413468122
0.022122742853977
0.022042949684851
0.021960071602088
0.021874147461709
0.021785217280291
0.021693322181489
0.021598504343263
0.021500806945884
0.021400274120780
0.021296950900305
0.021190883168467
0.021082117612698
0.020970701676683
0.020856683514304
0.020740111944698
0.020621036408466
0.020499506925023
0.020375574051085
0.020249288840311
0.020120702804081
0.019989867873410
0.019856836362020
0.019721660930555
0.019584394551968
0.019445090478083
0.019303802207345
0.019160583453770
0.019015488117096
0.018868570254127
0.018719884051272
0.018569483798244
0.018417423862905
0.018263758667211
0.018108542664245
0.017951830316276
0.017793676073826
0.017634134355704
0.017473259529989
0.017311105895926
0.017147727666727
0.016983178953254
0.016817513748570
0.016650785913346
0.016483049162098
0.016314357050241
0.016144762961921
0.015974320098604
0.015803081468374
0.015631099875906
0.015458427913072
0.015285117950125
0.015111222127437
0.014936792347742
0.014761880268851
0.014586537296819
0.014410814579528
0.014234763000672
0.014058433174127
0.013881875438687
0.013705139853140
0.013528276191681
0.013351333939618
0.013174362289359
0.012997410136649
0.012820526077015
0.012643758402399
0.012467155097940
0.012290763838872
0.012114631987521
0.011938806590364
0.011763334375142
0.011588261748008
0.011413634790690
0.011239499257680
0.011065900573419
0.010892883829483
0.010720493781762
0.010548774847611
0.010377771102975
0.010207526279465
0.010038083761363
0.009869486582561
0.009701777423392
0.009534998607358
0.009369192097729
0.009204399494018
0.009040662028311
0.008878020561459
0.008716515579130
0.008556187187719
0.008397075110127
0.008239218681404
0.008082656844269
0.007927428144498
0.007773570726191
0.007621122326910
0.007470120272694
0.007320601472936
0.007172602415135
0.007026159159509
0.006881307333479
0.006738082126015
0.006596518281859
0.006456650095623
0.006318511405776
0.006182135588528
0.006047555551617
0.005914803728013
0.005783912069560
0.005654912040540
0.005527834611193
0.005402710251188
0.005279568923053
0.005158440075565
0.005039352637123
0.004922335009082
0.004807415059082
0.004694620114362
0.004583976955073
0.004475511807600
0.004369250337910
0.004265217644921
0.004163438253922
0.004063936110048
0.003966734571822
0.003871856404768
0.003779323775125
0.003689158243646
0.003601380759510
0.003516011654338
0.003433070636343
0.003352576784591
0.003274548543410
0.003199003716932
0.003125959463794
0.003055432291990
0.002987438053895
0.002921991941466
0.002859108481631
0.002798801531864
0.002741084275975
0.002685969220099
0.002633468188907
0.002583592322039
0.002536352070765
0.002491757194882
0.002449816759840
0.002410539134123
0.002373931986863
0.002340002285715
0.002308756294981
0.002280199573998
0.002254336975778
0.002231172645926
0.002210710021822
0.002192951832076
0.002177900096253
0.002165556124878
0.002155920519718
0.002148993174337
0.002144773274931
0.002143259301436
0.002144449028918
0.002148339529233
0.002154927172965
0.002164207631638
0.002176175880200
0.002190826199776
0.002208152180691
0.002228146725765
0.002250802053860
0.002276109703696
0.002304060537916
0.002334644747404
0.002367851855846
0.002403670724528
0.002442089557377
0.002483095906211
0.002526676676236
0.002572818131733
0.002621505901977
0.002672724987350
0.002726459765654
0.002782693998616
0.002841410838581
0.002902592835379
0.002966221943363
0.003032279528604
0.003100746376243
0.003171602697979
0.003244828139687
0.003320401789163
0.003398302183975
0.003478507319415
0.003560994656554
0.003645741130364
0.003732723157927
0.003821916646709
0.003913297002887
0.004006839139726
0.004102517485999
0.004200305994432
0.004300178150171
0.004402106979253
0.004506065057082
0.004612024516885
0.004719957058141
0.004829833954981
0.004941626064533
0.005055303835216
0.005170837314964
0.005288196159372
0.005407349639772
0.005528266651198
0.005650915720270
0.005775265012961
0.005901282342259
0.006028935175701
0.006158190642783
0.006289015542231
0.006421376349127
0.006555239221880
0.006690570009042
0.006827334255944
0.006965497211166
0.007105023832826
0.007245878794669
0.007388026491986
0.007531431047324
0.007676056316008
0.007821865891468
0.007968823110363
0.008116891057510
0.008266032570620
0.008416210244826
0.008567386437015
0.008719523269966
0.008872582636281
0.009026526202122
0.009181315410746
0.009336911485849
0.009493275434713
0.009650368051170
0.009808149918379
0.009966581411432
0.010125622699787
0.010285233749552
0.010445374325614
0.010606003993631
0.010767082121900
0.010928567883110
0.011090420255987
0.011252598026848
0.011415059791076
0.011577763954529
0.011740668734886
0.011903732162960
0.012066912083986
0.012230166158893
0.012393451865592
0.012556726500289
0.012719947178845
0.012883070838207
0.013046054237929
0.013208853961808
0.013371426419653
0.013533727849219
0.013695714318319
0.013857341727142
0.014018565810806
0.014179342142160
0.014339626134859
0.014499373046753
0.014658537983587
0.014817075903066
0.014974941619293
0.015132089807613
0.015288475009895
0.015444051640273
0.015598773991380
0.015752596241106
0.015905472459895
0.016057356618634
0.016208202597137
0.016357964193264
0.016506595132701
0.016654049079428
0.016800279646887
0.016945240409901
0.017088884917339
0.017231166705572
0.017372039312738
0.017511456293831
0.017649371236653
0.017785737778639
0.017920509624572
0.018053640565235
0.018185084496982
0.018314795442275
0.018442727571194
0.018568835223929
0.018693072934268
0.018815395454108
0.018935757778963
0.019054115174516
0.019170423204183
0.019284637757721
0.019396715080861
0.019506611805969
0.019614284983745
0.019719692115935
0.019822791189066
0.019923540709176
0.020021899737553
0.020117827927439
0.020211285561699
0.020302233591432
0.020390633675490
0.020476448220890
0.020559640424075
0.020640174313001
0.020718014790001
0.020793127675397
0.020865479751805
0.020935038809091
0.021001773689930
0.021065654335908
0.021126651834113
0.021184738464163
0.021239887745592
0.021292074485543
0.021341274826685
0.021387466295293
0.021430627849399
0.021470739926942
0.021507784493838
0.021541745091862
0.021572606886270
0.021600356713060
0.021624983125770
0.021646476441713
0.021664828787558
0.021680034144135
0.021692088390362
0.021700989346191
0.021706736814448
0.021709332621466
0.021708780656376
0.021705086908959
0.021698259505923
0.021688308745484
0.021675247130141
0.021659089397497
0.021639852549028
0.021617555876649
0.021592220986970
0.021563871823099
0.021532534683887
0.021498238240465
0.021461013549976
0.021420894066360
0.021377915648080
