0.556605358354516
0.561162240664994
0.566046161209281
0.571255455212960
0.576785397278239
0.582627949164155
0.588771580955217
0.595201175219586
0.601898021026980
0.608839901710417
0.616001277132987
0.623353558083265
0.630865467389186
0.638503479519957
0.646232327938564
0.654015567354778
0.661816176375826
0.669597184902686
0.677322309998799
0.684956583867103
0.692466957995628
0.699822868436154
0.706996748517091
0.713964476996640
0.720705751666548
0.727204380640506
0.733448485926377
0.739430616304888
0.745147768944457
0.750601321498515
0.755796878595012
0.760744038581942
0.765456088093519
0.769949633415339
0.774244178731138
0.778361662117458
0.782325960615487
0.786162375859712
0.789897111599542
0.793556754036530
0.797167765247411
0.800755999106933
0.804346248101310
0.807961828273628
0.811624208304529
0.815352687444285
0.819164125711718
0.823072728494387
0.827089886452995
0.831224070476123
0.835480780371147
0.839862545028943
0.844368970977284
0.848996835547174
0.853740220322346
0.858590680124276
0.863537442500092
0.868567632522098
0.873666517667423
0.878817767612773
0.884003723941720
0.889205675006381
0.894404131499268
0.899579098659704
0.904710341451088
0.909777639485175
0.914761028927557
0.919641029082287
0.924398851813353
0.929016592408079
0.933477400913956
0.937765633380987
0.941866982809690
0.945768589938108
0.949459134295242
0.952928906203497
0.956169860625804
0.959175653926876
0.961941664751323
0.964465000316190
0.966744489475286
0.968780663936867
0.970575729011415
0.972133525231658
0.973459482128981
0.974560565369826
0.975445218357553
0.976123299292002
0.976606014553857
0.976905849147727
0.977036494798724
0.977012776156386
0.976850575418102
0.976566755546933
0.976179082125205
0.975706143761394
0.975167270852314
0.974582452400728
0.973972250499435
0.973357712020469
0.972760276992462
0.972201683112831
0.971703865824664
0.971288853393053
0.970978656441863
0.970795151460899
0.970759957865536
0.970894308285184
0.971218911874774
0.971753810582291
0.972518228466328
0.973530414337067
0.974807478192417
0.976365222133926
0.978217966673864
0.980378373579907
0.982857266646362
0.985663452023737
0.988803539979633
0.992281770196497
0.996099842931856
1.000256758567238
1.004748668248544
1.009568738466114
1.014707032531351
1.020150411973203
1.025882460895875
1.031883436302977
1.038130247299891
1.044596465930097
1.051252372178903
1.058065035390372
1.064998433985281
1.072013614943617
1.079068894025517
1.086120097152028
1.093120842759492
1.100022864283813
1.106776371233861
1.113330446586149
1.119633477489737
1.125633615523279
1.131279262012017
1.136519573206439
1.141304979464913
1.145587711985670
1.149322330118306
1.152466241868334
1.154980209905562
1.156828835214923
1.157981010498590
1.158410335561846
1.158095487199748
1.157020536552417
1.155175207512288
1.152555070546394
1.149161667228751
1.145002561854656
1.140091317708323
1.134447396860504
1.128095983755657
1.121067734281056
1.113398453460179
1.105128706345437
1.096303368064838
1.086971120266246
1.077183902365728
1.066996327008759
1.056465069961458
1.045648245237934
1.034604776613745
1.023393776759804
1.012073945043812
1.000702994586937
0.989337118435852
0.978030503729708
0.966834901529426
0.955799258563411
0.944969415565814
0.934387875185700
0.924093640674259
0.914122124766805
0.904505126418949
0.895270871386775
0.886444111111451
0.878046273027169
0.870095654301585
0.862607650174991
0.855595007515742
0.849068093972531
0.843035173184453
0.837502676904129
0.832475465580378
0.827957069909277
0.823949907058254
0.820455466652465
0.817474463132317
0.815006952687913
0.813052414588647
0.811609798291391
0.810677539167887
0.810253546983172
0.810335172331027
0.810919157046024
0.812001575131501
0.813577770946442
0.815642301272688
0.818188887440737
0.821210382944401
0.824698760952113
0.828645124867814
0.833039743659513
0.837872112121340
0.843131034633262
0.848804729404043
0.854880948702043
0.861347109266276
0.868190426014361
0.875398041384044
0.882957142207873
0.890855055963565
0.899079318582357
0.907617706739943
0.916458228681032
0.925589069109129
0.934998485455670
0.944674654862088
0.954605473386677
0.964778311194727
0.975179729711535
0.985795168814660
0.996608614019609
1.007602255182497
1.018756149427147
1.030047901738856
1.041452376908697
1.052941456236801
1.064483851607910
1.076044988259843
1.087586965816549
1.099068605015115
1.110445585100325
1.121670674182714
1.132694052058866
1.143463722180909
1.153926006739372
1.164026116289000
1.173708783087640
1.182918945407702
1.191602468575733
1.199706887434622
1.207182154325297
1.213981376548995
1.220061527579551
1.225384117014934
1.229915805342161
1.233628950985542
1.236502078755328
1.238520260649191
1.239675401923046
1.239966427382334
1.239399364899074
1.237987325188722
1.235750378847018
1.232715333519713
1.228915415833682
1.224389864336143
1.219183441155634
1.213345871398246
1.206931220415091
1.199997220008211
1.192604555369558
1.184816125058936
1.176696286608565
1.168310100383137
1.159722584117102
1.150997990091259
1.142199116200882
1.133386661217503
1.124618633374136
1.115949820036109
1.107431324692698
1.099110175861412
1.091029010787319
1.083225835097323
1.075733857889385
1.068581400153013
1.061791872979653
1.055383820772065
1.049371023634676
1.043762652343739
1.038563468768424
1.033774064339245
1.029391129126609
1.025407744275344
1.021813690910623
1.018595769149039
1.015738121476033
1.013222555446866
1.011028861394934
1.009135121554694
1.007518007698627
1.006153065028803
1.005014980638674
1.004077835365375
1.003315338284992
1.002701043469016
1.002208548927120
1.001811677919465
1.001484643041107
1.001202193670357
1.000939747539052
1.000673507329456
1.000380563330563
1.000038983294642
0.999627890718309
0.999127532826980
0.998519339560699
0.997785974839514
0.996911381323459
0.995880819775804
0.994680903989996
0.993299632054770
0.991726414516348
0.989952099759299
0.987968996680467
0.985770894483100
0.983353079183349
0.980712346207465
0.977847008274483
0.974756897612151
0.971443361447715
0.967909249652018
0.964158893395170
0.960198073694125
0.956033978793176
0.951675149415791
0.947131411056062
0.942413792637484
0.937534431053602
0.932506461315837
0.927343892268197
0.922061468083807
0.916674516033667
0.911198781311381
0.905650250006534
0.900044961640625
0.894398813008073
0.888727355395636
0.883045587578780
0.877367747305649
0.871707104268851
0.866075757822746
0.860484442919071
0.854942347897206
0.849456947867054
0.844033857454469
0.838676706633213
0.833387043238331
0.828164265537951
0.823005587932324
0.817906042448904
0.812858518211863
0.807853840487474
0.802880890248887
0.797926764472973
0.792976976589231
0.788015695658575
0.783026021984130
0.777990295964388
0.772890436110572
0.767708301286875
0.762426071416735
0.757026640154440
0.751494012372817
0.745813698788624
0.739973099659615
0.733961869261854
0.727772252811030
0.721399387641060
0.714841560808547
0.708100415856879
0.701181102250434
0.694092361970092
0.686846548935208
0.679459578264841
0.671950803888303
0.664342824630250
0.656661220592352
0.648934223390216
0.641192325534845
0.633467835923642
0.625794389976454
0.618206424366675
0.610738627506596
0.603425377903934
0.596300183171667
0.589395132810896
0.582740377870397
0.576363650199857
0.570289833250405
