0.667460116913289
0.662550891833409
0.657635735000955
0.652716135994835
0.647793553188522
0.642869412844820
0.637945108232573
0.633021998768622
0.628101409188300
0.623184628748086
0.618272910464120
0.613367470391002
0.608469486944630
0.603580100273944
0.598700411685581
0.593831483126257
0.588974336727200
0.584129954414996
0.579299277593323
0.574483206899514
0.569682602039948
0.564898281707889
0.560131023586986
0.555381564443459
0.550650600309422
0.545938786759326
0.541246739281150
0.536575033743180
0.531924206956956
0.527294757336079
0.522687145650034
0.518101795871819
0.513539096117026
0.508999399671870
0.504483026106678
0.499990262470947
0.495521364565287
0.491076558285199
0.486656041030722
0.482259983175934
0.477888529591289
0.473541801211766
0.469219896643097
0.464922893798173
0.460650851555360
0.456403811430230
0.452181799252094
0.447984826836581
0.443812893645412
0.439665988424710
0.435544090813066
0.431447172910972
0.427375200803212
0.423328136026347
0.419305936973539
0.415308560229588
0.411335961829353
0.407388098433324
0.403464928414743
0.399566412853087
0.395692516429636
0.391843208221299
0.388018462389772
0.384218258763665
0.380442583312161
0.376691428509385
0.372964793589540
0.369262684693546
0.365585114908757
0.361932104204048
0.358303679263211
0.354699873220520
0.351120725302708
0.347566280382501
0.344036588449296
0.340531704003191
0.337051685379062
0.333596594007842
0.330166493622587
0.326761449417194
0.323381527166025
0.320026792312786
0.316697309037306
0.313393139308826
0.310114341934605
0.306860971612412
0.303633077995610
0.300430704779201
0.297253888815101
0.294102659264601
0.290977036795626
0.287877032832102
0.284802648862229
0.281753875812030
0.278730693490064
0.275733070108547
0.272760961885648
0.269814312733059
0.266893054032304
0.263997104502603
0.261126370162466
0.258280744386460
0.255460108057973
0.252664329818048
0.249893266409763
0.247146763116885
0.244424654294958
0.241726763992252
0.239052906657520
0.236402887930780
0.233776505512914
0.231173550109285
0.228593806442114
0.226037054325911
0.223503069799866
0.220991626310751
0.218502495939551
0.216035450664824
0.213590263655532
0.211166710585963
0.208764570965219
0.206383629473708
0.204023677299035
0.201684513463765
0.199365946137547
0.197067793926308
0.194789887131303
0.192532068971087
0.190294196759721
0.188076143034811
0.185877796629288
0.183699063681270
0.181539868576654
0.179400154819576
0.177279885826293
0.175179045638507
0.173097639552640
0.171035694662067
0.168993260309817
0.166970408449758
0.164967233914833
0.162983854591378
0.161020411499127
0.159077068776951
0.157154013574965
0.155251455854016
0.153369628094139
0.151508784913949
0.149669202603401
0.147851178572782
0.146055030721119
0.144281096727632
0.142529733270116
0.140801315174509
0.139096234500107
0.137414899565177
0.135757733917921
0.134125175257890
0.132517674313111
0.130935693678320
0.129379706619712
0.127850195851727
0.126347652291356
0.124872573795454
0.123425463886486
0.122006830472056
0.120617184563474
0.119257038998443
0.117926907172850
0.116627301786395
0.115358733606640
0.114121710255817
0.112916735024484
0.111744305715883
0.110604913524560
0.109499041952555
0.108427165766142
0.107389749995835
0.106387248982071
0.105420105468638
0.104488749745665
0.103593598843643
0.102735055779668
0.101913508856796
0.101129331017095
0.100382879248736
0.099674494047138
0.099004498929982
0.098373200005617
0.097780885594186
0.097227825900536
0.096714272737838
0.096240459300595
0.095806599985600
0.095412890259230
0.095059506569350
0.094746606299956
0.094474327766662
0.094242790250979
0.094052094071358
0.093902320688856
0.093793532845354
0.093725774732165
0.093699072186954
0.093713432916877
0.093768846745938
0.093865285884564
0.094002705219527
0.094181042622390
0.094400219274768
0.094660140008769
0.094960693661154
0.095301753439780
0.095683177301107
0.096104808337604
0.096566475174067
0.097067992371954
0.097609160841006
0.098189768257516
0.098809589488766
0.099468387023235
0.100165911406341
0.100901901681543
0.101676085836759
0.102488181256128
0.103337895177263
0.104224925154142
0.105148959525947
0.106109677892102
0.107106751593883
0.108139844202961
0.109208612017243
0.110312704564405
0.111451765113472
0.112625431194791
0.113833335128695
0.115075104563103
0.116350363020258
0.117658730452707
0.118999823808552
0.120373257605912
0.121778644516447
0.123215595957625
0.124683722693374
0.126182635442592
0.127711945494840
0.129271265332464
0.130860209258221
0.132478394027334
0.134125439482811
0.135800969192681
0.137504611087692
0.139235998097876
0.140994768786286
0.142780567978045
0.144593047382799
0.146431866208508
0.148296691764466
0.150187200051343
0.152103076335959
0.154044015708494
0.156009723619750
0.157999916396090
0.160014321729678
0.162052679141596
0.164114740415548
0.166200269999795
0.168309045375059
0.170440857386294
0.172595510536169
0.174772823238366
0.176972628028814
0.179194771733216
0.181439115589318
0.183705535322597
0.185993921174211
0.188304177880260
0.190636224601632
0.192989994803980
0.195365436087477
0.197762509966462
0.200181191599113
0.202621469467724
0.205083345010306
0.207566832204593
0.210071957105716
0.212598757339115
0.215147281550539
0.217717588815179
0.220309748008282
0.222923837139827
0.225559942656013
0.228218158710647
0.230898586409550
0.233601333031466
0.236326511228998
0.239074238213283
0.241844634926281
0.244637825204595
0.247453934938884
0.250293091232926
0.253155421566532
0.256041052966348
0.258950111188766
0.261882719918967
0.264838999990095
0.267819068626557
0.270823038715114
0.273851018107533
0.276903108958180
0.279979407099867
0.283080001460981
0.286204973526721
0.289354396846924
0.292528336592825
0.295726849164565
0.298949981851189
0.302197772544350
0.305470249506675
0.308767431195343
0.312089326141154
0.315435932882834
0.318807239956121
0.322203225936642
0.325623859535342
0.329069099744792
0.332538896034311
0.336033188591603
0.339551908608094
0.343094978605015
0.346662312796782
0.350253817488129
0.353869391500985
0.357508926627009
0.361172308101392
0.364859415093306
0.368570121208403
0.372304294998339
0.376061800472561
0.379842497607165
0.383646242845921
0.387472889588336
0.391322288659799
0.395194288758849
0.399088736876797
0.403005478684962
0.406944358885084
0.410905221518567
0.414887910230570
0.418892268485106
0.422918139727688
0.426965367492402
0.431033795450529
0.435123267398370
0.439233627182116
0.443364718558250
0.447516384988130
0.451688469366069
0.455880813680481
0.460093258608236
0.464325643042727
0.468577803556598
0.472849573800608
0.477140783840413
0.481451259433502
0.485780821248997
0.490129284033334
0.494496455725135
0.498882136523141
0.503286117911148
0.507708181644320
0.512148098701458
0.516605628207987
0.521080516334734
0.525572495177547
0.530081281623077
0.534606576206025
0.539148061963248
0.543705403290076
0.548278244804226
0.552866210222523
0.557468901255678
0.562085896526021
0.566716750513206
0.571360992532323
0.576018125748984
0.580687626235470
0.585368942071691
0.590061492494658
0.594764667099553
0.599477825095254
0.604200294616927
0.608931372097639
0.613670321700952
0.618416374815689
0.623168729614047
0.627926550673564
0.632688968663299
0.637455080094163
0.642223947132915
0.646994597479241
