0.016253244794239
0.016441932710330
0.016645236929730
0.016860672728289
0.017085940829663
0.017318938501421
0.017557766640198
0.017800733172446
0.018046353170628
0.018293346119159
0.018540630761110
0.018787317920028
0.019032701628584
0.019276248816848
0.019517587728511
0.019756495154538
0.019992882510474
0.020226780744168
0.020458324050415
0.020687732389986
0.020915292861418
0.021141340049988
0.021366235571882
0.021590347133027
0.021814027520477
0.022037594028795
0.022261308884614
0.022485361261738
0.022709851471596
0.022934777868015
0.023160026922682
0.023385366813542
0.023610444730527
0.023834787951381
0.024057808586032
0.024278811742052
0.024497006736387
0.024711520877975
0.024921415277674
0.025125702108706
0.025323362741814
0.025513366210975
0.025694687521611
0.025866325385784
0.026027319049223
0.026176763954301
0.026313826053812
0.026437754646534
0.026547893643896
0.026643691196615
0.026724707613110
0.026790621491996
0.026841233975237
0.026876471013657
0.026896383529794
0.026901145370825
0.026891048971370
0.026866498694681
0.026828001890860
0.026776157798957
0.026711644520349
0.026635204395683
0.026547628217333
0.026449738794153
0.026342374445781
0.026226373032347
0.026102557116801
0.025971720809073
0.025834618755275
0.025691957615918
0.025544390232702
0.025392512524295
0.025236862989962
0.025077924548461
0.024916128310547
0.024751858786990
0.024585459977890
0.024417241777445
0.024247486161573
0.024076452700269
0.023904383045228
0.023731504175794
0.023558030330833
0.023384163697332
0.023210094055994
0.023035997688355
0.022862035920350
0.022688353708317
0.022515078663361
0.022342320860897
0.022170173699697
0.021998715967455
0.021828015148429
0.021658131884840
0.021489125388940
0.021321059507382
0.021154009071874
0.020988066135308
0.020823345692532
0.020659990518150
0.020498174815524
0.020338106454231
0.020180027668642
0.020024214188263
0.019870972861503
0.019720637910482
0.019573566009186
0.019430130407459
0.019290714328443
0.019155703849909
0.019025480445474
0.018900413317252
0.018780851605126
0.018667116518025
0.018559493406693
0.018458223791116
0.018363497372121
0.018275444095867
0.018194126398901
0.018119531834392
0.018051566358731
0.017990048632075
0.017934705746252
0.017885170828818
0.017840982974765
0.017801589921743
0.017766353808325
0.017734560239223
0.017705430731576
0.017678138441335
0.017651826879712
0.017625631140378
0.017598700982632
0.017570224968096
0.017539454740593
0.017505728480196
0.017468492558512
0.017427320474771
0.017381928258247
0.017332185675185
0.017278122767116
0.017219931459446
0.017157962199731
0.017092715799664
0.017024830849615
0.016955067238181
0.016884286433213
0.016813429260253
0.016743491948601
0.016675501207052
0.016610489047074
0.016549467999445
0.016493407281422
0.016443210376014
0.016399694392654
0.016363571497872
0.016335432640910
0.016315733755448
0.016304784594089
0.016302740343578
0.016309596169998
0.016325184846818
0.016349177616373
0.016381088419383
0.016420281590774
0.016465983059393
0.016517295002626
0.016573213796696
0.016632650974453
0.016694456763131
0.016757445634897
0.016820423174858
0.016882213466021
0.016941686119468
0.016997782049138
0.017049537109913
0.017096102786829
0.017136763240276
0.017170948170701
0.017198241156980
0.017218383332746
0.017231272480241
0.017236957826950
0.017235631012176
0.017227613836684
0.017213343509494
0.017193356156299
0.017168269352789
0.017138764396371
0.017105568938410
0.017069440476450
0.017031151064252
0.016991473450548
0.016951168718349
0.016910975377364
0.016871599771919
0.016833707611767
0.016797916415585
0.016764788675093
0.016734825596387
0.016708461345901
0.016686057811215
0.016667899970197
0.016654192034844
0.016645054588742
0.016640522962132
0.016640547081707
0.016644992993002
0.016653646184311
0.016666216748751
0.016682346314340
0.016701616561222
0.016723559041880
0.016747665934962
0.016773401305338
0.016800212418731
0.016827540671908
0.016854831748488
0.016881544691810
0.016907159692546
0.016931184509686
0.016953159567566
0.016972661886433
0.016989308098170
0.017002756862669
0.017012711026988
0.017018919855852
0.017021181608755
0.017019346650716
0.017013321168738
0.017003071435282
0.016988628426347
0.016970092478564
0.016947637569658
0.016921514740655
0.016892054154160
0.016859665305045
0.016824834968022
0.016788122576546
0.016750152871283
0.016711605822687
0.016673204007745
0.016635697791267
0.016599848813321
0.016566412404157
0.016536119626611
0.016509659677530
0.016487663362212
0.016470688291575
0.016459206346898
0.016453593821219
0.016454124491681
0.016460965716569
0.016474177497686
0.016493714314972
0.016519429435611
0.016551081330607
0.016588341800724
0.016630805419580
0.016677999939676
0.016729397369278
0.016784425504323
0.016842479778469
0.016902935365061
0.016965159517180
0.017028524158555
0.017092418734550
0.017156263297900
0.017219521741378
0.017281715005560
0.017342433993786
0.017401351829489
0.017458235005651
0.017512952913788
0.017565485210965
0.017615926495148
0.017664487815759
0.017711494647417
0.017757381096226
0.017802680281284
0.017848011027877
0.017894061209143
0.017941568264870
0.017991297594635
0.018044019654461
0.018100486670754
0.018161409915647
0.018227438461137
0.018299140247494
0.018376986170473
0.018461337721942
0.018552438522641
0.018650409878679
0.018755250290387
0.018866838657664
0.018984940772439
0.019109218575513
0.019239241587291
0.019374499900986
0.019514418149702
0.019658369918735
0.019805692161617
0.019955699281196
0.020107696642943
0.020260993384654
0.020414914464670
0.020568811941892
0.020722075501309
0.020874142227971
0.021024505593940
0.021172723563439
0.021318425650911
0.021461318695944
0.021601191059869
0.021737914911974
0.021871446267749
0.022001822473248
0.022129156900859
0.022253630730713
0.022375481832918
0.022494990929260
0.022612465386913
0.022728221166818
0.022842563601387
0.022955767796173
0.023068059526511
0.023179597524434
0.023290458018855
0.023400622303250
0.023509967964450
0.023618264222618
0.023725171618508
0.023830246054706
0.023932946968988
0.024032649206340
0.024128657976340
0.024220226146372
0.024306573036943
0.024386903857111
0.024460428945091
0.024526382056433
0.024584037060813
0.024632722556403
0.024671834074297
0.024700843710034
0.024719307171357
0.024726868359265
0.024723261694593
0.024708312459770
0.024681935444322
0.024644132166213
0.024594986895997
0.024534661646632
0.024463390219868
0.024381471332393
0.024289260792328
0.024187162668705
0.024075619399334
0.023955100818871
0.023826092157684
0.023689081158080
0.023544544569052
0.023392934402574
0.023234664450628
0.023070097659237
0.022899535021348
0.022723206674169
0.022541265861471
0.022353786344410
0.022160763717045
0.021962120910970
0.021757717967325
0.021547365927455
0.021330844461384
0.021107922632728
0.020878382006165
0.020642041153477
0.020398780518088
0.020148566563351
0.019891474159356
0.019627706254689
0.019357610026403
0.019081688892576
0.018800609992966
0.018515206978302
0.018226478180857
0.017935580452167
0.017643819134213
0.017352634767445
0.017063587226071
0.016778338005974
0.016498631375743
0.016226275043217
0.015963120898332
0.015711046280273
0.015471936096077
0.015247666002126
0.015040086760790
0.014851009811031
0.014682194049468
0.014535333808996
