0.003001926419230
0.003001928419524
0.003001930409492
0.003001932389139
0.003001934358481
0.003001936317533
0.003001938266320
0.003001940204866
0.003001942133197
0.003001944051335
0.003001945959300
0.003001947857104
0.003001949744754
0.003001951622247
0.003001953489579
0.003001955346737
0.003001957193710
0.003001959030485
0.003001960857050
0.003001962673393
0.003001964479506
0.003001966275381
0.003001968061012
0.003001969836396
0.003001971601531
0.003001973356422
0.003001975101077
0.003001976835509
0.003001978559736
0.003001980273782
0.003001981977670
0.003001983671425
0.003001985355071
0.003001987028623
0.003001988692095
0.003001990345490
0.003001991988807
0.003001993622038
0.003001995245173
0.003001996858200
0.003001998461106
0.003002000053877
0.003002001636503
0.003002003208973
0.003002004771280
0.003002006323416
0.003002007865378
0.003002009397165
0.003002010918780
0.003002012430232
0.003002013931535
0.003002015422708
0.003002016903773
0.003002018374754
0.003002019835676
0.003002021286560
0.003002022727423
0.003002024158273
0.003002025579116
0.003002026989948
0.003002028390762
0.003002029781548
0.003002031162292
0.003002032532981
0.003002033893602
0.003002035244144
0.003002036584594
0.003002037914946
0.003002039235190
0.003002040545322
0.003002041845343
0.003002043135255
0.003002044415067
0.003002045684794
0.003002046944455
0.003002048194072
0.003002049433670
0.003002050663272
0.003002051882897
0.003002053092561
0.003002054292274
0.003002055482037
0.003002056661848
0.003002057831698
0.003002058991577
0.003002060141471
0.003002061281367
0.003002062411251
0.003002063531110
0.003002064640932
0.003002065740707
0.003002066830426
0.003002067910084
0.003002068979679
0.003002070039212
0.003002071088690
0.003002072128124
0.003002073157525
0.003002074176907
0.003002075186280
0.003002076185645
0.003002077174993
0.003002078154294
0.003002079123495
0.003002080082512
0.003002081031215
0.003002081969421
0.003002082896872
0.003002083813204
0.003002084717916
0.003002085610313
0.003002086489438
0.003002087353968
0.003002088202089
0.003002089031310
0.003002089838230
0.003002090618211
0.003002091364952
0.003002092069924
0.003002092721610
0.003002093304517
0.003002093797873
0.003002094173926
0.003002094395727
0.003002094414262
0.003002094164746
0.003002093561858
0.003002092493643
0.003002090813723
0.003002088331417
0.003002084799236
0.003002079897134
0.003002073212755
0.003002064216777
0.003002052232266
0.003002036396757
0.003002015615564
0.003001988504559
0.003001953320381
0.003001907875754
0.003001849437238
0.003001774602438
0.003001679153338
0.003001557882077
0.003001404385224
0.003001210822262
0.003000967633881
0.003000663215475
0.003000283541366
0.002999811735380
0.002999227583907
0.002998506988204
0.002997621353745
0.002996536915825
0.002995214002441
0.002993606237832
0.002991659692904
0.002989311992247
0.002986491391485
0.002983115843352
0.002979092076130
0.002974314713797
0.002968665473403
0.002962012481585
0.002954209758608
0.002945096924591
0.002934499188325
0.002922227683995
0.002908080224645
0.002891842543055
0.002873290090176
0.002852190457991
0.002828306487056
0.002801400108607
0.002771236956547
0.002737591765584
0.002700254548138
0.002659037514387
0.002613782667268
0.002564369967950
0.002510725927982
0.002452832443325
0.002390735643999
0.002324554493168
0.002254488832913
0.002180826543181
0.002103949457674
0.002024337668280
0.001942571850367
0.001859333256904
0.001775401061784
0.001691646782946
0.001609025584507
0.001528564343679
0.001451346471475
0.001378493593674
0.001311144326845
0.001250430518878
0.001197451459037
0.001153246692839
0.001118768195333
0.001094852755627
0.001082195498962
0.001081325513979
0.001092584556685
0.001116109765070
0.001151821237106
0.001199415199871
0.001258363330915
0.001327918589308
0.001407127680070
0.001494850020954
0.001589782815976
0.001690491577903
0.001795445195432
0.001903054423063
0.002011712495236
0.002119836442062
0.002225907620543
0.002328509978335
0.002426364639044
0.002518359537379
0.002603573033855
0.002681290693163
0.002751014705618
0.002812465752290
0.002865577444981
0.002910483794598
0.002947500458543
0.002977100773693
0.002999887782854
0.003016563599030
0.003027897517082
0.003034694274268
0.003037763782049
0.003037893507993
0.003035824488724
0.003032231716054
0.003027709373809
0.003022761128920
0.003017795413230
0.003013125387309
0.003008973067351
0.003005476931144
0.003002702205750
0.003000652981136
0.002999285289634
0.002998520336992
0.002998257159588
0.002998384104976
0.002998788678486
0.002999365455630
0.003000021917388
0.003000682212857
0.003001288982509
0.003001803478953
0.003002204296422
0.003002485063559
0.003002651467004
0.003002717958766
0.003002704462625
0.003002633339812
0.003002526808041
0.003002404937347
0.003002284276986
0.003002177105219
0.003002091242213
0.003002030328188
0.003001994445628
0.003001980955636
0.003001985423022
0.003002002520006
0.003002026821497
0.003002053432410
0.003002078416045
0.003002099019251
0.003002113712510
0.003002122079568
0.003002124601116
0.003002122380155
0.003002116853985
0.003002109530371
0.003002101775047
0.003002094666036
0.003002088918845
0.003002084876861
0.003002082554033
0.003002081712746
0.003002081958625
0.003002082835485
0.003002083907080
0.003002084816949
0.003002085322553
0.003002085304404
0.003002084754411
0.003002083749837
0.003002082420077
0.003002080913048
0.003002079366541
0.003002077888016
0.003002076544156
0.003002075359705
0.003002074323630
0.003002073399918
0.003002072540093
0.003002071694907
0.003002070823353
0.003002069898029
0.003002068906758
0.003002067851019
0.003002066742242
0.003002065597145
0.003002064433203
0.003002063265081
0.003002062102481
0.003002060949482
0.003002059805152
0.003002058665000
0.003002057522790
0.003002056372261
0.003002055208425
0.003002054028281
0.003002052830943
0.003002051617285
0.003002050389307
0.003002049149414
0.003002047899792
0.003002046641985
0.003002045376719
0.003002044103958
0.003002042823104
0.003002041533286
0.003002040233628
0.003002038923451
0.003002037602383
0.003002036270360
0.003002034927560
0.003002033574292
0.003002032210882
0.003002030837588
0.003002029454544
0.003002028061760
0.003002026659146
0.003002025246557
0.003002023823847
0.003002022390900
0.003002020947659
0.003002019494125
0.003002018030345
0.003002016556392
0.003002015072343
0.003002013578260
0.003002012074185
0.003002010560131
0.003002009036092
0.003002007502048
0.003002005957975
0.003002004403847
0.003002002839645
0.003002001265353
0.003001999680956
0.003001998086442
0.003001996481791
0.003001994866985
0.003001993242001
0.003001991606817
0.003001989961415
0.003001988305783
0.003001986639915
0.003001984963816
0.003001983277499
0.003001981580981
0.003001979874286
0.003001978157436
0.003001976430452
0.003001974693352
0.003001972946148
0.003001971188848
0.003001969421452
0.003001967643955
0.003001965856347
0.003001964058614
0.003001962250735
0.003001960432688
0.003001958604449
0.003001956765990
0.003001954917286
0.003001953058312
0.003001951189049
0.003001949309482
0.003001947419603
0.003001945519412
0.003001943608915
0.003001941688125
0.003001939757061
0.003001937815742
0.003001935864192
0.003001933902428
0.003001931930469
0.003001929948327
0.003001927956007
