0.016237934063300
0.016422080420230
0.016621164893781
0.016832727338535
0.017054484525941
0.017284341434408
0.017520399070886
0.017760959078907
0.018004525418650
0.018249803407062
0.018495696384619
0.018741300235944
0.018985895941951
0.019228940289611
0.019470054820023
0.019709013063379
0.019945726096220
0.020180226465421
0.020412650555464
0.020643219529043
0.020872219041588
0.021099978011732
0.021326846814217
0.021553175340954
0.021779291441284
0.022005480296755
0.022231965302728
0.022458891015396
0.022686308677072
0.022914164756436
0.023142292838017
0.023370409072784
0.023598111267375
0.023824881552126
0.024050092436747
0.024273015945633
0.024492835429371
0.024708659580043
0.024919538138040
0.025124478767282
0.025322464591697
0.025512471923931
0.025693487771491
0.025864526768835
0.026024647249182
0.026172966230522
0.026308673141178
0.026431042148025
0.026539442973735
0.026633350099251
0.026712350247008
0.026776148033950
0.026824569676640
0.026857564629842
0.026875205050232
0.026877683002752
0.026865305371005
0.026838486495308
0.026797738640370
0.026743660484693
0.026676923919084
0.026598259534473
0.026508441260852
0.026408270681427
0.026298561581711
0.026180125296922
0.026053757389869
0.025920226125498
0.025780263110600
0.025634556343758
0.025483745779943
0.025328421366398
0.025169123362674
0.025006344628940
0.024840534462935
0.024672103495146
0.024501429119419
0.024328860944307
0.024154725797958
0.023979331901683
0.023802971937268
0.023625924860920
0.023448456451533
0.023270818711296
0.023093248351616
0.022915964687542
0.022739167322268
0.022563034025522
0.022387719194729
0.022213353237863
0.022040043136956
0.021867874348837
0.021696914084145
0.021527215887019
0.021358825326310
0.021191786513721
0.021026149092442
0.020861975296706
0.020699346670558
0.020538370052673
0.020379182480100
0.020221954732001
0.020066893317736
0.019914240804118
0.019764274466124
0.019617303326628
0.019473663717691
0.019333713544685
0.019197825463423
0.019066379189975
0.018939753156073
0.018818315704397
0.018702415993504
0.018592374757865
0.018488475050404
0.018390953087670
0.018299989324553
0.018215699906896
0.018138128685027
0.018067240015202
0.018002912623306
0.017944934848737
0.017893001618191
0.017846713511557
0.017805578268802
0.017769015043040
0.017736361629168
0.017706884790558
0.017679793672761
0.017654256140124
0.017629417708473
0.017604422585867
0.017578436185932
0.017550668356236
0.017520396477715
0.017486987548260
0.017449918368989
0.017408793006456
0.017363356805547
0.017313506369755
0.017259295098636
0.017200934064975
0.017138788213689
0.017073368057834
0.017005317222220
0.016935396332038
0.016864463855210
0.016793454578862
0.016723356431757
0.016655186358443
0.016589965912859
0.016528697176950
0.016472339532543
0.016421787731577
0.016377851629445
0.016341237875764
0.016312533801077
0.016292193699076
0.016280527681229
0.016277693270983
0.016283689902649
0.016298356488899
0.016321372213140
0.016352260681883
0.016390397531892
0.016435021523744
0.016485249066291
0.016540092007465
0.016598478400618
0.016659275819791
0.016721316661426
0.016783424745082
0.016844442422629
0.016903257334614
0.016958827922392
0.017010206821062
0.017056561323383
0.017097190217447
0.017131536455375
0.017159195297991
0.017179917789405
0.017193609631862
0.017200325740547
0.017200260945651
0.017193737462451
0.017181189859036
0.017163148309345
0.017140220923875
0.017113075903782
0.017082424172360
0.017049003010775
0.017013561074945
0.016976845011681
0.016939587738886
0.016902498320060
0.016866253258495
0.016831488969067
0.016798795159233
0.016768708865170
0.016741708939377
0.016718210864371
0.016698561862361
0.016683036370732
0.016671832045009
0.016665066523268
0.016662775229326
0.016664910500491
0.016671342297053
0.016681860686838
0.016696180205125
0.016713946076842
0.016734742165987
0.016758100398999
0.016783511306901
0.016810435256253
0.016838313899505
0.016866581375968
0.016894674835713
0.016922043936827
0.016948159073925
0.016972518222109
0.016994652412875
0.017014129983406
0.017030559845195
0.017043594091237
0.017052930294939
0.017058313844694
0.017059540605858
0.017056460111617
0.017048979364480
0.017037067192880
0.017020758966415
0.017000161343158
0.016975456617022
0.016946906164052
0.016914852462165
0.016879719183585
0.016842008932778
0.016802298320408
0.016761230216561
0.016719503202272
0.016677858422483
0.016637064220923
0.016597899093095
0.016561133614801
0.016527512080598
0.016497734613377
0.016472440481317
0.016452193284903
0.016437468561471
0.016428644208417
0.016425993961698
0.016429683997416
0.016439772565049
0.016456212423526
0.016478855745573
0.016507461087969
0.016541701997833
0.016581176836295
0.016625419445378
0.016673910353222
0.016726088296243
0.016781361922663
0.016839121618798
0.016898751457162
0.016959641296517
0.017021199063773
0.017082863215564
0.017144115316413
0.017204492587209
0.017263600181717
0.017321122851357
0.017376835571743
0.017430612640136
0.017482434721176
0.017532393326507
0.017580692265962
0.017627645703910
0.017673672589923
0.017719287400067
0.017765087312589
0.017811736136157
0.017859945495297
0.017910453942026
0.017964004791763
0.018021323565081
0.018083095947931
0.018149947158870
0.018222423534331
0.018300977017965
0.018385953077293
0.018477582382753
0.018575976385034
0.018681126731014
0.018792908280592
0.018911085338136
0.019035320602039
0.019165186269188
0.019300176709152
0.019439722142640
0.019583202813911
0.019729963227817
0.019879326117948
0.020030605911032
0.020183121542860
0.020336208553037
0.020489230432584
0.020641589216190
0.020792735299645
0.020942176426079
0.021089485729046
0.021234308655235
0.021376368525555
0.021515470441517
0.021651503214497
0.021784438996835
0.021914330331123
0.022041304409306
0.022165554444050
0.022287328195378
0.022406913856316
0.022524623670227
0.022640775816033
0.022755675241560
0.022869594236815
0.022982753607087
0.023095305322622
0.023207317483475
0.023318762345448
0.023429508010882
0.023539314205382
0.023647832350739
0.023754609919989
0.023859098838486
0.023960667490554
0.024058615718736
0.024152192073116
0.024240612489453
0.024323079550333
0.024398801512452
0.024467010360319
0.024526978263362
0.024578031958109
0.024619564736361
0.024651045880534
0.024672027535392
0.024682149130296
0.024681139559585
0.024668817386126
0.024645089353575
0.024609947479497
0.024563464960481
0.024505791060846
0.024437145089023
0.024357809501496
0.024268122123730
0.024168467449590
0.024059266981458
0.023940968605162
0.023814035055994
0.023678931619743
0.023536113317834
0.023386011937761
0.023229023376897
0.023065495856963
0.022895719626237
0.022719918787297
0.022538245863091
0.022350779640655
0.022157526711084
0.021958426962221
0.021753363086426
0.021542173952401
0.021324671472468
0.021100660390530
0.020869960236799
0.020632428556788
0.020387984434874
0.020136631303741
0.019878478062652
0.019613757617357
0.019342842095816
0.019066254175844
0.018784674169724
0.018498942731013
0.018210059264308
0.017919176314483
0.017627590374887
0.017336729674688
0.017048139578107
0.016763466251648
0.016484439232569
0.016212853469842
0.015950551317914
0.015699404855946
0.015461298793961
0.015238114125108
0.015031712600865
0.014843922051606
0.014676522552966
0.014531233449491
