0.002109306187007
0.002109433175508
0.002109560195980
0.002109686873222
0.002109812703471
0.002109937086956
0.002110059373823
0.002110178919347
0.002110295143322
0.002110407587965
0.002110515968644
0.002110620212242
0.002110720479044
0.002110817165463
0.002110910886697
0.002111002440298
0.002111092753470
0.002111182818558
0.002111273622373
0.002111366075768
0.002111460949915
0.002111558825257
0.002111660057925
0.002111764766801
0.002111872842384
0.002111983976436
0.002112097709275
0.002112213489687
0.002112330741044
0.002112448926452
0.002112567605711
0.002112686477621
0.002112805402671
0.002112924403215
0.002113043640765
0.002113163372705
0.002113283893264
0.002113405465724
0.002113528254302
0.002113652264652
0.002113777301502
0.002113902950392
0.002114028588013
0.002114153422428
0.002114276560834
0.002114397098847
0.002114514222060
0.002114627308180
0.002114736016925
0.002114840355075
0.002114940706037
0.002115037816669
0.002115132738822
0.002115226728591
0.002115321111956
0.002115417130799
0.002115515787231
0.002115617706363
0.002115723037378
0.002115831409902
0.002115941957192
0.002116053410047
0.002116164256254
0.002116272950904
0.002116378154268
0.002116478967317
0.002116575131680
0.002116667161612
0.002116756380912
0.002116844847492
0.002116935161721
0.002117030170348
0.002117132593883
0.002117244619613
0.002117367512680
0.002117501301916
0.002117644594030
0.002117794558747
0.002117947109072
0.002118097276755
0.002118239755789
0.002118369559918
0.002118482717543
0.002118576912682
0.002118651977068
0.002118710147692
0.002118756026577
0.002118796213623
0.002118838625562
0.002118891559356
0.002118962600755
0.002119057511730
0.002119179248404
0.002119327259671
0.002119497193885
0.002119681097782
0.002119868132003
0.002120045758035
0.002120201280797
0.002120323569538
0.002120404736770
0.002120441538637
0.002120436275509
0.002120397019502
0.002120337072631
0.002120273657157
0.002120225946610
0.002120212647677
0.002120249424800
0.002120346507531
0.002120506825725
0.002120724974991
0.002120987226191
0.002121272666893
0.002121555413856
0.002121807682948
0.002122003367288
0.002122121676315
0.002122150344434
0.002122087938385
0.002121944879513
0.002121742943767
0.002121513192500
0.002121292498046
0.002121119031707
0.002121027249786
0.002121043019859
0.002121179555629
0.002121434765505
0.002121790469879
0.002122213719974
0.002122660182477
0.002123079272818
0.002123420463237
0.002123639996395
0.002123707131378
0.002123609056491
0.002123353727888
0.002122970125125
0.002122505729379
0.002122021389642
0.002121584101223
0.002121258530874
0.002121098339552
0.002121138442748
0.002121389290359
0.002121834042482
0.002122429183468
0.002123108691160
0.002123791412828
0.002124390853385
0.002124826214971
0.002125033292756
0.002124973767685
0.002124641560642
0.002124065217472
0.002123305750055
0.002122449912592
0.002121599476443
0.002120857605041
0.002120313848478
0.002120029512509
0.002120025166879
0.002120271828064
0.002120686897801
0.002121135308060
0.002121435588940
0.002121369831333
0.002120695862167
0.002119159484351
0.002116504436971
0.002112477856980
0.002106829487772
0.002099303657115
0.002089624069648
0.002077472622957
0.002062464629222
0.002044123860487
0.002021861590653
0.001994964156231
0.001962593410408
0.001923803758622
0.001877578252827
0.001822884559257
0.001758749630315
0.001684349780610
0.001599110796701
0.001502810917381
0.001395678213709
0.001278473249945
0.001152548040478
0.001019873287827
0.000883027669845
0.000745145437554
0.000609821612319
0.000480977395272
0.000362691745634
0.000259008154132
0.000173728150443
0.000110204794613
0.000071150128926
0.000058470206684
0.000073139858697
0.000115126893841
0.000183372134021
0.000275827810084
0.000389552702011
0.000520858330389
0.000665496831395
0.000818878176899
0.000976302378843
0.001133191405846
0.001285305808061
0.001428932460519
0.001561032265328
0.001679339883482
0.001782411317430
0.001869619116412
0.001941098798267
0.001997653463829
0.002040626259638
0.002071752127047
0.002093001050877
0.002106424770592
0.002114017713752
0.002117600908520
0.002118735045978
0.002118665952301
0.002118302769507
0.002118226395621
0.002118723430392
0.002119839186930
0.002121442370519
0.002123293826784
0.002125112281624
0.002126631128746
0.002127641909171
0.002128021979489
0.002127745778327
0.002126880878326
0.002125571486524
0.002124013104769
0.002122422611919
0.002121008066196
0.002119942089066
0.002119341868371
0.002119257729948
0.002119671015102
0.002120500810665
0.002121618040957
0.002122864652351
0.002124075170840
0.002125097818634
0.002125812623034
0.002126144487031
0.002126069934165
0.002125617089066
0.002124859302988
0.002123903580060
0.002122875522466
0.002121902835228
0.002121099489037
0.002120552440888
0.002120312395101
0.002120389513845
0.002120754333853
0.002121343497544
0.002122069340278
0.002122831955275
0.002123532127158
0.002124083502569
0.002124422543996
0.002124515159289
0.002124359363697
0.002123983851010
0.002123442859407
0.002122808153835
0.002122159260322
0.002121573245898
0.002121115328742
0.002120831436061
0.002120743530184
0.002120848139484
0.002121118111712
0.002121507206831
0.002121956813359
0.002122403844693
0.002122788773221
0.002123062796227
0.002123193287563
0.002123166946739
0.002122990375331
0.002122688146491
0.002122298743745
0.002121868992393
0.002121447762674
0.002121079773423
0.002120800267353
0.002120631177199
0.002120579179895
0.002120635775654
0.002120779265325
0.002120978266598
0.002121196235364
0.002121396362061
0.002121546202076
0.002121621470898
0.002121608574904
0.002121505635428
0.002121321970536
0.002121076197756
0.002120793286871
0.002120501005176
0.002120226247002
0.002119991722228
0.002119813401308
0.002119698990883
0.002119647563239
0.002119650306171
0.002119692217992
0.002119754463002
0.002119817037845
0.002119861384215
0.002119872616939
0.002119841110624
0.002119763290305
0.002119641586350
0.002119483625218
0.002119300821236
0.002119106599210
0.002118914507264
0.002118736472508
0.002118581412766
0.002118454353539
0.002118356120993
0.002118283600704
0.002118230479144
0.002118188329310
0.002118147869475
0.002118100217013
0.002118037976244
0.002117956035960
0.002117852001819
0.002117726243610
0.002117581589387
0.002117422741299
0.002117255516540
0.002117086028943
0.002116919922424
0.002116761748865
0.002116614554253
0.002116479702781
0.002116356934291
0.002116244620583
0.002116140164097
0.002116040470466
0.002115942424806
0.002115843309423
0.002115741115686
0.002115634722306
0.002115523933016
0.002115409385800
0.002115292360966
0.002115174525129
0.002115057651809
0.002114943357322
0.002114832883870
0.002114726951765
0.002114625691283
0.002114528653395
0.002114434888994
0.002114343079214
0.002114251695534
0.002114159167604
0.002114064038767
0.002113965093365
0.002113861445370
0.002113752583683
0.002113638374996
0.002113519029677
0.002113395039427
0.002113267097254
0.002113136010692
0.002113002618328
0.002112867717888
0.002112732011734
0.002112596072981
0.002112460332792
0.002112325087173
0.002112190519698
0.002112056735380
0.002111923800256
0.002111791781182
0.002111660780859
0.002111530963955
0.002111402571470
0.002111275921834
0.002111151398741
0.002111029427029
0.002110910439174
0.002110794835812
