0.019431159510551
0.019335661368651
0.019235135671409
0.019131191123191
0.019025512326551
0.018919831877237
0.018815901334666
0.018715461508609
0.018620212543834
0.018531784315281
0.018451707663967
0.018381387006180
0.018322074834606
0.018274848599956
0.018240590416471
0.018219969976622
0.018213430992235
0.018221181404609
0.018243187528649
0.018279172219304
0.018328617075913
0.018390768634204
0.018464648438477
0.018549066838952
0.018642640321150
0.018743812144489
0.018850876043948
0.018962002728965
0.019075268894518
0.019188688437390
0.019300245542741
0.019407929270107
0.019509769222092
0.019603871823269
0.019688456672219
0.019761892359028
0.019822731068116
0.019869741217641
0.019901937328528
0.019918606275663
0.019919329058387
0.019903997243926
0.019872823291589
0.019826344061317
0.019765416949317
0.019691208274933
0.019605173762639
0.019509031214286
0.019404725739516
0.019294388194615
0.019180287758023
0.019064779829334
0.018950250663057
0.018839060324795
0.018733485673792
0.018635665123164
0.018547546902058
0.018470842441454
0.018406986330531
0.018357104051069
0.018321988404988
0.018302085219527
0.018297488563162
0.018307945351478
0.018332868884344
0.018371360551069
0.018422238683534
0.018484073340007
0.018555225671818
0.018633890464187
0.018718140449534
0.018805971060798
0.018895344414000
0.018984231471409
0.019070651525104
0.019152708341118
0.019228622502721
0.019296759675452
0.019355654676545
0.019404031360564
0.019440818428075
0.019465161324975
0.019476430429743
0.019474225729882
0.019458378174435
0.019428947864930
0.019386219220513
0.019330693231860
0.019263076908543
0.019184270029757
0.019095349330430
0.018997550292957
0.018892246766559
0.018780928696995
0.018665178313522
0.018546645181469
0.018427020581381
0.018308011714135
0.018191316251216
0.018078597747887
0.017971462412949
0.017871437682831
0.017779952981889
0.017698322968525
0.017627733472408
0.017569230226764
0.017523710396728
0.017491916805253
0.017474434667067
0.017471690562800
0.017483953323479
0.017511336452747
0.017553801692619
0.017611163339350
0.017683092939548
0.017769124042293
0.017868656749447
0.017980961890791
0.018105184749872
0.018240348375515
0.018385356627415
0.018538997215122
0.018699945090835
0.018866766639663
0.019037925168732
0.019211788221401
0.019386637229074
0.019560679956603
0.019732066096696
0.019898906225681
0.020059294152419
0.020211332482628
0.020353160993833
0.020482987186115
0.020599118156614
0.020699992758449
0.020784212863279
0.020850572465704
0.020898083357931
0.020925996171302
0.020933815728636
0.020921309873317
0.020888511227246
0.020835711664259
0.020763449648098
0.020672490950926
0.020563803614829
0.020438528320235
0.020297945559766
0.020143441165802
0.019976471793279
0.019798531910703
0.019611123704800
0.019415731067437
0.019213798524469
0.019006715607259
0.018795806785208
0.018582326699828
0.018367460095369
0.018152325552837
0.017937981923903
0.017725436242688
0.017515651873601
0.017309555731096
0.017108043573614
0.016911982613418
0.016722210975383
0.016539533856158
0.016364716554276
0.016198474835937
0.016041463347420
0.015894262965129
0.015757368075596
0.015631174794966
0.015515971071967
0.015411929478331
0.015319103290132
0.015237426220882
0.015166715903540
0.015106680955901
0.015056931222879
0.015016990588306
0.014986311602150
0.014964291085450
0.014950285858458
0.014943627785396
0.014943637434807
0.014949635806651
0.014960953761773
0.014976938990394
0.014996960557836
0.015020411252637
0.015046708121803
0.015075291700104
0.015105624518652
0.015137189509584
0.015169488908965
0.015202044202746
0.015234397566445
0.015266115125980
0.015296792223102
0.015326060713039
0.015353598162632
0.015379138662243
0.015402484820936
0.015423520387685
0.015442222836877
0.015458675178294
0.015473076203999
0.015485748370340
0.015497142535481
0.015507838833929
0.015518543070760
0.015530078160227
0.015543370314667
0.015559429906927
0.015579327176897
0.015604163221608
0.015635036987271
0.015673009256526
0.015719064878977
0.015774074710404
0.015838758888401
0.015913653163295
0.015999080009257
0.016095126151875
0.016201627960511
0.016318165868259
0.016444068607695
0.016578427602133
0.016720121351490
0.016867849126020
0.017020172761075
0.017175564864193
0.017332461334674
0.017489315784795
0.017644653265600
0.017797120656155
0.017945531182154
0.018088900786836
0.018226474473522
0.018357741253998
0.018482436941651
0.018600534686783
0.018712223824042
0.018817878246604
0.018918016098325
0.019013253047200
0.019104251741559
0.019191670233533
0.019276112171971
0.019358081419359
0.019437943445773
0.019515895418599
0.019591946369509
0.019665908215813
0.019737397781562
0.019805849344958
0.019870536671375
0.019930603009277
0.019985097156754
0.020033013467701
0.020073333568010
0.020105067592806
0.020127292925772
0.020139188702766
0.020140064709454
0.020129383727362
0.020106776832939
0.020072051598730
0.020025193555365
0.019966361623035
0.019895878492500
0.019814217116015
0.019721984553050
0.019619904406266
0.019508798988575
0.019389572196276
0.019263193844458
0.019130685969543
0.018993111341730
0.018851564177561
0.018707162818658
0.018561043961626
0.018414357897289
0.018268264150723
0.018123926908370
0.017982509671453
0.017845168678564
0.017713044783996
0.017587253649064
0.017468874286933
0.017358936182783
0.017258405376556
0.017168170032769
0.017089026121054
0.017021663885065
0.016966655782423
0.016924446533834
0.016895345828378
0.016879524099945
0.016877011625494
0.016887701009868
0.016911352926498
0.016947604791417
0.016995981872575
0.017055910189862
0.017126730454254
0.017207712235748
0.017298067545234
0.017396963067542
0.017503530390888
0.017616873736813
0.017736074896297
0.017860195310116
0.017988275480225
0.018119332147409
0.018252353900919
0.018386296080742
0.018520075976244
0.018652569402180
0.018782609734477
0.018908990407910
0.019030471715784
0.019145792513341
0.019253687123103
0.019352907388464
0.019442249442504
0.019520584376921
0.019586891637252
0.019640293661528
0.019680090044662
0.019705789370793
0.019717136825940
0.019714135792050
0.019697061831787
0.019666467793689
0.019623179184309
0.019568279444965
0.019503085307047
0.019429112948734
0.019348036202541
0.019261638532851
0.019171760883842
0.019080247764188
0.018988894066176
0.018899395102140
0.018813302178953
0.018731985729750
0.018656607598591
0.018588103554011
0.018527176523559
0.018474300429969
0.018429733909008
0.018393542636924
0.018365628526293
0.018345763691721
0.018333626862782
0.018328839843307
0.018331001686859
0.018339718471264
0.018354626895163
0.018375410363147
0.018401806744095
0.018433607546173
0.018470648816739
0.018512794611287
0.018559914350910
0.018611855775198
0.018668415476050
0.018729309153668
0.018794143762937
0.018862393618171
0.018933382305770
0.019006271933137
0.019080060838743
0.019153590426916
0.019225561298192
0.019294558348981
0.019359084038998
0.019417598595379
0.019468565559118
0.019510500798861
0.019542022930905
0.019561902998984
0.019569111284806
0.019562859237012
0.019542634714620
0.019508229029357
0.019459754624763
0.019397652631108
0.019322689964730
0.019235946078373
0.019138789895218
0.019032847854202
0.018919964340045
0.018802156052797
0.018681562076258
0.018560391523790
0.018440870669385
0.018325191411438
