3.182794525956208417e+03
3.183000876705448718e+03
3.183205772136175256e+03
3.183410248888304977e+03
3.183615547317881465e+03
3.183823001119007586e+03
3.184033892439158535e+03
3.184249284887650902e+03
3.184469852366721170e+03
3.184695725727261561e+03
3.184926381020030931e+03
3.185160591905700130e+03
3.185396464230681886e+03
3.185631562902831320e+03
3.185863130515226203e+03
3.186088384653922276e+03
3.186304867901998477e+03
3.186510812937937771e+03
3.186705476658909902e+03
3.186889393656498669e+03
3.187064501969823141e+03
3.187234103539715761e+03
3.187402638044845844e+03
3.187575270704442573e+03
3.187757320089961468e+03
3.187953578052606645e+03
3.188167597011650287e+03
3.188401036339625534e+03
3.188653166011776193e+03
3.188920619491277648e+03
3.189197467787122150e+03
3.189475653298168254e+03
3.189745777978844671e+03
3.189998190023856296e+03
3.190224262813057067e+03
3.190417716467719401e+03
3.190575803408093634e+03
3.190700171269153088e+03
3.190797233967760349e+03
3.190877926203048446e+03
3.190956786100679892e+03
3.191050398957515426e+03
3.191175332197147327e+03
3.191345784846358583e+03
3.191571249693847676e+03
3.191854528771168589e+03
3.192190441424563232e+03
3.192565512264134213e+03
3.192958823463350654e+03
3.193344069693189340e+03
3.193692679686594602e+03
3.193977688084033161e+03
3.194177881321691075e+03
3.194281629457863346e+03
3.194289776424079719e+03
3.194217011094286136e+03
3.194091286045108518e+03
3.193951080699694103e+03
3.193840595914863570e+03
3.193803278902685179e+03
3.193874361139050961e+03
3.194073293900127737e+03
3.194397036577002382e+03
3.194815055326218044e+03
3.195266609081810202e+03
3.195660450265481813e+03
3.195876494588868354e+03
3.195768395128389784e+03
3.195165392152619461e+03
3.193871417067824950e+03
3.191659318791114401e+03
3.188258345156829819e+03
3.183333701900917276e+03
3.176458122454885597e+03
3.167076841590715048e+03
3.154469034245534203e+03
3.137710455698103488e+03
3.115643455765233284e+03
3.086861477786940668e+03
3.049715352429171617e+03
3.002347973501051456e+03
2.942762207339138968e+03
2.868924168262001785e+03
2.778900454450189500e+03
2.671023878635937763e+03
2.544078055905635665e+03
2.397487410299720068e+03
2.231496236814557960e+03
2.047318868045988438e+03
1.847243101556617603e+03
1.634671039351938589e+03
1.414085365722708502e+03
1.190934613822891606e+03
9.714377016277671828e+02
7.623153351680682590e+02
5.704630475878936977e+02
4.025868989694219522e+02
2.648274917004735016e+02
1.624003898166276372e+02
9.928091506081310058e+01
7.795854068495074785e+01
9.928091506069250727e+01
1.624003898163850295e+02
2.648274917001062363e+02
4.025868989689263344e+02
5.704630475872655779e+02
7.623153351673040561e+02
9.714377016268640546e+02
1.190934613821848870e+03
1.414085365721527978e+03
1.634671039350625733e+03
1.847243101555183785e+03
2.047318868044449573e+03
2.231496236812935877e+03
2.397487410298042960e+03
2.544078055903939457e+03
2.671023878634259745e+03
2.778900454448573782e+03
2.868924168260495208e+03
2.942762207337789732e+03
3.002347973499904583e+03
3.049715352428272126e+03
3.086861477786326304e+03
3.115643455764937244e+03
3.137710455698149872e+03
3.154469034245940747e+03
3.167076841591489938e+03
3.176458122456027013e+03
3.183333701902418397e+03
3.188258345158676548e+03
3.191659318793288548e+03
3.193871417070307871e+03
3.195165392155389782e+03
3.195768395131431134e+03
3.195876494592161180e+03
3.195660450269014291e+03
3.195266609085571872e+03
3.194815055330200266e+03
3.194397036581198336e+03
3.194073293904533330e+03
3.193874361143655733e+03
3.193803278907476397e+03
3.193840595919822590e+03
3.193951080704791821e+03
3.194091286050308554e+03
3.194217011099543015e+03
3.194289776429337508e+03
3.194281629463055651e+03
3.194177881326745137e+03
3.193977688088873037e+03
3.193692679691138437e+03
3.193344069697360283e+03
3.192958823467074126e+03
3.192565512267342001e+03
3.192190441427199858e+03
3.191854528773188576e+03
3.191571249695221013e+03
3.191345784847068899e+03
3.191175332197193711e+03
3.191050398956910158e+03
3.190956786099447982e+03
3.190877926201225819e+03
3.190797233965389751e+03
3.190700171266283633e+03
3.190575803404776707e+03
3.190417716464005935e+03
3.190224262808998901e+03
3.189998190019500726e+03
3.189745777974234443e+03
3.189475653293343385e+03
3.189197467782116746e+03
3.188920619486121268e+03
3.188653166006498395e+03
3.188401036334252240e+03
3.188167597006204232e+03
3.187953578047116025e+03
3.187757320084453568e+03
3.187575270698946952e+03
3.187402638039395242e+03
3.187234103534342466e+03
3.187064501964564442e+03
3.186889393651391401e+03
3.186705476653992719e+03
3.186510812933245234e+03
3.186304867897566055e+03
3.186088384649778163e+03
3.185863130511394957e+03
3.185631562899331584e+03
3.185396464227527758e+03
3.185160591902894339e+03
3.184926381017573476e+03
3.184695725725145621e+03
3.184469852364934013e+03
3.184249284886174337e+03
3.184033892437973918e+03
3.183823001118094908e+03
3.183615547317221171e+03
3.183410248887879789e+03
3.183205772135970619e+03
3.183000876705455994e+03
