0.052227624107444
0.052310522426022
0.052392338786277
0.052474980207000
0.052560350395608
0.052650346151028
0.052746854398767
0.052851749216801
0.052966888106951
0.053094106706647
0.053235211129450
0.053391967175910
0.053566085772169
0.053759204171601
0.053972862689715
0.054208477025637
0.054467306541776
0.054750419210609
0.055058654274882
0.055392583984397
0.055752476047890
0.056138258651812
0.056549490030889
0.056985334612845
0.057444547691059
0.057925470398488
0.058426036464580
0.058943791840710
0.059475927792030
0.060019327493421
0.060570625558669
0.061126279303290
0.061682649923716
0.062236091201089
0.062783042838602
0.063320125146719
0.063844231526506
0.064352615087970
0.064842965791297
0.065313474719919
0.065762882483041
0.066190509290296
0.066596264923513
0.066980637622900
0.067344661774244
0.067689865191362
0.068018197692646
0.068331943529287
0.068633620993846
0.068925873182286
0.069211354366555
0.069492616731124
0.069772002316495
0.070051544886169
0.070332886090968
0.070617209756722
0.070905197388248
0.071197007093813
0.071492277126981
0.071790154160334
0.072089345295627
0.072388191727214
0.072684760959670
0.072976953583474
0.073262619876852
0.073539680963341
0.073806248940625
0.074060740324790
0.074301977332444
0.074529271947682
0.074742488376999
0.074942080358150
0.075129100824498
0.075305182592406
0.075472489987688
0.075633642605679
0.075791613654096
0.075949606504820
0.076110914129194
0.076278766965164
0.076456175424569
0.076645773664137
0.076849671393356
0.077069320366132
0.077305401801597
0.077557740314788
0.077825249032545
0.078105909456402
0.078396788353276
0.078694092554348
0.078993261075355
0.079289092493768
0.079575904086443
0.079847717901050
0.080098467757683
0.080322220200261
0.080513401680134
0.080667023787443
0.080778898170492
0.080845832910125
0.080865802544566
0.080838084659210
0.080763356943533
0.080643749842524
0.080482851352538
0.080285662084256
0.080058500385853
0.079808859031069
0.079545216671652
0.079276808873752
0.079013365047513
0.078764818886942
0.078541001017080
0.078351323359190
0.078204465242017
0.078108071487632
0.078068472573589
0.078090436519235
0.078176961373332
0.078329116113549
0.078545936435559
0.078824380349151
0.079159346756468
0.079543758314853
0.079968707939623
0.080423666338666
0.080896746050317
0.081375015636561
0.081844856020778
0.082292349504013
0.082703690791474
0.083065608449766
0.083365784625156
0.083593260604776
0.083738815907368
0.083795309049051
0.083757968933970
0.083624626951020
0.083395881288411
0.083075186671491
0.082668864642339
0.082186031582385
0.081638443876871
0.081040261874218
0.080407736544298
0.079758824926814
0.079112742525702
0.078489462691370
0.077909174688260
0.077391713524311
0.076955975682657
0.076619335612821
0.076397078186436
0.076301862287931
0.076343230290012
0.076527177363432
0.076855793406140
0.077326988873430
0.077934313981721
0.078666878685358
0.079509378536446
0.080442229085836
0.081441808926928
0.082480808883729
0.083528682262853
0.084552188587973
0.085516020875189
0.086383504346395
0.087117352568007
0.087680465391936
0.088036751804833
0.088151959893488
0.087994495632825
0.087536212113564
0.086753151154799
0.085626219988484
0.084141786844588
0.082292180784526
0.080076082994917
0.077498798924070
0.074572403073077
0.071315750889307
0.067754354994628
0.063920125852698
0.059850979875728
0.055590320827096
0.051186403128679
0.046691588269472
0.042161507877311
0.037654149105262
0.033228879751735
0.028945431938642
0.024862864183141
0.021038522292376
0.017527019673181
0.014379257375203
0.011641503481512
0.009354550339763
0.007552966613026
0.006264459254685
0.005509358316278
0.005300235027916
0.005641660900912
0.006530112749118
0.007954025570484
0.009893992236762
0.012323105971111
0.015207438713987
0.018506645748402
0.022174684434195
0.026160632640707
0.030409590515365
0.034863647622825
0.039462896268219
0.044146471003090
0.048853593919272
0.053524605370563
0.058101960221417
0.062531170593903
0.066761677347510
0.070747634151641
0.074448589960360
0.077830057929247
0.080863961274834
0.083528949213677
0.085810578872215
0.087701361870108
0.089200677087359
0.090314553868764
0.091055332539223
0.091441211544654
0.091495692744448
0.091246938316916
0.090727054359670
0.089971317540532
0.089017362057378
0.087904344681710
0.086672105784145
0.085360343972275
0.084007821323439
0.082651615186028
0.081326431180081
0.080063990385636
0.078892501806175
0.077836229080917
0.076915158144075
0.076144770145181
0.075535921507864
0.075094830570927
0.074823167880916
0.074718244942780
0.074773294135066
0.074977830604180
0.075318085309050
0.075777497027271
0.076337250083673
0.076976843841717
0.077674679618839
0.078408650652149
0.079156721045801
0.079897480263141
0.080610660664772
0.081277606810378
0.081881686703582
0.082408636825796
0.082846834633121
0.083187494132566
0.083424782160768
0.083555855009687
0.083580817029271
0.083502604738471
0.083326801747316
0.083061391392206
0.082716455377019
0.082303827862796
0.081836715333765
0.081329293169569
0.080796290162362
0.080252572230325
0.079712736300927
0.079190724780423
0.078699470209915
0.078250578658863
0.077854059155698
0.077518105038869
0.077248931570436
0.077050672531555
0.076925336859427
0.076872824733828
0.076891000922340
0.076975821689258
0.077121510202998
0.077320774175652
0.077565058466037
0.077844824598231
0.078149848608777
0.078469528348029
0.078793191328234
0.079110394429066
0.079411207229986
0.079686471420510
0.079928029621056
0.080128917999524
0.080283518259009
0.080387665863147
0.080438712718398
0.080435543906507
0.080378549414921
0.080269553108652
0.080111702386683
0.079909323035765
0.079667744704796
0.079393103149562
0.079092125921934
0.078771908487664
0.078439687847066
0.078102620604626
0.077767572094907
0.077440922637415
0.077128396282709
0.076834916551439
0.076564492687026
0.076320138874642
0.076103827759477
0.075916478462760
0.075757978181218
0.075627235400140
0.075522261785041
0.075440278971872
0.075377845776110
0.075331000807326
0.075295415122306
0.075266549385002
0.075239810027394
0.075210699117257
0.075174953026255
0.075128665538131
0.075068391720498
0.074991229678610
0.074894878186118
0.074777669114027
0.074638574521696
0.074477189199196
0.074293690326254
0.074088776709176
0.073863590746254
0.073619626831521
0.073358630318057
0.073082491412946
0.072793138459839
0.072492434981281
0.072182084607224
0.071863547619799
0.071537972314270
0.071206143733685
0.070868451605419
0.070524878520005
0.070175008576463
0.069818055904888
0.069452911696637
0.069078207654330
0.068692393144146
0.068293822814493
0.067880851056378
0.067451929434929
0.067005703126362
0.066541102452132
0.066057425808287
0.065554410633639
0.065032289530656
0.064491829228684
0.063934350737156
0.063361729750871
0.062776377112320
0.062181199878921
0.061579544257420
0.060975122327035
0.060371925052497
0.059774124567295
0.059185969069064
0.058611673901334
0.058055312491829
0.057520710775699
0.057011348556534
0.056530270957626
0.056080012704728
0.055662537477190
0.055279193988216
0.054930689830607
0.054617083476829
0.054337794177110
0.054091628881263
0.053876824742341
0.053691105263762
0.053531747743465
0.053395659362491
0.053279459069987
0.053179562336356
0.053092265880556
0.053013829621246
0.052940553345178
