0.005961897951775
0.005931964284281
0.005902892116418
0.005875051990832
0.005848853925846
0.005824736725303
0.005803155081514
0.005784565194352
0.005769409709125
0.005758102788196
0.005751016078855
0.005748466230969
0.005750704465767
0.005757908518633
0.005770177092415
0.005787526781675
0.005809891278794
0.005837122562197
0.005868993703095
0.005905202912193
0.005945378478757
0.005989084323150
0.006035825978487
0.006085056922966
0.006136185286399
0.006188581038036
0.006241583815997
0.006294511573229
0.006346670187401
0.006397364114017
0.006445908059782
0.006491639527561
0.006533931949078
0.006572207992229
0.006605952522262
0.006634724623837
0.006658168065049
0.006676019611134
0.006688114676063
0.006694389930438
0.006694882654697
0.006689726824119
0.006679146119924
0.006663444260696
0.006642993222868
0.006618220052023
0.006589593046250
0.006557608111035
0.006522776040190
0.006485611372763
0.006446623320690
0.006406309069851
0.006365149544858
0.006323607514183
0.006282127715429
0.006241138517903
0.006201054524605
0.006162279457836
0.006125208675833
0.006090230730863
0.006057727495471
0.006028072541756
0.006001627644035
0.005978737471173
0.005959722723623
0.005944872135438
0.005934433888830
0.005928607067601
0.005927533799613
0.005931292705853
0.005939894187870
0.005953277954273
0.005971313022049
0.005993800244042
0.006020477225721
0.006051025318452
0.006085078227643
0.006122231664862
0.006162053412614
0.006204093163819
0.006247891545783
0.006292987836473
0.006338926020790
0.006385259004128
0.006431550985009
0.006477378171503
0.006522328190854
0.006565998672770
0.006607995571461
0.006647931820493
0.006685426883884
0.006720107677427
0.006751611192843
0.006779588975582
0.006803713401225
0.006823685484348
0.006839243758137
0.006850173602735
0.006856316292930
0.006857576994361
0.006853930969408
0.006845427359568
0.006832190083665
0.006814415616547
0.006792367671208
0.006766369074119
0.006736791372715
0.006704042919699
0.006668556318476
0.006630776170964
0.006591148034062
0.006550109364496
0.006508083023075
0.006465473637419
0.006422666812921
0.006380030866383
0.006337920468403
0.006296681351030
0.006256655093064
0.006218182955606
0.006181607813563
0.006147273411663
0.006115520451315
0.006086679361796
0.006061059991869
0.006038938837105
0.006020544753805
0.006006044365457
0.005995528512298
0.005989001109267
0.005986371655929
0.005987452391106
0.005991960725818
0.005999527153291
0.006009708365282
0.006022004845391
0.006035881807805
0.006050792044542
0.006066199067048
0.006081598897867
0.006096538989139
0.006110633005937
0.006123570588737
0.006135121663729
0.006145135357430
0.006153534045096
0.006160303474135
0.006165480214162
0.006169137864866
0.006171373485484
0.006172295594454
0.006172014838961
0.006170638079081
0.006168266208445
0.006164995587167
0.006160922539852
0.006156150015042
0.006150795248681
0.006144997147976
0.006138922125195
0.006132767260807
0.006126759945576
0.006121153513506
0.006116218794999
0.006112231950322
0.006109459345158
0.006108140563911
0.006108470891052
0.006110584704947
0.006114541212979
0.006120313814256
0.006127784121516
0.006136741331227
0.006146887231764
0.006157846719108
0.006169183283133
0.006180418568209
0.006191054826299
0.006200598888814
0.006208586195656
0.006214603438121
0.006218308489717
0.006219446501983
0.006217861311645
0.006213501618822
0.006206421729744
0.006196776988787
0.006184814333074
0.006170858671086
0.006155296001783
0.006138554343607
0.006121083628741
0.006103335736087
0.006085745788654
0.006068715732209
0.006052601049039
0.006037701252207
0.006024254562159
0.006012436900692
0.006002365060363
0.005994103634720
0.005987675041546
0.005983071753162
0.005980269679888
0.005979241548752
0.005979969090475
0.005982452901098
0.005986718982450
0.005992821184658
0.006000839063953
0.006010871013946
0.006023022906145
0.006037392859283
0.006054053117535
0.006073030325274
0.006094285712834
0.006117696830755
0.006143042473086
0.006169992306361
0.006198102472591
0.006226818075494
0.006255483012141
0.006283357108790
0.006309639997125
0.006333500665711
0.006354111180962
0.006370682728147
0.006382501904625
0.006388965123602
0.006389609064577
0.006384135331480
0.006372427834331
0.006354561867600
0.006330804382786
0.006301605503297
0.006267581864380
0.006229492839797
0.006188211105762
0.006144689265701
0.006099924401370
0.006054922423044
0.006010663971558
0.005968073395868
0.005927992017512
0.005891156529273
0.005858182993065
0.005829556533833
0.005805626500582
0.005786606604016
0.005772579356516
0.005763504038693
0.005759227393728
0.005759496294495
0.005763971721939
0.005772243516017
0.005783845491458
0.005798270630715
0.005814986160228
0.005833448374143
0.005853117088337
0.005873469590179
0.005894013904348
0.005914301134956
0.005933936583909
0.005952589299870
0.005969999694123
0.005985984878201
0.006000441437395
0.006013345452624
0.006024749713608
0.006034778217286
0.006043618202114
0.006051510115181
0.006058736029553
0.006065607110955
0.006072450767284
0.006079598097932
0.006087372194852
0.006096077741405
0.006105992220320
0.006117358893765
0.006130381572786
0.006145221065464
0.006161993095863
0.006180767427446
0.006201567908408
0.006224373180099
0.006249117845877
0.006275693975214
0.006303952902579
0.006333707358413
0.006364734027150
0.006396776655098
0.006429549823635
0.006462743460748
0.006496028091803
0.006529060738840
0.006561491280232
0.006592968994494
0.006623148948382
0.006651697862335
0.006678299104049
0.006702656525726
0.006724496968536
0.006743571398870
0.006759654799912
0.006772545099930
0.006782061555497
0.006788043104319
0.006790347243053
0.006788849960509
0.006783447163222
0.006774057873835
0.006760629276099
0.006743143443245
0.006721625343532
0.006696151494668
0.006666858463566
0.006633950301934
0.006597703987782
0.006558472015801
0.006516681444301
0.006472828951641
0.006427471760839
0.006381214630385
0.006334693450775
0.006288556297482
0.006243443041411
0.006199964782252
0.006158684430983
0.006120099717485
0.006084629740440
0.006052605922506
0.006024267906135
0.005999764553020
0.005979159825914
0.005962442968616
0.005949542089422
0.005940340020612
0.005934691189577
0.005932438204454
0.005933426927876
0.005937518976437
0.005944600822878
0.005954588969403
0.005967430977193
0.005983102452158
0.006001600375357
0.006022933407776
0.006047109978658
0.006074125076407
0.006103946700019
0.006136502901920
0.006171670269797
0.006209264568235
0.006249034105164
0.006290656217116
0.006333737093364
0.006377814991742
0.006422366744662
0.006466817316000
0.006510552049021
0.006552931141777
0.006593305798327
0.006631035431280
0.006665505234235
0.006696143404482
0.006722437281074
0.006743947676769
0.006760320730189
0.006771296691866
0.006776715187228
0.006776516670169
0.006770739987367
0.006759516205641
0.006743059097597
0.006721652915876
0.006695638292511
0.006665397256071
0.006631338446221
0.006593883608545
0.006553456363721
0.006510474064783
0.006465343293263
0.006418459217714
0.006370208672478
0.006320976442346
0.006271153894874
0.006221148820956
0.006171395156513
0.006122361187137
0.006074554896604
0.006028525310752
0.005984858999071
0.005944171303916
0.005907092337832
0.005874248281550
0.005846238983828
0.005823613265031
0.005806843619607
0.005796302167962
