0.068738135424497
0.068792046539820
0.068837922437685
0.068873230199745
0.068896008916006
0.068905002378520
0.068899752782254
0.068880648872250
0.068848924550748
0.068806606826936
0.068756414990604
0.068701615843298
0.068645842550234
0.068592887016392
0.068546477493986
0.068510054277727
0.068486556757327
0.068478234733542
0.068486495770075
0.068511798499289
0.068553599319245
0.068610356945748
0.068679595980282
0.068758027210005
0.068841718968350
0.068926310753972
0.069007257620405
0.069080091775357
0.069140686501044
0.069185507018703
0.069211833317709
0.069217941248241
0.069203230280800
0.069168289161445
0.069114894089959
0.069045937834841
0.068965292163126
0.068877609879558
0.068788076411444
0.068702124026795
0.068625124242403
0.068562075608484
0.068517304736005
0.068494198102398
0.068494980828213
0.068520556316510
0.068570417499273
0.068642636602164
0.068733936024265
0.068839838368147
0.068954889101682
0.069072941044886
0.069187486101791
0.069292016623160
0.069380396678509
0.069447222473955
0.069488151257675
0.069500179325757
0.069481852131682
0.069433392902236
0.069356740402518
0.069255491353517
0.069134748229124
0.069000878461686
0.068861196172648
0.068723582129726
0.068596061449285
0.068486361383985
0.068401473184153
0.068347242380863
0.068328010862264
0.068346331828285
0.068402775210655
0.068495836602283
0.068621957379811
0.068775657802254
0.068949778738502
0.069135821647010
0.069324370832944
0.069505577154689
0.069669678521877
0.069807529949257
0.069911114769746
0.069974008957003
0.069991772374325
0.069962244082291
0.069885723452845
0.069765024530176
0.069605397565111
0.069414318598197
0.069201155015302
0.068976721774695
0.068752749140579
0.068541287917044
0.068354082066604
0.068201940989285
0.068094144477676
0.068037912380984
0.068037968327103
0.068096222576335
0.068211593408775
0.068379979651569
0.068594389366866
0.068845221727706
0.069120691115628
0.069407374895168
0.069690859555712
0.069956454323468
0.070189937242912
0.070378296343111
0.070510427989675
0.070577755933683
0.070574737862538
0.070499231295458
0.070352697217988
0.070140227605801
0.069870391572685
0.069554903869576
0.069208128413092
0.068846437983116
0.068487458768541
0.068149234669396
0.067849350854781
0.067604058780631
0.067427445532537
0.067330688920095
0.067321436258031
0.067403339375328
0.067575771341785
0.067833742020628
0.068168020242592
0.068565460596346
0.069009523013923
0.069480963973122
0.069958669696910
0.070420594615321
0.070844762918372
0.071210287539025
0.071498359539842
0.071693161710573
0.071782663185501
0.071759256924163
0.071620208734917
0.071367894839840
0.071009814393367
0.070558373436630
0.070030447025446
0.069446736235885
0.068830945967122
0.068208817503844
0.067607056305104
0.067052200162892
0.066569475519403
0.066181690241442
0.065908209518449
0.065764057871917
0.065759184727054
0.065897923874549
0.066178668783179
0.066593776506499
0.067129703286024
0.067767365327530
0.068482709046263
0.069247466741136
0.070030066520489
0.070796659652273
0.071512224563834
0.072141704601455
0.072651136419873
0.073008727462610
0.073185844287054
0.073157878281806
0.072904961352731
0.072412511105774
0.071671592584236
0.070679091367565
0.069437700452997
0.067955730486241
0.066246759284751
0.064329141957277
0.062225407076089
0.059961567178791
0.057566373309531
0.055070543367722
0.052505992794470
0.049905093728790
0.047299985392417
0.044721954335052
0.042200898537217
0.039764884481350
0.037439801416389
0.035249112393943
0.033213697454993
0.031351780768531
0.029678930697700
0.028208119777454
0.026949830464053
0.025912192246598
0.025101136235870
0.024520554569725
0.024172453770129
0.024057093406602
0.024173103904115
0.024517579918291
0.025086148232138
0.025873011466999
0.026870970928818
0.028071433539569
0.029464408973911
0.031038503805687
0.032780919671768
0.034677462214134
0.036712566921311
0.038869347032024
0.041129667474193
0.043474247483510
0.045882793169223
0.048334159954280
0.050806543584484
0.053277697331833
0.055725172147309
0.058126575864182
0.060459847111708
0.062703539350523
0.064837110350936
0.066841212459858
0.068697979092539
0.070391302993726
0.071907101896617
0.073233567234752
0.074361391513087
0.075283969817603
0.075997570752823
0.076501471875519
0.076798054487714
0.076892852521436
0.076794550257645
0.076514923839961
0.076068722033941
0.075473482497721
0.074749281007108
0.073918412633239
0.073005005794371
0.072034572357953
0.071033499488964
0.070028491632664
0.069045973766601
0.068111469721176
0.067248971800522
0.066480319980977
0.065824610472467
0.065297654260736
0.064911506290518
0.064674085116949
0.064588901098591
0.064654908528264
0.064866493542306
0.065213605308616
0.065682033009157
0.066253825686535
0.066907846335715
0.067620445936250
0.068366237698853
0.069118946906712
0.069852307620839
0.070540974420112
0.071161415454617
0.071692752551246
0.072117515011856
0.072422276110401
0.072598145081925
0.072641092489265
0.072552093072792
0.072337077294341
0.072006690488104
0.071575866499857
0.071063230579504
0.070490353731224
0.069880887371697
0.069259612678044
0.068651443145457
0.068080421399928
0.067568752074625
0.067135911488737
0.066797871979091
0.066566474126835
0.066448973976037
0.066447784915396
0.066560425510048
0.066779675599480
0.067093933824466
0.067487760829707
0.067942584122400
0.068437533337665
0.068950368812336
0.069458462179936
0.069939785377095
0.070373864113757
0.070742653532087
0.071031297392659
0.071228737519537
0.071328147161164
0.071327170060569
0.071227955996358
0.071036992934648
0.070764745280154
0.070425116591297
0.070034763110734
0.069612291182712
0.069177376766301
0.068749848569221
0.068348777668852
0.067991615798434
0.067693421798858
0.067466211207060
0.067318457797256
0.067254768415382
0.067275744017111
0.067378030847605
0.067554556622858
0.067794937827037
0.068086036248156
0.068412636016555
0.068758207010320
0.069105716798517
0.069438451471090
0.069740805824697
0.069999005411572
0.070201726794859
0.070340587781861
0.070410486143148
0.070409773024888
0.070340255534383
0.070207031410205
0.070018166860512
0.069784236165097
0.069517748124847
0.069232489597706
0.068942819944084
0.068662952059314
0.068406255726941
0.068184617305897
0.068007886377457
0.067883435116992
0.067815850085514
0.067806769178591
0.067854868988102
0.067956000209528
0.068103461350280
0.068288394231370
0.068500278957816
0.068727501442194
0.068957963413962
0.069179703271883
0.069381496192678
0.069553403567015
0.069687244983399
0.069776970436479
0.069818915949531
0.069811932071847
0.069757381406767
0.069659008094609
0.069522688668316
0.069356079589120
0.069168181762449
0.068968846189070
0.068768247444122
0.068576352789599
0.068402414381560
0.068254510275879
0.068139156882058
0.068061011345473
0.068022677291205
0.068024621715879
0.068065204872774
0.068140819074918
0.068246126749771
0.068374383103312
0.068517824639829
0.068668101735536
0.068816731619270
0.068955547545936
0.069077120663930
0.069175133014250
0.069244683131371
0.069282509663281
0.069287123064477
0.069258840483167
0.069199724185863
0.069113428959775
0.069004968638013
0.068880415962755
0.068746553233344
0.068610493424383
0.068479292603636
0.068359574491310
0.068257186902866
0.068176907687321
0.068122214746282
0.068095130975288
0.068096150722984
