0.069397674786449
0.069411893102152
0.069426052483687
0.069440133099427
0.069454110092705
0.069467958132215
0.069481655996842
0.069495190847138
0.069508561857093
0.069521782923767
0.069534884235478
0.069547912557929
0.069560930186300
0.069574012604334
0.069587244982358
0.069600717728914
0.069614521379603
0.069628741156977
0.069643451563345
0.069658711372145
0.069674559362387
0.069691011096105
0.069708056973304
0.069725661716957
0.069743765347653
0.069762285609631
0.069781121713879
0.069800159176333
0.069819275455832
0.069838346042822
0.069857250619272
0.069875878905429
0.069894135830217
0.069911945707902
0.069929255171185
0.069946034695440
0.069962278644515
0.069978003868845
0.069993246984419
0.070008060549534
0.070022508429051
0.070036660687753
0.070050588381719
0.070064358617429
0.070078030222467
0.070091650321159
0.070105252036958
0.070118853456071
0.070132457890345
0.070146055378793
0.070159625273899
0.070173139677924
0.070186567431986
0.070199878321512
0.070213047148631
0.070226057336328
0.070238903769438
0.070251594640717
0.070264152151319
0.070276612007453
0.070289021751602
0.070301438059496
0.070313923215716
0.070326541044702
0.070339352614900
0.070352412048596
0.070365762757577
0.070379434386420
0.070393440684437
0.070407778449561
0.070422427599697
0.070437352337111
0.070452503287269
0.070467820422554
0.070483236529606
0.070498680950788
0.070514083327345
0.070529377093367
0.070544502512462
0.070559409107519
0.070574057400963
0.070588419950396
0.070602481724521
0.070616239909769
0.070629703264147
0.070642891138985
0.070655832272462
0.070668563424784
0.070681127880740
0.070693573799879
0.070705952357830
0.070718315603884
0.070730713967545
0.070743193384611
0.070755792081249
0.070768537146933
0.070781441133152
0.070794499019019
0.070807685968773
0.070820956350072
0.070834244468346
0.070847467388376
0.070860530054402
0.070873332689144
0.070885780165930
0.070897792733681
0.070909317168405
0.070920337170124
0.070930881665258
0.070941029652314
0.070950910373067
0.070960697916626
0.070970599862160
0.070980840206724
0.070991637551845
0.071003180260148
0.071015600949975
0.071028953175444
0.071043193351650
0.071058170858881
0.071073628756124
0.071089216654769
0.071104516097719
0.071119077355457
0.071132465030996
0.071144308434128
0.071154351531154
0.071162496581257
0.071168835486325
0.071173663504235
0.071177471329361
0.071180913564273
0.071184754138099
0.071189792031131
0.071196773437790
0.071206298901360
0.071218735645301
0.071234146012737
0.071252242397925
0.071272377223034
0.071293573438988
0.071314596927036
0.071334067414327
0.071350599581625
0.071362961502054
0.071370233992352
0.071371952418661
0.071368212393293
0.071359722859659
0.071347794290728
0.071334255865855
0.071321303030618
0.071311285051279
0.071306450156585
0.071308672649429
0.071319191036426
0.071338387976035
0.071365641147537
0.071399268794711
0.071436584897584
0.071474067287543
0.071507628550264
0.071532965580764
0.071545950693539
0.071543016833853
0.071521483160002
0.071479766267178
0.071417427362142
0.071335016976213
0.071233695889423
0.071114632748637
0.070978203714170
0.070823045195578
0.070645034859429
0.070436296039159
0.070184334031012
0.069871417502144
0.069474312976075
0.068964464515991
0.068308684645168
0.067470387540054
0.066411353835972
0.065093971007742
0.063483847798513
0.061552659420328
0.059281046047193
0.056661363895045
0.053700078664850
0.050419597075836
0.046859354224320
0.043076011877932
0.039142673580163
0.035147083444690
0.031188842645140
0.027375746069760
0.023819406324910
0.020630388248466
0.017913119847368
0.015760871490678
0.014251101841598
0.013441455372957
0.013366662866365
0.014036545032730
0.015435253667078
0.017521809045820
0.020231911862263
0.023480928538527
0.027167875867004
0.031180169764517
0.035398857739745
0.039704028557115
0.043980087182046
0.048120598526938
0.052032438365166
0.055639041215503
0.058882599025660
0.061725136259860
0.064148461221688
0.066153064777298
0.067756101110738
0.068988636508534
0.069892388246440
0.070516194509070
0.070912457352616
0.071133784825587
0.071230027546587
0.071245862396473
0.071219025364161
0.071179241258062
0.071147844285796
0.071138034452682
0.071155673775637
0.071200496049485
0.071267585921745
0.071348977828394
0.071435232349805
0.071516865238611
0.071585530451804
0.071634890156622
0.071661138781534
0.071663181676661
0.071642499040817
0.071602750177579
0.071549190242793
0.071487980588821
0.071425474532834
0.071367553552081
0.071319075837829
0.071283481583406
0.071262579370032
0.071256517637852
0.071263926442542
0.071282199144344
0.071307872559609
0.071337058105865
0.071365875723533
0.071390846474687
0.071409207873647
0.071419127039046
0.071419799326389
0.071411432814906
0.071395130592269
0.071372692134352
0.071346361453425
0.071318552688764
0.071291583415396
0.071267442475292
0.071247613204752
0.071232965359347
0.071223720743814
0.071219489459387
0.071219366609614
0.071222073908527
0.071226127334253
0.071230010934086
0.071232338029253
0.071231984081391
0.071228179888269
0.071220558986191
0.071209158527647
0.071194377885745
0.071176903316441
0.071157609830190
0.071137452797247
0.071117361718783
0.071098147182746
0.071080429562326
0.071064594868719
0.071050779742780
0.071038884259888
0.071028608376921
0.071019505734471
0.071011047300688
0.071002687052344
0.070993922472694
0.070984343953319
0.070973669001866
0.070961759228545
0.070948620157654
0.070934385757910
0.070919291027602
0.070903636891989
0.070887752025618
0.070871956024273
0.070856527700879
0.070841681290862
0.070827552172869
0.070814192493028
0.070801575964250
0.070789610208385
0.070778154392912
0.070767039618928
0.070756089536908
0.070745138959789
0.070734048742849
0.070722715824912
0.070711077990556
0.070699113539503
0.070686836573356
0.070674288987246
0.070661530463243
0.070648627803521
0.070635644833205
0.070622633878211
0.070609629523196
0.070596645022322
0.070583671411312
0.070570679086790
0.070557621401749
0.070544439687292
0.070531069052760
0.070517444332286
0.070503505622192
0.070489202972564
0.070474499938619
0.070459375844757
0.070443826750641
0.070427865222831
0.070411519099908
0.070394829491013
0.070377848268326
0.070360635307075
0.070343255698467
0.070325777118114
0.070308267482223
0.070290792972234
0.070273416460749
0.070256196331267
0.070239185653426
0.070222431655168
0.070205975422994
0.070189851760200
0.070174089138946
0.070158709693188
0.070143729213864
0.070129157123381
0.070114996421711
0.070101243609955
0.070087888608135
0.070074914691614
0.070062298474669
0.070050009970436
0.070038012754029
0.070026264250600
0.070014716163127
0.070003315046568
0.069992003026384
0.069980718651111
0.069969397861210
0.069957975050393
0.069946384191343
0.069934559995374
0.069922439075151
0.069909961080968
0.069897069783906
0.069883714083218
0.069869848919928
0.069855436083591
0.069840444903806
0.069824852822254
0.069808645844276
0.069791818871203
0.069774375915726
0.069756330202604
0.069737704156076
0.069718529273746
0.069698845884782
0.069678702788318
0.069658156766388
0.069637271964916
0.069616119136412
0.069594774739498
0.069573319893066
0.069551839187024
0.069530419356828
0.069509147835312
0.069488111202204
0.069467393558843
0.069447074862450
0.069427229260315
0.069407923469098
