0.003830097401623
0.003773531635065
0.003713349159540
0.003649945099118
0.003583927043930
0.003516100348505
0.003447449494039
0.003379116034006
0.003312373698517
0.003248601273553
0.003189253896506
0.003135833419455
0.003089858486987
0.003052834956783
0.003026227259960
0.003011431255486
0.003009749080460
0.003022366437300
0.003050332691703
0.003094544083355
0.003155730276593
0.003234444402309
0.003331056666939
0.003445751531042
0.003578528390036
0.003729205624476
0.003897427827855
0.004082675967173
0.004284280186118
0.004501434923218
0.004733215987948
0.004978599216665
0.005236480317415
0.005505695507723
0.005785042552262
0.006073301817121
0.006369256973818
0.006671715008408
0.006979525218331
0.007291596911183
0.007606915554604
0.007924557163966
0.008243700753895
0.008563638719835
0.008883785056220
0.009203681357624
0.009523000587751
0.009841548637852
0.010159263730442
0.010476213755730
0.010792591656488
0.011108709001972
0.011424987912763
0.011741951515816
0.012060213122659
0.012380464333535
0.012703462276369
0.013030016192034
0.013360973576540
0.013697206086833
0.014039595410040
0.014389019286630
0.014746337866268
0.015112380561631
0.015487933550255
0.015873728058141
0.016270429541526
0.016678627865386
0.017098828559042
0.017531445211144
0.017976793048411
0.018435083725189
0.018906421334255
0.019390799633615
0.019888100469439
0.020398093361848
0.020920436208208
0.021454677047819
0.022000256822669
0.022556513061033
0.023122684404363
0.023697915892943
0.024281264922230
0.024871707779605
0.025468146670261
0.026069417141209
0.026674295813680
0.027281508336477
0.027889737476044
0.028497631262926
0.029103811118914
0.029706879894334
0.030305429750513
0.030898049828400
0.031483333650495
0.032059886209508
0.032626330703573
0.033181314884130
0.033723516988810
0.034251651237710
0.034764472877245
0.035260782761282
0.035739431464478
0.036199322927559
0.036639417638735
0.037058735359492
0.037456357406597
0.037831428505377
0.038183158232050
0.038510822065258
0.038813762068856
0.039091387229524
0.039343173473933
0.039568663390924
0.039767465684630
0.039939254384574
0.040083767838577
0.040200807513930
0.040290236631546
0.040351978657004
0.040386015671288
0.040392386642861
0.040371185621380
0.040322559871930
0.040246707967185
0.040143877853348
0.040014364904160
0.039858509975704
0.039676697473157
0.039469353439110
0.039236943671605
0.038979971878572
0.038698977873995
0.038394535819863
0.038067252516699
0.037717765744407
0.037346742654093
0.036954878210623
0.036542893684837
0.036111535193615
0.035661572285348
0.035193796567857
0.034709020375337
0.034208075470586
0.033691811778490
0.033161096146599
0.032616811128499
0.032059853785686
0.031491134503689
0.030911575818280
0.030322111247824
0.029723684127960
0.029117246445145
0.028503757665828
0.027884183558383
0.027259495005275
0.026630666803317
0.025998676450270
0.025364502916422
0.024729125400232
0.024093522067497
0.023458668773938
0.022825537771487
0.022195096398969
0.021568305758232
0.020946119377161
0.020329481861356
0.019719327536569
0.019116579084319
0.018522146173360
0.017936924089954
0.017361792370122
0.016797613437229
0.016245231248462
0.015705469953886
0.015179132571881
0.014666999684849
0.014169828159156
0.013688349893284
0.013223270598179
0.012775268613783
0.012344993765642
0.011933066265475
0.011540075659421
0.011166579827630
0.010813104038685
0.010480140062182
0.010168145342648
0.009877542237743
0.009608717323508
0.009362020769181
0.009137765783872
0.008936228137123
0.008757645755133
0.008602218394155
0.008470107392278
0.008361435500543
0.008276286794051
0.008214706663410
0.008176701886600
0.008162240781032
0.008171253435278
0.008203632019664
0.008259231174639
0.008337868475535
0.008439324972080
0.008563345800733
0.008709640867669
0.008877885599995
0.009067721762508
0.009278758337132
0.009510572461905
0.009762710426214
0.010034688718792
0.010325995124806
0.010636089868228
0.010964406795534
0.011310354596655
0.011673318059029
0.012052659350492
0.012447719326699
0.012857818858743
0.013282260176590
0.013720328223988
0.014171292020489
0.014634406026316
0.015108911505846
0.015594037885575
0.016089004102553
0.016593019939411
0.017105287342239
0.017625001717799
0.018151353206685
0.018683527929346
0.019220709202049
0.019762078720180
0.020306817706508
0.020854108022379
0.021403133240068
0.021953079674884
0.022503137375925
0.023052501074759
0.023600371091634
0.024145954199216
0.024688464444195
0.025227123927495
0.025761163544187
0.026289823684570
0.026812354898271
0.027328018523548
0.027836087284358
0.028335845858047
0.028826591416881
0.029307634146895
0.029778297747828
0.030237919918153
0.030685852829419
0.031121463594311
0.031544134732952
0.031953264642106
0.032348268071952
0.032728576615127
0.033093639212698
0.033442922681591
0.033775912267872
0.034092112230054
0.034391046456305
0.034672259119108
0.034935315370522
0.035179802080678
0.035405328621676
0.035611527698364
0.035798056226885
0.035964596261099
0.036110855966223
0.036236570638177
0.036341503766216
0.036425448135518
0.036488226965355
0.036529695077506
0.036549740088482
0.036548283618087
0.036525282505759
0.036480730025045
0.036414657085510
0.036327133410361
0.036218268677020
0.036088213606978
0.035937160990351
0.035765346629763
0.035573050187472
0.035360595919063
0.035128353276563
0.034876737363498
0.034606209224252
0.034317275950091
0.034010490584407
0.033686451810127
0.033345803402848
0.032989233434079
0.032617473210043
0.032231295932807
0.031831515072053
0.031418982437614
0.030994585944960
0.030559247068135
0.030113917977171
0.029659578359831
0.029197231930520
0.028727902632420
0.028252630542330
0.027772467491247
0.027288472417441
0.026801706472574
0.026313227905317
0.025824086750816
0.025335319358251
0.024847942792578
0.024362949150282
0.023881299832507
0.023403919822298
0.022931692015759
0.022465451659679
0.022005980950492
0.021554003851405
0.021110181185839
0.020675106066226
0.020249299717377
0.019833207753198
0.019427196964361
0.019031552672625
0.018646476704808
0.018272086035897
0.017908412146472
0.017555401134439
0.017212914615117
0.016880731436908
0.016558550232219
0.016245992815004
0.015942608427280
0.015647878827379
0.015361224202549
0.015082009877926
0.014809553782991
0.014543134625524
0.014282000711852
0.014025379341088
0.013772486690191
0.013522538096160
0.013274758631798
0.013028393862269
0.012782720661476
0.012537057960097
0.012290777291280
0.012043312995590
0.011794171943957
0.011542942636391
0.011289303535007
0.011033030492814
0.010774003144635
0.010512210133658
0.010247753056426
0.009980849020622
0.009711831723679
0.009441150976114
0.009169370611304
0.008897164743168
0.008625312354621
0.008354690222591
0.008086264209501
0.007821078976156
0.007560246196628
0.007304931381575
0.007056339442137
0.006815699151659
0.006584246686544
0.006363208450204
0.006153783404696
0.005957125152965
0.005774324030057
0.005606389473900
0.005454232954768
0.005318651747122
0.005200313827675
0.005099744179171
0.005017312770127
0.004953224466670
0.004907511113489
0.004880025996832
0.004870440873597
0.004878245717072
0.004902751292055
0.004943094630433
0.004998247433223
0.005067027377282
0.005148112254966
0.005240056823828
0.005341312191778
0.005450247511901
0.005565173711321
0.005684368931054
