0.013798941036203
0.013773385820626
0.013749409874224
0.013727505578394
0.013708130089441
0.013691696213279
0.013678564049819
0.013669033575506
0.013663338315917
0.013661640240780
0.013664025991487
0.013670504526566
0.013681006244124
0.013695383612421
0.013713413311063
0.013734799856293
0.013759180655089
0.013786132404822
0.013815178728560
0.013845798911338
0.013877437580228
0.013909515151412
0.013941438850937
0.013972614102939
0.014002456069934
0.014030401124684
0.014055918032178
0.014078518623510
0.014097767750887
0.014113292324508
0.014124789247527
0.014132032084384
0.014134876320234
0.014133263094555
0.014127221319903
0.014116868126589
0.014102407605385
0.014084127852479
0.014062396353348
0.014037653774319
0.014010406261670
0.013981216377781
0.013950692831268
0.013919479182870
0.013888241730508
0.013857656795013
0.013828397642095
0.013801121285933
0.013776455425080
0.013754985761980
0.013737243953305
0.013723696429530
0.013714734308751
0.013710664611962
0.013711702965097
0.013717967947500
0.013729477217470
0.013746145513781
0.013767784597964
0.013794105166489
0.013824720725226
0.013859153381547
0.013896841472708
0.013937148913504
0.013979376112211
0.014022772272258
0.014066548868420
0.014109894061277
0.014151987792634
0.014192017288072
0.014229192681140
0.014262762467143
0.014292028493267
0.014316360196026
0.014335207806570
0.014348114259400
0.014354725560014
0.014354799391884
0.014348211772437
0.014334961600909
0.014315172977568
0.014289095213164
0.014257100488958
0.014219679170484
0.014177432821673
0.014131065009184
0.014081370029132
0.014029219728867
0.013975548634554
0.013921337630039
0.013867596463355
0.013815345383568
0.013765596231887
0.013719333326660
0.013677494491695
0.013640952580910
0.013610497849637
0.013586821513739
0.013570500822278
0.013561985947874
0.013561588971402
0.013569475204785
0.013585657057708
0.013609990611839
0.013642175020147
0.013681754800045
0.013728125038031
0.013780539471264
0.013838121358888
0.013899877003871
0.013964711735615
0.014031448115460
0.014098846082410
0.014165624715748
0.014230485255456
0.014292134991298
0.014349311607567
0.014400807553474
0.014445493999303
0.014482343936119
0.014510453982146
0.014529064471979
0.014537577425432
0.014535572020940
0.014522817233530
0.014499281339092
0.014465138034363
0.014420768975038
0.014366762591809
0.014303909105195
0.014233191723622
0.014155774074419
0.014072983983102
0.013986293781442
0.013897297388228
0.013807684467296
0.013719212024178
0.013633673854686
0.013552868304851
0.013478564841116
0.013412469961677
0.013356193003788
0.013311212417081
0.013278843079220
0.013260205227094
0.013256195564296
0.013267461083759
0.013294376113414
0.013337023052861
0.013395177220859
0.013468296177560
0.013555513822594
0.013655639501264
0.013767162277238
0.013888260452300
0.014016816333138
0.014150436163075
0.014286475054226
0.014422066674326
0.014554157363418
0.014679544280278
0.014794917107927
0.014896902783064
0.014982112656902
0.015047191445607
0.015088867288272
0.015104002199797
0.015089642185872
0.015043066277846
0.014961833746940
0.014843828770164
0.014687301844300
0.014490907279292
0.014253736147851
0.013975344123510
0.013655773704053
0.013295570390267
0.012895792470389
0.012458014147188
0.011984321836298
0.011477303559653
0.010940031455421
0.010376037524289
0.009789282829630
0.009184120464867
0.008565252693437
0.007937682754038
0.007306661904801
0.006677632353498
0.006056166785708
0.005447905258009
0.004858490267826
0.004293500844871
0.003758386530559
0.003258402120987
0.002798544045826
0.002383489239793
0.002017537335341
0.001704556965296
0.001447936912742
0.001250542783415
0.001114679803851
0.001042062267779
0.001033790064707
0.001090332629707
0.001211520553407
0.001396544987497
0.001643964875300
0.001951721930507
0.002317163181731
0.002737070797486
0.003207698807144
0.003724816239724
0.004283756115432
0.004879469645913
0.005506584929351
0.006159469366869
0.006832294977953
0.007519105755595
0.008213886176930
0.008910629972825
0.009603408260101
0.010286436152982
0.010954136995639
0.011601203394880
0.012222654280712
0.012813887281692
0.013370725770972
0.013889460016561
0.014366881954505
0.014800313194994
0.015187625967704
0.015527256812294
0.015818212921659
0.016060071147631
0.016252969779914
0.016397593307702
0.016495150468089
0.016547345974939
0.016556346404778
0.016524740791633
0.016455496549314
0.016351911396643
0.016217562007817
0.016056250145799
0.015871947061062
0.015668736950780
0.015450760274749
0.015222157713904
0.014987015535673
0.014749313097919
0.014512873180550
0.014281315781753
0.014058015955094
0.013846066195479
0.013648243807258
0.013466983607814
0.013304356236033
0.013162052248445
0.013041372097896
0.012943222001639
0.012868115619161
0.012816181376024
0.012787175189886
0.012780498279719
0.012795219670174
0.012830102941019
0.012883636717449
0.012954068351456
0.013039440208080
0.013137627943457
0.013246380144606
0.013363358693769
0.013486179222937
0.013612451036661
0.013739815903093
0.013865985143826
0.013988774492018
0.014106136234645
0.014216188207718
0.014317239272017
0.014407810960237
0.014486655053464
0.014552766914325
0.014605394475006
0.014644042849361
0.014668474608441
0.014678705826889
0.014674998072679
0.014657846573706
0.014627964850758
0.014586266156744
0.014533842105897
0.014471938913459
0.014401931695678
0.014325297301377
0.014243586159751
0.014158393634295
0.014071331369964
0.013983999109980
0.013897957440426
0.013814701895398
0.013735638823484
0.013662063378431
0.013595139953697
0.013535885333009
0.013485154777923
0.013443631219594
0.013411817666462
0.013390032883270
0.013378410340748
0.013376900380279
0.013385275484863
0.013403138497536
0.013429933581850
0.013464959676841
0.013507386161665
0.013556270413380
0.013610576915552
0.013669197555865
0.013730972737883
0.013794712925700
0.013859220240354
0.013923309733555
0.013985829977129
0.014045682625431
0.014101840632273
0.014153364833241
0.014199418638037
0.014239280614936
0.014272354790071
0.014298178527110
0.014316427897354
0.014326920495479
0.014329615701334
0.014324612432587
0.014312144475862
0.014292573524584
0.014266380089417
0.014234152481344
0.014196574097497
0.014154409265477
0.014108487922580
0.014059689421932
0.014008925767717
0.013957124586480
0.013905212140804
0.013854096685679
0.013804652456700
0.013757704563216
0.013714015038983
0.013674270278219
0.013639070056686
0.013608918306124
0.013584215776535
0.013565254685229
0.013552215414712
0.013545165284151
0.013544059381982
0.013548743410762
0.013558958460439
0.013574347593154
0.013594464092326
0.013618781201351
0.013646703153427
0.013677577273972
0.013710706921298
0.013745365019743
0.013780807932557
0.013816289419500
0.013851074426350
0.013884452460227
0.013915750315623
0.013944343931033
0.013969669174848
0.013991231381189
0.014008613481350
0.014021482603874
0.014029595045547
0.014032799546212
0.014031038831718
0.014024349420923
0.014012859723953
0.013996786489319
0.013976429686397
0.013952165936846
0.013924440633150
0.013893758904327
0.013860675607534
0.013825784539562
0.013789707073789
0.013753080435893
0.013716545835457
0.013680736670453
0.013646267017571
0.013613720613538
0.013583640521179
0.013556519659219
0.013532792357016
0.013512827074970
0.013496920408535
