0.016661178087430
0.016727369682920
0.016789739619327
0.016846760470586
0.016897031108196
0.016939310591949
0.016972548031831
0.016995907708907
0.017008788868574
0.017010839739305
0.017001965480043
0.016982329915238
0.016952351073776
0.016912690702244
0.016864238069776
0.016808088517254
0.016745517324377
0.016677949571128
0.016606926753345
0.016534070973736
0.016461047569252
0.016389527052896
0.016321147243740
0.016257476434094
0.016199978399360
0.016149979996142
0.016108642020066
0.016076933909155
0.016055612783959
0.016045207214653
0.016046006000300
0.016058052138722
0.016081142058851
0.016114830082839
0.016158437984071
0.016211069410817
0.016271628854716
0.016338844759562
0.016411296289861
0.016487443211135
0.016565658275891
0.016644261461212
0.016721555367065
0.016795861059330
0.016865553629060
0.016929096740304
0.016985075453441
0.017032226639719
0.017069466345734
0.017095913523510
0.017110909612155
0.017114033539666
0.017105111806911
0.017084223418308
0.017051699532975
0.017008117823689
0.016954291646044
0.016891254233883
0.016820238246429
0.016742651094726
0.016660046567306
0.016574093355110
0.016486541141496
0.016399184973218
0.016313828661409
0.016232247977351
0.016156154406172
0.016087160202994
0.016026745461503
0.015976227855691
0.015936735653276
0.015909184526028
0.015894258599785
0.015892396097592
0.015903779835119
0.015928332730381
0.015965718391686
0.016015346750435
0.016076384610475
0.016147770894616
0.016228236282965
0.016316326857973
0.016410431298744
0.016508811103008
0.016609633260242
0.016711004754540
0.016811008241757
0.016907738222947
0.016999337025836
0.017084029908419
0.017160158614307
0.017226212738047
0.017280858300393
0.017322962987818
0.017351617576756
0.017366153139912
0.017366153718081
0.017351464234291
0.017322193525691
0.017278712469945
0.017221647284404
0.017151868175377
0.017070473608677
0.016978770558891
0.016878251171071
0.016770566333009
0.016657496707231
0.016540921808411
0.016422787733498
0.016305074158455
0.016189761207739
0.016078796781441
0.015974064891890
0.015877355518195
0.015790336435744
0.015714527420172
0.015651277163946
0.015601743180539
0.015566874908087
0.015547400163015
0.015543815035766
0.015556377266354
0.015585103087669
0.015629767479538
0.015689907736428
0.015764830216176
0.015853620105756
0.015955154012283
0.016068115162694
0.016191010973310
0.016322192730255
0.016459877103432
0.016602169200079
0.016747086849237
0.016892585795788
0.017036585472711
0.017176995013239
0.017311739161410
0.017438783740554
0.017556160345237
0.017661989933304
0.017754505011343
0.017832070128990
0.017893200424949
0.017936577999798
0.017961065927135
0.017965719754254
0.017949796385622
0.017912760285550
0.017854286979691
0.017774263877088
0.017672788474486
0.017550164041531
0.017406892918671
0.017243667588455
0.017061359705237
0.016861007287969
0.016643800295878
0.016411064817719
0.016164246112344
0.015904890742050
0.015634628041041
0.015355151159933
0.015068197923843
0.014775531736708
0.014478922758129
0.014180129571385
0.013880881552187
0.013582862137105
0.013287693178113
0.012996920555067
0.012712001200946
0.012434291674995
0.012165038396571
0.011905369627402
0.011656289262432
0.011418672459797
0.011193263109406
0.010980673107788
0.010781383375344
0.010595746521781
0.010423991037479
0.010266226863856
0.010122452175291
0.009992561189825
0.009876352816013
0.009773539939514
0.009683759155111
0.009606580757691
0.009541518818753
0.009488041192344
0.009445579315007
0.009413537687150
0.009391302946935
0.009378252471083
0.009373762458689
0.009377215473200
0.009388007433251
0.009405554054594
0.009429296752463
0.009458708016579
0.009493296269838
0.009532610217138
0.009576242683701
0.009623833933493
0.009675074449096
0.009729707145723
0.009787528984961
0.009848391949218
0.009912203336398
0.009978925336492
0.010048573857689
0.010121216579228
0.010196970221093
0.010275997036217
0.010358500548265
0.010444720576400
0.010534927606659
0.010629416586689
0.010728500235709
0.010832501973829
0.010941748583737
0.011056562722862
0.011177255405282
0.011304118570035
0.011437417846444
0.011577385618086
0.011724214475899
0.011878051138343
0.012038990903344
0.012207072683815
0.012382274666447
0.012564510622908
0.012753626893840
0.012949400059413
0.013151535305630
0.013359665492879
0.013573350932115
0.013792079873910
0.014015269716030
0.014242268935429
0.014472359750106
0.014704761514675
0.014938634850199
0.015173086503863
0.015407174927053
0.015639916551724
0.015870292734652
0.016097257327895
0.016319744821815
0.016536678995231
0.016746981996002
0.016949583765405
0.017143431711415
0.017327500529896
0.017500802068996
0.017662395130722
0.017811395104757
0.017946983332706
0.018068416105839
0.018175033205391
0.018266265901234
0.018341644331453
0.018400804191751
0.018443492669040
0.018469573557933
0.018479031501817
0.018471975302009
0.018448640239159
0.018409389351227
0.018354713612329
0.018285230957333
0.018201684098913
0.018104937087547
0.017995970571329
0.017875875721984
0.017745846806404
0.017607172399676
0.017461225255638
0.017309450874339
0.017153354831703
0.016994488964432
0.016834436531810
0.016674796504401
0.016517167156597
0.016363129164356
0.016214228430190
0.016071958873591
0.015937745435841
0.015812927553028
0.015698743349807
0.015596314799073
0.015506634079503
0.015430551344423
0.015368764092485
0.015321808304023
0.015290051477803
0.015273687672140
0.015272734623208
0.015287032982516
0.015316247686012
0.015359871439468
0.015417230279313
0.015487491144911
0.015569671377588
0.015662650043161
0.015765180958075
0.015875907284068
0.015993377542065
0.016116062882384
0.016242375434882
0.016370687549232
0.016499351721898
0.016626720992818
0.016751169581456
0.016871113519284
0.016985031024529
0.017091482355828
0.017189128875154
0.017276751047720
0.017353265108366
0.017417738130747
0.017469401248003
0.017507660791723
0.017532107139988
0.017542521094822
0.017538877644109
0.017521347002147
0.017490292865717
0.017446267867716
0.017390006256942
0.017322413879282
0.017244555581264
0.017157640200431
0.017063003347524
0.016962088221949
0.016856424734107
0.016747607235153
0.016637271176680
0.016527069039392
0.016418645881277
0.016313614862260
0.016213533104064
0.016119878241339
0.016034026013320
0.015957229234512
0.015890598468413
0.015835084709994
0.015791464360683
0.015760326753721
0.015742064457873
0.015736866553487
0.015744715036551
0.015765384463843
0.015798444905478
0.015843268220494
0.015899037617063
0.015964760402234
0.016039283767702
0.016121313399303
0.016209434639967
0.016302135880472
0.016397833800977
0.016494900040794
0.016591688835646
0.016686565132281
0.016777932671002
0.016864261518292
0.016944114534972
0.017016172280331
0.017079255879331
0.017132347417599
0.017174607476641
0.017205389478123
0.017224250569664
0.017230958853569
0.017225496832378
0.017208061019109
0.017179057733767
0.017139095179209
0.017088971957419
0.017029662250109
0.016962297944448
0.016888148034725
0.016808595673504
0.016725113280924
0.016639236148435
0.016552534993349
0.016466587933618
0.016382952358352
0.016303137169328
0.016228575862138
0.016160600903269
0.016100419841123
0.016049093565120
0.016007517097427
0.015976403266578
0.015956269571180
0.015947428495124
0.015949981483259
0.015963816728642
