4.414087855229849922e+00
4.556302159860588397e+00
4.704479359682209427e+00
4.858928649402232125e+00
5.019978341684987910e+00
5.187977255704862678e+00
5.363296220407153925e+00
5.546329691585947685e+00
5.737497477458370909e+00
5.937246568058172080e+00
6.146053073863593674e+00
6.364424301136721418e+00
6.592901023353395118e+00
6.832060040785396637e+00
7.082517137638879134e+00
7.344930528445080320e+00
7.620004817035395561e+00
7.908495371550060327e+00
8.211212871573067673e+00
8.529027662003125343e+00
8.862873528511158838e+00
9.213750668418018819e+00
9.582728012646050786e+00
9.970945631625163230e+00
1.037961860313014917e+01
1.081004420408020472e+01
1.126361432106345006e+01
1.174183428879135604e+01
1.224634783455877773e+01
1.277896555964809266e+01
1.334169188605005729e+01
1.393674341670687689e+01
1.456655116301719666e+01
1.523374098394373810e+01
1.594109136617443667e+01
1.669147515012346972e+01
1.748780083632797044e+01
1.833297761207636967e+01
1.922993345895302042e+01
2.018171473911894864e+01
2.119168622445620187e+01
2.226383177277140035e+01
2.340312904283076278e+01
2.461594055347143595e+01
2.591033420295549661e+01
2.729622694986249343e+01
2.878524404655977520e+01
3.039021010508930232e+01
3.212424132248842312e+01
3.399948942311077360e+01
3.602569003571774431e+01
3.820877725085668430e+01
4.054992172906754178e+01
4.304540741969680084e+01
4.568775625099171123e+01
4.846841926218077390e+01
5.138216376543623909e+01
5.443300084365620961e+01
5.764113624765968780e+01
6.105003220155559518e+01
6.473229978424569708e+01
6.879287896373168110e+01
7.336788983053332913e+01
7.861773101613350434e+01
8.471351386384000648e+01
9.181676872911111786e+01
1.000535047657998291e+02
1.094850468252860480e+02
1.200794505479195351e+02
1.316884949777945337e+02
1.440360255395047488e+02
1.567235236254903157e+02
1.692580059773219432e+02
1.811055817621986250e+02
1.917712112681829808e+02
2.009015592916861976e+02
2.084036218434162322e+02
2.145674836754574244e+02
2.201777152592038078e+02
2.265951867479155908e+02
2.357900995635497452e+02
2.503083517985192543e+02
2.731573091559044997e+02
3.076037215760741219e+02
3.568856428222001114e+02
4.238511458114804213e+02
5.105483978162561698e+02
6.178029939116539708e+02
7.448278905195941206e+02
8.889173495322274903e+02
1.045277660989936749e+03
1.207043057229232090e+03
1.365514670892413051e+03
1.510643774995201738e+03
1.631758748433145001e+03
1.718509828639068473e+03
1.761978971644467038e+03
1.755876724732934917e+03
1.697726823709074324e+03
1.589925056821161888e+03
1.440554171266023786e+03
1.263842883801482458e+03
1.080175049720565084e+03
9.155842361794449289e+02
8.007076100856515950e+02
7.692183198962937922e+02
8.558036270300136721e+02
1.093802527847890588e+03
1.512656920888360219e+03
2.135360219035944738e+03
2.976103130827037148e+03
4.038315740182926675e+03
5.313287057797481793e+03
6.779508579552919400e+03
8.402839368237167946e+03
1.013753052751278847e+04
1.192808154329936224e+04
1.371183539062258569e+04
1.542215926273393779e+04
1.699200860045744048e+04
1.835763820267556730e+04
1.946220866934274090e+04
2.025904072390048532e+04
2.071429377862852925e+04
2.080888641930764425e+04
2.053953175508106870e+04
1.991882510045957315e+04
1.897438981100073579e+04
1.774715365979194758e+04
1.628888760338394241e+04
1.465918660047402591e+04
1.292210491830865794e+04
1.114267409254180893e+04
9.383529906922232840e+03
7.701856415569678575e+03
6.146822437574970536e+03
4.757642440237177652e+03
3.562343306285112703e+03
2.577265460824966794e+03
1.807275434180051889e+03
1.246620936612898731e+03
8.803219775818871540e+02
6.859646153034225335e+02
6.357486948460538088e+02
6.986375290201575581e+02
8.424650675796627866e+02
1.035873083237125684e+03
1.249975106664304576e+03
1.459672762261272510e+03
1.644581190210898967e+03
1.789550907608417674e+03
1.884801585982034339e+03
1.925707068498037188e+03
1.912289305637794996e+03
1.848491095268955405e+03
1.741303449428956810e+03
1.599823429749367733e+03
1.434313137377048406e+03
1.255321232177236880e+03
1.072916075750809341e+03
8.960655833569246624e+02
7.321843264705986485e+02
5.868544203691729990e+02
4.637141458536870005e+02
3.644977574718348592e+02
2.892019553894214710e+02
2.363492481331553563e+02
2.033159020137064772e+02
1.866921719455413609e+02
1.826447048259780388e+02
1.872549654333487297e+02
1.968127631744429493e+02
2.080499487110243422e+02
2.183056166680280796e+02
2.256202537527744312e+02
2.287618272203149559e+02
2.271914955555620281e+02
2.209801912362098051e+02
2.106896137570858514e+02
1.972321337235318595e+02
1.817238301739412520e+02
1.653435642253902529e+02
1.492088979583479897e+02
1.342770550241598926e+02
1.212761834641776773e+02
1.106690592789714458e+02
1.026482114705528375e+02
9.715850546345399152e+01
9.394086616593101269e+01
9.258945575456732513e+01
9.261447543290117324e+01
9.350371301629596132e+01
9.477751694456679843e+01
9.603340026744771762e+01
9.697754381599278872e+01
9.744116088479412952e+01
9.738056004084700135e+01
9.686140554740038056e+01
9.603021866403140905e+01
9.507884938516417606e+01
9.420916444762443120e+01
9.360444498037603012e+01
9.341094049986938330e+01
9.372903459043568830e+01
9.461065313759263518e+01
9.605947975732428290e+01
9.803314611745497587e+01
1.004498880149861435e+02
1.032034953006408529e+02
1.061880852165616318e+02
1.093290453890017488e+02
1.126114274200944863e+02
1.160956270961033141e+02
1.199140195097931496e+02
1.242497587332975399e+02
1.293060654581942686e+02
1.352767755744498572e+02
1.423251547331224742e+02
1.505703731974701896e+02
1.600746230933306435e+02
1.708232373909648345e+02
1.826964415885804556e+02
1.954411999609288841e+02
2.086590875675239829e+02
2.218263021033821474e+02
2.343539651225842704e+02
2.456845446056915989e+02
2.554097226369591453e+02
2.633911300633311612e+02
2.698686782102844859e+02
2.755479853007603310e+02
2.816630788696936065e+02
2.900094520008572090e+02
3.029362189904452407e+02
3.232791176691456485e+02
3.542142982992136808e+02
3.990199195432448960e+02
4.607479480820635445e+02
5.418277080487125659e+02
6.436396644451201610e+02
7.661081965700627734e+02
9.073645802196807608e+02
1.063527929325121931e+03
1.228645426708843615e+03
1.394825667846941542e+03
1.552589972499166834e+03
1.691453977819542615e+03
1.800733590597870261e+03
1.870545123555262990e+03
1.892941510060719111e+03
1.863099378175595348e+03
1.780450618924079208e+03
1.649641053428891155e+03
1.481200004270547197e+03
1.291818007111700808e+03
1.104154083252677992e+03
9.461268088449727429e+02
8.496826104547637897e+02
8.490779350423860024e+02
9.787564220745988450e+02
1.270944491209844273e+03
1.753124748857307623e+03
2.445572028980679079e+03
3.359148000327327281e+03
4.493544688439151287e+03
5.836144380067498787e+03
7.361624535892290623e+03
9.032384581806103597e+03
1.079981110098916542e+04
1.260633409567435592e+04
1.438816499570075030e+04
1.607855217402314702e+04
1.761134655422737706e+04
1.892464221410228856e+04
1.996424720599432112e+04
2.068674912267823674e+04
2.106196758421253617e+04
2.107462953698978163e+04
2.072515936040443194e+04
2.002953953899835324e+04
1.901826376573485322e+04
1.773446741118828504e+04
1.623137536392271977e+04
1.456925021114903211e+04
1.281205165383024723e+04
1.102402937844988628e+04
9.266466217169496304e+03
7.594767566418653587e+03
6.056059132993618732e+03
4.687411476389489508e+03
3.514760426115652535e+03
2.552541387585282791e+03
1.804006771456700790e+03
1.262152779743616520e+03
9.111473244223568599e+02
7.281268135627556148e+02
6.852168167466103341e+02
7.516301562097467013e+02
8.957048368547701784e+02
1.086761793390564208e+03
1.296686557644104369e+03
1.501167213578699148e+03
1.680550933257336965e+03
1.820310639293047188e+03
1.911139894453824127e+03
1.948716385833211234e+03
1.933191262641161984e+03
1.868472543431369104e+03
1.761375775143443889e+03
1.620714492232099474e+03
1.456397536904522440e+03
1.278590963395353356e+03
1.096990208545196992e+03
9.202346571914251854e+02
7.554828018616709642e+02
6.081529027923298827e+02
4.818222254532176976e+02
3.782681827516714179e+02
2.976274246850525742e+02
2.386442642769619908e+02
1.989777683331304274e+02
1.755371673076295451e+02
1.648176098105759593e+02
1.632122713209237190e+02
1.672819394538898621e+02
1.739689424367228412e+02
1.807481864725508842e+02
1.857136929519085697e+02
1.876040193303223873e+02
1.857740338562630882e+02
1.801235129923437057e+02
1.709948549985410011e+02
1.590528586115904943e+02
1.451590893415390724e+02
1.302520041754833073e+02
1.152419376798836765e+02
1.009275115487266987e+02
8.793727188107931170e+01
7.669763339459220219e+01
6.742574126166977067e+01
6.014383145866715807e+01
5.471020779584049620e+01
5.086112547988891208e+01
4.825768175850070918e+01
4.653220968491521603e+01
4.532954736683024066e+01
4.433977192080809715e+01
4.332038436240448931e+01
4.210734586660223755e+01
4.061564855689668718e+01
3.883113527740633941e+01
3.679598198302554124e+01
3.459058759104414094e+01
3.231458851387391462e+01
3.006937774629342641e+01
2.794394101436100186e+01
2.600512303894667454e+01
2.429270793729112654e+01
2.281903314290642371e+01
2.157233042602629070e+01
2.052264811857885718e+01
1.962907272692708815e+01
1.884702385429879712e+01
1.813460768321156991e+01
1.745732875806050188e+01
1.679081797544620613e+01
1.612157930589832944e+01
1.544604180952090644e+01
1.476839567754618088e+01
1.409777829333191335e+01
1.344536331417831754e+01
1.282181165886064989e+01
1.223539658614188852e+01
1.169094783999030973e+01
1.118960208334191009e+01
1.072922190198549686e+01
1.030526752814338920e+01
9.911877961131791537e+00
9.542936114783904245e+00
9.192944120972821764e+00
8.857604645286347278e+00
8.534076528945529816e+00
8.220935326787911279e+00
7.917912788300488280e+00
7.625510489572373984e+00
7.344582803696543039e+00
7.075967847944250266e+00
6.820218558995171598e+00
6.577456534658642440e+00
6.347344638622224977e+00
6.129154622353951254e+00
5.921895028894637925e+00
5.724462262726035533e+00
5.535782308852263967e+00
5.354919712226090311e+00
5.181141458732643201e+00
5.013934030835310196e+00
4.852980474570582459e+00
4.698109875670709812e+00
4.549233954952971004e+00
