1.642335516064146628e+00
1.677683604686447616e+00
1.713991458320938133e+00
1.751290770077658321e+00
1.789614471861252554e+00
1.828996790522098070e+00
1.869473306912791788e+00
1.911081018017706912e+00
1.953858402337089961e+00
1.997845488716536444e+00
2.043083928827078566e+00
2.089617073513879042e+00
2.137490053245760357e+00
2.186749862914905140e+00
2.237445451249813644e+00
2.289627815126703769e+00
2.343350099078740811e+00
2.398667700331095887e+00
2.455638379700022522e+00
2.514322378732365415e+00
2.574782543477108554e+00
2.637084455312920461e+00
2.701296569285923432e+00
2.767490360443077613e+00
2.835740478681699539e+00
2.906124912675117855e+00
2.978725163472637938e+00
3.053626428418529493e+00
3.130917796081199356e+00
3.210692452935536068e+00
3.293047902596285326e+00
3.378086198465937606e+00
3.465914190714789456e+00
3.556643788596496769e+00
3.650392239167561392e+00
3.747282423568799814e+00
3.847443172116068677e+00
3.951009599546000839e+00
4.058123461869801218e+00
4.168933536404771267e+00
4.283596026679608926e+00
4.402274994048017476e+00
4.525142817995570610e+00
4.652380687289065619e+00
4.784179124297981645e+00
4.920738545012348197e+00
5.062269857495572012e+00
5.208995101741344058e+00
5.361148134154735345e+00
5.518975360151426202e+00
5.682736518669972092e+00
5.852705522728992804e+00
6.029171360541583979e+00
6.212439062128742862e+00
6.402830736849157489e+00
6.600686687769000471e+00
6.806366609304835613e+00
7.020250875060840556e+00
7.242741923243571023e+00
7.474265747527120141e+00
7.715273501882795593e+00
7.966243228870576232e+00
8.227681722399680098e+00
8.500126538056832715e+00
8.784148166546948744e+00
9.080352387979191420e+00
9.389382825721000358e+00
9.711923717395881894e+00
1.004870291696906115e+01
1.040049513673420378e+01
1.076812543420734158e+01
1.115247295096298785e+01
1.155447492321142278e+01
1.197513101022856041e+01
1.241550802415319410e+01
1.287674518285440151e+01
1.336006002822108663e+01
1.386675513297254803e+01
1.439822564233598712e+01
1.495596756209959466e+01
1.554158653976567095e+01
1.615680675272756162e+01
1.680347950433405657e+01
1.748359132406482175e+01
1.819927182153632828e+01
1.895280222123955838e+01
1.974662625381785830e+01
2.058336562983204132e+01
2.146584233235666872e+01
2.239710912515959507e+01
2.338048784294912963e+01
2.441961237731802115e+01
2.551847036010449088e+01
2.668143531345645414e+01
2.791328063271117799e+01
2.921916924940916260e+01
3.060461875107074547e+01
3.207545079524449250e+01
3.363774439837430918e+01
3.529782253056862373e+01
3.706230705359344313e+01
3.893827496217500084e+01
4.093353653655283608e+01
4.305703263689405702e+01
4.531931586560133240e+01
4.773304360946269753e+01
5.031337773134630709e+01
5.307816538870429923e+01
5.604777776865982730e+01
5.924451620926871698e+01
6.269156189257118683e+01
6.641154368146014519e+01
7.042491904977751460e+01
7.474848817265934997e+01
7.939446730823470944e+01
8.437060672033484821e+01
8.968182239734009897e+01
9.533369623435189055e+01
1.013379730111875148e+02
1.077198472068241131e+02
1.145264118436694503e+02
1.218351818075331607e+02
1.297611748479355356e+02
1.384607222848243282e+02
1.481300847809747836e+02
1.589971579125091807e+02
1.713051368874372429e+02
1.852879974508455803e+02
2.011390093678695621e+02
2.189751260771657542e+02
2.388018081063832767e+02
2.604843870634010159e+02
2.837331596827190765e+02
3.081096997134494018e+02
3.330611016435888132e+02
3.579868202969457798e+02
3.823393783837260003e+02
4.057555998533036359e+02
4.282095267773348723e+02
4.501723509164497727e+02
4.727592952989133437e+02
4.978393101305222217e+02
5.280816356387126689e+02
5.669145801003060114e+02
6.183768796850383751e+02
6.868509815585678098e+02
7.766802452836382145e+02
8.916875161912648764e+02
1.034629304418357151e+03
1.206635890437994021e+03
1.406700712105111279e+03
1.631289951328958523e+03
1.874143221243289418e+03
2.126327257673787699e+03
2.376586220411308659e+03
2.612005624737742892e+03
2.818974472381188207e+03
2.984395485890584496e+03
3.097060917583643004e+03
3.149085777747115571e+03
3.137275408179653823e+03
3.064302557810334747e+03
2.939580878743182893e+03
2.779745133225213976e+03
2.608679394140631757e+03
2.457067805770865107e+03
2.361472523622637254e+03
2.362965888960351094e+03
2.505356702964312262e+03
2.833054793796094600e+03
3.388618283504752981e+03
4.210030826496650661e+03
5.327769117209539218e+03
6.761750185078068171e+03
8.518295649626012164e+03
1.058731281553924964e+04
1.293996047792199352e+04
1.552712514047223522e+04
1.827906223282834617e+04
2.110653839368344779e+04
2.390373128352945787e+04
2.655299808790264069e+04
2.893142044138906203e+04
3.091879276680854673e+04
3.240647547398866300e+04
3.330632396911058458e+04
3.355876976145445224e+04
3.313910518633924221e+04
3.206112843921913736e+04
3.037754126676734813e+04
2.817683641055880435e+04
2.557682396474869893e+04
2.271536844237145124e+04
1.973927848195147453e+04
1.679254982654272317e+04
1.400526501890566033e+04
1.148437856111159635e+04
9.307369980006482365e+03
7.519362735895792866e+03
6.133840320677177260e+03
5.136612122920260845e+03
4.492262960081210622e+03
4.152024260002399387e+03
4.061874430784431752e+03
4.169726847087054011e+03
4.430782833752587067e+03
4.810474364104817141e+03
5.284837946850487242e+03
5.838579306882498713e+03
6.461442264920044181e+03
7.143731952299478507e+03
7.871930442737653721e+03
8.625275547335590090e+03
9.373969456026354237e+03
1.007938242546480251e+04
1.069627040834079889e+04
1.117669109034401299e+04
1.147503176791495571e+04
1.155339337994903326e+04
1.138652813061271081e+04
1.096560375509563528e+04
1.030024718477926945e+04
9.418571375486517354e+03
8.365170351900496826e+03
7.197336732978794316e+03
5.979975907659762015e+03
4.779834598378110968e+03
3.659714975008869715e+03
2.673308900653357796e+03
1.861172947313713394e+03
1.248195536714895297e+03
8.427101938501767791e+02
6.372115183026364775e+02
6.104579749429722142e+02
7.306166688228536259e+02
9.590306286813562338e+02
1.254171157251934346e+03
1.575371367301869668e+03
1.886011187064555543e+03
2.155924470213955829e+03
2.362909879082837506e+03
2.493334505400498529e+03
2.541911086487379634e+03
2.510798281231834153e+03
2.408215027022990853e+03
2.246774606925685021e+03
2.041734961256139968e+03
1.809334376735704154e+03
1.565342449088787362e+03
1.323911679297493492e+03
1.096771028301824344e+03
8.927637346926280770e+02
7.177006626372943856e+02
5.744788048278433052e+02
4.634023645789448551e+02
3.826400837565980737e+02
3.287555004142588473e+02
2.972546411600047804e+02
2.831063182050712612e+02
2.812019890160124760e+02
2.867337016315520373e+02
2.954790678296470219e+02
3.039909562012666129e+02
3.096964840720028747e+02
3.109149528139712402e+02
3.068077961817635355e+02
2.972756331513653549e+02
2.828183699332260517e+02
2.643741797628621271e+02
2.431522598083000446e+02
2.204726449923426799e+02
1.976241588729564569e+02
1.757489216257659450e+02
1.557588608643913233e+02
1.382865624240155284e+02
1.236697641042564726e+02
1.119660575463526726e+02
1.029921331020562150e+02
9.638035350244123833e+01
9.164468603681299896e+01
8.824809172251988798e+01
8.566430855209650019e+01
8.342843732544571367e+01
8.117264046939584432e+01
7.864535488163764398e+01
7.571444934643164970e+01
7.235649929410141112e+01
6.863563180873583747e+01
6.467610787367405578e+01
6.063293254910749397e+01
5.666436963112739988e+01
5.290940147171750141e+01
4.947207556814603180e+01
4.641349271088320450e+01
4.375108362198066203e+01
4.146392802523799048e+01
3.950228156908063681e+01
3.779922805154105703e+01
3.628245084948142818e+01
3.488445880012233857e+01
3.355011923389498207e+01
3.224094313731664840e+01
3.093613730990141164e+01
2.963090651875303649e+01
2.833280287996074875e+01
2.705705895472751976e+01
2.582181403623931715e+01
2.464398249752257897e+01
2.353626684426051341e+01
2.250553969615953775e+01
2.155255790285632145e+01
2.067276684087757488e+01
1.985782651994349379e+01
1.909744953572020520e+01
1.838117516545994334e+01
1.769979396286682771e+01
1.704625719288410579e+01
1.641602907813173218e+01
1.580694505804372163e+01
1.521871140579824377e+01
1.465221458869597093e+01
1.410880485032424048e+01
1.358968605454590772e+01
1.309549479508160452e+01
1.262609867475433134e+01
1.218059714370733104e+01
1.175747547436472118e+01
1.135484630669763817e+01
1.097071285994296197e+01
1.060319971741624734e+01
1.025071595657018264e+01
9.912036130214683993e+00
9.586302960952739483e+00
9.272968864004436540e+00
8.971700473727995728e+00
8.682271513912128924e+00
8.404465856728197792e+00
8.138006144347063042e+00
7.882515625601206111e+00
7.637513382527741257e+00
7.402437016306450346e+00
7.176682848716408714e+00
6.959652091009210118e+00
6.750792174506074161e+00
6.549625118043953087e+00
6.355758732533818289e+00
6.168880756221644113e+00
5.988739769693706805e+00
5.815119201840991181e+00
5.647811469271345253e+00
5.486598275480589315e+00
5.331240737643837768e+00
5.181480023108910871e+00
5.037046390971589460e+00
4.897672656187675777e+00
4.763107527917442852e+00
4.633125023710455537e+00
4.507527859246135193e+00
4.386144759155563122e+00
4.268823393139614453e+00
4.155421637485023467e+00
4.045799906092060638e+00
3.939816510790978832e+00
3.837326759206587834e+00
3.738185236099806907e+00
3.642249835954090909e+00
3.549385836074504752e+00
3.459468611800672111e+00
3.372384300152015513e+00
3.288028520087698858e+00
3.206303876881091419e+00
3.127117241802191749e+00
3.050377681519536033e+00
2.975995522443584562e+00
2.903882555973872126e+00
2.833953002461290893e+00
2.766124672011104124e+00
2.700319812132025543e+00
2.636465352951321783e+00
2.574492539104507483e+00
2.514336162489029913e+00
2.455933711158299282e+00
2.399224714727764773e+00
2.344150436001504190e+00
2.290653899916687219e+00
2.238680129226761739e+00
2.188176409725623550e+00
2.139092438320804312e+00
2.091380287117578618e+00
2.044994204721937159e+00
1.999890336338224550e+00
1.956026459204756707e+00
1.913361803346965928e+00
1.871856979050255942e+00
1.831473986115011110e+00
1.792176254069997698e+00
1.753928663137795940e+00
1.716697516768193710e+00
1.680450464769802643e+00
1.645156398130321884e+00
