0.048745400844756
0.046199114766527
0.043825200226711
0.041626651036181
0.039604629868888
0.037758528212782
0.036086048227102
0.034583304902964
0.033244946521306
0.032064291039897
0.031033475731441
0.030143617149273
0.029384978325670
0.028747140018476
0.028219172819928
0.027789807029761
0.027447597371725
0.027181079893853
0.026978918729600
0.026830040797182
0.026723756962647
0.026649868670146
0.026598759530542
0.026561471835724
0.026529768409730
0.026496180599152
0.026454043526788
0.026397519969840
0.026321614367283
0.026222178505447
0.026095910376769
0.025940347560346
0.025753856245718
0.025535616729711
0.025285605880635
0.025004576708053
0.024694034824823
0.024356211266418
0.023994030864568
0.023611075179086
0.023211538890316
0.022800178556438
0.022382252750321
0.021963452808391
0.021549823740985
0.021147675255398
0.020763483308893
0.020403783114503
0.020075055039189
0.019783605331934
0.019535444068963
0.019336163076425
0.019190816863288
0.019103809749525
0.019078792393895
0.019118570805724
0.019225030667801
0.019399079411724
0.019640607989089
0.019948473693865
0.020320504740407
0.020753526618059
0.021243409559247
0.021785135804946
0.022372884758871
0.023000133615610
0.023659770648641
0.024344218066169
0.025045561193476
0.025755680720174
0.026466384852939
0.027169538425969
0.027857186324474
0.028521668948961
0.029155727865468
0.029752600224103
0.030306100961131
0.030810692206606
0.031261539682199
0.031654556179199
0.031986432446843
0.032254655993773
0.032457518413878
0.032594111899864
0.032664315615604
0.032668772576180
0.032608857648540
0.032486637251556
0.032304821316420
0.032066708078150
0.031776122314233
0.031437347730345
0.031055054313851
0.030634221627108
0.030180059183450
0.029697925225000
0.029193245386226
0.028671432862812
0.028137811794523
0.027597545597962
0.027055571938280
0.026516545900471
0.025984792708565
0.025464271048493
0.024958547687264
0.024470783662619
0.024003731863521
0.023559745356634
0.023140795363198
0.022748497381092
0.022384143603761
0.022048739533343
0.021743042537802
0.021467600072812
0.021222785383811
0.021008828719409
0.020825842414434
0.020673838622149
0.020552738967551
0.020462375928988
0.020402486302604
0.020372697630753
0.020372508950103
0.020401267608691
0.020458144189698
0.020542107745159
0.020651903574838
0.020786035681610
0.020942755801043
0.021120060553330
0.021315697821513
0.021527182947969
0.021751824792483
0.021986761143073
0.022229002448319
0.022475482378283
0.022723113347400
0.022968844868016
0.023209722461909
0.023442944845254
0.023665917218062
0.023876298722135
0.024072042464580
0.024251426913663
0.024413077932350
0.024555981192113
0.024679485174701
0.024783295393586
0.024867460824146
0.024932353802211
0.024978644820672
0.025007273717174
0.025019418703960
0.025016464552641
0.024999971027647
0.024971642383622
0.024933298429098
0.024886847338575
0.024834260094833
0.024777546188102
0.024718730010019
0.024659827274072
0.024602820779866
0.024549634918083
0.024502108481018
0.024461965587399
0.024430784830904
0.024409967095518
0.024400702820385
0.024403939813581
0.024420352980647
0.024450317524543
0.024493887268886
0.024550779741628
0.024620369525090
0.024701691131892
0.024793452314177
0.024894058272934
0.025001646728915
0.025114133275807
0.025229265892330
0.025344686976538
0.025458000815578
0.025566844046993
0.025668956427984
0.025762249124274
0.025844867770017
0.025915247735250
0.025972159359388
0.026014741351538
0.026042521096656
0.026055421210440
0.026053752321033
0.026038192685732
0.026009755839993
0.025969747990878
0.025919717279154
0.025861397321693
0.025796647594695
0.025727393223338
0.025655566608825
0.025583053061924
0.025511642243512
0.025442986764147
0.025378568797570
0.025319675051187
0.025267379943657
0.025222536397676
0.025185773292169
0.025157498353876
0.025137905117680
0.025126982553553
0.025124526042750
0.025130148575497
0.025143291318264
0.025163233035811
0.025189098222698
0.025219864169473
0.025254367529200
0.025291311231521
0.025329272789549
0.025366715141253
0.025402001150759
0.025433412763645
0.025459175569932
0.025477489193316
0.025486563516935
0.025484660302075
0.025470139288304
0.025441507415034
0.025397469408563
0.025336977665613
0.025259279160004
0.025163957022239
0.025050964503614
0.024920649238966
0.024773766058460
0.024611477052941
0.024435338145609
0.024247272034944
0.024049528015009
0.023844629812426
0.023635313167235
0.023424455392664
0.023214999546428
0.023009876109905
0.022811925185755
0.022623822182949
0.022448009763571
0.022286638490695
0.022141518161677
0.022014081264467
0.021905359389181
0.021815972799571
0.021746132756532
0.021695655623881
0.021663987307280
0.021650236206148
0.021653212614333
0.021671472397886
0.021703362808425
0.021747068449896
0.021800655688415
0.021862114155490
0.021929394414994
0.022000441311159
0.022073222954720
0.022145755704603
0.022216125833960
0.022282508808211
0.022343187232254
0.022396568535654
0.022441203358561
0.022475805386303
0.022499273074077
0.022510713328858
0.022509466802886
0.022495134034372
0.022467601279989
0.022427064552575
0.022374050134973
0.022309429710328
0.022234428246293
0.022150622903084
0.022059931501579
0.021964589476983
0.021867114736947
0.021770260413662
0.021676956115096
0.021590238905067
0.021513175837548
0.021448780400846
0.021399925658617
0.021369257178960
0.021359108999291
0.021371425871095
0.021407694862027
0.021468889070125
0.021555425741978
0.021667140507928
0.021803278783901
0.021962504677077
0.022142927010130
0.022342141384872
0.022557286577827
0.022785113029797
0.023022060785213
0.023264343973251
0.023508038810909
0.023749172148735
0.023983807763785
0.024208127914292
0.024418508082082
0.024611583311939
0.024784305078579
0.024933988137141
0.025058347308621
0.025155524587298
0.025224107308036
0.025263138359087
0.025272119560546
0.025251009347951
0.025200215811447
0.025120585957836
0.025013391807136
0.024880313633315
0.024723420340639
0.024545146663357
0.024348266617420
0.024135862445119
0.023911288198863
0.023678127123477
0.023440142124766
0.023201218854015
0.022965301283790
0.022736320081824
0.022518114581790
0.022314349672070
0.022128429441862
0.021963409902867
0.021821913509422
0.021706048498926
0.021617336241280
0.021556649801422
0.021524166771976
0.021519339121671
0.021540882337319
0.021586785529828
0.021654343453337
0.021740210583677
0.021840476555737
0.021950761409818
0.022066328286522
0.022182210478362
0.022293349130401
0.022394737412577
0.022481566685751
0.022549370066294
0.022594158864733
0.022612547627764
0.022601863935351
0.022560239673195
0.022486681185975
0.022381116483750
0.022244418485108
0.022078404097420
0.021885809719628
0.021670244472574
0.021436123087174
0.021188580889833
0.020933373702899
0.020676765719389
0.020425408517541
0.020186214361246
0.019966226803102
0.019772491388778
0.019611928979251
0.019491213887583
0.019416658695298
0.019394107294090
0.019428837411943
0.019525473643938
0.019687911826497
0.019919255472349
0.020221764918456
0.020596819820792
0.021044895643328
0.021565554814929
0.022157453246068
0.022818362885272
0.023545210932447
0.024334136194970
0.025180562859216
0.026079291647812
0.027024607940330
0.028010405959123
0.029030327576064
0.030077913700751
0.031146765592516
0.032230712828262
0.033323984089403
