0.179721266102477
0.180091641505837
0.180436221277217
0.180756476264609
0.181054759110980
0.181334240750417
0.181598815918700
0.181852979868463
0.182101679547769
0.182350143492470
0.182603695560920
0.182867558371294
0.183146652857647
0.183445400716957
0.183767536657598
0.184115937268993
0.184492473008552
0.184897889249595
0.185331721564150
0.185792249446555
0.186276491544162
0.186780244182293
0.187298163590734
0.187823890800332
0.188350216726683
0.188869283540387
0.189372817087373
0.189852383914130
0.190299665414433
0.190706740784892
0.191066369889050
0.191372266809980
0.191619354837109
0.191803993893781
0.191924171967779
0.191979652948644
0.191972074384166
0.191904990016887
0.191783853513578
0.191615941513900
0.191410215949425
0.191177127467213
0.190928363676570
0.190676547764899
0.190434894741377
0.190216834109653
0.190035609091600
0.189903863577318
0.189833228723537
0.189833921533029
0.189914367801069
0.190080861501184
0.190337272002085
0.190684809472414
0.191121857462532
0.191643879985829
0.192243408498469
0.192910112047130
0.193630951576925
0.194390417029646
0.195170843482667
0.195952800249696
0.196715544654169
0.197437530160192
0.198096956765775
0.198672350083822
0.199143154404934
0.199490324290515
0.199696898911761
0.199748543445790
0.199634042367753
0.199345730428674
0.198879848462065
0.198236812885601
0.197421389814084
0.196442767023659
0.195314519543844
0.194054467335946
0.192684426271910
0.191229856382005
0.189719414018431
0.188184417111434
0.186658235005900
0.185175616396070
0.183771970568079
0.182482618467861
0.181342030999565
0.180383072402171
0.179636266537321
0.179129103449617
0.178885402644362
0.178924748191988
0.179262009049201
0.179906955930811
0.180863983728810
0.182131945919273
0.183704104691531
0.185568197749850
0.187706619948999
0.190096715204753
0.192711171539075
0.195518509743463
0.198483654032443
0.201568571264456
0.204732963871963
0.207935000598783
0.211132068511921
0.214281529546985
0.217341465059013
0.220271392470844
0.223032939114973
0.225590459718115
0.227911585637555
0.229967695874433
0.231734302005073
0.233191341426897
0.234323375647250
0.235119692688295
0.235574314976478
0.235685916271563
0.235457653213160
0.234896918872996
0.234015027257433
0.232826838973611
0.231350339229535
0.229606179968796
0.227617198238860
0.225407922862377
0.223004081136940
0.220432116651968
0.217718728411254
0.214890440321953
0.211973208796460
0.208992074757725
0.205970864788182
0.202931944566121
0.199896026138592
0.196882029032577
0.193906993748811
0.190986044853450
0.188132399714404
0.185357417948272
0.182670685870158
0.180080129684798
0.177592150828902
0.175211776769506
0.172942820672903
0.170788043668463
0.168749313920869
0.166827757367631
0.165023895747444
0.163337768406977
0.161769035296157
0.160317059510870
0.158980968684423
0.157759695433666
0.156651997903620
0.155656462200733
0.154771489138230
0.153995268221477
0.153325742165263
0.152760565452658
0.152297060515946
0.151932175048191
0.151662443748681
0.151483957479927
0.151392342385227
0.151382751003954
0.151449866848728
0.151587923297970
0.151790737032839
0.152051755632615
0.152364118359677
0.152720728634533
0.153114336240781
0.153537626924193
0.153983316770325
0.154444248568805
0.154913487303029
0.155384411941055
0.155850800842656
0.156306908331235
0.156747530296247
0.157168057078979
0.157564512335490
0.157933577048817
0.158272598359555
0.158579583381750
0.158853178651857
0.159092636305623
0.159297768476320
0.159468891744702
0.159606763736335
0.159712514147900
0.159787572586356
0.159833595622158
0.159852395391733
0.159845871939922
0.159815951277393
0.159764530850783
0.159693433796421
0.159604372984762
0.159498925476440
0.159378517616568
0.159244420605954
0.159097756020096
0.158939510411851
0.158770557842529
0.158591688948307
0.158403644970976
0.158207155068988
0.158002975178517
0.157791926714331
0.157574933483845
0.157353055329520
0.157127517207657
0.156899732646437
0.156671320792731
0.156444116544182
0.156220173558826
0.156001760227117
0.155791348969278
0.155591599473840
0.155405336711767
0.155235524736603
0.155085237408984
0.154957627259271
0.154855893723327
0.154783251953793
0.154742903325012
0.154738008618533
0.154771664703938
0.154846885324567
0.154966586368342
0.155133575760357
0.155350547866348
0.155620082055216
0.155944644844238
0.156326594852155
0.156768189620952
0.157271593243954
0.157838883661105
0.158472058455241
0.159173038007575
0.159943664945639
0.160785698940356
0.161700806076123
0.162690542222785
0.163756330073685
0.164899429770550
0.166120903304630
0.167421573153700
0.168801975876513
0.170262311629745
0.171802390788458
0.173421579031215
0.175118742388181
0.176892193839756
0.178739643090556
0.180658151127494
0.182644091101369
0.184693116951202
0.186800141023490
0.188959321730516
0.191164062050259
0.193407019403696
0.195680127162947
0.197974627755803
0.200281117048751
0.202589599421698
0.204889552702481
0.207170001916227
0.209419600630929
0.211626718551451
0.213779533933566
0.215866129359105
0.217874589432736
0.219793099027933
0.221610040820284
0.223314090994160
0.224894312186752
0.226340242932306
0.227641983079632
0.228790274867160
0.229776579541429
0.230593149586940
0.231233096788144
0.231690456459656
0.231960248251806
0.232038533960161
0.231922472736765
0.231610374016833
0.231101748339065
0.230397356054790
0.229499253697013
0.228410837523832
0.227136883471980
0.225683582467618
0.224058569756098
0.222270946644534
0.220331292814781
0.218251667173914
0.216045595078005
0.213728039704419
0.211315355368530
0.208825220690125
0.206276549718044
0.203689379420869
0.201084732345454
0.198484453729090
0.195911022917393
0.193387339576832
0.190936485884096
0.188581466606611
0.186344929740056
0.184248871117926
0.182314327132328
0.180561060380736
0.179007243657004
0.177669148213902
0.176560842617838
0.175693908775284
0.175077181819042
0.174716520488251
0.174614614410962
0.174770834297849
0.175181130481622
0.175837984494301
0.176730417474781
0.177844058157519
0.179161272030036
0.180661351986410
0.182320769474268
0.184113483764827
0.186011305602462
0.187984310146827
0.190001292841601
0.192030260664209
0.194038950163364
0.195995362806893
0.197868307468480
0.199627939401956
0.201246284804346
0.202697740066855
0.203959535063656
0.205012150332480
0.205839678752903
0.206430123316082
0.206775623784789
0.206872606441080
0.206721852680920
0.206328483906281
0.205701861947295
0.204855406078943
0.203806329534723
0.202575300220336
0.201186032049086
0.199664814915413
0.198039992753424
0.196341400357196
0.194599770636887
0.192846124722941
0.191111157789410
0.189424633632931
0.187814800909880
0.186307843501129
0.184927376750372
0.183694000323110
0.182624917182000
0.181733626698787
0.181029698258024
0.180518629892605
0.180201794568831
0.180076474755340
0.180135983913149
0.180369871581574
0.180764206853772
0.181301933281510
0.181963286663592
0.182726265793929
0.183567145106332
0.184461017280552
0.185382353287767
0.186305567066844
0.187205572040522
0.188058317001261
0.188841289510169
0.189533975842419
0.190118267655222
0.190578806920114
0.190903262214780
0.191082531171596
0.191110865687277
0.190985918365594
0.190708710546380
0.190283524122989
0.189717721121720
0.189021496667865
0.188207572454846
0.187290839130286
0.186287957086492
