0.030912655444185
0.031041998939799
0.031145770885846
0.031221058670634
0.031265857589056
0.031279128486240
0.031260822951700
0.031211875669240
0.031134164638352
0.031030441042913
0.030904231518062
0.030759716425644
0.030601588467561
0.030434896525305
0.030264879999938
0.030096799132776
0.029935766812444
0.029786587223660
0.029653606377484
0.029540579096545
0.029450556430867
0.029385796772109
0.029347703140731
0.029336788267556
0.029352668205157
0.029394084312363
0.029458952583109
0.029544438464214
0.029647054548612
0.029762777862397
0.029887182904002
0.030015586156960
0.030143197495580
0.030265273742905
0.030377269625906
0.030474981503050
0.030554679508827
0.030613224159002
0.030648163975938
0.030657811308019
0.030641294211235
0.030598583011604
0.030530490950460
0.030438649105704
0.030325456556174
0.030194007489472
0.030047997623775
0.029891612901894
0.029729403904632
0.029566149807650
0.029406715962813
0.029255909316686
0.029118335884952
0.028998264385512
0.028899499901714
0.028825271110912
0.028778134184938
0.028759895962997
0.028771558430230
0.028813285923742
0.028884395849844
0.028983373048741
0.029107907302773
0.029254952867313
0.029420808324227
0.029601214529811
0.029791467964047
0.029986546396274
0.030181243472312
0.030370308606632
0.030548588435178
0.030711166052779
0.030853494324745
0.030971519723701
0.031061793396519
0.031121566506297
0.031148867312522
0.031142557938194
0.031102369313235
0.031028913364382
0.030923672127025
0.030788964067188
0.030627888504487
0.030444249602361
0.030242461923530
0.030027440021633
0.029804474941296
0.029579100818221
0.029356955000698
0.029143635250187
0.028944557620147
0.028764818561406
0.028609064664044
0.028481373227444
0.028385146561201
0.028323022570524
0.028296803781830
0.028307406528512
0.028354831554138
0.028438156810213
0.028555552736791
0.028704319823956
0.028880947766848
0.029081195051886
0.029300187352322
0.029532532672290
0.029772450765858
0.030013913977948
0.030250796315248
0.030477027266887
0.030686746667258
0.030874456738653
0.031035167381278
0.031164530804334
0.031258961724214
0.031315739602215
0.031333089758356
0.031310240679484
0.031247455432808
0.031146035788487
0.031008298429082
0.030837523455828
0.030637876263155
0.030414304711070
0.030172414344842
0.029918325157374
0.029658514027475
0.029399647466252
0.029148409638694
0.028911330780013
0.028694621086757
0.028504014930645
0.028344629827785
0.028220844015868
0.028136195774145
0.028093306799247
0.028093831063228
0.028138429670287
0.028226771337422
0.028357557291911
0.028528568640306
0.028736733648978
0.028978211906108
0.029248492021982
0.029542499371262
0.029854710381811
0.030179270015235
0.030510109343725
0.030841060479836
0.031165966531524
0.031478784703984
0.031773681123980
0.032045116395510
0.032287921286827
0.032497362282566
0.032669197001753
0.032799719679989
0.032885797045122
0.032924894988108
0.032915096456373
0.032855110989791
0.032744276294168
0.032582552218033
0.032370507477561
0.032109299470692
0.031800647540190
0.031446800087997
0.031050496007137
0.030614920977069
0.030143659255496
0.029640641684669
0.029110090703474
0.028556463209191
0.027984392137952
0.027398627626558
0.026803978579658
0.026205255397978
0.025607214531290
0.025014505412464
0.024431620216753
0.023862846784240
0.023312224953842
0.022783506493203
0.022280118776602
0.021805132365317
0.021361232680621
0.020950696023341
0.020575370276673
0.020236660718323
0.019935521449714
0.019672453008543
0.019447506751714
0.019260296565797
0.019110018372248
0.018995477739844
0.018915125697490
0.018867102562951
0.018849289278941
0.018859365394268
0.018894872465462
0.018953281307254
0.019032061213281
0.019128749025478
0.019241015773265
0.019366728548839
0.019504005343832
0.019651260749577
0.019807240714913
0.019971044950980
0.020142136053699
0.020320334957524
0.020505802909675
0.020699010730899
0.020900696674390
0.021111814677980
0.021333475198560
0.021566881099742
0.021813261218863
0.022073804259901
0.022349595545767
0.022641558925781
0.022950405788652
0.023276592701065
0.023620288704975
0.023981352793673
0.024359321579327
0.024753406693193
0.025162501051236
0.025585192794265
0.026019785488719
0.026464323060106
0.026916617926662
0.027374280899269
0.027834751601556
0.028295328422294
0.028753197317295
0.029205459104417
0.029649155216538
0.030081292168726
0.030498865235085
0.030898882000673
0.031278386542368
0.031634484994077
0.031964373167046
0.032265366732426
0.032534934243373
0.032770732995205
0.032970647415033
0.033132829359320
0.033255739401380
0.033338187932180
0.033379374695300
0.033378925244928
0.033336922763898
0.033253933711410
0.033131025885815
0.032969777680615
0.032772277570532
0.032541113174577
0.032279349587460
0.031990497030787
0.031678468232839
0.031347526282900
0.031002224007852
0.030647336172901
0.030287786006291
0.029928567684960
0.029574666493403
0.029230978384240
0.028902230631684
0.028592905186209
0.028307166219404
0.028048793202018
0.027821120695075
0.027626985861865
0.027468684534579
0.027347936498029
0.027265860487239
0.027222959236444
0.027219114763661
0.027253593925524
0.027325064129277
0.027431618940376
0.027570813173536
0.027739706901891
0.027934917664275
0.028152679997410
0.028388911272233
0.028639282677605
0.028899294076698
0.029164351368433
0.029429844924834
0.029691227650517
0.029944091226264
0.030184239156148
0.030407755335636
0.030611066992523
0.030791001016885
0.030944832881713
0.031070327552197
0.031165771977803
0.031229998946289
0.031262402243047
0.031262943194678
0.031232148777584
0.031171101538746
0.031081421608624
0.030965241090378
0.030825171093923
0.030664261658341
0.030485954784403
0.030294030792944
0.030092548246726
0.029885777732970
0.029678129907863
0.029474078355775
0.029278078013006
0.029094480141843
0.028927445104421
0.028780854461789
0.028658224193107
0.028562621072262
0.028496584433274
0.028462055681164
0.028460317943944
0.028491948200005
0.028556784045029
0.028653906980802
0.028781643719130
0.028937586507811
0.029118632919198
0.029321044917296
0.029540526362972
0.029772317457740
0.030011303994764
0.030252138710688
0.030489371540723
0.030717585195177
0.030931532216553
0.031126269554176
0.031297286713639
0.031440623699573
0.031552975264656
0.031631778391582
0.031675280449512
0.031682586060041
0.031653681355570
0.031589434989701
0.031491575939869
0.031362648803574
0.031205947910335
0.031025432134547
0.030825622785863
0.030611487363954
0.030388312287371
0.030161567939355
0.029936769517111
0.029719337228132
0.029514459351875
0.029326961582854
0.029161185897742
0.029020881950179
0.028909113698052
0.028828183614353
0.028779576429184
0.028763923902102
0.028780991636196
0.028829688424287
0.028908098070996
0.029013533071303
0.029142608957605
0.029291337566320
0.029455236936462
0.029629455052721
0.029808904201732
0.029988402339656
0.030162817588718
0.030327211804887
0.030476979100573
0.030607975273753
0.030716634292263
0.030800068308259
0.030856148126603
0.030883561610424
0.030881848160478
0.030851408130717
0.030793486815716
0.030710133438814
0.030604136354324
0.030478936424383
0.030338521214156
0.030187303243790
0.030029986021602
0.029871421944807
0.029716466381267
0.029569832333493
0.029435950034875
0.029318835643463
0.029221972890517
0.029148211123105
0.029099682668515
