0.041179887384963
0.041185554554248
0.041191191205825
0.041196797332267
0.041202372927185
0.041207917985215
0.041213432502007
0.041218916474201
0.041224369899420
0.041229792776250
0.041235185104227
0.041240546883820
0.041245878116420
0.041251178804319
0.041256448950700
0.041261688559624
0.041266897636008
0.041272076185616
0.041277224215046
0.041282341731709
0.041287428743822
0.041292485260388
0.041297511291184
0.041302506846750
0.041307471938369
0.041312406578058
0.041317310778550
0.041322184553286
0.041327027916395
0.041331840882686
0.041336623467627
0.041341375687342
0.041346097558587
0.041350789098746
0.041355450325810
0.041360081258370
0.041364681915598
0.041369252317241
0.041373792483603
0.041378302435532
0.041382782194412
0.041387231782147
0.041391651221146
0.041396040534316
0.041400399745048
0.041404728877200
0.041409027955093
0.041413297003492
0.041417536047597
0.041421745113031
0.041425924225827
0.041430073412416
0.041434192699619
0.041438282114632
0.041442341685012
0.041446371438673
0.041450371403868
0.041454341609179
0.041458282083511
0.041462192856073
0.041466073956372
0.041469925414202
0.041473747259631
0.041477539522991
0.041481302234869
0.041485035426095
0.041488739127729
0.041492413371058
0.041496058187576
0.041499673608982
0.041503259667164
0.041506816394195
0.041510343822316
0.041513841983930
0.041517310911594
0.041520750638005
0.041524161195993
0.041527542618511
0.041530894938624
0.041534218189503
0.041537512404412
0.041540777616702
0.041544013859799
0.041547221167196
0.041550399572446
0.041553549109148
0.041556669810946
0.041559761711513
0.041562824844545
0.041565859243753
0.041568864942856
0.041571841975569
0.041574790375596
0.041577710176624
0.041580601412312
0.041583464116284
0.041586298322121
0.041589104063354
0.041591881373455
0.041594630285829
0.041597350833808
0.041600043050642
0.041602706969492
0.041605342623422
0.041607950045392
0.041610529268253
0.041613080324736
0.041615603247446
0.041618098068856
0.041620564821302
0.041623003536967
0.041625414247885
0.041627796985924
0.041630151782779
0.041632478669964
0.041634777678793
0.041637048840360
0.041639292185514
0.041641507744803
0.041643695548407
0.041645855626020
0.041647988006650
0.041650092718317
0.041652169787552
0.041654219238595
0.041656241092125
0.041658235363249
0.041660202058342
0.041662141170138
0.041664052670143
0.041665936497001
0.041667792538842
0.041669620606656
0.041671420394529
0.041673191420716
0.041674932941091
0.041676643823096
0.041678322363776
0.041679966029408
0.041681571086243
0.041683132081546
0.041684641120908
0.041686086871153
0.041687453197588
0.041688717319281
0.041689847336239
0.041690798947478
0.041691511139496
0.041691900580953
0.041691854413127
0.041691221078957
0.041689798789590
0.041687321190882
0.041683439769067
0.041677702532218
0.041669528530739
0.041658177845869
0.041642716790500
0.041621978242088
0.041594517272837
0.041558562565306
0.041511964506312
0.041452141337720
0.041376025301766
0.041280011335080
0.041159911514069
0.041010919098632
0.040827586614677
0.040603822902107
0.040332914369497
0.040007575770875
0.039620035585078
0.039162160471497
0.038625622247615
0.038002109353953
0.037283582838466
0.036462574536780
0.035532522417316
0.034488135112997
0.033325774625916
0.032043843255923
0.030643158183523
0.029127295061113
0.027502880661906
0.025779814309763
0.023971398631911
0.022094362246334
0.020168760345965
0.018217743712542
0.016267192328246
0.014345216202784
0.012481532962068
0.010706738749679
0.009051495630004
0.007545664497675
0.006217417061682
0.005092363413428
0.004192732727612
0.003536643623270
0.003137497606973
0.003003523952842
0.003137497606973
0.003536643623270
0.004192732727612
0.005092363413428
0.006217417061682
0.007545664497675
0.009051495630004
0.010706738749679
0.012481532962068
0.014345216202784
0.016267192328246
0.018217743712542
0.020168760345965
0.022094362246333
0.023971398631911
0.025779814309763
0.027502880661906
0.029127295061113
0.030643158183523
0.032043843255923
0.033325774625916
0.034488135112997
0.035532522417316
0.036462574536780
0.037283582838466
0.038002109353954
0.038625622247615
0.039162160471497
0.039620035585078
0.040007575770875
0.040332914369498
0.040603822902107
0.040827586614677
0.041010919098632
0.041159911514069
0.041280011335080
0.041376025301766
0.041452141337720
0.041511964506312
0.041558562565306
0.041594517272837
0.041621978242088
0.041642716790500
0.041658177845869
0.041669528530739
0.041677702532218
0.041683439769067
0.041687321190882
0.041689798789590
0.041691221078957
0.041691854413127
0.041691900580952
0.041691511139496
0.041690798947478
0.041689847336239
0.041688717319281
0.041687453197588
0.041686086871153
0.041684641120908
0.041683132081546
0.041681571086243
0.041679966029408
0.041678322363776
0.041676643823096
0.041674932941091
0.041673191420716
0.041671420394529
0.041669620606656
0.041667792538842
0.041665936497001
0.041664052670143
0.041662141170138
0.041660202058342
0.041658235363249
0.041656241092125
0.041654219238595
0.041652169787552
0.041650092718317
0.041647988006650
0.041645855626020
0.041643695548408
0.041641507744803
0.041639292185514
0.041637048840360
0.041634777678793
0.041632478669964
0.041630151782779
0.041627796985924
0.041625414247885
0.041623003536967
0.041620564821302
0.041618098068856
0.041615603247446
0.041613080324736
0.041610529268253
0.041607950045392
0.041605342623422
0.041602706969492
0.041600043050642
0.041597350833808
0.041594630285829
0.041591881373455
0.041589104063354
0.041586298322121
0.041583464116284
0.041580601412312
0.041577710176624
0.041574790375596
0.041571841975569
0.041568864942856
0.041565859243753
0.041562824844545
0.041559761711513
0.041556669810946
0.041553549109148
0.041550399572446
0.041547221167196
0.041544013859799
0.041540777616702
0.041537512404412
0.041534218189503
0.041530894938624
0.041527542618511
0.041524161195993
0.041520750638005
0.041517310911594
0.041513841983930
0.041510343822316
0.041506816394195
0.041503259667164
0.041499673608982
0.041496058187576
0.041492413371058
0.041488739127729
0.041485035426095
0.041481302234869
0.041477539522991
0.041473747259631
0.041469925414202
0.041466073956372
0.041462192856073
0.041458282083511
0.041454341609179
0.041450371403867
0.041446371438673
0.041442341685012
0.041438282114632
0.041434192699620
0.041430073412416
0.041425924225827
0.041421745113031
0.041417536047598
0.041413297003492
0.041409027955093
0.041404728877200
0.041400399745048
0.041396040534316
0.041391651221146
0.041387231782147
0.041382782194412
0.041378302435532
0.041373792483603
0.041369252317241
0.041364681915598
0.041360081258370
0.041355450325810
0.041350789098746
0.041346097558587
0.041341375687342
0.041336623467627
0.041331840882686
0.041327027916395
0.041322184553286
0.041317310778550
0.041312406578057
0.041307471938369
0.041302506846750
0.041297511291184
0.041292485260388
0.041287428743822
0.041282341731709
0.041277224215046
0.041272076185616
0.041266897636008
0.041261688559624
0.041256448950700
0.041251178804319
0.041245878116420
0.041240546883820
0.041235185104227
0.041229792776250
0.041224369899420
0.041218916474201
0.041213432502007
0.041207917985215
0.041202372927185
0.041196797332267
0.041191191205825
0.041185554554248
0.041179887384963
