5.159049102111292751e-01
5.156763999658029451e-01
5.154474090293148514e-01
5.152122551780982107e-01
5.149661746265650208e-01
5.147078031197283021e-01
5.144411273867297574e-01
5.141758830431935046e-01
5.139256771179659955e-01
5.137038095141399641e-01
5.135176941650632099e-01
5.133636359290945084e-01
5.132241467277471880e-01
5.130696961448547588e-01
5.128656954778275656e-01
5.125837965194235402e-01
5.122147108744752320e-01
5.117783606624591863e-01
5.113268821024439248e-01
5.109372084037711037e-01
5.106926222402796700e-01
5.106562505776973682e-01
5.108430035122852875e-01
5.111987602111136564e-01
5.115956434840468470e-01
5.118494614364793582e-01
5.117600553101285810e-01
5.111684427683207410e-01
5.100180249336496718e-01
5.084027493952123500e-01
5.065847392721952724e-01
5.049684408062879992e-01
5.040275185032832006e-01
5.041929071113755434e-01
5.057228771773791820e-01
5.085854099134790030e-01
5.123865804409416524e-01
5.163740622509938039e-01
5.195320609316249616e-01
5.207647506668466875e-01
5.191432533790409920e-01
5.141711931633797805e-01
5.060108941075117661e-01
4.956104222956836391e-01
4.846829538083264888e-01
4.755137457280702584e-01
4.706028377663456497e-01
4.721877064709880667e-01
4.817222868624306265e-01
4.994099691612406411e-01
5.238927871125802493e-01
5.521842243871444289e-01
5.798996036195732673e-01
6.017902725389483454e-01
6.125332124042239812e-01
6.076755734590740810e-01
5.845935481762924990e-01
5.433050148677314173e-01
4.869806299532658533e-01
4.220296162564572962e-01
3.576911247170090902e-01
3.051325025897715371e-01
2.761319410312745859e-01
2.814933141202897171e-01
3.293945273732194479e-01
4.238985182721493050e-01
5.638529185906144825e-01
7.423694268568689081e-01
9.470108376833369368e-01
1.160730155337336367e+00
1.363512929394092410e+00
1.534582956216489658e+00
1.654954604718096078e+00
1.710062222683854660e+00
1.692175213017886426e+00
1.602319351450404827e+00
1.451469460759993169e+00
1.260850465607947113e+00
1.061274799460913965e+00
8.915437900719589415e-01
7.960379888011497318e-01
8.217060300135526907e-01
1.014724887068301662e+00
1.417140356674902790e+00
2.063802429369470559e+00
2.979886321801277660e+00
4.179239775543448943e+00
5.663726599350533242e+00
7.423652805959561007e+00
9.439273269085614260e+00
1.168329166129175078e+01
1.412419167713544965e+01
1.673017883635280256e+01
1.947347324420588066e+01
2.233467625803759660e+01
2.530693777718423121e+01
2.839967378859523350e+01
3.164162242639238443e+01
3.508307676837448241e+01
3.879718907502436309e+01
4.288029937991791485e+01
4.745129691012776618e+01
5.265007216633371456e+01
5.863515801750182277e+01
6.558068830935380333e+01
7.367282169340481346e+01
8.310578693942619566e+01
9.407770480884886410e+01
1.067863319552632930e+02
1.214248558341064665e+02
1.381778479591306734e+02
1.572174579221916417e+02
1.786999045170561260e+02
2.027622954821235055e+02
2.295197864204505720e+02
2.590630749405060556e+02
2.914562200300422887e+02
3.267347799903990335e+02
3.649042739336347836e+02
4.059389885940971112e+02
4.497811684720007861e+02
4.963406360107761657e+02
5.454948824855816838e+02
5.970896445435951136e+02
6.509399353846783924e+02
7.068314393509009506e+02
7.645221173385956490e+02
8.237438270852175037e+02
8.842037586261349134e+02
9.455855394995095367e+02
1.007549984960082156e+03
1.069735647304302802e+03
1.131759526531194297e+03
1.193218493025324960e+03
1.253692079450812571e+03
1.312747260982819853e+03
1.369945615293055880e+03
1.424852827876813762e+03
1.477049927773791751e+03
1.526145004596568015e+03
1.571783620396433435e+03
1.613655863960671695e+03
1.651498160016672500e+03
1.685088637577705867e+03
1.714236067471702881e+03
1.738763947278220940e+03
1.758492950443262544e+03
1.773226268471401681e+03
1.782742932921612464e+03
1.786803651038082080e+03
1.785171852367646579e+03
1.777649628761439999e+03
1.764124486985477688e+03
1.744619052507179276e+03
1.719332987830424827e+03
1.688665349708504436e+03
1.653207113617065033e+03
1.613697894170923291e+03
1.570947616827462753e+03
1.525732004983907245e+03
1.478678624895479970e+03
1.430165968839024799e+03
1.380259850131637450e+03
1.328707993520460832e+03
1.275004873507684806e+03
1.218525560936309375e+03
1.158711804358897552e+03
1.095278958186502678e+03
1.028402193532646834e+03
9.588377937623015441e+02
8.879421256494304089e+02
8.175670970638791459e+02
7.498343936498434914e+02
6.868173500946109016e+02
6.301834396554329487e+02
5.808662974994158503e+02
5.388392310620458829e+02
5.030499163498869848e+02
4.715491950558603094e+02
4.418097211492221277e+02
4.111896480134275862e+02
3.774611583054996800e+02
3.393017611522518564e+02
2.966441085783929452e+02
2.508000258573321730e+02
2.043142183692948493e+02
1.605558026507547993e+02
1.231110446630993920e+02
9.508670281711587791e+01
7.845953539674492561e+01
7.360682472536916521e+01
7.912361465617232170e+01
9.197931477863130567e+01
1.079994412356525686e+02
1.225911347103812972e+02
1.315780179524187758e+02
1.319827884458526626e+02
1.226013863630761023e+02
1.042505081163688487e+02
7.963351367726092178e+01
5.284563211880015388e+01
2.861207920082983946e+01
1.140697068441950890e+01
4.625230338781209483e+00
9.968856017449013507e+00
2.716519902342228932e+01
5.406758741946276103e+01
8.711188014954171877e+01
1.220324021668464241e+02
1.546915578253151864e+02
1.818589153137311314e+02
2.017906829835990834e+02
2.145051017474290518e+02
2.217131673766709241e+02
2.264334374744231297e+02
2.323800771115077168e+02
2.432528840934369896e+02
2.620698554464827339e+02
2.906660864646288474e+02
3.294425653230063062e+02
3.773943877494476737e+02
4.323919107680429192e+02
4.916417960498206412e+02
5.522263727445563291e+02
6.116135123916333214e+02
6.680445883704135213e+02
7.207400787442379624e+02
7.699030381700792987e+02
8.165410848032963713e+02
8.621597371943930739e+02
9.083984035643459265e+02
9.566829425050184454e+02
1.007956781567412008e+03
1.062530173438489555e+03
1.120059975977083241e+03
1.179646302769888734e+03
1.240012453407495059e+03
1.299723772572120424e+03
1.357400329486342798e+03
1.411886270010956650e+03
1.462352537035616706e+03
1.508325793710129119e+03
1.549651318912616944e+03
1.586408658659822322e+03
1.618804405371191933e+03
1.647066455663813940e+03
1.671359426761679060e+03
1.691733310288560006e+03
1.708108910828163971e+03
1.720295984669934114e+03
1.728034580926498620e+03
1.731047527931028981e+03
1.729092251824579762e+03
1.722002564449270039e+03
1.709714796167190798e+03
1.692276685607284435e+03
1.669840924454595097e+03
1.642647628202834767e+03
1.611001040606852712e+03
1.575245571757919151e+03
1.535745137036522465e+03
1.492868140224527679e+03
1.446978762695066507e+03
1.398433827545222584e+03
1.347583609781855785e+03
1.294774619278166028e+03
1.240352524473905760e+03
1.184663862165414230e+03
1.128055811478411670e+03
1.070873931192587634e+03
1.013458246676669319e+03
9.561383621184628510e+02
8.992283585200407288e+02
8.430221544218450163e+02
7.877898151752422109e+02
7.337750636576447505e+02
6.811940266233302737e+02
6.302350837180157441e+02
5.810595867572390034e+02
5.338031830224709893e+02
4.885774934267814729e+02
4.454719441525012940e+02
4.045556088468801477e+02
3.658789722761063672e+02
3.294755665195928032e+02
2.953634547512749009e+02
2.635465477658489135e+02
2.340157398903463104e+02
2.067498497670925133e+02
1.817163528043882366e+02
1.588718990735051193e+02
1.381626240618188035e+02
1.195242789230863707e+02
1.028822291718127673e+02
8.815139284190908597e+01
7.523620755375316094e+01
6.403072772547324121e+01
5.441895613830759260e+01
4.627550701764426577e+01
3.946668053284304278e+01
3.385200191441627737e+01
2.928624383491598238e+01
2.562191059485391520e+01
2.271211984787085925e+01
2.041377535067581306e+01
1.859088603791973782e+01
1.711785614686782964e+01
1.588255148853698273e+01
1.478894111024642299e+01
1.375912351646999099e+01
1.273457316087186264e+01
1.167648553860236227e+01
1.056515578506343545e+01
9.398392557642193168e+00
8.189041085198889292e+00
6.961760524394929206e+00
5.749264545453076636e+00
4.588283874233585635e+00
3.515539637752472579e+00
2.564022579483530517e+00
1.759853393104568342e+00
1.119953937041402892e+00
6.506909931080928633e-01
3.475691583760091019e-01
1.959552135218298186e-01
1.727221516504038878e-01
2.486167422012486861e-01
3.910892178660724805e-01
5.672848756117871982e-01
7.468898447120020379e-01
9.045483374610354677e-01
1.021623934489936270e+00
1.087156788972487353e+00
1.097962938982694814e+00
1.057920065886111871e+00
9.765742584986425445e-01
8.672737429752898075e-01
7.450795617335130849e-01
6.247148130219136730e-01
5.187925576107181858e-01
4.365115578467844148e-01
3.829362898427103867e-01
3.588937003976518936e-01
3.614358731746385445e-01
3.847466542805778600e-01
4.213208156752337175e-01
4.632224822517101437e-01
5.032369665515736834e-01
5.357640072540973408e-01
5.573539279900203702e-01
5.668519192615305569e-01
5.651788850831850342e-01
5.548301428987035822e-01
5.392080681751156845e-01
5.219173578698640403e-01
5.061417900445583928e-01
4.941928478860568852e-01
4.872799834787396867e-01
4.855078429682516683e-01
4.880656853610474410e-01
4.935452193958113076e-01
5.003092266511350861e-01
5.068354935352460400e-01
5.119764850602117612e-01
5.151001932011143314e-01
5.161057383909284368e-01
5.153326785670389043e-01
5.134008941561566397e-01
5.110257425411585119e-01
5.088506829914682950e-01
5.073287227401591659e-01
5.066683131163665088e-01
5.068428123139259167e-01
5.076490357960756761e-01
5.087922886803014633e-01
5.099735812683783287e-01
5.109588293510305412e-01
5.116178513115332560e-01
5.119303788072266936e-01
5.119646372986781380e-01
5.118395098045878111e-01
5.116830488115879927e-01
5.115983742308014559e-01
5.116438498393095502e-01
5.118293606166670617e-01
5.121259921335328258e-01
5.124835119446945475e-01
5.128492239467606906e-01
5.131828260091622074e-01
5.134641879381984797e-01
5.136936078749931855e-01
5.138862958581227325e-01
5.140640514561489738e-01
5.142472055713113166e-01
5.144490919282490582e-01
5.146740313684093904e-01
5.149185345427010896e-01
5.151745365675838295e-01
5.154331543278152239e-01
5.156876735114248600e-01
