0.006473164122340
0.006514753427835
0.006555874869953
0.006596101012940
0.006635055783563
0.006672412668243
0.006707890026784
0.006741244126733
0.006772260627732
0.006800745322487
0.006826514965508
0.006849388991402
0.006869182843155
0.006885703503082
0.006898747653060
0.006908102697243
0.006913550672033
0.006914874858173
0.006911868711967
0.006904346559522
0.006892155360829
0.006875186758203
0.006853388582178
0.006826775000136
0.006795434558138
0.006759535480594
0.006719327748586
0.006675141666012
0.006627382831775
0.006576523652724
0.006523091742916
0.006467655746577
0.006410809283324
0.006353153834626
0.006295281462646
0.006237758272052
0.006181109490668
0.006125806957921
0.006072259675910
0.006020807904529
0.005971721079560
0.005925199612941
0.005881380410552
0.005840345727897
0.005802134790803
0.005766757447917
0.005734209003857
0.005704485313170
0.005677597199697
0.005653583304381
0.005632520554366
0.005614531582143
0.005599788597063
0.005588513412502
0.005580973548241
0.005577474546485
0.005578348848613
0.005583941766208
0.005594595233814
0.005610630143964
0.005632328131825
0.005659913694891
0.005693537503143
0.005733261680631
0.005779047726933
0.005830747604821
0.005888098358778
0.005950720458432
0.006018119892185
0.006089693879092
0.006164739929647
0.006242467874735
0.006322014400385
0.006402459575226
0.006482844836520
0.006562191905654
0.006639522130092
0.006713875789518
0.006784330952780
0.006850021522904
0.006910154154466
0.006964023767229
0.007011027409979
0.007050676248903
0.007082605467378
0.007106581872011
0.007122509007766
0.007130429597861
0.007130525146938
0.007123112582603
0.007108637863794
0.007087666555284
0.007060871454869
0.007029017460217
0.006992943970654
0.006953545228832
0.006911749110410
0.006868494958877
0.006824711129916
0.006781292949114
0.006739081793943
0.006698845983610
0.006661264099072
0.006626911263039
0.006596248791451
0.006569617490717
0.006547234727350
0.006529195247323
0.006515475580222
0.006505941735755
0.006500359793633
0.006498408906478
0.006499696181187
0.006503772877100
0.006510151357013
0.006518322245998
0.006527771288355
0.006537995439626
0.006548517783640
0.006558900919740
0.006568758519816
0.006577764806896
0.006585661756784
0.006592263872733
0.006597460432591
0.006601215160739
0.006603563336002
0.006604606413220
0.006604504311013
0.006603465600285
0.006601735914776
0.006599584991730
0.006597292832067
0.006595135538257
0.006593371437554
0.006592228121588
0.006591891025167
0.006592494123874
0.006594113250563
0.006596762416789
0.006600393381106
0.006604898539360
0.006610117032060
0.006615843781926
0.006621841002741
0.006627851570466
0.006633613529968
0.006638874934354
0.006643408184798
0.006647023059598
0.006649577691352
0.006650986866382
0.006651227173570
0.006650338710829
0.006648423254839
0.006645639000916
0.006642192172369
0.006638325970848
0.006634307480897
0.006630413245590
0.006626914290599
0.006624061389306
0.006622071332196
0.006621114893243
0.006621307079840
0.006622700118406
0.006625279473724
0.006628963035440
0.006633603439250
0.006638993331895
0.006644873246156
0.006650941631305
0.006656866491400
0.006662298022091
0.006666881608584
0.006670270553488
0.006672137942408
0.006672187124768
0.006670160383240
0.006665845482060
0.006659079915850
0.006649752819124
0.006637804634469
0.006623224766601
0.006606047562239
0.006586347045148
0.006564230895932
0.006539834193038
0.006513313422873
0.006484841223065
0.006454602246272
0.006422790427386
0.006389607811705
0.006355264964188
0.006319982840296
0.006283995867390
0.006247555872211
0.006210936403346
0.006174436944767
0.006138386502005
0.006103146067707
0.006069109536845
0.006036702738952
0.006006380378326
0.005978620813711
0.005953918755663
0.005932776101578
0.005915691254121
0.005903147369251
0.005895600047788
0.005893465014901
0.005897106323616
0.005906825573145
0.005922852555360
0.005945337640382
0.005974346094428
0.006009854400006
0.006051748530892
0.006099824031892
0.006153787674286
0.006213260408154
0.006277781315536
0.006346812283892
0.006419743164677
0.006495897251683
0.006574537000309
0.006654870003030
0.006736055328009
0.006817210407341
0.006897418719850
0.006975738543590
0.007051213050203
0.007122881974841
0.007189795021951
0.007251027062448
0.007305695047450
0.007352976416303
0.007392128621771
0.007422509243927
0.007443596027530
0.007455006066069
0.007456513278603
0.007448063290578
0.007429784842250
0.007401996910692
0.007365210843410
0.007320126959949
0.007267625276705
0.007208750240733
0.007144689610201
0.007076747880075
0.007006314908551
0.006934830639454
0.006863747025545
0.006794488425763
0.006728411866235
0.006666768612990
0.006610668499189
0.006561048379958
0.006518645955320
0.006483980011351
0.006457337889431
0.006438770713926
0.006428096602374
0.006424911763277
0.006428609069587
0.006438403395488
0.006453362733896
0.006472443884373
0.006494531326053
0.006518477774970
0.006543144874540
0.006567442483037
0.006590365101176
0.006611024121529
0.006628674772335
0.006642736861780
0.006652808694081
0.006658673813524
0.006660300524580
0.006657834422911
0.006651584441868
0.006642003161467
0.006629662332842
0.006615224733645
0.006599413583664
0.006582980811996
0.006566675476440
0.006551213593360
0.006537250545126
0.006525357096807
0.006515999880324
0.006509526999978
0.006506159186600
0.006505986687441
0.006508971835014
0.006514956999810
0.006523677408829
0.006534778112980
0.006547834219856
0.006562373381193
0.006577899441991
0.006593916124685
0.006609949638764
0.006625569173551
0.006640404346940
0.006654158840989
0.006666619649456
0.006677661583835
0.006687246922790
0.006695420333610
0.006702299431324
0.006708061559381
0.006712927563914
0.006717143481602
0.006720961160836
0.006724618881675
0.006728323029142
0.006732231807021
0.006736441858991
0.006740978497129
0.006745790033824
0.006750746483363
0.006755642657050
0.006760205434470
0.006764104767342
0.006766967774317
0.006768395126344
0.006767978811831
0.006765320314722
0.006760048239384
0.006751834472982
0.006740408084504
0.006725566312202
0.006707182177838
0.006685208474572
0.006659678092272
0.006630700855812
0.006598457245518
0.006563189532646
0.006525190987282
0.006484793894568
0.006442357144241
0.006398254137887
0.006352861691139
0.006306550500427
0.006259677604284
0.006212581108197
0.006165577271061
0.006118959882369
0.006073001703591
0.006027957614943
0.005984069007874
0.005941568899837
0.005900687224035
0.005861655762859
0.005824712246735
0.005790103224718
0.005758085421965
0.005728925423280
0.005702897651559
0.005680280735486
0.005661352473262
0.005646383690698
0.005635631357027
0.005629331356605
0.005627691318335
0.005630883878475
0.005639040700267
0.005652247501150
0.005670540252325
0.005693902623951
0.005722264660446
0.005755502591586
0.005793439622954
0.005835847508280
0.005882448689187
0.005932918795194
0.005986889326730
0.006043950392591
0.006103653435137
0.006165513944918
0.006229014234007
0.006293606396891
0.006358715632919
0.006423744129746
0.006488075709671
0.006551081418832
0.006612126193859
0.006670576674800
0.006725810151786
0.006777224542363
0.006824249203914
0.006866356298559
0.006903072353504
0.006933989604114
0.006958776674582
0.006977188144814
0.006989072572593
0.006994378586057
0.006993158729583
