0.025895809893690
0.025892574962545
0.025892400512408
0.025895327583570
0.025901350101051
0.025910415617307
0.025922426810912
0.025937243603790
0.025954685779556
0.025974536013875
0.025996543260014
0.026020426464435
0.026045878613930
0.026072571134066
0.026100158665860
0.026128284242508
0.026156584870700
0.026184697492942
0.026212265271101
0.026238944090518
0.026264409142682
0.026288361406950
0.026310533822159
0.026330696920868
0.026348663694859
0.026364293471946
0.026377494611282
0.026388225865973
0.026396496315691
0.026402363834592
0.026405932127175
0.026407346432189
0.026406788057790
0.026404467965569
0.026400619663414
0.026395491694656
0.026389340022269
0.026382420601607
0.026374982414367
0.026367261202006
0.026359474091722
0.026351815255765
0.026344452689034
0.026337526134494
0.026331146134274
0.026325394139261
0.026320323573679
0.026315961724664
0.026312312310534
0.026309358574610
0.026307066752851
0.026305389771234
0.026304271040757
0.026303648231855
0.026303456924040
0.026303634039096
0.026304120976264
0.026304866375128
0.026305828436730
0.026306976736698
0.026308293467111
0.026309774048187
0.026311427058155
0.026313273441389
0.026315344972084
0.026317681973907
0.026320330325063
0.026323337812027
0.026326749932410
0.026330605285658
0.026334930726981
0.026339736492252
0.026345011526524
0.026350719263922
0.026356794109610
0.026363138863990
0.026369623304562
0.026376084102312
0.026382326198298
0.026388125704487
0.026393234323651
0.026397385209945
0.026400300118373
0.026401697621903
0.026401302113330
0.026398853258746
0.026394115533552
0.026386887452750
0.026377010105891
0.026364374624184
0.026348928242122
0.026330678667169
0.026309696536229
0.026286115813726
0.026260132069700
0.026231998663393
0.026202020944436
0.026170548665992
0.026137966878369
0.026104685634394
0.026071128886649
0.026037722989274
0.026004885232344
0.025973012834088
0.025942472795789
0.025913592987028
0.025886654776590
0.025861887459253
0.025839464653413
0.025819502762429
0.025802061506988
0.025787146450374
0.025774713356879
0.025764674149076
0.025756904165610
0.025751250370235
0.025747540127277
0.025745590140213
0.025745215149397
0.025746236002261
0.025748486743771
0.025751820424987
0.025756113390824
0.025761267881571
0.025767212862683
0.025773903080035
0.025781316418802
0.025789449719614
0.025798313271604
0.025807924255294
0.025818299446334
0.025829447512295
0.025841361238349
0.025854010004102
0.025867332804555
0.025881232065380
0.025895568449590
0.025910156792862
0.025924763242197
0.025939103611239
0.025952842909172
0.025965595951863
0.025976928926419
0.025986361755141
0.025993371092807
0.025997393791996
0.025997830683664
0.025994050542530
0.025985394136479
0.025971178293328
0.025950699953921
0.025923240214704
0.025888068393099
0.025844446173041
0.025791631904509
0.025728885138839
0.025655471481162
0.025570667832750
0.025473768080756
0.025364089272121
0.025240978284345
0.025103818980120
0.024952039807640
0.024785121785288
0.024602606789830
0.024404106052268
0.024189308755582
0.023957990623879
0.023710022392535
0.023445378053003
0.023164142773032
0.022866520401650
0.022552840477184
0.022223564664301
0.021879292551342
0.021520766741098
0.021148877165968
0.020764664551786
0.020369322943775
0.019964201193593
0.019550803289360
0.019130787392277
0.018705963425735
0.018278289047529
0.017849863825014
0.017422921428716
0.016999819663868
0.016583028173100
0.016175113668223
0.015778722585295
0.015396561105027
0.015031372539578
0.014685912155707
0.014362919581378
0.014065089026104
0.013795037631709
0.013555272356935
0.013348155883046
0.013175872104981
0.013040391840352
0.012943439443475
0.012886461050822
0.012870595205129
0.012896646606055
0.012965063714064
0.013075920890438
0.013228905689780
0.013423311832739
0.013658038277329
0.013931594679351
0.014242113389030
0.014587367975795
0.014964798110503
0.015371540469300
0.015804465161151
0.016260217027309
0.016735261021418
0.017225930758798
0.017728479227720
0.018239130588351
0.018754131949652
0.019269804012900
0.019782589503396
0.020289098378390
0.020786148897225
0.021270803765376
0.021740400712656
0.022192577031390
0.022625287776151
0.023036817505818
0.023425785624012
0.023791145539018
0.024132178012957
0.024448479197572
0.024739943956865
0.025006745152808
0.025249309618905
0.025468291568039
0.025664544178045
0.025839090073610
0.025993091380418
0.026127819970902
0.026244628455010
0.026344922397851
0.026430134172743
0.026501698785588
0.026561031936982
0.026609510523057
0.026648455715248
0.026679118702956
0.026702669130683
0.026720186212038
0.026732652456226
0.026740949897792
0.026745858677393
0.026748057780587
0.026748127704088
0.026746554785836
0.026743736908546
0.026739990267696
0.026735556886246
0.026730612560916
0.026725274939781
0.026719611458128
0.026713646898541
0.026707370390243
0.026700741719539
0.026693696884454
0.026686152888807
0.026678011829907
0.026669164386013
0.026659492850998
0.026648873891501
0.026637181214050
0.026624288325420
0.026610071548822
0.026594413422962
0.026577206562879
0.026558358004096
0.026537793989178
0.026515465092467
0.026491351519268
0.026465468364222
0.026437870573836
0.026408657333127
0.026377975588137
0.026346022425691
0.026313046059087
0.026279345212272
0.026245266753305
0.026211201497569
0.026177578178657
0.026144855666129
0.026113513590128
0.026084041609142
0.026056927624997
0.026032645305100
0.026011641313313
0.025994322675444
0.025981044712207
0.025972099961121
0.025967708479933
0.025968009879036
0.025973057371172
0.025982814056278
0.025997151580747
0.026015851227252
0.026038607407244
0.026065033446740
0.026094669480564
0.026126992203536
0.026161426171709
0.026197356304336
0.026234141208900
0.026271126937576
0.026307660783661
0.026343104739892
0.026376848265678
0.026408320045490
0.026436998463764
0.026462420570715
0.026484189366272
0.026501979283933
0.026515539811081
0.026524697235561
0.026529354559026
0.026529489664662
0.026525151869726
0.026516457031307
0.026503581406340
0.026486754493781
0.026466251107556
0.026442382942969
0.026415489906246
0.026385931476333
0.026354078359582
0.026320304681326
0.026284980933492
0.026248467864672
0.026211111459088
0.026173239104754
0.026135157000373
0.026097148797017
0.026059475416748
0.026022375938503
0.025986069394459
0.025950757280187
0.025916626551649
0.025883852863169
0.025852603794512
0.025823041822501
0.025795326813317
0.025769617844579
0.025746074209992
0.025724855511238
0.025706120799032
0.025690026784461
0.025676725199544
0.025666359438824
0.025659060658814
0.025654943546483
0.025654101989871
0.025656604892121
0.025662492364453
0.025671772514389
0.025684419014316
0.025700369594222
0.025719525553883
0.025741752336892
0.025766881154893
0.025794711598330
0.025825015122982
0.025857539261855
0.025892012381803
0.025928148784707
0.025965653944937
0.026004229677914
0.026043579048328
0.026083410849443
0.026123443515358
0.026163408363804
0.026203052105865
0.026242138598563
0.026280449854311
0.026317786355895
0.026353966755226
0.026388827057428
0.026422219408141
0.026454010610957
0.026484080503825
0.026512320318640
0.026538631137947
0.026562922547900
0.026585111568521
0.026605121922190
0.026622883680446
0.026638333308504
0.026651414107415
0.026662077035996
0.026670281878919
0.026675998713836
