0.052759804860239
0.053159463366217
0.053557387275349
0.053946881152242
0.054321403921052
0.054674674487366
0.055000771951151
0.055294228941518
0.055550116746494
0.055764121068224
0.055932607402907
0.056052675222361
0.056122200317434
0.056139864849721
0.056105174844588
0.056018465042819
0.055880891208063
0.055694410160661
0.055461747973400
0.055186356919855
0.054872361909664
0.054524497276274
0.054148034900263
0.053748704754559
0.053332609045996
0.052906131200144
0.052475840992844
0.052048397172073
0.051630448937504
0.051228537652334
0.050849000152639
0.050497874993945
0.050180812932957
0.049902992884987
0.049669044524967
0.049482978612709
0.049348126021975
0.049267086338969
0.049241686770040
0.049272951961988
0.049361085192823
0.049505461237716
0.049704631055894
0.049956338281436
0.050257547336181
0.050604482818590
0.050992679660618
0.051417043387750
0.051871919667837
0.052351172194372
0.052848267821921
0.053356367757604
0.053868423514912
0.054377276256699
0.054875758094412
0.055356793872000
0.055813501946472
0.056239292483366
0.056627961814984
0.056973781461757
0.057271580492329
0.057516819994719
0.057705658548128
0.057835007720711
0.057902576770924
0.057906905896443
0.057847387552334
0.057724275546208
0.057538681809317
0.057292560935520
0.056988682771604
0.056630593528879
0.056222566064243
0.055769540145666
0.055277053669353
0.054751165930994
0.054198374169091
0.053625524692380
0.053039719974246
0.052448223143593
0.051858361323266
0.051277429263672
0.050712594690975
0.050170806737087
0.049658708743799
0.049182556637641
0.048748143957480
0.048360734485957
0.048025003291403
0.047744986831877
0.047524042610557
0.047364818705160
0.047269233326721
0.047238464397974
0.047272948982093
0.047372392241330
0.047535785465055
0.047761432579972
0.048046984444117
0.048389480132064
0.048785394342951
0.049230690006148
0.049720875122092
0.050251062857812
0.050816033917556
0.051410300227712
0.052028169010732
0.052663806373325
0.053311299597980
0.053964717401882
0.054618167511081
0.055265850988235
0.055902112846811
0.056521488581019
0.057118746336622
0.057688924540997
0.058227364899426
0.058729740746737
0.059192080817803
0.059610788565529
0.059982657210260
0.060304880749169
0.060575061188064
0.060791212281170
0.060951760077151
0.061055540572669
0.061101794768917
0.061090161412947
0.061020667685592
0.060893718072605
0.060710081626909
0.060470877799044
0.060177560981440
0.059831903881584
0.059435979810680
0.058992143949354
0.058503013631135
0.057971447668932
0.057400524739773
0.056793520839334
0.056153885820129
0.055485219035658
0.054791244126849
0.054075783006309
0.053342729119287
0.052596020087060
0.051839609867456
0.051077440597419
0.050313414312436
0.049551364766333
0.048795029600872
0.048048023136869
0.047313810075901
0.046595680413364
0.045896725868765
0.045219818137222
0.044567589256792
0.043942414369356
0.043346397128402
0.042781357975577
0.042248825469748
0.041750030808413
0.041285905632448
0.040857083152526
0.040463902580377
0.040106416791534
0.039784403089965
0.039497376890157
0.039244608080413
0.039025139783553
0.038837809189094
0.038681270095531
0.038554016773388
0.038454408740046
0.038380696026512
0.038331044514638
0.038303560930788
0.038296317098555
0.038307373078375
0.038334798855137
0.038376694275376
0.038431206982285
0.038496548148409
0.038571005861264
0.038652956074676
0.038740871097162
0.038833325646396
0.038929000554557
0.039026684261513
0.039125272280248
0.039223764860361
0.039321263110029
0.039416963863578
0.039510153600220
0.039600201729245
0.039686553557768
0.039768723249250
0.039846287064667
0.039918877153996
0.039986176134388
0.040047912653925
0.040103858097370
0.040153824543948
0.040197664038428
0.040235269186794
0.040266575038234
0.040291562167168
0.040310260824167
0.040322755983878
0.040329193082784
0.040329784210592
0.040324814497137
0.040314648422406
0.040299735771098
0.040280616955018
0.040257927436691
0.040232401005306
0.040204871681205
0.040176274056698
0.040147641918237
0.040120105036819
0.040094884058833
0.040073283477045
0.040056682709834
0.040046525364818
0.040044306809273
0.040051560213099
0.040069841269303
0.040100711831075
0.040145722732540
0.040206396081639
0.040284207327563
0.040380567411665
0.040496805309454
0.040634151262472
0.040793720982627
0.040976501088662
0.041183336005347
0.041414916521737
0.041671770166247
0.041954253514661
0.042262546503472
0.042596648776573
0.042956378049392
0.043341370432292
0.043751082615709
0.044184795783969
0.044641621094098
0.045120506530879
0.045620244930672
0.046139482954397
0.046676730784953
0.047230372326123
0.047798675688663
0.048379803764286
0.048971824709179
0.049572722184747
0.050180405233625
0.050792717702559
0.051407447159539
0.052022333289289
0.052635075787725
0.053243341811125
0.053844773068244
0.054436992672477
0.055017611895313
0.055584236980977
0.056134476194525
0.056665947281259
0.057176285513822
0.057663152494560
0.058124245864793
0.058557310049807
0.058960148139140
0.059330634966805
0.059666731416265
0.059966499931352
0.060228121167976
0.060449911673667
0.060630342434046
0.060768058078566
0.060861896493649
0.060910908550910
0.060914377622853
0.060871838529190
0.060783095534932
0.060648239007319
0.060467660333141
0.060242064701606
0.059972481370584
0.059660271056126
0.059307130115981
0.058915091237368
0.058486520386450
0.058024109831202
0.057530867109437
0.057010099878639
0.056465396652365
0.055900603498234
0.055319796843160
0.054727252601216
0.054127411906783
0.053524843799028
0.052924205261966
0.052330199076158
0.051747529982339
0.051180859693236
0.050634761316560
0.050113673769338
0.049621856771002
0.049163346999861
0.048741915985010
0.048361030283550
0.048023814461960
0.047733017361114
0.047490982077815
0.047299620042745
0.047160389516625
0.047074278764301
0.047041794101704
0.047062952944443
0.047137281920482
0.047263820044005
0.047441126884551
0.047667295605538
0.047939970690617
0.048256370125359
0.048613311756474
0.049007243511284
0.049434277127008
0.049890225012476
0.050370639844319
0.050870856485068
0.051386035801758
0.051911209960033
0.052441328769808
0.052971306663721
0.053496069898110
0.054010603577502
0.054509998116800
0.054989494769955
0.055444529869226
0.055870777434702
0.056264189829143
0.056621036148083
0.056937938049373
0.057211902739807
0.057440352849310
0.057621152935564
0.057752632374150
0.057833604401819
0.057863381093826
0.057841784070896
0.057769150748074
0.057646335956917
0.057474708794979
0.057256144582717
0.056993011838514
0.056688154217622
0.056344867400939
0.055966870964701
0.055558275312262
0.055123543804051
0.054667450281044
0.054195032240000
0.053711539984579
0.053222382144218
0.052733068021087
0.052249147293370
0.051776147668943
0.051319511145817
0.050884529592808
0.050476280414221
0.050099563104248
0.049758837528809
0.049458164793204
0.049201151562029
0.048990898692105
0.048829955019031
0.048720277102562
0.048663195685292
0.048659389552900
0.048708867402929
0.048810958233495
0.048964310654273
0.049166901401181
0.049416053204912
0.049708462023879
0.050040233506485
0.050406928398324
0.050803616459665
0.051224938310108
0.051665174473405
0.052118320759122
0.052578168991691
0.053038391984315
0.053492631557594
0.053934588322945
0.054358111890933
0.054757290126168
0.055126536054767
