0.016185300056397
0.016149078106224
0.016111739967094
0.016073566822549
0.016034847238661
0.015995875453212
0.015956949613237
0.015918369972538
0.015880437061103
0.015843449838429
0.015807703842671
0.015773489347370
0.015741089537140
0.015710778713338
0.015682820540255
0.015657466341929
0.015634953459175
0.015615503676033
0.015599321724408
0.015586593875349
0.015577486625091
0.015572145483750
0.015570693874273
0.015573232149059
0.015579836731329
0.015590559388079
0.015605426640988
0.015624439321211
0.015647572273351
0.015674774213183
0.015705967742830
0.015741049526122
0.015779890625745
0.015822337002629
0.015868210176760
0.015917308047349
0.015969405868999
0.016024257379325
0.016081596072325
0.016141136610739
0.016202576369754
0.016265597103584
0.016329866725834
0.016395041194018
0.016460766488180
0.016526680673279
0.016592416034699
0.016657601276063
0.016721863768303
0.016784831838715
0.016846137088466
0.016905416726726
0.016962315909215
0.017016490068561
0.017067607223423
0.017115350252858
0.017159419121956
0.017199533044375
0.017235432567057
0.017266881562183
0.017293669111349
0.017315611267058
0.017332552676903
0.017344368056341
0.017350963496708
0.017352277596098
0.017348282401878
0.017338984155024
0.017324423827959
0.017304677449237
0.017279856210129
0.017250106349945
0.017215608818641
0.017176578716963
0.017133264515961
0.017085947059176
0.017034938352133
0.016980580144935
0.016923242314789
0.016863321056190
0.016801236887235
0.016737432481245
0.016672370333469
0.016606530273253
0.016540406832602
0.016474506482730
0.016409344750772
0.016345443229608
0.016283326494458
0.016223518940737
0.016166541558528
0.016112908659857
0.016063124575857
0.016017680341657
0.015977050387633
0.015941689256213
0.015912028363945
0.015888472828833
0.015871398383044
0.015861148390996
0.015858030992538
0.015862316390376
0.015874234300183
0.015893971580905
0.015921670061691
0.015957424580657
0.016001281249372
0.016053235955584
0.016113233115273
0.016181164683706
0.016256869433762
0.016340132508448
0.016430685253190
0.016528205332240
0.016632317132319
0.016742592455420
0.016858551501538
0.016979664140916
0.017105351474207
0.017234987677698
0.017367902129445
0.017503381810785
0.017640673976244
0.017778989083287
0.017917503971793
0.018055365281434
0.018191693093439
0.018325584781554
0.018456119055273
0.018582360176839
0.018703362331976
0.018818174132901
0.018925843230951
0.019025421015112
0.019115967371888
0.019196555481364
0.019266276623922
0.019324244971955
0.019369602341002
0.019401522875030
0.019419217641107
0.019421939109356
0.019408985494879
0.019379704939273
0.019333499510300
0.019269828999349
0.019188214497318
0.019088241730671
0.018969564140390
0.018831905687651
0.018675063371025
0.018498909441054
0.018303393299101
0.018088543068425
0.017854466826582
0.017601353489460
0.017329473338527
0.017039178184329
0.016730901160747
0.016405156146228
0.016062536809938
0.015703715282708
0.015329440454612
0.014940535903087
0.014537897457657
0.014122490409410
0.013695346375580
0.013257559831636
0.012810284325324
0.012354728389015
0.011892151168505
0.011423857788023
0.010951194472655
0.010475543450660
0.009998317659192
0.009520955277836
0.009044914115015
0.008571665872860
0.008102690316450
0.007639469373564
0.007183481191162
0.006736194174828
0.006299061037312
0.005873512882217
0.005460953348640
0.005062752842421
0.004680242879358
0.004314710565445
0.003967393238839
0.003639473297840
0.003332073238617
0.003046250925818
0.002782995118450
0.002543221272511
0.002327767640829
0.002137391689376
0.001972766847946
0.001834479611573
0.001723027007399
0.001638814439891
0.001582153925354
0.001553262724679
0.001552262381138
0.001579178167879
0.001633938947609
0.001716377444764
0.001826230928320
0.001963142301337
0.002126661591291
0.002316247833342
0.002531271336878
0.002771016323969
0.003034683926738
0.003321395529229
0.003630196437897
0.003960059863580
0.004309891196590
0.004678532555387
0.005064767588210
0.005467326505991
0.005884891323865
0.006316101287639
0.006759558460684
0.007213833445859
0.007677471216327
0.008148997028457
0.008626922389435
0.009109751051826
0.009595985007027
0.010084130449506
0.010572703683780
0.011060236946442
0.011545284115988
0.012026426283991
0.012502277162014
0.012971488299819
0.013432754091708
0.013884816549263
0.014326469820364
0.014756564436043
0.015174011268475
0.015577785185267
0.015966928386973
0.016340553416633
0.016697845831880
0.017038066531879
0.017360553733041
0.017664724589008
0.017950076451917
0.018216187773368
0.018462718644911
0.018689410979170
0.018896088334048
0.019082655383734
0.019249097041569
0.019395477241167
0.019521937383560
0.019628694459609
0.019716038858377
0.019784331873700
0.019834002922737
0.019865546491819
0.019879518826453
0.019876534383787
0.019857262067222
0.019822421264109
0.019772777708545
0.019709139192238
0.019632351147068
0.019543292123505
0.019442869189272
0.019332013272694
0.019211674474960
0.019082817375121
0.018946416351065
0.018803450938910
0.018654901252410
0.018501743482920
0.018344945499439
0.018185462567140
0.018024233201685
0.017862175175571
0.017700181691691
0.017539117738326
0.017379816638868
0.017223076808682
0.017069658730712
0.016920282160633
0.016775623571525
0.016636313847283
0.016502936233028
0.016376024549922
0.016256061680689
0.016143478331010
0.016038652070706
0.015941906657194
0.015853511642213
0.015773682261179
0.015702579602862
0.015640311055301
0.015586931022141
0.015542441901801
0.015506795320229
0.015479893606374
0.015461591498054
0.015451698064590
0.015449978831434
0.015456158091073
0.015469921383783
0.015490918131222
0.015518764405549
0.015553045816558
0.015593320499284
0.015639122184678
0.015689963336085
0.015745338334570
0.015804726696374
0.015867596306129
0.015933406649684
0.016001612030722
0.016071664755518
0.016143018270459
0.016215130237100
0.016287465529770
0.016359499140991
0.016430718980265
0.016500628552197
0.016568749500437
0.016634624004558
0.016697817017837
0.016757918334820
0.016814544478719
0.016867340399954
0.016915980978572
0.016960172324779
0.016999652873420
0.017034194269883
0.017063602046506
0.017087716090177
0.017106410903310
0.017119595661790
0.017127214074749
0.017129244052140
0.017125697187015
0.017116618060223
0.017102083375805
0.017082200935908
0.017057108464313
0.017026972287975
0.016991985886135
0.016952368316694
0.016908362529712
0.016860233578014
0.016808266735117
0.016752765530911
0.016694049715874
0.016632453164915
0.016568321732393
0.016502011070231
0.016433884421488
0.016364310402100
0.016293660783792
0.016222308291352
0.016150624427480
0.016078977338311
0.016007729732414
0.015937236865546
0.015867844602813
0.015799887568998
0.015733687396880
0.015669551082210
0.015607769452877
0.015548615758531
0.015492344385751
0.015439189702612
0.015389365035451
0.015343061779585
0.015300448644866
0.015261671036225
0.015226850568723
0.015196084716181
0.015169446592070
0.015146984861111
0.015128723779803
0.015114663363948
0.015104779681085
0.015099025265515
0.015097329653378
0.015099600034886
0.015105722020383
0.015115560516369
0.015128960706993
0.015145749135810
0.015165734881795
0.015188710822820
0.015214454978974
0.015242731927335
0.015273294279108
0.015305884209433
0.015340235029726
0.015376072792101
