0.018289129308595
0.018287413290468
0.018287799164887
0.018290594816692
0.018296057053422
0.018304379523563
0.018315683083173
0.018330008960572
0.018347314944591
0.018367474690907
0.018390280109475
0.018415446670211
0.018442621349565
0.018471392842346
0.018501303585186
0.018531863083158
0.018562562000873
0.018592886474135
0.018622332116980
0.018650417239526
0.018676694851279
0.018700763098628
0.018722273869586
0.018740939388824
0.018756536716866
0.018768910154634
0.018777971634270
0.018783699246132
0.018786134107565
0.018785375819914
0.018781576785733
0.018774935668450
0.018765690273129
0.018754110111156
0.018740488886127
0.018725137105659
0.018708374987193
0.018690525787978
0.018671909652954
0.018652838041463
0.018633608766265
0.018614501657361
0.018595774849057
0.018577661681251
0.018560368204286
0.018544071279547
0.018528917273519
0.018515021349360
0.018502467365222
0.018491308390749
0.018481567850983
0.018473241299214
0.018466298806792
0.018460687938790
0.018456337260452
0.018453160292188
0.018451059802311
0.018449932299200
0.018449672560470
0.018450178018628
0.018451352812615
0.018453111314521
0.018455380951574
0.018458104165768
0.018461239386727
0.018464760936340
0.018468657834415
0.018472931530264
0.018477592642766
0.018482656847384
0.018488140099562
0.018494053426386
0.018500397549656
0.018507157621191
0.018514298353942
0.018521759819753
0.018529454156790
0.018537263388138
0.018545038500117
0.018552599867350
0.018559739045109
0.018566221881681
0.018571792838365
0.018576180345922
0.018579102977101
0.018580276178064
0.018579419278943
0.018576262496552
0.018570553650532
0.018562064337106
0.018550595340578
0.018535981109205
0.018518093176131
0.018496842464257
0.018472180472534
0.018444099396729
0.018412631286686
0.018377846381811
0.018339850794556
0.018298783726660
0.018254814404275
0.018208138906140
0.018158977034948
0.018107569348005
0.018054174421961
0.017999066381024
0.017942532672215
0.017884872028425
0.017826392523766
0.017767409598824
0.017708243918280
0.017649218921489
0.017590657938425
0.017532880768534
0.017476199657042
0.017420914649702
0.017367308359848
0.017315640237240
0.017266140482584
0.017219003800921
0.017174383227516
0.017132384288328
0.017093059771207
0.017056405382102
0.017022356542396
0.016990786549628
0.016961506275945
0.016934265519278
0.016908756054736
0.016884616361873
0.016861437931382
0.016838772986428
0.016816143392951
0.016793050483099
0.016768985478913
0.016743440181199
0.016715917581786
0.016685942066007
0.016653068895172
0.016616892694194
0.016577054715242
0.016533248701365
0.016485225231867
0.016432794490701
0.016375827457782
0.016314255578414
0.016248069016075
0.016177313637077
0.016102086911051
0.016022532938255
0.015938836833004
0.015851218702275
0.015759927459926
0.015665234710485
0.015567428922542
0.015466810091144
0.015363685061654
0.015258363655151
0.015151155698261
0.015042369019215
0.014932308428034
0.014821275653243
0.014709570161977
0.014597490746428
0.014485337719176
0.014373415525100
0.014262035550127
0.014151518889025
0.014042198827136
0.013934422795618
0.013828553576862
0.013724969566090
0.013624063935921
0.013526242601203
0.013431920939415
0.013341519284528
0.013255457276154
0.013174147207598
0.013097986572685
0.013027350058722
0.012962581269126
0.012903984481948
0.012851816758765
0.012806280711714
0.012767518215550
0.012735605317849
0.012710548556017
0.012692282837216
0.012680670979624
0.012675504953680
0.012676508802977
0.012683343168929
0.012695611293338
0.012712866330202
0.012734619763472
0.012760350701589
0.012789515802382
0.012821559572960
0.012855924787942
0.012892062774894
0.012929443327439
0.012967564023297
0.013005958745964
0.013044205234126
0.013081931511880
0.013118821084786
0.013154616821301
0.013189123475469
0.013222208844143
0.013253803589328
0.013283899792289
0.013312548339380
0.013339855268578
0.013365977229121
0.013391116222920
0.013415513804854
0.013439444918885
0.013463211538426
0.013487136263038
0.013511556000739
0.013536815837717
0.013563263167359
0.013591242120753
0.013621088313729
0.013653123903475
0.013687652932747
0.013724956933059
0.013765290760554
0.013808878649319
0.013855910485514
0.013906538330085
0.013960873245289
0.014018982507942
0.014080887316988
0.014146561121507
0.014215928705113
0.014288866161528
0.014365201882922
0.014444718656909
0.014527156930790
0.014612219254400
0.014699575858470
0.014788871267098
0.014879731784644
0.014971773643116
0.015064611549884
0.015157867340857
0.015251178423913
0.015344205693361
0.015436640609442
0.015528211167043
0.015618686523657
0.015707880115641
0.015795651160879
0.015881904520921
0.015966588972422
0.016049694011574
0.016131245382185
0.016211299574109
0.016289937580915
0.016367258231775
0.016443371421284
0.016518391552340
0.016592431482049
0.016665597220951
0.016737983584266
0.016809670933695
0.016880723083265
0.016951186376605
0.017021089879571
0.017090446574704
0.017159255395413
0.017227503900306
0.017295171362975
0.017362232040676
0.017428658386366
0.017494423981801
0.017559505993385
0.017623886985412
0.017687555965042
0.017750508577651
0.017812746417708
0.017874275467007
0.017935103716931
0.017995238072809
0.018054680674982
0.018113424801763
0.018171450543415
0.018228720452806
0.018285175387332
0.018340730757755
0.018395273392682
0.018448659212736
0.018500711886113
0.018551222607672
0.018599951107619
0.018646627953941
0.018690958166277
0.018732626109262
0.018771301582190
0.018806646971148
0.018838325281711
0.018866008827020
0.018889388309951
0.018908182011079
0.018922144778041
0.018931076508081
0.018934829824704
0.018933316671579
0.018926513581525
0.018914465424195
0.018897287490931
0.018875165836555
0.018848355862581
0.018817179191143
0.018782018940487
0.018743313567994
0.018701549492670
0.018657252743521
0.018610979901927
0.018563308614287
0.018514827946163
0.018466128831949
0.018417794846675
0.018370393491362
0.018324468143336
0.018280530781149
0.018239055553398
0.018200473224407
0.018165166499896
0.018133466213779
0.018105648344049
0.018081931821172
0.018062477095545
0.018047385439848
0.018036698975135
0.018030401423730
0.018028419604623
0.018030625695513
0.018036840287618
0.018046836253383
0.018060343432330
0.018077054116693
0.018096629287204
0.018118705512267
0.018142902383604
0.018168830321325
0.018196098544889
0.018224322976918
0.018253133827604
0.018282182600858
0.018311148271226
0.018339742403495
0.018367713024324
0.018394847105675
0.018420971580497
0.018445952878634
0.018469695041208
0.018492136540337
0.018513245993745
0.018533017016599
0.018551462492554
0.018568608570058
0.018584488697307
0.018599137999529
0.018612588276675
0.018624863859973
0.018635978514995
0.018645933520309
0.018654716988090
0.018662304429868
0.018668660510394
0.018673741878271
0.018677500915700
0.018679890213123
0.018680867548261
0.018680401133158
0.018678474886854
0.018675093494108
0.018670287021089
0.018664114875735
0.018656668922452
0.018648075586911
0.018638496816284
0.018628129792819
0.018617205334110
0.018605984951648
0.018594756580229
0.018583829034359
0.018573525293484
0.018564174764718
0.018556104718546
0.018549631137695
0.018545049259908
0.018542624128951
0.018542581492230
0.018545099395130
0.018550300819413
0.018558247693935
0.018568936569803
0.018582296198960
