0.018948597032213
0.018969589319108
0.018989925441088
0.019009286652323
0.019027340515983
0.019043749837269
0.019058181671029
0.019070316038327
0.019079854013925
0.019086524893487
0.019090092212435
0.019090358463598
0.019087168442907
0.019080411235723
0.019070020935082
0.019055976251626
0.019038299228427
0.019017053308589
0.018992341017044
0.018964301509741
0.018933108214227
0.018898966738274
0.018862113161412
0.018822812753414
0.018781359089553
0.018738073461118
0.018693304417114
0.018647427224538
0.018600843004421
0.018553977291721
0.018507277780447
0.018461211050595
0.018416258128582
0.018372908804183
0.018331654709865
0.018292981257149
0.018257358613114
0.018225231982369
0.018197011529925
0.018173062333577
0.018153694786726
0.018139155881554
0.018129621787080
0.018125192097185
0.018125886062252
0.018131641037576
0.018142313286588
0.018157681172145
0.018177450660286
0.018201262953749
0.018228703972818
0.018259315314031
0.018292606247567
0.018328066265414
0.018365177667459
0.018403427672838
0.018442319569524
0.018481382465053
0.018520179273356
0.018558312663158
0.018595428798147
0.018631218812596
0.018665418082616
0.018697803466642
0.018728188792930
0.018756418961131
0.018782363094351
0.018805907223430
0.018826947003747
0.018845380955216
0.018861104678709
0.018874006438577
0.018883964414849
0.018890845824784
0.018894507997693
0.018894801366174
0.018891574218139
0.018884678944443
0.018873979423055
0.018859359108226
0.018840729346335
0.018818037421707
0.018791273846770
0.018760478450356
0.018725744883315
0.018687223247377
0.018645120655994
0.018599699648088
0.018551274490322
0.018500205513734
0.018446891729782
0.018391762053463
0.018335265522756
0.018277860941305
0.018220006383682
0.018162148990172
0.018104715442610
0.018048103457761
0.017992674564343
0.017938748349195
0.017886598272678
0.017836449068705
0.017788475665766
0.017742803496424
0.017699510007361
0.017658627142604
0.017620144550087
0.017584013256407
0.017550149565267
0.017518438959789
0.017488739824845
0.017460886849643
0.017434694019425
0.017409957154996
0.017386456006418
0.017363955949910
0.017342209372227
0.017320956853036
0.017299928271835
0.017278843971536
0.017257416106139
0.017235350285867
0.017212347610964
0.017188107156843
0.017162328940287
0.017134717361107
0.017104985078040
0.017072857243919
0.017038075994943
0.017000405063985
0.016959634369483
0.016915584420573
0.016868110376259
0.016817105601719
0.016762504578020
0.016704285041949
0.016642469259290
0.016577124366304
0.016508361748991
0.016436335465935
0.016361239756564
0.016283305710543
0.016202797204168
0.016120006234522
0.016035247800677
0.015948854492542
0.015861170951713
0.015772548364881
0.015683339139516
0.015593891894471
0.015504546876054
0.015415631884362
0.015327458766929
0.015240320508427
0.015154488918041
0.015070212891371
0.014987717202625
0.014907201766207
0.014828841295143
0.014752785277371
0.014679158189551
0.014608059871541
0.014539565992201
0.014473728548244
0.014410576351406
0.014350115474491
0.014292329642929
0.014237180574589
0.014184608285890
0.014134531396136
0.014086847473812
0.014041433477848
0.013998146353159
0.013956823842697
0.013917285577618
0.013879334502822
0.013842758686960
0.013807333554330
0.013772824560980
0.013738990319609
0.013705586157930
0.013672368074220
0.013639097032707
0.013605543521580
0.013571492278925
0.013536747077969
0.013501135453750
0.013464513249469
0.013426768862754
0.013387827079999
0.013347652400359
0.013306251769057
0.013263676661227
0.013220024480902
0.013175439263352
0.013130111690868
0.013084278450675
0.013038220977515
0.012992263631538
0.012946771364115
0.012902146920000
0.012858827614902
0.012817281714012
0.012778004421351
0.012741513473905
0.012708344320672
0.012679044857025
0.012654169681139
0.012634273842962
0.012619906068088
0.012611601459070
0.012609873704366
0.012615206858912
0.012628046798150
0.012648792486664
0.012677787240533
0.012715310196171
0.012761568224944
0.012816688549924
0.012880712326747
0.012953589443580
0.013035174775350
0.013125226094942
0.013223403800405
0.013329272564186
0.013442304950558
0.013561886983638
0.013687325583856
0.013817857728472
0.013952661134801
0.014090866215700
0.014231569017756
0.014373844824977
0.014516762095515
0.014659396396262
0.014800844009616
0.014940234907373
0.015076744817044
0.015209606144096
0.015338117557621
0.015461652094432
0.015579663685465
0.015691692056391
0.015797365999716
0.015896405056693
0.015988619682852
0.016073910000018
0.016152263259865
0.016223750159327
0.016288520156840
0.016346795941156
0.016398867202156
0.016445083846936
0.016485848795506
0.016521610480028
0.016552855160692
0.016580099161020
0.016603881116371
0.016624754322023
0.016643279261691
0.016660016393402
0.016675519266948
0.016690328044937
0.016704963497043
0.016719921533466
0.016735668338151
0.016752636154225
0.016771219763039
0.016791773683967
0.016814610104930
0.016839997534117
0.016868160142361
0.016899277744445
0.016933486347495
0.016970879177201
0.017011508079241
0.017055385185347
0.017102484731878
0.017152744924184
0.017206069752611
0.017262330685185
0.017321368186959
0.017382993045191
0.017446987511004
0.017513106299826
0.017581077522300
0.017650603642106
0.017721362575196
0.017793009054417
0.017865176383200
0.017937478691312
0.018009513784738
0.018080866651476
0.018151113647045
0.018219827340089
0.018286581952380
0.018350959281979
0.018412554956429
0.018470984827850
0.018525891296377
0.018576949334811
0.018623871986983
0.018666415125906
0.018704381284804
0.018737622413314
0.018766041460316
0.018789592741012
0.018808281105387
0.018822159984357
0.018831328444503
0.018835927428834
0.018836135396048
0.018832163591820
0.018824251191187
0.018812660540461
0.018797672701079
0.018779583457960
0.018758699904209
0.018735337655901
0.018709818689561
0.018682469735267
0.018653621104830
0.018623605791266
0.018592758646573
0.018561415432212
0.018529911542184
0.018498580222397
0.018467750150928
0.018437742299253
0.018408866060886
0.018381414706376
0.018355660297019
0.018331848258208
0.018310191871760
0.018290866989636
0.018274007295412
0.018259700441668
0.018247985370012
0.018238851075961
0.018232237015555
0.018228035267791
0.018226094471949
0.018226225457424
0.018228208382635
0.018231801105616
0.018236748428663
0.018242791798453
0.018249679006030
0.018257173420739
0.018265062309832
0.018273163840226
0.018281332428234
0.018289462192638
0.018297488370650
0.018305386668464
0.018313170631027
0.018320887222412
0.018328610901883
0.018336436556023
0.018344471699605
0.018352828384670
0.018361615257542
0.018370930178045
0.018380853766636
0.018391444177231
0.018402733311439
0.018414724599285
0.018427392378405
0.018440682813951
0.018454516220394
0.018468790578474
0.018483385989051
0.018498169772563
0.018513001908934
0.018527740517429
0.018542247097527
0.018556391287512
0.018570054944024
0.018583135399320
0.018595547809795
0.018607226565539
0.018618125783248
0.018628218950718
0.018637497828639
0.018645970742973
0.018653660418475
0.018660601510935
0.018666837993394
0.018672420540964
0.018677404041740
0.018681845339217
0.018685801286528
0.018689327166384
0.018692475504437
0.018695295279178
0.018697831509538
0.018700125182821
0.018702213470921
0.018704130172218
0.018705906310129
0.018707570816706
