0.017823435333319
0.017893590239041
0.017967398372241
0.018044860255425
0.018125971381997
0.018210722217915
0.018299098190058
0.018391079663784
0.018486641912855
0.018585755085360
0.018688384169467
0.018794488962666
0.018904024047846
0.019016938778958
0.019133177278331
0.019252678446929
0.019375375988052
0.019501198444286
0.019630069246843
0.019761906776004
0.019896624431032
0.020034130707789
0.020174329282328
0.020317119098883
0.020462394460964
0.020610045124627
0.020759956393374
0.020912009214549
0.021066080277426
0.021222042113521
0.021379763199816
0.021539108065723
0.021699937404602
0.021862108190510
0.022025473800692
0.022189884143978
0.022355185794957
0.022521222133356
0.022687833487710
0.022854857282006
0.023022128183716
0.023189478251402
0.023356737079994
0.023523731941878
0.023690287922173
0.023856228046888
0.024021373403235
0.024185543251992
0.024348555132593
0.024510224962469
0.024670367132992
0.024828794605197
0.024985319009136
0.025139750751260
0.025291899134538
0.025441572496049
0.025588578366559
0.025732723656012
0.025873814868044
0.026011658345482
0.026146060547481
0.026276828357447
0.026403769419317
0.026526692498236
0.026645407860200
0.026759727663949
0.026869466357413
0.026974441070317
0.027074471994257
0.027169382741678
0.027259000675689
0.027343157203634
0.027421688028583
0.027494433354599
0.027561238043488
0.027621951722809
0.027676428847070
0.027724528716162
0.027766115457092
0.027801057976901
0.027829229896144
0.027850509473445
0.027864779532321
0.027871927401664
0.027871844880922
0.027864428240180
0.027849578263961
0.027827200345776
0.027797204638188
0.027759506260699
0.027714025565035
0.027660688454641
0.027599426752504
0.027530178608905
0.027452888938517
0.027367509874489
0.027274001225954
0.027172330924689
0.027062475446694
0.026944420195017
0.026818159831380
0.026683698545932
0.026541050256693
0.026390238732843
0.026231297638893
0.026064270499716
0.025889210589394
0.025706180749649
0.025515253146150
0.025316508973181
0.025110038118839
0.024895938804107
0.024674317209741
0.024445287104898
0.024208969490846
0.023965492271920
0.023714989964228
0.023457603450513
0.023193479787104
0.022922772066221
0.022645639334081
0.022362246562432
0.022072764668475
0.021777370575664
0.021476247305829
0.021169584091375
0.020857576495233
0.020540426525691
0.020218342733262
0.019891540277442
0.019560240952398
0.019224673162338
0.018885071839479
0.018541678299942
0.018194740035567
0.017844510442341
0.017491248488784
0.017135218330085
0.016776688875965
0.016415933322016
0.016053228655539
0.015688855147765
0.015323095844521
0.014956236067190
0.014588562934958
0.014220364918128
0.013851931430602
0.013483552467641
0.013115518292846
0.012748119175967
0.012381645180767
0.012016385999965
0.011652630832115
0.011290668293497
0.010930786356559
0.010573272305349
0.010218412697721
0.009866493323850
0.009517799150890
0.009172614244258
0.008831221657195
0.008493903281687
0.008160939655620
0.007832609722992
0.007509190546120
0.007190956970851
0.006878181247855
0.006571132614904
0.006270076846690
0.005975275780027
0.005686986823208
0.005405462458873
0.005130949749848
0.004863689857186
0.004603917579031
0.004351860917955
0.004107740683231
0.003871770133095
0.003644154660483
0.003425091524143
0.003214769625427
0.003013369329535
0.002821062328600
0.002638011542814
0.002464371054791
0.002300286071628
0.002145892908689
0.002001318988885
0.001866682851352
0.001742094163718
0.001627653732721
0.001523453508694
0.001429576580354
0.001346097157349
0.001273080539147
0.001210583069936
0.001158652080306
0.001117325817482
0.001086633366740
0.001066594567369
0.001057219927031
0.001058510538716
0.001070458004539
0.001093044370560
0.001126242076457
0.001170013923431
0.001224313063108
0.001289083009504
0.001364257675367
0.001449761433459
0.001545509202604
0.001651406557673
0.001767349862106
0.001893226421108
0.002028914653318
0.002174284278553
0.002329196519100
0.002493504312094
0.002667052530592
0.002849678211178
0.003041210786159
0.003241472318735
0.003450277739817
0.003667435085508
0.003892745734587
0.004126004645617
0.004367000593588
0.004615516406225
0.004871329200302
0.005134210618419
0.005403927066815
0.005680239954821
0.005962905936559
0.006251677155436
0.006546301491918
0.006846522814924
0.007152081237102
0.007462713374068
0.007778152607603
0.008098129352673
0.008422371328067
0.008750603830387
0.009082550011118
0.009417931156492
0.009756466969934
0.010097875856872
0.010441875211804
0.010788181707496
0.011136511586256
0.011486580953172
0.011838106071170
0.012190803657635
0.012544391182207
0.012898587165162
0.013253111475614
0.013607685628518
0.013962033079289
0.014315879514607
0.014668953137887
0.015020984947758
0.015371709007895
0.015720862706576
0.016068187004494
0.016413426669527
0.016756330497462
0.017096651518000
0.017434147185730
0.017768579556198
0.018099715447576
0.018427326588876
0.018751189756029
0.019071086897478
0.019386805251243
0.019698137455596
0.020004881655627
0.020306841608011
0.020603826786168
0.020895652487893
0.021182139947154
0.021463116451433
0.021738415465431
0.022007876761428
0.022271346555926
0.022528677651558
0.022779729582568
0.023024368761531
0.023262468624415
0.023493909770613
0.023718580094251
0.023936374902884
0.024147197019724
0.024350956865731
0.024547572518306
0.024736969743885
0.024919082002519
0.025093850423350
0.025261223750902
0.025421158263105
0.025573617662966
0.025718572946789
0.025856002252649
0.025985890693562
0.026108230180269
0.026223019238873
0.026330262828604
0.026429972164825
0.026522164551964
0.026606863230435
0.026684097240787
0.026753901307354
0.026816315742567
0.026871386371991
0.026919164478932
0.026959706766399
0.026993075333134
0.027019337659589
0.027038566598975
0.027050840368067
0.027056242532195
0.027054861978858
0.027046792874695
0.027032134601081
0.027010991664384
0.026983473577892
0.026949694713569
0.026909774123029
0.026863835328440
0.026812006085332
0.026754418120547
0.026691206849621
0.026622511078822
0.026548472697731
0.026469236368673
0.026384949219423
0.026295760545456
0.026201821527529
0.026103284969698
0.026000305061893
0.025893037170066
0.025781637655648
0.025666263724743
0.025547073306149
0.025424224956022
0.025297877785852
0.025168191409447
0.025035325903824
0.024899441778432
0.024760699946827
0.024619261694997
0.024475288640771
0.024328942679366
0.024180385910843
0.024029780546264
0.023877288790420
0.023723072700240
0.023567294019208
0.023410113989365
0.023251693143605
0.023092191081998
0.022931766236717
0.022770575630771
0.022608774636124
0.022446516736922
0.022283953303370
0.022121233381440
0.021958503502926
0.021795907519517
0.021633586463575
0.021471678437146
0.021310318529597
0.021149638763038
0.020989768063605
0.020830832255629
0.020672954074842
0.020516253196119
0.020360846270732
0.020206846967919
0.020054366015495
0.019903511234526
0.019754387563448
0.019607097067667
0.019461738931416
0.019318409429513
0.019177201877604
0.019038206560416
0.018901510638543
0.018767198035137
0.018635349304739
0.018506041487188
0.018379347950141
0.018255338224198
0.018134077834908
0.018015628136114
0.017900046149061
0.017787384411604
0.017677690841515
0.017571008617566
0.017467376081548
0.017366826663806
0.017269388834287
0.017175086080374
