0.043318285256668
0.043463364231998
0.043618510213930
0.043780452896730
0.043945516536198
0.044109843025179
0.044269629617200
0.044421364476197
0.044562043593224
0.044689354119709
0.044801811678891
0.044898842526558
0.044980805286487
0.045048951106596
0.045105325184415
0.045152616424807
0.045193965279526
0.045232742382992
0.045272312301867
0.045315797478600
0.045365857253634
0.045424495739208
0.045492910384776
0.045571390459803
0.045659271558174
0.045754948796466
0.045855947843344
0.045959049485787
0.046060460304272
0.046156019366243
0.046241428797882
0.046312494765129
0.046365364851341
0.046396748083245
0.046404104906885
0.046385796186835
0.046341182691745
0.046270669400676
0.046175692154391
0.046058647502912
0.045922769876005
0.045771963239452
0.045610597022500
0.045443278158109
0.045274612446818
0.045108969055017
0.044950261751169
0.044801759478064
0.044665937111638
0.044544374867554
0.044437711924686
0.044345656609901
0.044267052121574
0.044199993460178
0.044141988180248
0.044090150961705
0.044041419976435
0.043992781719698
0.043941490463895
0.043885268805795
0.043822476899436
0.043752239829932
0.043674525078412
0.043590165008686
0.043500822596781
0.043408902032311
0.043317409146209
0.043229769668092
0.043149615910177
0.043080554460871
0.043025928732681
0.042988590669533
0.042970695547347
0.042973532614878
0.042997402382118
0.043041548776163
0.043104151292075
0.043182378841045
0.043272503432525
0.043370068323443
0.043470102027185
0.043567366786812
0.043656627946748
0.043732929238267
0.043791858419096
0.043829788022227
0.043844077169197
0.043833222433197
0.043796948492914
0.043736232650384
0.043653261010258
0.043551318022356
0.043434614947974
0.043308066395845
0.043177027170342
0.043047004092633
0.042923359042445
0.042811020118665
0.042714217481222
0.042636259122916
0.042579359596546
0.042544531713828
0.042531547611915
0.042538971563254
0.042564262723958
0.042603941925029
0.042653812855918
0.042709224797521
0.042765361624351
0.042817540259668
0.042861501223416
0.042893674390830
0.042911404546136
0.042913123677420
0.042898460068077
0.042868277905441
0.042824645125242
0.042770731301330
0.042710641331835
0.042649194237798
0.042591659377582
0.042543464629282
0.042509892491158
0.042495780537896
0.042505242245266
0.042541422907770
0.042606303322221
0.042700561233883
0.042823497409675
0.042973029801812
0.043145755787719
0.043337079104465
0.043541395007933
0.043752324522598
0.043962986519011
0.044166294839028
0.044355266822366
0.044523329375292
0.044664609133551
0.044774194250136
0.044848356805685
0.044884726702053
0.044882410056511
0.044842047461440
0.044765809911506
0.044657332633092
0.044521589394630
0.044364712057751
0.044193762085810
0.044016462407087
0.043840899394610
0.043675205741889
0.043527235661983
0.043404244102487
0.043312581545972
0.043257415457469
0.043242488560793
0.043269922896903
0.043340077074460
0.043451462310958
0.043600720839518
0.043782668089108
0.043990397811102
0.044215447104995
0.044448016176056
0.044677235721344
0.044891473166261
0.045078667629819
0.045226682537666
0.045323664265004
0.045358395095235
0.045320629122182
0.045201400482261
0.044993294437170
0.044690673281336
0.044289850752665
0.043789210503498
0.043189266160513
0.042492662488075
0.041704119094004
0.040830319912710
0.039879753311024
0.038862509041482
0.037790039382983
0.036674892638213
0.035530427690571
0.034370518559488
0.033209257839233
0.032060667576326
0.030938425553673
0.029855614129545
0.028824497754431
0.027856334090852
0.026961222326759
0.026147990842920
0.025424124913949
0.024795733640730
0.024267553881779
0.023842987627327
0.023524168097484
0.023312048897039
0.023206509870985
0.023206472914747
0.023310020927484
0.023514513367128
0.023816692466999
0.024212775082672
0.024698526313714
0.025269312430374
0.025920132159156
0.026645626961427
0.027440072488421
0.028297354825581
0.029210936365745
0.030173817100236
0.031178497730525
0.032216951239861
0.033280609404552
0.034360370170783
0.035446630899763
0.036529351236594
0.037598147849622
0.038642421593786
0.039651515859908
0.040614903072639
0.041522394583121
0.042364367653666
0.043132001927032
0.043817516776080
0.044414400289783
0.044917620401670
0.045323808822712
0.045631409001893
0.045840780287410
0.045954251768558
0.045976120898249
0.045912593873010
0.045771666815792
0.045562948993558
0.045297431527547
0.044987207236156
0.044645149303920
0.044284558311123
0.043918788706437
0.043560866985567
0.043223114587520
0.042916788785591
0.042651754597571
0.042436199954183
0.042276405053739
0.042176575026246
0.042138742788372
0.042162746372592
0.042246282162300
0.042385032480462
0.042572862995984
0.042802082568704
0.043063755588544
0.043348054704879
0.043644640198783
0.043943051209034
0.044233093637014
0.044505209845794
0.044750816217669
0.044962596189170
0.045134738457326
0.045263112532135
0.045345376564670
0.045381015263449
0.045371308577414
0.045319234533903
0.045229312052429
0.045107391611564
0.044960403257098
0.044796072566244
0.044622615817361
0.044448425778462
0.044281759265197
0.044130436991984
0.044001565320499
0.043901288372303
0.043834577686869
0.043805065233116
0.043814924167768
0.043864800308867
0.043953795873929
0.044079505624368
0.044238104158286
0.044424481698280
0.044632424329099
0.044854833261113
0.045083976352393
0.045311763853528
0.045530039199895
0.045730874734274
0.045906861575471
0.046051382534796
0.046158857094477
0.046224948057662
0.046246720592553
0.046222746026474
0.046153144866936
0.046039566065752
0.045885102391984
0.045694144801064
0.045472181717217
0.045225552007004
0.044961162934128
0.044686186382094
0.044407747968765
0.044132624248487
0.043866962942089
0.043616040043166
0.043384065765287
0.043174048716157
0.042987724555149
0.042825551891452
0.042686774518293
0.042569545472832
0.042471105076867
0.042388002247989
0.042316346141438
0.042252073715103
0.042191218180453
0.042130163533995
0.042065871427343
0.041996068448900
0.041919384333357
0.041835434528935
0.041744843756149
0.041649210494423
0.041551015544053
0.041453480753879
0.041360386525285
0.041275858677797
0.041204136603873
0.041149335303542
0.041115213866145
0.041104962287364
0.041121017239570
0.041164915644869
0.041237192746779
0.041337328965623
0.041463747287753
0.041613860411562
0.041784164477909
0.041970374059398
0.042167591264393
0.042370500398847
0.042573578670376
0.042771312939229
0.042958412521675
0.043130008513198
0.043281830982880
0.043410356641252
0.043512921133502
0.043587791880306
0.043634199295721
0.043652326168989
0.043643256918618
0.043608890230572
0.043551820201941
0.043475192460350
0.043382542762024
0.043277626245393
0.043164245804515
0.043046087935423
0.042926573903007
0.042808733197676
0.042695105037206
0.042587672173404
0.042487829552619
0.042396388532969
0.042313615467356
0.042239301613158
0.042172859621167
0.042113440378855
0.042060062818818
0.042011748521944
0.041967652598700
0.041927182451900
0.041890096617729
0.041856576929940
0.041827268710907
0.041803285493469
0.041786176828549
0.041777859926920
0.041780518098637
0.041796471064349
0.041828024094283
0.041877304467094
0.041946094831942
0.042035673625411
0.042146672689856
0.042278961642921
0.042431567374041
0.042602635341614
0.042789437194877
0.042988426756831
0.043195343711157
0.043405361585583
