0.043627107900891
0.043649555389850
0.043645301230011
0.043615243333993
0.043560588872930
0.043482844151998
0.043383801909869
0.043265525587623
0.043130330054269
0.042980758276173
0.042819553482789
0.042649626513171
0.042474018223294
0.042295857084451
0.042118312394136
0.041944543834178
0.041777648424928
0.041620606214709
0.041476226286561
0.041347094836480
0.041235527159494
0.041143525357525
0.041072743448334
0.041024461307718
0.040999568525597
0.040998558817089
0.041021535125913
0.041068225019663
0.041138005439127
0.041229935363507
0.041342794526190
0.041475125994397
0.041625280237501
0.041791458271828
0.041971751592994
0.042164176887951
0.042366703943943
0.042577275715865
0.042793820142415
0.043014253973258
0.043236479537511
0.043458376000184
0.043677787171785
0.043892508316465
0.044100274613707
0.044298753946761
0.044485546509568
0.044658193348877
0.044814195409053
0.044951043956340
0.045066262470161
0.045157459252637
0.045222389179420
0.045259022251658
0.045265615963371
0.045240788016986
0.045183585638133
0.045093547682056
0.044970755896877
0.044815872106746
0.044630158679187
0.044415480411054
0.044174286860321
0.043909575112762
0.043624833945122
0.043323971270991
0.043011227577074
0.042691078727591
0.042368131995250
0.042047019442856
0.041732292818537
0.041428323942525
0.041139214170914
0.040868715951055
0.040620168773375
0.040396451022249
0.040199948384692
0.040032538641757
0.039895591892104
0.039789984583493
0.039716125190472
0.039673988999868
0.039663159263021
0.039682871946589
0.039732061452567
0.039809404963436
0.039913363472297
0.040042218047115
0.040194100415650
0.040367017505955
0.040558870100498
0.040767466228215
0.040990530302175
0.041225709292051
0.041470577389203
0.041722640674702
0.041979343241447
0.042238076061677
0.042496189647046
0.042751011240163
0.042999866926649
0.043240108688277
0.043469146052853
0.043684481655135
0.043883749722384
0.044064756251237
0.044225519459090
0.044364308978479
0.044479682219104
0.044570516348106
0.044636034431376
0.044675824431586
0.044689849965655
0.044678451977499
0.044642340773211
0.044582578186008
0.044500549978346
0.044397928938353
0.044276629476597
0.044138754865721
0.043986538577405
0.043822281445782
0.043648286610841
0.043466794357078
0.043279919050387
0.043089590380631
0.042897501032332
0.042705062729042
0.042513372330385
0.042323189311812
0.042134925538025
0.041948647769195
0.041764092835688
0.041580694906633
0.041397623786072
0.041213832723655
0.041028113848790
0.040839159048159
0.040645623921861
0.040446192382000
0.040239639501083
0.040024890370915
0.039801072983561
0.039567563476305
0.039324022470198
0.039070421651350
0.038807060170083
0.038534570840715
0.038253916492756
0.037966377135740
0.037673528843583
0.037377215435015
0.037079514125224
0.036782696356631
0.036489184994323
0.036201509007791
0.035922256670062
0.035654028202905
0.035399388695371
0.035160822032550
0.034940686498485
0.034741172663892
0.034564264134247
0.034411701712034
0.034284951511361
0.034185177545361
0.034113219278493
0.034069574589936
0.034054388525795
0.034067448124770
0.034108183485369
0.034175675106849
0.034268667387572
0.034385588011883
0.034524572809437
0.034683495538004
0.034860001930277
0.035051547262538
0.035255436651363
0.035468867263819
0.035688971634032
0.035912861309406
0.036137670096236
0.036360596229582
0.036578942848607
0.036790156210309
0.036991861117626
0.037181893070890
0.037358326675921
0.037519499861537
0.037664033479958
0.037790845892605
0.037899162188618
0.037988517750657
0.038058755976770
0.038110020090403
0.038142739121443
0.038157608314689
0.038155564409924
0.038137756428687
0.038105512783939
0.038060305686161
0.038003713940038
0.037937385298244
0.037862999554974
0.037782233517372
0.037696728888388
0.037608063934930
0.037517729609963
0.037427110559764
0.037337471193713
0.037249946741039
0.037165538983923
0.037085116154788
0.037009416330173
0.036939053552987
0.036874525873441
0.036816224515902
0.036764443449129
0.036719388751583
0.036681187309454
0.036649894548459
0.036625501066566
0.036607938189497
0.036597082601937
0.036592760305651
0.036594750215311
0.036602787722069
0.036616568535583
0.036635753062673
0.036659971503213
0.036688829750860
0.036721916088564
0.036758808576666
0.036799082953800
0.036842320814801
0.036888117799672
0.036936091524825
0.036985889010863
0.037037193406019
0.037089729864797
0.037143270509835
0.037197638473397
0.037252711075136
0.037308422238158
0.037364764270605
0.037421789142147
0.037479609363303
0.037538398532606
0.037598391556613
0.037659884476994
0.037723233765308
0.037788854877747
0.037857219807770
0.037928853341283
0.038004327713006
0.038084255387544
0.038169279745635
0.038260063543554
0.038357275127401
0.038461572517154
0.038573585619155
0.038693896969892
0.038823021547718
0.038961386301990
0.039109310131515
0.039266985088579
0.039434459586196
0.039611624342572
0.039798201709309
0.039993738903273
0.040197605503668
0.040408995395750
0.040626933152504
0.040850284657857
0.041077771602143
0.041307989333626
0.041539427438169
0.041770492348953
0.041999531262563
0.042224856656246
0.042444770759737
0.042657589426575
0.042861664964569
0.043055407611821
0.043237305471252
0.043405942831551
0.043560016895396
0.043698352999125
0.043819918436646
0.043923834993103
0.044009390252779
0.044076047676447
0.044123455354500
0.044151453244093
0.044160078603122
0.044149569252922
0.044120364246111
0.044073101494944
0.044008611935329
0.043927909865092
0.043832179201755
0.043722755550707
0.043601104151808
0.043468793970994
0.043327468411216
0.043178813320887
0.043024523164642
0.042866266378178
0.042705651045443
0.042544192104008
0.042383281297402
0.042224161049003
0.042067903331072
0.041915394448505
0.041767326455572
0.041624195684024
0.041486308592178
0.041353794858298
0.041226627349399
0.041104648310457
0.040987600850456
0.040875164561513
0.040766993905511
0.040662757847670
0.040562179115504
0.040465071420108
0.040371372998141
0.040281174918923
0.040194742750852
0.040112530392012
0.040035185135751
0.039963543355351
0.039898616542308
0.039841567807761
0.039793679342094
0.039756311708040
0.039730856201699
0.039718681837613
0.039721078783215
0.039739200271378
0.039774005146358
0.039826203240804
0.039896205735820
0.039984082522682
0.040089528368469
0.040211839397014
0.040349901043827
0.040502188243951
0.040666778182829
0.040841375500439
0.041023349407203
0.041209781763969
0.041397524813868
0.041583266944189
0.041763604611742
0.041935118391991
0.042094451013345
0.042238385212780
0.042363919293534
0.042468338373596
0.042549279476644
0.042604788825304
0.042633369939842
0.042634021413590
0.042606263519878
0.042550153095546
0.042466286435934
0.042355790219562
0.042220300752863
0.042061932082614
0.041883233763312
0.041687139286360
0.041476906375438
0.041256050525793
0.041028273312065
0.040797387107094
0.040567237940136
0.040341628274095
0.040124241494807
0.039918569878511
0.039727847734495
0.039554991307290
0.039402546866890
0.039272648217696
0.039166984620184
0.039086779848197
0.039032782805421
0.039005269804414
0.039004058279456
0.039028531370055
0.039077672485890
0.039150108656937
0.039244161195595
0.039357901961260
0.039489213331838
0.039635849860012
0.039795499531810
0.039965842556811
0.040144605706254
0.040329610378205
