0.052247199576668
0.052341784696688
0.052441708008485
0.052546851242633
0.052656840987521
0.052771074806165
0.052888753375096
0.053008917381324
0.053130487884593
0.053252308868417
0.053373190752557
0.053491953709379
0.053607469705764
0.053718702272377
0.053824743077824
0.053924844454827
0.054018447091096
0.054105202163929
0.054184987271928
0.054257915607570
0.054324337928460
0.054384837028878
0.054440214590164
0.054491470498182
0.054539774954507
0.054586433966712
0.054632849070627
0.054680472399057
0.054730758451204
0.054785114118571
0.054844848671237
0.054911125490409
0.054984917340059
0.055066966897640
0.055157754111851
0.055257471729655
0.055366010045368
0.055482951585775
0.055607576073972
0.055738875629434
0.055875579781971
0.056016189520380
0.056159019278843
0.056302245497969
0.056443960191850
0.056582227812685
0.056715143631167
0.056840891841691
0.056957801650719
0.057064399706875
0.057159457373575
0.057242031519939
0.057311497704513
0.057367574841142
0.057410340660644
0.057440237510864
0.057458068267893
0.057464982360367
0.057462452135660
0.057452240020075
0.057436357143891
0.057417014314101
0.057396566420311
0.057377451548360
0.057362126246821
0.057352998537534
0.057352360376241
0.057362321346491
0.057384745403130
0.057421192465782
0.057472866594048
0.057540572353301
0.057624680803459
0.057725106316282
0.057841295154949
0.057972226440787
0.058116425795496
0.058271991594058
0.058436633405372
0.058607721846572
0.058782348744513
0.058957396194726
0.059129612843794
0.059295695503046
0.059452374035857
0.059596497351177
0.059725118284360
0.059835575152736
0.059925567836128
0.059993226348702
0.060037170033882
0.060056555723766
0.060051113452980
0.060021168598295
0.059967649623635
0.059892080939187
0.059796560726868
0.059683723936400
0.059556691010098
0.059419003243858
0.059274546029952
0.059127461547094
0.058982052757681
0.058842680833770
0.058713658354825
0.058599140794439
0.058503018933387
0.058428814896645
0.058379584507630
0.058357828580596
0.058365415630431
0.058403518268443
0.058472565275922
0.058572211009188
0.058701323397639
0.058857991359115
0.059039551985620
0.059242637359232
0.059463240356206
0.059696798300274
0.059938292847782
0.060182364040487
0.060423436058877
0.060655851860592
0.060874013604208
0.061072525545845
0.061246335960280
0.061390874583128
0.061502182097772
0.061577028299753
0.061613015760185
0.061608666074567
0.061563486118710
0.061478012132692
0.061353829908630
0.061193569859608
0.061000876285193
0.060780350712855
0.060537469772860
0.060278478645073
0.060010261687599
0.059740192407262
0.059475965448880
0.059225413752618
0.058996314445834
0.058796187387675
0.058632090562572
0.058510416715020
0.058436695726563
0.058415407252218
0.058449808054887
0.058541778301913
0.058691690818914
0.058898306935661
0.059158702112375
0.059468224009667
0.059820485070790
0.060207391031840
0.060619206076780
0.061044654623466
0.061471058979253
0.061884511355719
0.062270077997532
0.062612032476110
0.062894114539840
0.063099810313568
0.063212649114061
0.063216511706953
0.063095944484254
0.062836473798019
0.062424914551151
0.061849667124565
0.061100996812577
0.060171290144970
0.059055282791901
0.057750254171724
0.056256184404982
0.054575869871313
0.052714994319086
0.050682153237875
0.048488830017602
0.046149323270367
0.043680625565770
0.041102254711463
0.038436039580987
0.035705863334034
0.032937367673879
0.030157622527370
0.027394766200179
0.024677621641027
0.022035294931884
0.019496762497261
0.017090453787181
0.014843836329834
0.012783010068331
0.010932317790385
0.009313978231733
0.007947748087245
0.006850618703848
0.006036552664457
0.005516264811947
0.005297051518442
0.005382671190993
0.005773278134805
0.006465410985151
0.007452035985635
0.008722644450683
0.010263402821275
0.012057352822314
0.014084658374269
0.016322895116811
0.018747377682721
0.021331519229761
0.024047217207945
0.026865258919347
0.029755740124588
0.032688489769705
0.035633493851834
0.038561311512426
0.041443476640409
0.044252878580332
0.046964115965326
0.049553818222810
0.052000929921442
0.054286953828407
0.056396149312760
0.058315683548214
0.060035733821613
0.061549540125055
0.062853408083846
0.063946663133062
0.064831557686774
0.065513133831374
0.065999044804192
0.066299339178639
0.066426212256545
0.066393729658362
0.066217528494930
0.065914501795333
0.065502472050055
0.064999859805648
0.064425353216173
0.063797584319794
0.063134817569484
0.062454655810267
0.061773768468644
0.061107646211519
0.060470385752042
0.059874507839885
0.059330810786248
0.058848261152960
0.058433922495050
0.058092922301780
0.057828456547620
0.057641830556662
0.057532534215820
0.057498348957109
0.057535483379301
0.057638733904762
0.057801666476783
0.058016815002733
0.058275892043201
0.058570007138986
0.058889888156121
0.059226101111771
0.059569264116275
0.059910251322643
0.060240383106482
0.060551599097332
0.060836611136445
0.061089033734969
0.061303490138707
0.061475692659422
0.061602496496228
0.061681926832783
0.061713179545748
0.061696596387409
0.061633616001029
0.061526702583042
0.061379254414367
0.061195494837249
0.060980348548984
0.060739306315064
0.060478281368509
0.060203460857026
0.059921155724047
0.059637652363539
0.059359069273040
0.059091221747017
0.058839497407382
0.058608745064971
0.058403179051772
0.058226300766720
0.058080838747248
0.057968708124904
0.057890989857426
0.057847929663336
0.057838956130266
0.057862717036208
0.057917132524700
0.057999463420019
0.058106392665182
0.058234117620287
0.058378450775936
0.058534926318675
0.058698909932889
0.058865709234838
0.059030682306236
0.059189341922120
0.059337453244719
0.059471122974915
0.059586878208152
0.059681733524998
0.059753245150332
0.059799551332272
0.059819398415567
0.059812152408085
0.059777796157360
0.059716912561664
0.059630654531854
0.059520702691851
0.059389212052634
0.059238749113272
0.059072221028723
0.058892798634534
0.058703835229659
0.058508783087743
0.058311109691907
0.058114215666920
0.057921356315062
0.057735568548558
0.057559604854140
0.057395875727424
0.057246401781127
0.057112776467968
0.056996140073790
0.056897165337582
0.056816054751731
0.056752549297522
0.056705948086895
0.056675138120362
0.056658633140492
0.056654620366434
0.056661013742217
0.056675512222221
0.056695661552085
0.056718917980763
0.056742712356807
0.056764513114751
0.056781886740813
0.056792554415491
0.056794443658572
0.056785733944847
0.056764895412175
0.056730719944412
0.056682344077989
0.056619263351394
0.056541337890909
0.056448789203517
0.056342188328672
0.056222435683767
0.056090733122187
0.055948548904893
0.055797576462708
0.055639687991518
0.055476884070240
0.055311240614697
0.055144854572310
0.054979789816197
0.054818024707149
0.054661402754196
0.054511587717434
0.054370024361278
0.054237905886121
0.054116148847912
0.054005376127320
0.053905908243691
0.053817763036193
0.053740663467785
0.053674053059192
0.053617118240774
0.053568816728842
0.053527910895803
0.053493005013639
0.053462585207649
0.053435060959057
0.053408807035418
0.053382204799170
0.053353681938326
0.053321749770335
0.053285037381843
0.053242321976759
0.053192554907369
0.053134882955941
0.053068664517135
0.052993480407127
0.052909139097780
0.052815676249123
0.052713348496606
0.052602621546333
0.052484152745558
