0.044890221948291
0.045087282085950
0.045238226399688
0.045339467655364
0.045388633584639
0.045384612460903
0.045327567373117
0.045218919432991
0.045061300922200
0.044858480110875
0.044615260138637
0.044337354930005
0.044031245604191
0.043704021225806
0.043363208021032
0.043016591350188
0.042672034782014
0.042337300560185
0.042019875594174
0.041726806852736
0.041464549699230
0.041238832295928
0.041054538732860
0.040915613020033
0.040824985535002
0.040784522955707
0.040795002145862
0.040856107910760
0.040966454017922
0.041123626390848
0.041324246944913
0.041564056150067
0.041838012081364
0.042140403459549
0.042464973991904
0.042805055198663
0.043153704850932
0.043503848149186
0.043848418832727
0.044180497524423
0.044493444775368
0.044781026473930
0.045037529515754
0.045257865888437
0.045437663599664
0.045573343163870
0.045662178653675
0.045702342612906
0.045692934413117
0.045633991911015
0.045526486526940
0.045372302111963
0.045174198201517
0.044935758465659
0.044661325359401
0.044355922150975
0.044025163661382
0.043675157185493
0.043312395183570
0.042943641432616
0.042575812409534
0.042215855742572
0.041870627613483
0.041546771019725
0.041250596812742
0.040987969413954
0.040764199073135
0.040583942473085
0.040451113398559
0.040368805075286
0.040339225645620
0.040363648080687
0.040442375634810
0.040574723727475
0.040759018892553
0.040992615166411
0.041271927998998
0.041592485469184
0.041948996272286
0.042335433629580
0.042745133952880
0.043170908788738
0.043605168273687
0.044040054061432
0.044467579442279
0.044879774171341
0.045268831361669
0.045627253687121
0.045947996082417
0.046224602128035
0.046451331367801
0.046623274928227
0.046736456990157
0.046787919903086
0.046775791026736
0.046699329727907
0.046558953346480
0.046356241364653
0.046093917458886
0.045775809574450
0.045406788627248
0.044992686895423
0.044540197603206
0.044056757610306
0.043550415491724
0.043029687615458
0.042503405090902
0.041980554661740
0.041470116748369
0.040980903902801
0.040521402921763
0.040099623771610
0.039722958313898
0.039398051587070
0.039130688103771
0.038925695272256
0.038786865653390
0.038716899332040
0.038717367224378
0.038788695672571
0.038930172207508
0.039139971900545
0.039415203288324
0.039751972451233
0.040145463465904
0.040590033143541
0.041079317715935
0.041606348944724
0.042163677010267
0.042743497485695
0.043337779718797
0.043938394026961
0.044537235254128
0.045126340437799
0.045697998581336
0.046244850813464
0.046759979533781
0.047236985480166
0.047670052000854
0.048053996160553
0.048384306646154
0.048657168754288
0.048869477031670
0.049018836392705
0.049103552751398
0.049122614371766
0.049075665260014
0.048962971991583
0.048785385387374
0.048544298428063
0.048241601727092
0.047879637776526
0.047461155041483
0.046989262815168
0.046467387565148
0.045899231310242
0.045288732374123
0.044640028674113
0.043957423528939
0.043245353813789
0.042508360160406
0.041751058798638
0.040978114566885
0.040194214584089
0.039404042075699
0.038612249879433
0.037823433221392
0.037042101445553
0.036272648495435
0.035519322080178
0.034786191602355
0.034077115074913
0.033395705402937
0.032745296545747
0.032128910199797
0.031549223747021
0.031008540291719
0.030508761657575
0.030051365232010
0.029637385526041
0.029267401263595
0.028941528725823
0.028659421955309
0.028420280275757
0.028222863409102
0.028065514279564
0.027946189389076
0.027862496437619
0.027811738652309
0.027790965087781
0.027797025974440
0.027826632027119
0.027876416490357
0.027942998593071
0.028023047018610
0.028113341969069
0.028210834416542
0.028312701189063
0.028416394633944
0.028519685733545
0.028620699714478
0.028717943385732
0.028810323658512
0.028897156933883
0.028978169286404
0.029053487615385
0.029123622172463
0.029189441097581
0.029252137798219
0.029313192182521
0.029374326900495
0.029437459854368
0.029504654306391
0.029578067938097
0.029659902198840
0.029752353224353
0.029857565510392
0.029977589395883
0.030114343249109
0.030269581065117
0.030444865979169
0.030641549986847
0.030860759943720
0.031103389703786
0.031370098053529
0.031661311914196
0.031977234125042
0.032317854990140
0.032682966675094
0.033072179480789
0.033484939000834
0.033920543187998
0.034378158411794
0.034856833681940
0.035355512337286
0.035873040652108
0.036408172985726
0.036959573290756
0.037525812992875
0.038105365453387
0.038696597417757
0.039297758031353
0.039906966161137
0.040522196892894
0.041141268172556
0.041761828623162
0.042381347593033
0.042997108474369
0.043606206274352
0.044205550324349
0.044791872879375
0.045361744193644
0.045911594463680
0.046437742814283
0.046936433271438
0.047403877427396
0.047836303264630
0.048230009374764
0.048581423593872
0.048887164883756
0.049144107126692
0.049349443374345
0.049500749004617
0.049596042196672
0.049633840136160
0.049613209410444
0.049533809146561
0.049395925580549
0.049200496921982
0.048949127587319
0.048644091114108
0.048288321328407
0.047885391612489
0.047439482401244
0.046955337315462
0.046438208610510
0.045893792872102
0.045328158119800
0.044747663677321
0.044158874331317
0.043568470422833
0.042983155595296
0.042409563957969
0.041854168414202
0.041323191850592
0.040822522788879
0.040357636970631
0.039933526180277
0.039554635420461
0.039224809341303
0.038947248598733
0.038724476583753
0.038558316731106
0.038449880389405
0.038399565021511
0.038407062309530
0.038471375568147
0.038590845726909
0.038763185029285
0.038985517515528
0.039254425307860
0.039565999699592
0.039915896062578
0.040299391626968
0.040711445249806
0.041146758370110
0.041599836442584
0.042065050244824
0.042536696558111
0.043009057824565
0.043476460478270
0.043933331730686
0.044374254657389
0.044794021480953
0.045187684971753
0.045550607893720
0.045878510405751
0.046167515293005
0.046414190847939
0.046615591152044
0.046769293429949
0.046873432062670
0.046926728761700
0.046928518325789
0.046878769333470
0.046778099071951
0.046627781972063
0.046429750813885
0.046186589992096
0.045901520186559
0.045578373873602
0.045221561237105
0.044836026194649
0.044427192440260
0.044000899617893
0.043563329973750
0.043120926084853
0.042680300518939
0.042248138539029
0.041831095216838
0.041435688554013
0.041068190420804
0.040734517300026
0.040440122962751
0.040189895294489
0.039988059531216
0.039838090149498
0.039742633581400
0.039703443792101
0.039721332566747
0.039796136105784
0.039926699228989
0.040110878143610
0.040345562348995
0.040626715837491
0.040949437319348
0.041308038758492
0.041696141067829
0.042106785388734
0.042532557981051
0.042965726388515
0.043398384230080
0.043822601709796
0.044230578744246
0.044614797483719
0.044968170955637
0.045284184588978
0.045557027487056
0.045781710501485
0.045954168418955
0.046071343898882
0.046131251186766
0.046133018066003
0.046076904989527
0.045964300840322
0.045797695294098
0.045580628285303
0.045317617596083
0.045014066083907
0.044676150525073
0.044310694466784
0.043925027839757
0.043526836377631
0.043124004111840
0.042724452355863
0.042335978657789
0.041966099183853
0.041621897899005
0.041309885736674
0.041035872703740
0.040804855554935
0.040620923301822
0.040487182404789
0.040405703042666
0.040377487375245
0.040402460220736
0.040479482075207
0.040606383915884
0.040780022766202
0.040996356568013
0.041250536514931
