2.150291831385976366e+03
2.154246397141831039e+03
2.158008256595840976e+03
2.161605159043515414e+03
2.165071449241444043e+03
2.168447253757160979e+03
2.171777456982694275e+03
2.175110483702897909e+03
2.178496911425586404e+03
2.181987941982410121e+03
2.185633768072076236e+03
2.189481876298846146e+03
2.193575333698045142e+03
2.197951109553924653e+03
2.202638488298595803e+03
2.207657632205767186e+03
2.213018354210663347e+03
2.218719161230910686e+03
2.224746626554650902e+03
2.231075145922403863e+03
2.237667125590787236e+03
2.244473641690431577e+03
2.251435598388570725e+03
2.258485397624522193e+03
2.265549115491900011e+03
2.272549159816194333e+03
2.279407360405632971e+03
2.286048418317475807e+03
2.292403613983785363e+03
2.298414647126994169e+03
2.304037455269392012e+03
2.309245833760714959e+03
2.314034660311403513e+03
2.318422512922695205e+03
2.322453463882604865e+03
2.326197836229775021e+03
2.329751724783354803e+03
2.333235113282677958e+03
2.336788463763575692e+03
2.340567714809502377e+03
2.344737701735745759e+03
2.349464103048881043e+03
2.354904121399883024e+03
2.361196220053147044e+03
2.368449352457876557e+03
2.376732236138364442e+03
2.386063324679240395e+03
2.396402213715521611e+03
2.407643268351670940e+03
2.419612269850083976e+03
2.432066838712066783e+03
2.444701290721232908e+03
2.457156415783496413e+03
2.469034433585904480e+03
2.479919076868569391e+03
2.489400389674780854e+03
2.497103417869526311e+03
2.502719532829331911e+03
2.506038693574811077e+03
2.506980550895623310e+03
2.505621967095380569e+03
2.502218307381251179e+03
2.497215793938806655e+03
2.491252337938215533e+03
2.485144606969479355e+03
2.479859662650274913e+03
2.476470316391270444e+03
2.476094382142830000e+03
2.479819213194823533e+03
2.488614232917487243e+03
2.503235522312152170e+03
2.524127807757990922e+03
2.551330285261432437e+03
2.584393503202152715e+03
2.622314889808254520e+03
2.663500356799891051e+03
2.705758667461282130e+03
2.746333895594489150e+03
2.781979339183420052e+03
2.809073760775791015e+03
2.823777932500601310e+03
2.822226345914360081e+03
2.800745826779730123e+03
2.756089921914302522e+03
2.685675558093135805e+03
2.587806857241002035e+03
2.461870336602019961e+03
2.308486176337962206e+03
2.129601869885200358e+03
1.928517360851313242e+03
1.709834590914826776e+03
1.479329015473095978e+03
1.243745781751184495e+03
1.010528537634584495e+03
7.874938430605087660e+02
5.824684824069013303e+02
4.029102537719694510e+02
2.555347368952244551e+02
1.459709130841473836e+02
7.846724696681353350e+01
5.566699332039378589e+01
7.846724696687132905e+01
1.459709130842581430e+02
2.555347368953790692e+02
4.029102537721550448e+02
5.824684824071027833e+02
7.874938430607098780e+02
1.010528537634769123e+03
1.243745781751338882e+03
1.479329015473209665e+03
1.709834590914893170e+03
1.928517360851330977e+03
2.129601869885174892e+03
2.308486176337903999e+03
2.461870336601944473e+03
2.587806857240930185e+03
2.685675558093091240e+03
2.756089921914312981e+03
2.800745826779821527e+03
2.822226345914559715e+03
2.823777932500931911e+03
2.809073760776273048e+03
2.781979339184067612e+03
2.746333895595310423e+03
2.705758667462278936e+03
2.663500356801057023e+03
2.622314889809575106e+03
2.584393503203608816e+03
2.551330285262998132e+03
2.524127807759634379e+03
2.503235522313840193e+03
2.488614232919181177e+03
2.479819213196486999e+03
2.476094382144427072e+03
2.476470316392766108e+03
2.479859662651640519e+03
2.485144606970689892e+03
2.491252337939253266e+03
2.497215793939659306e+03
2.502218307381914201e+03
2.505621967095858054e+03
2.506980550895925262e+03
2.506038693574954777e+03
2.502719532829338277e+03
2.497103417869423538e+03
2.489400389674598955e+03
2.479919076868341108e+03
2.469034433585663464e+03
2.457156415783274042e+03
2.444701290721061014e+03
2.432066838711971286e+03
2.419612269850088978e+03
2.407643268351792358e+03
2.396402213715770813e+03
2.386063324679619200e+03
2.376732236138871485e+03
2.368449352458500471e+03
2.361196220053870093e+03
2.354904121400682016e+03
2.349464103049725054e+03
2.344737701736601593e+03
2.340567714810330472e+03
2.336788463764336484e+03
2.333235113283330065e+03
2.329751724783857753e+03
2.326197836230089706e+03
2.322453463882696269e+03
2.318422512922534224e+03
2.314034660310966501e+03
2.309245833759986454e+03
2.304037455268363374e+03
2.298414647125667216e+03
2.292403613982171464e+03
2.286048418315594972e+03
2.279407360403513849e+03
2.272549159813875121e+03
2.265549115489425731e+03
2.258485397621945594e+03
2.251435598385950470e+03
2.244473641687827694e+03
2.237667125588263843e+03
2.231075145920024625e+03
2.224746626552478119e+03
2.218719161229004840e+03
2.213018354209078097e+03
2.207657632204551192e+03
2.202638488297790900e+03
2.197951109553563583e+03
2.193575333698151098e+03
2.189481876299433225e+03
2.185633768073147621e+03
2.181987941983960354e+03
2.178496911427600935e+03
2.175110483705352635e+03
2.171777456985557819e+03
2.168447253760395142e+03
2.165071449245006079e+03
2.161605159047358029e+03
2.158008256599915512e+03
2.154246397146085201e+03
