0.001509208294806
0.001509189807122
0.001509168673213
0.001509146454254
0.001509124799154
0.001509105320001
0.001509089470204
0.001509078434593
0.001509073039875
0.001509073692263
0.001509080347024
0.001509092512273
0.001509109286713
0.001509129428434
0.001509151449521
0.001509173729243
0.001509194637185
0.001509212656937
0.001509226500892
0.001509235207406
0.001509238212926
0.001509235393587
0.001509227073134
0.001509213996588
0.001509197271703
0.001509178282707
0.001509158582955
0.001509139774733
0.001509123385403
0.001509110749411
0.001509102905171
0.001509100514746
0.001509103812479
0.001509112586502
0.001509126194575
0.001509143613025
0.001509163515072
0.001509184372540
0.001509204573184
0.001509222544661
0.001509236875644
0.001509246424822
0.001509250409421
0.001509248466464
0.001509240682055
0.001509227586425
0.001509210115074
0.001509189538956
0.001509167369006
0.001509145242267
0.001509124798291
0.001509107555230
0.001509094795057
0.001509087466668
0.001509086114240
0.001509090836318
0.001509101278738
0.001509116661913
0.001509135840406
0.001509157390235
0.001509179717240
0.001509201178246
0.001509220205772
0.001509235426779
0.001509245766398
0.001509250528734
0.001509249448604
0.001509242710269
0.001509230931770
0.001509215116080
0.001509196572854
0.001509176816760
0.001509157450218
0.001509140039504
0.001509125993749
0.001509116456070
0.001509112215199
0.001509113644374
0.001509120672176
0.001509132787562
0.001509149078705
0.001509168302702
0.001509188980794
0.001509209511847
0.001509228295392
0.001509243854828
0.001509254951339
0.001509260679813
0.001509260539408
0.001509254473332
0.001509242874781
0.001509226558545
0.001509206700420
0.001509184749007
0.001509162316636
0.001509141057678
0.001509122543548
0.001509108143893
0.001509098923043
0.001509095559595
0.001509098295260
0.001509106916876
0.001509120772939
0.001509138823378
0.001509159718776
0.001509181902972
0.001509203731208
0.001509223594795
0.001509240042769
0.001509251891256
0.001509258312174
0.001509258894510
0.001509253673464
0.001509243125242
0.001509228127852
0.001509209890887
0.001509189859595
0.001509169600511
0.001509150677300
0.001509134526172
0.001509122340254
0.001509114971554
0.001509112857767
0.001509115979221
0.001509123848888
0.001509135535771
0.001509149719332
0.001509164770152
0.001509178849863
0.001509190021768
0.001509196362583
0.001509196065431
0.001509187524643
0.001509169394062
0.001509140612242
0.001509100390116
0.001509048159183
0.001508983480830
0.001508905919891
0.001508814887683
0.001508709461549
0.001508588188990
0.001508448884976
0.001508288430727
0.001508102581321
0.001507885787921
0.001507631038371
0.001507329717558
0.001506971486456
0.001506544176403
0.001506033693066
0.001505423922949
0.001504696634387
0.001503831364719
0.001502805286043
0.001501593043357
0.001500166561184
0.001498494817658
0.001496543588518
0.001494275167222
0.001491648071275
0.001488616748703
0.001485131302057
0.001481137250360
0.001476575351693
0.001471381510669
0.001465486795682
0.001458817590556
0.001451295904086
0.001442839858920
0.001433364378506
0.001422782087331
0.001411004435685
0.001397943055689
0.001383511350449
0.001367626312990
0.001350210566161
0.001331194608912
0.001310519248311
0.001288138190264
0.001264020755183
0.001238154677697
0.001210548942045
0.001181236596921
0.001150277485583
0.001117760818939
0.001083807511625
0.001048572193909
0.001012244806274
0.000975051679112
0.000937255997800
0.000899157554108
0.000861091689018
0.000823427340244
0.000786564120413
0.000750928369482
0.000716968147585
0.000685147162166
0.000655937655517
0.000629812315342
0.000607235310501
0.000588652595808
0.000574481671882
0.000565101027125
0.000560839526831
0.000561966047312
0.000568679678638
0.000581100836132
0.000599263626293
0.000623109805855
0.000652484651909
0.000687135025920
0.000726709864857
0.000770763269118
0.000818760280823
0.000870085359205
0.000924053465171
0.000979923567732
0.001036914285009
0.001094221276055
0.001151035911382
0.001206564674398
0.001260048687284
0.001310782717082
0.001358133004213
0.001401553268571
0.001440598289046
0.001474934520729
0.001504347308766
0.001528744376102
0.001548155399912
0.001562727643028
0.001572717765661
0.001578480101812
0.001580451836517
0.001579135656470
0.001575080560526
0.001568861601452
0.001561059380786
0.001552240131220
0.001542937193664
0.001533634629479
0.001524753604870
0.001516642048720
0.001509567923973
0.001503716274226
0.001499190021166
0.001496014304836
0.001494143987928
0.001493473796869
0.001493850454999
0.001495086083278
0.001496972106194
0.001499292906842
0.001501838524478
0.001504415776895
0.001506857312310
0.001509028243071
0.001510830176383
0.001512202624654
0.001513121939053
0.001513598053977
0.001513669448434
0.001513396815660
0.001512855980120
0.001512130609538
0.001511305239850
0.001510459066901
0.001509660866489
0.001508965292282
0.001508410678508
0.001508018351059
0.001507793336166
0.001507726258566
0.001507796147644
0.001507973824815
0.001508225530254
0.001508516461210
0.001508813934370
0.001509089945832
0.001509322977477
0.001509498980197
0.001509611544953
0.001509661344818
0.001509654989019
0.001509603469457
0.001509520398964
0.001509420238524
0.001509316689883
0.001509221393877
0.001509143028339
0.001509086848113
0.001509054659188
0.001509045174234
0.001509054662232
0.001509077782943
0.001509108489089
0.001509140884767
0.001509169946023
0.001509192035731
0.001509205176165
0.001509209075034
0.001509204930413
0.001509195063830
0.001509182446470
0.001509170189950
0.001509161070410
0.001509157143928
0.001509159494423
0.001509168134871
0.001509182061613
0.001509199442264
0.001509217902675
0.001509234868792
0.001509247916009
0.001509255081458
0.001509255102813
0.001509247559080
0.001509232902765
0.001509212386801
0.001509187901976
0.001509161749967
0.001509136382531
0.001509114138750
0.001509097009587
0.001509086453268
0.001509083277037
0.001509087592019
0.001509098839274
0.001509115877787
0.001509137119708
0.001509160695151
0.001509184628098
0.001509207006403
0.001509226131819
0.001509240639856
0.001509249583521
0.001509252478912
0.001509249313949
0.001509240523963
0.001509226939341
0.001509209711184
0.001509190221037
0.001509169980568
0.001509150526746
0.001509133317857
0.001509119635492
0.001509110497626
0.001509106587771
0.001509108204881
0.001509115238056
0.001509127168954
0.001509143103245
0.001509161830399
0.001509181908822
0.001509201771029
0.001509219841481
0.001509234658114
0.001509244987843
0.001509249926333
0.001509248973393
0.001509242077235
0.001509229643389
0.001509212507112
0.001509191871284
0.001509169214705
0.001509146178299
0.001509124438445
0.001509105577713
0.001509090963317
0.001509081642819
0.001509078265093
0.001509081032411
0.001509089686995
0.001509103532684
0.001509121489696
0.001509142178023
0.001509164022934
0.001509185374549
0.001509204632439
0.001509220365983
0.001509231421510
0.001509237008294
0.001509236756984
0.001509230746131
0.001509219494767
0.001509203921558
0.001509185273549
0.001509165029835
0.001509144787431
0.001509126138022
0.001509110545006
0.001509099230299
0.001509093079627
0.001509092573655
0.001509097750301
0.001509108201192
0.001509123102564
0.001509141278243
0.001509161289856
0.001509181547337
