0.096025279530282
0.095531983356302
0.095092571530524
0.094710612314285
0.094388451243917
0.094127204721941
0.093926793449448
0.093786012192537
0.093702631286145
0.093673524503453
0.093694817451639
0.093762050469577
0.093870350061258
0.094014603153733
0.094189628871426
0.094390343024129
0.094611911074357
0.094849885950425
0.095100327683538
0.095359902457903
0.095625959267267
0.095896582968749
0.096170623116790
0.096447698547210
0.096728178261762
0.097013139731252
0.097304306279761
0.097603965719330
0.097914872856685
0.098240138873038
0.098583110868051
0.098947245045988
0.099335977097352
0.099752593290149
0.100200105635448
0.100681134242146
0.101197799641513
0.101751627462642
0.102343467397007
0.102973427926029
0.103640827820444
0.104344164972175
0.105081102702600
0.105848473315388
0.106642298333522
0.107457824580875
0.108289575038254
0.109131413219480
0.109976619671039
0.110817979094837
0.111647876523138
0.112458400933672
0.113241454676837
0.113988867091511
0.114692510706369
0.115344418454364
0.115936900363087
0.116462658216910
0.116914896711938
0.117287429637035
0.117574779610688
0.117772269884250
0.117876106691424
0.117883450589771
0.117792475215452
0.117602411873441
0.117313578431065
0.116927391092244
0.116446357821248
0.115874052472151
0.115215069071060
0.114474956192165
0.113660131955173
0.112777780830471
0.111835734138930
0.110842336837141
0.109806303841790
0.108736569722040
0.107642136030754
0.106531920814139
0.105414614903910
0.104298549437604
0.103191578667200
0.102100981515055
0.101033384546195
0.099994708088050
0.098990136194291
0.098024110077939
0.097100343592424
0.096221858378504
0.095391035474859
0.094609679555685
0.093879091542356
0.093200145156105
0.092573363037515
0.091998988344678
0.091477048230606
0.091007406256576
0.090589801579277
0.090223873609100
0.089909171727327
0.089645150525760
0.089431151852236
0.089266375674392
0.089149842383436
0.089080349628434
0.089056427085467
0.089076292717119
0.089137814063641
0.089238477930847
0.089375371508019
0.089545177473351
0.089744185039849
0.089968318180874
0.090213181475888
0.090474123162390
0.090746314103321
0.091024840518459
0.091304807524578
0.091581449825419
0.091850245330720
0.092107027102539
0.092348088858948
0.092570279332914
0.092771081098224
0.092948670031292
0.093101952358415
0.093230577208162
0.093334923699416
0.093416062786728
0.093475695288010
0.093516068663321
0.093539876128079
0.093550142506667
0.093550101812701
0.093543071845801
0.093532331106557
0.093521003056555
0.093511952214430
0.093507695825150
0.093510333925864
0.093521499624626
0.093542330378927
0.093573460077466
0.093615030851135
0.093666722815066
0.093727799403303
0.093797165613479
0.093873436324399
0.093955011861676
0.094040158129110
0.094127088851727
0.094214047742264
0.094299388661577
0.094381652057586
0.094459636112677
0.094532461095814
0.094599625410212
0.094661051771690
0.094717121881615
0.094768697914146
0.094817129166050
0.094864242360855
0.094912314390895
0.094964026740193
0.095022401459169
0.095090719340626
0.095172421837093
0.095270999207020
0.095389868313248
0.095532244345978
0.095701011428536
0.095898597519020
0.096126859189821
0.096386981715367
0.096679399415504
0.097003740402969
0.097358798809321
0.097742536278104
0.098152113098602
0.098583947901169
0.099033803442192
0.099496894765522
0.099968015017301
0.100441673474220
0.100912239959135
0.101374089774907
0.101821743573231
0.102249997152149
0.102654036986146
0.103029538264788
0.103372743271085
0.103680518991096
0.103950393840366
0.104180574262313
0.104369942657042
0.104518038614202
0.104625025747306
0.104691646574254
0.104719167888290
0.104709318953397
0.104664224680386
0.104586335735191
0.104478357333700
0.104343178312320
0.104183801942497
0.104003279880381
0.103804650597275
0.103590883601518
0.103364830711400
0.103129185544407
0.102886452226710
0.102638924082522
0.102388672730287
0.102137547599190
0.101887185404788
0.101639028618258
0.101394351468997
0.101154291579200
0.100919884984687
0.100692102086691
0.100471882032373
0.100260163151795
0.100057907384481
0.099866117091228
0.099685843233010
0.099518184562234
0.099364278157360
0.099225282281570
0.099102353103649
0.098996617235940
0.098909142284112
0.098840907646885
0.098792777649031
0.098765478755055
0.098759582128058
0.098775492216237
0.098813441425509
0.098873490331771
0.098955532359158
0.099059301452217
0.099184381038661
0.099330212537047
0.099496101814004
0.099681222323176
0.099884614130639
0.100105178602546
0.100341669144418
0.100592678977345
0.100856627455824
0.101131746823075
0.101416071522363
0.101707432212401
0.102003456463991
0.102301577754519
0.102599053854509
0.102892995058069
0.103180401999209
0.103458212076740
0.103723352840441
0.103972800124689
0.104203638297910
0.104413119759789
0.104598720780711
0.104758190940986
0.104889593776783
0.104991336747058
0.105062189261458
0.105101288205709
0.105108131117263
0.105082557849324
0.105024722169534
0.104935055232306
0.104814223212917
0.104663081581312
0.104482628520561
0.104273959868039
0.104038227695986
0.103776604280196
0.103490252764907
0.103180305354970
0.102847849389167
0.102493921204142
0.102119507314055
0.101725552126832
0.101312971205027
0.100882668960676
0.100435559643249
0.099972590524914
0.099494766289571
0.099003173769302
0.098499006321515
0.097983587280089
0.097458392026396
0.096925068297897
0.096385454376652
0.095841594777834
0.095295752996525
0.094750420783134
0.094208323321633
0.093672419601430
0.093145897224170
0.092632160890586
0.092134813884779
0.091657632023078
0.091204529763428
0.090779518472146
0.090386657203193
0.090029996738272
0.089713518036510
0.089441066619063
0.089216284735237
0.089042543393713
0.088922876471681
0.088859919120691
0.088855852565030
0.088912357141505
0.089030575074722
0.089211084044528
0.089453882115758
0.089758384102347
0.090123428967463
0.090547297455006
0.091027738836022
0.091562005457291
0.092146893708197
0.092778790072669
0.093453721089591
0.094167406280521
0.094915313381891
0.095692715499044
0.096494750039983
0.097316479449132
0.098152953815916
0.098999275361028
0.099850664600792
0.100702527668350
0.101550523856257
0.102390631978143
0.103219213677520
0.104033071394623
0.104829498393164
0.105606318097651
0.106361910038145
0.107095219966736
0.107805752203990
0.108493542979581
0.109159114414069
0.109803409795728
0.110427711870059
0.111033546904047
0.111622578233133
0.112196493770821
0.112756892493601
0.113305175158144
0.113842444434435
0.114369419242251
0.114886367377426
0.115393059550443
0.115888746794686
0.116372161912406
0.116841544299814
0.117294686218457
0.117728997443842
0.118141584299878
0.118529338438431
0.118889030386922
0.119217402880242
0.119511259309616
0.119767543231500
0.119983405734912
0.120156258501054
0.120283811528671
0.120364095661257
0.120395471157109
0.120376624515439
0.120306556546962
0.120184565206140
0.120010226951842
0.119783380360563
0.119504115386881
0.119172771073666
0.118789943700041
0.118356506372160
0.117873639974776
0.117342874280872
0.116766136935387
0.116145807058466
0.115484769419473
0.114786464571671
0.114054930053136
0.113294827781355
0.112511453109322
0.111710721664141
0.110899131031052
0.110083695534797
0.109271853748185
0.108471349853237
0.107690091511464
0.106935988378617
0.106216776736733
