0.005449140735648
0.005365816063939
0.005284105304377
0.005205084956318
0.005129753860605
0.005058999846542
0.004993570138757
0.004934046702212
0.004880827524553
0.004834114608409
0.004793909181474
0.004760014340789
0.004732045042741
0.004709445046062
0.004691510125903
0.004677416616592
0.004666254121380
0.004657061059742
0.004648861614281
0.004640702594826
0.004631688758309
0.004621015207600
0.004607995635765
0.004592085376322
0.004572898454933
0.004550218101769
0.004524000463712
0.004494371538480
0.004461617625937
0.004426169843691
0.004388583474340
0.004349513092464
0.004309684554700
0.004269865022638
0.004230832224682
0.004193344150745
0.004158110315663
0.004125765628590
0.004096847772267
0.004071778835190
0.004050851758665
0.004034221967424
0.004021904354229
0.004013775592956
0.004009581567347
0.004008949529807
0.004011404450958
0.004016388890129
0.004023285612547
0.004031442102710
0.004040196076441
0.004048901076865
0.004056951251438
0.004063804447187
0.004069002827498
0.004072190303790
0.004073126186233
0.004071694585876
0.004067909242301
0.004061913602226
0.004053976130860
0.004044480995008
0.004033914410403
0.004022847091136
0.004011913372273
0.004001787693740
0.003993159230811
0.003986705530917
0.003983066065288
0.003982816625164
0.003986445484526
0.003994332213847
0.004006729962345
0.004023751930666
0.004045362633619
0.004071374406340
0.004101449440785
0.004135107457209
0.004171738922732
0.004210623532134
0.004250953471332
0.004291860798326
0.004332448106767
0.004371821490492
0.004409124709668
0.004443573376138
0.004474487931872
0.004501324193190
0.004523700276778
0.004541418811433
0.004554483470809
0.004563109033805
0.004567724386017
0.004568968111435
0.004567676580615
0.004564864711065
0.004561699847887
0.004559469477623
0.004559543735420
0.004563333884981
0.004572248132842
0.004587646274755
0.004610794755471
0.004642823748468
0.004684687826159
0.004737131692674
0.004800662292272
0.004875528390883
0.004961708463048
0.005058907411032
0.005166562308496
0.005283857011382
0.005409745128052
0.005542980504775
0.005682154076545
0.005825735671497
0.005972119152807
0.006119669145439
0.006266767534087
0.006411857937218
0.006553486460493
0.006690337207283
0.006821261266781
0.006945298200272
0.007061689388946
0.007169882975939
0.007269530512840
0.007360475788428
0.007442736657008
0.007516480978969
0.007581998023382
0.007639666850572
0.007689923284840
0.007733227100599
0.007770030980388
0.007800752665435
0.007825751517401
0.007845310455280
0.007859623938342
0.007868792349981
0.007872822814867
0.007871636168972
0.007865079514072
0.007852943538653
0.007834983586762
0.007810943313387
0.007780579684263
0.007743688061010
0.007700126157258
0.007649835752689
0.007592861201688
0.007529363961277
0.007459632577051
0.007384087793308
0.007303282681272
0.007217897895203
0.007128732359527
0.007036689852289
0.006942762075490
0.006848008888160
0.006753536423559
0.006660473820557
0.006569949276434
0.006483066081233
0.006400879230601
0.006324373143081
0.006254440936860
0.006191865656075
0.006137303782175
0.006091271323123
0.006054132741422
0.006026092957915
0.006007192646719
0.005997307011392
0.005996148196745
0.006003271438931
0.006018084984184
0.006039863712106
0.006067766283671
0.006100855501364
0.006138121426142
0.006178506652822
0.006220933013091
0.006264328865503
0.006307656055396
0.006349935594179
0.006390271123042
0.006427869293720
0.006462056317062
0.006492290093211
0.006518167535920
0.006539426925388
0.006555945354741
0.006567731559669
0.006574914624317
0.006577729226745
0.006576498214292
0.006571613377149
0.006563515315280
0.006552673271679
0.006539565739392
0.006524662549239
0.006508409020023
0.006491212614198
0.006473432400024
0.006455371485471
0.006437272466562
0.006419315828119
0.006401621149841
0.006384250904754
0.006367216587857
0.006350486876364
0.006333997494916
0.006317662435498
0.006301386159174
0.006285076383381
0.006268657034272
0.006252080919847
0.006235341659530
0.006218484393295
0.006201614793133
0.006184905915966
0.006168602473906
0.006153022157507
0.006138553731436
0.006125651728812
0.006114827697579
0.006106638095145
0.006101669079886
0.006100518602802
0.006103776351451
0.006112002232975
0.006125704195475
0.006145316269591
0.006171177758672
0.006203514511327
0.006242423171371
0.006287859216187
0.006339629466549
0.006397389582613
0.006460646858278
0.006528768397762
0.006600994514661
0.006676456947081
0.006754201246055
0.006833212481869
0.006912443237441
0.006990842731026
0.007067385841648
0.007141100805736
0.007211094414581
0.007276573667230
0.007336863015538
0.007391416566663
0.007439824868917
0.007481816183077
0.007517252415032
0.007546120139497
0.007568517362652
0.007584636841124
0.007594746887153
0.007599170641202
0.007598264785006
0.007592398606114
0.007581934219464
0.007567208615547
0.007548518052764
0.007526105158132
0.007500148958557
0.007470757944534
0.007437966175492
0.007401732373194
0.007361941914089
0.007318411617195
0.007270897221970
0.007219103450148
0.007162696536123
0.007101319083000
0.007034607049539
0.006962208594190
0.006883804398022
0.006799128964605
0.006707992261732
0.006610300940327
0.006506078254511
0.006395481728488
0.006278817584001
0.006156550967104
0.006029311101253
0.005897890646571
0.005763238758667
0.005626447605340
0.005488732402091
0.005351405350183
0.005215844184431
0.005083456341464
0.004955640023477
0.004833743640037
0.004719025247569
0.004612613663414
0.004515472904319
0.004428371488702
0.004351857953701
0.004286243681914
0.004231593822541
0.004187726743741
0.004154222085172
0.004130437110415
0.004115530706149
0.004108494054979
0.004108186736200
0.004113376794986
0.004122783174081
0.004135118828171
0.004149132841260
0.004163649940013
0.004177605936073
0.004190077830106
0.004200307559487
0.004207718657871
0.004211925404753
0.004212734362242
0.004210138510022
0.004204304484308
0.004195553689604
0.004184338272945
0.004171213120343
0.004156805149181
0.004141781225333
0.004126816030597
0.004112561147570
0.004099616521341
0.004088505308202
0.004079652940208
0.004073371031285
0.004069846535867
0.004069136354911
0.004071167375397
0.004075741735812
0.004082546937427
0.004091170273686
0.004101116930022
0.004111831014828
0.004122718718724
0.004133172762227
0.004142597279581
0.004150432296611
0.004156176990834
0.004159410970788
0.004159812877035
0.004157175688136
0.004151418210197
0.004142592337167
0.004130885789916
0.004116620173666
0.004100244333590
0.004082323134651
0.004063521940506
0.004044587213423
0.004026323797857
0.004009569579228
0.003995168321315
0.003983941575030
0.003976660613382
0.003974019378133
0.003976609419861
0.003984897773219
0.003999208632927
0.004019709584630
0.004046403001333
0.004079123044874
0.004117538518770
0.004161161610476
0.004209362345420
0.004261388360306
0.004316389397394
0.004373445733065
0.004431599590522
0.004489888454766
0.004547379113816
0.004603201197744
0.004656578979357
0.004706860238495
0.004753541075342
0.004796285684712
0.004834940269131
0.004869540468287
0.004900311909476
0.004927663730056
0.004952175180178
0.004974575672729
0.004995718898142
0.005016551855031
0.005038079854373
0.005061328727010
0.005087305594126
0.005116959642265
0.005151144373857
0.005190582778702
0.005235836790579
0.005287282257836
