0.162132214450498
0.161132799512646
0.160197591110350
0.159337130577805
0.158561123067460
0.157878345759596
0.157296566206264
0.156822471255757
0.156461606917247
0.156218329445394
0.156095767850884
0.156095797974423
0.156219028197365
0.156464796800952
0.156831180926538
0.157315017030109
0.157911932664304
0.158616389359157
0.159421736307577
0.160320274492793
0.161303330821616
0.162361341749880
0.163483945804306
0.164660084319348
0.165878109618829
0.167125899781842
0.168390979041734
0.169660642778052
0.170922085975922
0.172162533948020
0.173369374042824
0.174530287002290
0.175633376584206
0.176667296031856
0.177621369958108
0.178485710214602
0.179251324340624
0.179910215231782
0.180455470736329
0.180881341976971
0.181183309308194
0.181358134952415
0.181403901511362
0.181320035720146
0.181107316998048
0.180767870549425
0.180305144976835
0.179723874583439
0.179030026758555
0.178230735055453
0.177334218779872
0.176349690106970
0.175287249930202
0.174157773813519
0.172972789565360
0.171744348075848
0.170484889154912
0.169207104176571
0.167923797371837
0.166647747618916
0.165391572553972
0.164167596769555
0.162987725781663
0.161863327332061
0.160805121452380
0.159823080553348
0.158926340619807
0.158123124393513
0.157420677215402
0.156825215981246
0.156341891443804
0.155974763875429
0.155726791891761
0.155599834033933
0.155594662517796
0.155710988387241
0.155947497158219
0.156301893912993
0.156770956702585
0.157350597040697
0.158035926225377
0.158821326205481
0.159700523717031
0.160666666448598
0.161712400053272
0.162829944905182
0.164011171598024
0.165247674298749
0.166530841197593
0.167851921432550
0.169202088008229
0.170572496371891
0.171954338449719
0.173338892080131
0.174717565905204
0.176081939892683
0.177423801757351
0.178735179629381
0.180008371377353
0.181235971033686
0.182410892790180
0.183526393031064
0.184576090851524
0.185553987472087
0.186454484905579
0.187272404165821
0.188003003228301
0.188641994865921
0.189185564390563
0.189630387237009
0.189973646232945
0.190213048310646
0.190346840335645
0.190373823657866
0.190293366934132
0.190105416729551
0.189810505380796
0.189409755597955
0.188904881293829
0.188298184160693
0.187592545563862
0.186791413387930
0.185898783554004
0.184919176022031
0.183857605199726
0.182719544795098
0.181510887270760
0.180237898181170
0.178907165795961
0.177525546529628
0.176100106807125
0.174638062093221
0.173146713897572
0.171633385635455
0.170105358273258
0.168569806716950
0.167033737909455
0.165503931588746
0.163986884622394
0.162488759777017
0.161015339703490
0.159571986822833
0.158163609685273
0.156794636248923
0.155468994387725
0.154190099793928
0.152960851292115
0.151783633433075
0.150660326090376
0.149592320643768
0.148580542205139
0.147625477227511
0.146727205738644
0.145885437360256
0.145099550213973
0.144368631776913
0.143691520734512
0.143066848885765
0.142493082186335
0.141968560067071
0.141491532237787
0.141060192276902
0.140672707414038
0.140327244032367
0.140021988546898
0.139755163450868
0.139525038461166
0.139329936831758
0.139168237037844
0.139038370159243
0.138938813406441
0.138868080333508
0.138824708366403
0.138807244340816
0.138814228789069
0.138844179739666
0.138895576795351
0.138966846236072
0.139056347852789
0.139162364157771
0.139283092538724
0.139416640829946
0.139561026666401
0.139714180869215
0.139873954986634
0.140038132986736
0.140204446970352
0.140370596648422
0.140534272210709
0.140693180105727
0.140845071157608
0.140987770367376
0.141119207685428
0.141237449000985
0.141340726573701
0.141427468133319
0.141496323895056
0.141546190780817
0.141576233198256
0.141585899809417
0.141574935816112
0.141543390397777
0.141491619056358
0.141420280748663
0.141330329816169
0.141223002852114
0.141099800772138
0.140962466474701
0.140812958587467
0.140653421893040
0.140486155109190
0.140313576762816
0.140138189941718
0.139962546732372
0.139789213154950
0.139620735388424
0.139459608039414
0.139308245149444
0.139168954557948
0.139043916144946
0.138935164370073
0.138844575406582
0.138773859043147
0.138724555396061
0.138698036343380
0.138695511463978
0.138718038142004
0.138766535383955
0.138841800794669
0.138944530072601
0.139075338316092
0.139234782382948
0.139423383516577
0.139641649444358
0.139890095167699
0.140169261698337
0.140479732050757
0.140822143874870
0.141197198204174
0.141605663900435
0.142048377493355
0.142526238239945
0.143040198360032
0.143591248537830
0.144180398911670
0.144808655901082
0.145476995339094
0.146186332485110
0.146937489586678
0.147731161735031
0.148567881816982
0.149447985403409
0.150371576430997
0.151338494528854
0.152348284815023
0.153400170940725
0.154493032093364
0.155625384584886
0.156795368552001
0.158000740181828
0.159238869753533
0.160506745656663
0.161800984413618
0.163117846600275
0.164453258428773
0.165802838633080
0.167161930184347
0.168525636262053
0.169888859821045
0.171246346025887
0.172592726773981
0.173922566498963
0.175230408436370
0.176510820544517
0.177758440304584
0.178968017673703
0.180134455532290
0.181252847049278
0.182318509484748
0.183327014054992
0.184274211598209
0.185156253895879
0.185969610622550
0.186711082011927
0.187377807436496
0.187967270198451
0.188477298918768
0.188906065986326
0.189252083587972
0.189514197881899
0.189691581899461
0.189783727763980
0.189790438799344
0.189711822066614
0.189548281814515
0.189300514261258
0.188969504042359
0.188556522564794
0.188063128404172
0.187491169772266
0.186842788969738
0.186120428627202
0.185326839429602
0.184465088917901
0.183538570871198
0.182551014694269
0.181506494173094
0.180409434915692
0.179264619769805
0.178077191503262
0.176852652048225
0.175596857646829
0.174316009292526
0.173016637937681
0.171705584032260
0.170389971068354
0.169077172928846
0.167774774972354
0.166490528928041
0.165232301819138
0.164008019279897
0.162825603773468
0.161692908354376
0.160617646745500
0.159607320612594
0.158669145016481
0.157809973101657
0.157036221138148
0.156353795069347
0.155768019731370
0.155283571898417
0.154904418274114
0.154633759491204
0.154473981102377
0.154426612445543
0.154492294148955
0.154670754908502
0.154960798023671
0.155360298023404
0.155866207551882
0.156474574520410
0.157180569368669
0.157978522120174
0.158861968765850
0.159823706369633
0.160855856163373
0.161949933787648
0.163096925742282
0.164287371036983
0.165511446979464
0.166759058006430
0.168019926451577
0.169283684154095
0.170539963839796
0.171778489253709
0.172989163085744
0.174162151807846
0.175287966629334
0.176357539874200
0.177362296187403
0.178294218083444
0.179145905457398
0.179910628782967
0.180582375821712
0.181155891760204
0.181626712775115
0.181991193099124
0.182246525721123
0.182390756902473
0.182422794725912
0.182342411915899
0.182150243178735
0.181847777308939
0.181437344296298
0.180922097647381
0.180305992108095
0.179593756942043
0.178790864885541
0.177903496866214
0.176938502540627
0.175903356679694
0.174806111410530
0.173655344312080
0.172460102360702
0.171229841732094
0.169974363488604
0.168703745216130
0.167428268722718
0.166158343971154
0.164904429488997
0.163676949580750
0.162486208756041
0.161342303882709
0.160255034672258
0.159233813204186
0.158287573292720
0.157424680591027
0.156652844411341
0.155979032311430
0.155409388555641
0.154949157599838
