0.011348485965410
0.011348813102786
0.011349151860684
0.011349499269071
0.011349852144209
0.011350207174095
0.011350561006380
0.011350910336444
0.011351251993331
0.011351583021290
0.011351900754818
0.011352202885264
0.011352487517287
0.011352753213752
0.011352999027934
0.011353224522282
0.011353429773331
0.011353615362727
0.011353782354734
0.011353932260914
0.011354066993052
0.011354188805699
0.011354300229977
0.011354404000547
0.011354502977779
0.011354600067336
0.011354698139396
0.011354799949769
0.011354908065085
0.011355024794107
0.011355152127045
0.011355291684498
0.011355444677397
0.011355611878967
0.011355793609414
0.011355989733657
0.011356199672047
0.011356422423665
0.011356656601415
0.011356900477784
0.011357152039872
0.011357409052008
0.011357669124055
0.011357929783383
0.011358188548355
0.011358443001178
0.011358690857971
0.011358930034022
0.011359158702354
0.011359375343913
0.011359578787994
0.011359768241772
0.011359943308168
0.011360103991645
0.011360250691849
0.011360384185439
0.011360505596753
0.011360616358315
0.011360718162498
0.011360812905891
0.011360902628158
0.011360989447313
0.011361075493451
0.011361162842974
0.011361253455364
0.011361349114423
0.011361451375765
0.011361561522132
0.011361680527844
0.011361809033412
0.011361947330980
0.011362095360959
0.011362252719833
0.011362418678750
0.011362592212207
0.011362772035795
0.011362956651689
0.011363144400342
0.011363333516651
0.011363522188730
0.011363708617354
0.011363891074155
0.011364067956663
0.011364237838464
0.011364399512867
0.011364552028740
0.011364694717417
0.011364827209899
0.011364949443903
0.011365061660626
0.011365164391479
0.011365258435334
0.011365344827172
0.011365424799278
0.011365499736386
0.011365571126355
0.011365640508090
0.011365709418518
0.011365779340421
0.011365851652890
0.011365927586056
0.011366008181590
0.011366094260241
0.011366186397438
0.011366284907670
0.011366389838062
0.011366500971222
0.011366617837097
0.011366739733283
0.011366865752894
0.011366994818838
0.011367125723132
0.011367257169656
0.011367387818646
0.011367516331119
0.011367641411380
0.011367761845816
0.011367876536198
0.011367984525862
0.011368085017251
0.011368177379477
0.011368261144723
0.011368335992463
0.011368401720642
0.011368458203041
0.011368505332120
0.011368542946613
0.011368570743049
0.011368588170188
0.011368594305017
0.011368587708578
0.011368566259269
0.011368526960617
0.011368465719654
0.011368377091053
0.011368253981091
0.011368087304258
0.011367865584026
0.011367574487856
0.011367196285090
0.011366709214904
0.011366086750051
0.011365296740839
0.011364300422593
0.011363051268983
0.011361493673033
0.011359561437546
0.011357176057198
0.011354244775767
0.011350658404103
0.011346288887607
0.011340986616357
0.011334577476840
0.011326859651571
0.011317600181981
0.011306531320950
0.011293346714263
0.011277697465338
0.011259188154604
0.011237372903968
0.011211751597663
0.011181766393159
0.011146798679249
0.011106166662430
0.011059123786404
0.011004858212105
0.010942493605927
0.010871091500556
0.010789655504447
0.010697137641059
0.010592447095580
0.010474461633440
0.010342041929548
0.010194049008260
0.010029364940162
0.009846916871605
0.009645704375844
0.009424830010450
0.009183532844857
0.008921224585806
0.008637527779351
0.008332315409210
0.008005751046993
0.007658328545633
0.007290910109745
0.006904761433044
0.006501582471722
0.006083532332588
0.005653246704857
0.005213846263682
0.004768934530047
0.004322583792724
0.003879307888973
0.003444020904875
0.003021981193892
0.002618720520812
0.002239958610894
0.001891503910501
0.001579141931183
0.001308513135618
0.001084982908919
0.000913506717536
0.000798494062873
0.000743675259438
0.000751975379508
0.000825399881316
0.000964936452207
0.001170477433589
0.001440766838760
0.001773375423630
0.002164706528870
0.002610034494861
0.003103576382842
0.003638596551775
0.004207542384692
0.004802208182345
0.005413923003363
0.006033757089291
0.006652740530472
0.007262087062039
0.007853415378976
0.008418960165635
0.008951765175724
0.009445851185034
0.009896352465223
0.010299616568277
0.010653263625439
0.010956202991773
0.011208606834250
0.011411842082536
0.011568363946021
0.011681575855614
0.011755662125503
0.011795400769690
0.011805964686081
0.011792719792257
0.011761028638962
0.011716067541791
0.011662664385375
0.011605163018270
0.011547318642527
0.011492226898031
0.011442287547952
0.011399201892568
0.011364001377111
0.011337103409006
0.011318389240211
0.011307297960284
0.011302930220782
0.011304155280990
0.011309715312481
0.011318321584637
0.011328738113682
0.011339849516240
0.011350711077855
0.011360580336472
0.011368930703605
0.011375448724062
0.011380017446258
0.011382688995334
0.011383649787991
0.011383181900026
0.011381623914531
0.011379334177631
0.011376658820172
0.011373906227262
0.011371328915601
0.011369113071674
0.011367375365932
0.011366166132128
0.011365477616714
0.011365255775664
0.011365414025646
0.011365847430018
0.011366445993819
0.011367106023948
0.011367738845163
0.011368276512971
0.011368674497125
0.011368911596465
0.011368987566531
0.011368919084199
0.011368734735387
0.011368469697889
0.011368160713405
0.011367841817390
0.011367541141603
0.011367278941630
0.011367066848072
0.011366908210098
0.011366799303865
0.011366731121261
0.011366691437075
0.011366666871103
0.011366644708853
0.011366614310912
0.011366568016567
0.011366501521969
0.011366413778594
0.011366306507710
0.011366183457309
0.011366049538778
0.011365909972843
0.011365769551870
0.011365632093127
0.011365500120812
0.011365374778651
0.011365255944219
0.011365142494086
0.011365032656951
0.011364924390381
0.011364815724196
0.011364705027712
0.011364591175980
0.011364473608860
0.011364352293425
0.011364227612759
0.011364100211424
0.011363970829472
0.011363840153402
0.011363708705165
0.011363576780873
0.011363444441004
0.011363311545213
0.011363177818587
0.011363042932926
0.011362906586538
0.011362768568694
0.011362628799417
0.011362487340783
0.011362344381245
0.011362200198871
0.011362055112165
0.011361909428073
0.011361763395968
0.011361617174254
0.011361470813227
0.011361324254697
0.011361177346088
0.011361029864811
0.011360881547769
0.011360732120979
0.011360581325280
0.011360428935577
0.011360274772757
0.011360118708862
0.011359960667175
0.011359800619316
0.011359638581324
0.011359474610166
0.011359308801257
0.011359141286790
0.011358972233940
0.011358801841759
0.011358630335551
0.011358457957947
0.011358284956549
0.011358111568686
0.011357938004546
0.011357764430347
0.011357590953398
0.011357417610748
0.011357244362715
0.011357071091982
0.011356897608329
0.011356723658459
0.011356548939929
0.011356373117956
0.011356195843811
0.011356016773609
0.011355835586543
0.011355652001822
0.011355465793782
0.011355276804768
0.011355084955414
0.011354890251923
0.011354692789885
0.011354492754153
0.011354290414333
0.011354086115622
0.011353880264958
0.011353673312839
0.011353465731530
0.011353257990784
0.011353050532471
0.011352843745693
0.011352637943997
0.011352433346102
0.011352230061342
0.011352028080627
0.011351827273329
0.011351627390144
0.011351428071637
0.011351228861948
0.011351029226981
0.011350828576303
0.011350626287944
0.011350421735224
0.011350214314717
0.011350003474334
0.011349788740471
