0.019736721820322
0.019772498319252
0.019816956899246
0.019870180285736
0.019931993673119
0.020001986655698
0.020079544811363
0.020163889310967
0.020254122503849
0.020349277112573
0.020448366477316
0.020550433235145
0.020654593906630
0.020760077088590
0.020866253305815
0.020972655037430
0.021078985979718
0.021185119206169
0.021291084503454
0.021397045763996
0.021503269867433
0.021610088953218
0.021717858348168
0.021826912645567
0.021937522523685
0.022049854836636
0.022163938313506
0.022279636874744
0.022396632137869
0.022514416163467
0.022632294918109
0.022749402336618
0.022864724286385
0.022977131204110
0.023085417720183
0.023188347232547
0.023284699158669
0.023373316491918
0.023453151320246
0.023523306125386
0.023583068957303
0.023631940952151
0.023669655108033
0.023696185723320
0.023711748407196
0.023716791061523
0.023711976679027
0.023698159180706
0.023676353805728
0.023647703756431
0.023613444882556
0.023574870162663
0.023533295613469
0.023490029042483
0.023446342773497
0.023403451139748
0.023362493179593
0.023324520608624
0.023290490803690
0.023261264239156
0.023237605581136
0.023220187483905
0.023209596051282
0.023206336926097
0.023210841048596
0.023223469270838
0.023244515214935
0.023274206001683
0.023312700733607
0.023360086872925
0.023416374891340
0.023481491767562
0.023555274055863
0.023637461334508
0.023727690861014
0.023825494211084
0.023930296564096
0.024041419128980
0.024158084993042
0.024279428438579
0.024404507525809
0.024532319504111
0.024661818404673
0.024791934002363
0.024921591225874
0.025049729051974
0.025175317946362
0.025297375009576
0.025414976145914
0.025527264786106
0.025633456945996
0.025732842676266
0.025824784232684
0.025908711552362
0.025984115839720
0.026050542229055
0.026107582585036
0.026154869518841
0.026192072631933
0.026218897853346
0.026235090517204
0.026240442547705
0.026234803796476
0.026218097232905
0.026190337345023
0.026151650790527
0.026102298067612
0.026042694773706
0.025973430903439
0.025895286616395
0.025809242985536
0.025716486417179
0.025618405705037
0.025516581029866
0.025412764623000
0.025308853252884
0.025206853142024
0.025108838350359
0.025016904043172
0.024933116373464
0.024859460930153
0.024797791820247
0.024749783457085
0.024716887016766
0.024700293306896
0.024700903478155
0.024719308618349
0.024755778823437
0.024810261866704
0.024882391113417
0.024971501881499
0.025076655054490
0.025196666433630
0.025330140088555
0.025475503842691
0.025631045015168
0.025794944634767
0.025965308535442
0.026140194023887
0.026317631159066
0.026495638079689
0.026672230233757
0.026845423779494
0.027013233814558
0.027173668428009
0.027324719838052
0.027464354063359
0.027590500667459
0.027701044110362
0.027793818141370
0.027866604479274
0.027917136763587
0.027943110439673
0.027942198881689
0.027912075681863
0.027850442665394
0.027755062848902
0.027623797266680
0.027454644359726
0.027245780470171
0.026995599916032
0.026702753140644
0.026366181534910
0.025985147710423
0.025559260245092
0.025088492213519
0.024573193132927
0.024014094281017
0.023412307653936
0.022769319110692
0.022086976477557
0.021367473548584
0.020613331007108
0.019827375304007
0.019012716462995
0.018172725648067
0.017311013135162
0.016431407095019
0.015537933335879
0.014634795893942
0.013726358117075
0.012817123683007
0.011911716844229
0.011014861111133
0.010131355580969
0.009266048195590
0.008423805362599
0.007609477593508
0.006827861084888
0.006083655475862
0.005381418336485
0.004725517253613
0.004120080661081
0.003568948788183
0.003075626256681
0.002643237928219
0.002274489583143
0.001971634896241
0.001736449969114
0.001570216393080
0.001473713466512
0.001447219796263
0.001490524097758
0.001602944597119
0.001783356056099
0.002030223109859
0.002341638348704
0.002715363403428
0.003148871220289
0.003639387740010
0.004183931323795
0.004779348490113
0.005422344825415
0.006109510291914
0.006837338554282
0.007602240360878
0.008400551419143
0.009228535575410
0.010082384424723
0.010958214718105
0.011852065089167
0.012759893680249
0.013677578207540
0.014600919867343
0.015525652260330
0.016447456210438
0.017361980997602
0.018264872129580
0.019151805370437
0.020018526345340
0.020860894675960
0.021674931289018
0.022456867299999
0.023203192718699
0.023910703161670
0.024576542792419
0.025198241841045
0.025773747273446
0.026301445473440
0.026780176152442
0.027209237090240
0.027588379714842
0.027917795925956
0.028198096933153
0.028430285195428
0.028615720796441
0.028756083756260
0.028853333857828
0.028909669552412
0.028927487406361
0.028909343370389
0.028857916906247
0.028775978711877
0.028666362465531
0.028531940684204
0.028375604483953
0.028200246760068
0.028008748091072
0.027803964525885
0.027588716346632
0.027365776913406
0.027137860788992
0.026907610502691
0.026677581529526
0.026450225316970
0.026227870465870
0.026012702443979
0.025806742458551
0.025611826319284
0.025429584268469
0.025261422829576
0.025108509721993
0.024971762807056
0.024851843873538
0.024749157849219
0.024663857753739
0.024595855404685
0.024544837574502
0.024510286991580
0.024491507305731
0.024487650915059
0.024497748393443
0.024520738176724
0.024555495167371
0.024600857002493
0.024655646893732
0.024718692179803
0.024788838018685
0.024864955968656
0.024945947545121
0.025030743171898
0.025118297250213
0.025207580326555
0.025297569534949
0.025387238607490
0.025475548780853
0.025561441873110
0.025643836666922
0.025721629519676
0.025793699840843
0.025858920748280
0.025916174857914
0.025964374796913
0.026002487681237
0.026029562486123
0.026044758982311
0.026047376728444
0.026036882513654
0.026012934641595
0.025975402540485
0.025924380369679
0.025860193563078
0.025783397589255
0.025694768599239
0.025595286053548
0.025486107846412
0.025368538852464
0.025243994185258
0.025113958756014
0.024979944936244
0.024843450245742
0.024705916999274
0.024568695749273
0.024433014162023
0.024299952671909
0.024170427888482
0.024045184305439
0.023924794403889
0.023809666781088
0.023700061497580
0.023596111446211
0.023497848229157
0.023405230802552
0.023318175026015
0.023236582243128
0.023160365118884
0.023089469164488
0.023023888675399
0.022963676176484
0.022908944885380
0.022859864145693
0.022816648218366
0.022779539225767
0.022748785394502
0.022724616019128
0.022707214754222
0.022696692927311
0.022693064546716
0.022696224560056
0.022705931710503
0.022721797054044
0.022743278861272
0.022769684253992
0.022800177543896
0.022833794871482
0.022869464410126
0.022906031121858
0.022942284842791
0.022976990347124
0.023008917993771
0.023036873597812
0.023059726283933
0.023076433259736
0.023086060678676
0.023087800027938
0.023080979757090
0.023065072139792
0.023039695615578
0.023004613075981
0.022959726727024
0.022905070269701
0.022840799187777
0.022767179918463
0.022684578611140
0.022593450061179
0.022494327251831
0.022387811761524
0.022274565111971
0.022155300959910
0.022030777886551
0.021901792426380
0.021769171910316
0.021633766683404
0.021496441295815
0.021358064355726
0.021219496866912
0.021081579042522
0.020945115776159
0.020810861146728
0.020679502518169
0.020551644952880
0.020427796773430
0.020308357168602
0.020193606737930
0.020083701798899
0.019978673142906
0.019878429724950
0.019782767517584
0.019691383466163
0.019603894167562
0.019519858578573
