9.093589513156512538e+00
9.203413819933853546e+00
9.315287961523489813e+00
9.429264144187836649e+00
9.545396266548770825e+00
9.663739986387057002e+00
9.784352790556191337e+00
9.907294068177698421e+00
1.003262518729663810e+01
1.016040957518540111e+01
1.029071280249710441e+01
1.042360267148154307e+01
1.055914930849010958e+01
1.069742526101150304e+01
1.083850559949327419e+01
1.098246802422366031e+01
1.112939297756264878e+01
1.127936376183378187e+01
1.143246666320419713e+01
1.158879108190712692e+01
1.174842966918025411e+01
1.191147847132151050e+01
1.207803708128951214e+01
1.224820879830595288e+01
1.242210079594755001e+01
1.259982429925139513e+01
1.278149477139039902e+01
1.296723211051907221e+01
1.315716085742956309e+01
1.335141041470467727e+01
1.355011527810426841e+01
1.375341528097663257e+01
1.396145585253991506e+01
1.417438829094824371e+01
1.439237005211932896e+01
1.461556505537771145e+01
1.484414400704661219e+01
1.507828474320851697e+01
1.531817259294918898e+01
1.556400076350260875e+01
1.581597074882571263e+01
1.607429276325392209e+01
1.633918620202062755e+01
1.661088013056829382e+01
1.688961380473716645e+01
1.717563722408853977e+01
1.746921172080934070e+01
1.777061058684917683e+01
1.808011974216753259e+01
1.839803844721533466e+01
1.872468006304576704e+01
1.906037286274738918e+01
1.940546089821829767e+01
1.976030492666060212e+01
2.012528340156831774e+01
2.050079353342057686e+01
2.088725242576853702e+01
2.128509829293957267e+01
2.169479176616633609e+01
2.211681729559776244e+01
2.255168465636922193e+01
2.299993056770502875e+01
2.346212043491298260e+01
2.393885022511329908e+01
2.443074848864030812e+01
2.493847853927446323e+01
2.546274080782349714e+01
2.600427538509180891e+01
2.656386477197766993e+01
2.714233685634201265e+01
2.774056813842982905e+01
2.835948722902362107e+01
2.900007864720837603e+01
2.966338694766859874e+01
3.035052121086894061e+01
3.106265993334882225e+01
3.180105635975193223e+01
3.256704430319010157e+01
3.336204450619798934e+01
3.418757160097227654e+01
3.504524173492897177e+01
3.593678093599928047e+01
3.686403430168427064e+01
3.782897610690128687e+01
3.883372093831670924e+01
3.988053597744773526e+01
4.097185457166386868e+01
4.211029125172584742e+01
4.329865837713772692e+01
4.453998461693466027e+01
4.583753550427159951e+01
4.719483633915794485e+01
4.861569775591377152e+01
5.010424432165927300e+01
5.166494659090336938e+01
5.330265711097720782e+01
5.502265095597807942e+01
5.683067146598905595e+01
5.873298198727040642e+01
6.073642455251908245e+01
6.284848661406849857e+01
6.507737715462788231e+01
6.743211375966521359e+01
6.992262255564159545e+01
7.255985331590974852e+01
7.535591253363104158e+01
7.832421788853791611e+01
8.147967833206382693e+01
8.483890503755003465e+01
8.842045978198864020e+01
9.224514904105427604e+01
9.633637432034542769e+01
1.007205521838888700e+02
1.054276212964426946e+02
1.104916588454665742e+02
1.159516352863331008e+02
1.218523448447738815e+02
1.282455600218476945e+02
1.351914718563227780e+02
1.427604941568229719e+02
1.510355292858616281e+02
1.601148148014566175e+02
1.701154929155394200e+02
1.811780655477051027e+02
1.934719119911999883e+02
2.072020462798772655e+02
2.226172656965792669e+02
2.400197735088165985e+02
2.597762237216550147e+02
2.823298999021846498e+02
3.082133595503113384e+02
3.380602948643420973e+02
3.726145186161847960e+02
4.127328258047952545e+02
4.593769883017527036e+02
5.135883742677945065e+02
5.764368630502819997e+02
6.489343027946777056e+02
7.319024950190045047e+02
8.257876746338833982e+02
9.304189841798090583e+02
1.044718721094822740e+03
1.166387736229683014e+03
1.291609493329694715e+03
1.414838091176803118e+03
1.528753637624799694e+03
1.624475209492912427e+03
1.692108920687685895e+03
1.721669813416426678e+03
1.704349902628837299e+03
1.634017353546852974e+03
1.508739559082938285e+03
1.332049834330169233e+03
1.113650356175813840e+03
8.692843563681175283e+02
6.196258483827507462e+02
3.882123257502419165e+02
1.986507147361246552e+02
7.151048502832739473e+01
2.142941856424747371e+01
5.496000763393506361e+01
1.695674686644145481e+02
3.539759101826645633e+02
5.897969779608132512e+02
8.541289164314796380e+02
1.122642419688790824e+03
1.372610327665970317e+03
1.585397331183232836e+03
1.748078755996721156e+03
1.854058496823822679e+03
1.902753470561414815e+03
1.898562495263821347e+03
1.849416988465681698e+03
1.765216694411868730e+03
1.656401050406196191e+03
1.532820971035608181e+03
1.402983091359157243e+03
1.273659507363119928e+03
1.149802326895058968e+03
1.034676337102019261e+03
9.301205036520850626e+02
8.368620997357426177e+02
7.548278453088983042e+02
6.834179248017893542e+02
6.217269792326701463e+02
5.687093229595844832e+02
5.232936509602291153e+02
4.844563110154051628e+02
4.512631003773360590e+02
4.228887189462772085e+02
3.986214017057798173e+02
3.778584701988922347e+02
3.600969190158468791e+02
3.449218272275009554e+02
3.319943786662985872e+02
3.210405535600085045e+02
3.118410615891360749e+02
3.042227669290336394e+02
2.980516613395782315e+02
2.932273342061856738e+02
2.896788403706193549e+02
2.873618569982030522e+02
2.862570347160117308e+02
2.863694749678937796e+02
2.877292967014249712e+02
2.903932841945471637e+02
2.944476272924448494e+02
3.000117678765204801e+02
3.072433422805867167e+02
3.163441455770079642e+02
3.275669225793951682e+02
3.412225886932233152e+02
3.576871717424079407e+02
3.774073089892910389e+02
4.009024975070639130e+02
4.287614595745546353e+02
4.616289630555182839e+02
5.001783186339439453e+02
5.450637729344625768e+02
5.968465145060074519e+02
6.558885979949053535e+02
7.222115364727158067e+02
7.953214242170440684e+02
8.740108191862568674e+02
9.561591900148413288e+02
1.038567361523773798e+03
1.116874428973658269e+03
1.185613868509786471e+03
1.238463863817712763e+03
1.268730287621660636e+03
1.270066598861571947e+03
1.237384700170279984e+03
1.167851881189666301e+03
1.061814460204191846e+03
9.234553440729881686e+02
7.609964407143233984e+02
5.863073616200138076e+02
4.138774775343661076e+02
2.592337169357447806e+02
1.370141885738046881e+02
5.900488224754798949e+01
3.248433789756789736e+01
5.918362889795194803e+01
1.350601890633951143e+02
2.509276685105919569e+02
3.938175604906434728e+02
5.488121626225582759e+02
7.010140680725703533e+02
8.373187970028349127e+02
9.477278394643656156e+02
1.026055763038401892e+03
1.070014921405631640e+03
1.080773655552427499e+03
1.062157010581072882e+03
1.019684641706205412e+03
9.596234546201794728e+02
8.881862549823910058e+02
8.109492606939852521e+02
7.325059927813263130e+02
6.563330145414774961e+02
5.848184231708642073e+02
5.193959705559680060e+02
4.607320508350851469e+02
4.089242691178026234e+02
3.636841191582084321e+02
3.244890484032665654e+02
2.906990592287144182e+02
2.616394898063936694e+02
2.366551013751453922e+02
2.151418364094128606e+02
1.965624293248619949e+02
1.804511375167482186e+02
1.664116992030184292e+02
1.541115023994410080e+02
1.432740026100070736e+02
1.336706947002670631e+02
1.251134136901321909e+02
1.174473746609003229e+02
1.105451241563604583e+02
1.043014290675783400e+02
9.862904572706381146e+01
9.345527053222524216e+01
8.871915854917838828e+01
8.436929753045870939e+01
8.036203438662212761e+01
7.666006466750712889e+01
7.323131010666146778e+01
7.004802307519493354e+01
6.708606902516680748e+01
6.432434835739212531e+01
6.174432762368033423e+01
5.932965674020613278e+01
5.706585419298157547e+01
5.494004631970017272e+01
5.294074989847651125e+01
5.105768967426435267e+01
4.928164428172288325e+01
4.760431541705364111e+01
4.601821617775431150e+01
4.451657530962229714e+01
4.309325473571908560e+01
4.174267823784222031e+01
4.045976955109014739e+01
3.923989844138928618e+01
3.807883358301834420e+01
3.697270125215513303e+01
3.591794901378633398e+01
3.491131371092988900e+01
3.394979317313169531e+01
3.303062115032076917e+01
3.215124505201347205e+01
3.130930613343413071e+01
3.050262182163158542e+01
2.972916991795606023e+01
2.898707444974858305e+01
2.827459297497980728e+01
2.759010516979325445e+01
2.693210255124138541e+01
2.629917920658196095e+01
2.569002341685051505e+01
2.510341007646783851e+01
2.453819382274088667e+01
2.399330279956340206e+01
2.346773298866670387e+01
2.296054304961962700e+01
2.247084961660227975e+01
2.199782300592537254e+01
2.154068329346355881e+01
2.109869672571645793e+01
2.067117243219768596e+01
2.025745941035437880e+01
1.985694375730127348e+01
1.946904612537076673e+01
1.909321938088021042e+01
1.872894644764021166e+01
1.837573831860857254e+01
1.803313222076436162e+01
1.770068991975905348e+01
1.737799615222315452e+01
1.706465717478348054e+01
1.676029941989678917e+01
1.646456824954498543e+01
1.617712679867783976e+01
1.589765490104195145e+01
1.562584809071173808e+01
1.536141667324449145e+01
1.510408486092936542e+01
1.485358996709032375e+01
1.460968165484893255e+01
1.437212123615216264e+01
1.414068101723140813e+01
1.391514368698881121e+01
1.369530174510087761e+01
1.348095696689984457e+01
1.327191990233584207e+01
1.306800940654576415e+01
1.286905219975471582e+01
1.267488245442018879e+01
1.248534140769564260e+01
1.230027699744205272e+01
1.211954352015576930e+01
1.194300130930648507e+01
1.177051643269649084e+01
1.160196040755731595e+01
1.143720993219742965e+01
1.127614663310381360e+01
1.111865682648130615e+01
1.096463129328892627e+01
1.081396506690103188e+01
1.066655723258422839e+01
1.052231073803927686e+01
1.038113221431069633e+01
1.024293180641635814e+01
1.010762301309324585e+01
9.975122535101053955e+00
9.845350131559138518e+00
9.718228483832291431e+00
9.593683066511424329e+00
9.471642025066380199e+00
9.352036059777303123e+00
9.234798315574984429e+00
9.119864277447522483e+00
9.007171671090809184e+00
8.896660368502864458e+00
8.788272298240155322e+00
8.681951360073112411e+00
8.577643343793610597e+00
8.475295851944055769e+00
8.374858226250580628e+00
8.276281477558036670e+00
8.179518219075239571e+00
8.084522602752290510e+00
7.991250258621005464e+00
7.899658236941190737e+00
7.809704953003771877e+00
7.721350134451195224e+00
7.634554770983895899e+00
7.549281066328601852e+00
7.465492392352606643e+00
7.383153245213684102e+00
