0.542378550738594
0.540129068043262
0.537911988926254
0.535774316499145
0.533764535368548
0.531931722964881
0.530324586713353
0.528990442272829
0.527974152503563
0.527317050932179
0.527055876957087
0.527221752604541
0.527839232075769
0.528925455455621
0.530489436695514
0.532531513335132
0.535042981467917
0.538005934344983
0.541393316977762
0.545169202422694
0.549289288426641
0.553701606109558
0.558347425683232
0.563162338149107
0.568077486734854
0.573020917713999
0.577919017331766
0.582697999889092
0.587285411600470
0.591611615559290
0.595611224881768
0.599224453679343
0.602398358726828
0.605087948334741
0.607257138791934
0.608879542631199
0.609939076731364
0.610430381790102
0.610359047914378
0.609741643958242
0.608605550810043
0.606988601150592
0.604938530350937
0.602512245249403
0.599774919638998
0.596798927492898
0.593662627319617
0.590449013600712
0.587244254012656
0.584136134021870
0.581212433375501
0.578559261863990
0.576259384348945
0.574390567257308
0.573023980361652
0.572222688525370
0.572040268041174
0.572519581116424
0.573691739889396
0.575575288078579
0.578175624013355
0.581484683466039
0.585480894557332
0.590129410240768
0.595382616729463
0.601180908976967
0.607453717244076
0.614120762150702
0.621093509685772
0.628276792653458
0.635570561153098
0.642871722050321
0.650076026065846
0.657079961091893
0.663782611588367
0.670087446300500
0.675903999916801
0.681149418454129
0.685749842894001
0.689641610668361
0.692772259774319
0.695101325371884
0.696600923499728
0.697256120881236
0.697065093579082
0.696039080430042
0.694202139737199
0.691590719642866
0.688253054017482
0.684248396672374
0.679646107352931
0.674524603415880
0.668970191462679
0.663075793599266
0.656939583509154
0.650663548221347
0.644351992353613
0.638110002705997
0.632041892324273
0.626249644472584
0.620831378245363
0.615879858689424
0.611481075164656
0.607712912115373
0.604643936330507
0.602332324036438
0.600824949717166
0.600156656351216
0.600349723792511
0.601413548344847
0.603344542267609
0.606126257126433
0.609729729720049
0.614114043955403
0.619227096704584
0.625006550564391
0.631380951755273
0.638270987326618
0.645590852545278
0.653249696963952
0.661153116287576
0.669204656826679
0.677307300047951
0.685364896459674
0.693283520713717
0.700972723240906
0.708346657803595
0.715325068866787
0.721834127463433
0.727807109060148
0.733184911627406
0.737916416504725
0.741958698576182
0.745277095611397
0.747845149296835
0.749644432431146
0.750664277975909
0.750901426164601
0.750359605734756
0.749049064645867
0.746986064484762
0.744192351257883
0.740694613552256
0.736523937234613
0.731715264065422
0.726306859929513
0.720339796906609
0.713857452179109
0.706905025832261
0.699529078951918
0.691777093049168
0.683697051707360
0.675337045401227
0.666744900620281
0.657967834671456
0.649052137771185
0.640042884204305
0.630983674371782
0.621916409434226
0.612881099958948
0.603915709490430
0.595056033298942
0.586335611749034
0.577785676810848
0.569435129269242
0.561310543227418
0.553436193622448
0.545834101729382
0.538524093090722
0.531523862014108
0.524849036771091
0.518513239921158
0.512528138781781
0.506903481949542
0.501647118917265
0.496765001177128
0.492261164687469
0.488137695137671
0.484394678991843
0.481030144745456
0.478040000110695
0.475417971882134
0.473155555962352
0.471241985398336
0.469664224261903
0.468406994787700
0.467452844366357
0.466782257803615
0.466373818742632
0.466204422366428
0.466249539524261
0.466483530344474
0.466880003296870
0.467412213643287
0.468053493355859
0.468777702972801
0.469559694574920
0.470375774162706
0.471204151236941
0.472025363360066
0.472822663906413
0.473582362081587
0.474294105570529
0.474951097808718
0.475550243793262
0.476092220481980
0.476581470080042
0.477026116793555
0.477437809844789
0.477831497606356
0.478225139541407
0.478639364165976
0.479097082424560
0.479623066655782
0.480243505704448
0.480985546712626
0.481876833716901
0.482945052431603
0.484217489562083
0.485720613735948
0.487479683737057
0.489518388257816
0.491858519927167
0.494519685001119
0.497519048884431
0.500871116641128
0.504587546887394
0.508676996965538
0.513144997077806
0.517993851101117
0.523222562080083
0.528826780862322
0.534798776943235
0.541127431264074
0.547798251391857
0.554793410136039
0.562091809164736
0.569669169518871
0.577498151047307
0.585548502671866
0.593787245031022
0.602178886450776
0.610685672377605
0.619267867420377
0.627884068041290
0.636491542772754
0.645046595690144
0.653504947811200
0.661822130192494
0.669953881815889
0.677856544956061
0.685487450632382
0.692805286996441
0.699770444091772
0.706345329327544
0.712494649195653
0.718185654175257
0.723388345339219
0.728075642821395
0.732223517930870
0.735811092217425
0.738820708111845
0.741237976803083
0.743051809703765
0.744254440145054
0.744841441801072
0.744811749766241
0.744167689213874
0.742915015194073
0.741062965449511
0.738624326224365
0.735615509015887
0.732056634182691
0.727971615393787
0.723388237193965
0.718338216579225
0.712857238513129
0.706984954842311
0.700764936134217
0.694244566582205
0.687474873291052
0.680510282932677
0.673408300877595
0.666229110373141
0.659035092042691
0.651890266796366
0.644859668042144
0.638008651735655
0.631402155184517
0.625103917520969
0.619175676287330
0.613676355581651
0.608661261653512
0.604181301720522
0.600282241124566
0.597004012819003
0.594380091656584
0.592436944131642
0.591193562231296
0.590661087986225
0.590842533293550
0.591732597716304
0.593317585329437
0.595575420343323
0.598475760225226
0.601980204362755
0.606042595944328
0.610609414618053
0.615620257554838
0.621008406690010
0.626701480044697
0.632622165026698
0.638689031379672
0.644817420902235
0.650920410132960
0.656909840857057
0.662697411537111
0.668195820637140
0.673319950370059
0.677988076757904
0.682123089186739
0.685653700020422
0.688515622478264
0.690652693052967
0.692017913410010
0.692574386113704
0.692296118781554
0.691168672457763
0.689189632149129
0.686368880569622
0.682728660126133
0.678303412936124
0.673139394040292
0.667294058767068
0.660835231202114
0.653840066678819
0.646393826898704
0.638588491484361
0.630521234257011
0.622292796141494
0.614005789203346
0.605762967830661
0.597665503457925
0.589811298509726
0.582293373491201
0.575198358483371
0.568605116868097
0.562583525085899
0.557193427814350
0.552483783340611
0.548492009277588
0.545243534306796
0.542751557465083
0.541017012731590
0.540028733385218
0.539763807819915
0.540188116215557
0.541257035625253
0.542916299586367
0.545102997206874
0.547746695727046
0.550770669716925
0.554093219262785
0.557629058660476
0.561290756237339
0.564990204964375
0.568640102526488
0.572155418551902
0.575454825849029
0.578462071868370
0.581107266315914
0.583328061013808
0.585070698841960
0.586290909991634
0.586954635876828
0.587038563903510
0.586530459868700
0.585429288983227
0.583745121272034
0.581498822251526
0.578721535128570
0.575453966101276
0.571745489447522
0.567653093744063
0.563240194565021
0.558575342187940
0.553730855054966
0.548781410909029
0.543802627619437
0.538869664753350
0.534055875019111
0.529431531935580
0.525062656638794
0.521009962824469
0.517327934658408
0.514064048283790
0.511258143518239
0.508941948641074
0.507138757959181
0.505863259200269
0.505121505751687
