0.442594098222608
0.443504371764037
0.444373212472866
0.445196869050333
0.445971578697783
0.446693603465222
0.447359278784815
0.447965075275737
0.448507674267780
0.448984056723081
0.449391604368460
0.449728210926694
0.449992400404699
0.450183448518234
0.450301502568048
0.450347694492484
0.450324241461163
0.450234528289693
0.450083166176502
0.449876022803978
0.449620219699609
0.449324093891852
0.448997122271283
0.448649808614890
0.448293534869087
0.447940379925573
0.447602910669844
0.447293951444102
0.447026339162120
0.446812672076730
0.446665060582362
0.446594888411305
0.446612592153256
0.446727466217796
0.446947499217728
0.447279246344964
0.447727740723725
0.448296445049623
0.448987243153154
0.449800469553318
0.450734973672640
0.451788214236011
0.452956378519563
0.454234520579515
0.455616712379164
0.457096201829041
0.458665572126491
0.460316897377290
0.462041890244452
0.463832038233964
0.465678726129772
0.467573342971892
0.469507372781873
0.471472468940642
0.473460512690453
0.475463656654430
0.477474354547472
0.479485378404651
0.481489824701784
0.483481110715685
0.485452962400312
0.487399394969191
0.489314687300005
0.491193351233471
0.493030096837564
0.494819794752375
0.496557436816591
0.498238096291090
0.499856889122421
0.501408937808106
0.502889339516787
0.504293140159174
0.505615316084882
0.506850764984619
0.507994307401053
0.509040699996622
0.509984661398782
0.510820911055121
0.511544221098106
0.512149480760579
0.512631772418309
0.512986457883770
0.513209273154496
0.513296429444851
0.513244718015170
0.513051616066039
0.512715390796248
0.512235198633731
0.511611176643535
0.510844523195726
0.509937565139491
0.508893808976649
0.507717973855574
0.506416004612964
0.504995063569076
0.503463500325413
0.501830799410645
0.500107506255682
0.498305132634113
0.496436043355859
0.494513326624275
0.492550651031053
0.490562112639587
0.488562075967505
0.486565012897761
0.484585343605080
0.482637283468671
0.480734699650216
0.478890980556370
0.477118920795962
0.475430623514092
0.473837421176828
0.472349815038153
0.470977432695327
0.469729002381268
0.468612342001489
0.467634360439366
0.466801068358459
0.466117595641937
0.465588212730020
0.465216353433036
0.465004637283272
0.464954890100345
0.465068162131533
0.465344743830570
0.465784179996672
0.466385283551284
0.467146150634827
0.468064178921106
0.469136091052156
0.470357964886103
0.471725271840524
0.473232924034806
0.474875330235986
0.476646459851278
0.478539913454503
0.480548997649713
0.482666801527068
0.484886271607757
0.487200282044633
0.489601696965191
0.492083422213684
0.494638444349011
0.497259855544957
0.499940863961956
0.502674790145583
0.505455050980241
0.508275133609731
0.511128562457873
0.514008862982845
0.516909526034061
0.519823976628903
0.522745550627329
0.525667482179047
0.528582903994891
0.531484861513587
0.534366340973376
0.537220310337232
0.540039771044268
0.542817817744980
0.545547702588431
0.548222900311477
0.550837170358135
0.553384612531424
0.555859713227272
0.558257380074070
0.560572963738931
0.562802266684123
0.564941539681341
0.566987467832515
0.568937148626860
0.570788065120635
0.572538057613793
0.574185297192687
0.575728264212182
0.577165734228786
0.578496773116456
0.579720742163662
0.580837312942411
0.581846490741673
0.582748644451863
0.583544540050706
0.584235374334488
0.584822805306711
0.585308975697851
0.585696526442182
0.585988597552933
0.586188814666172
0.586301260500414
0.586330431525685
0.586281181167134
0.586158651804411
0.585968198593159
0.585715308669998
0.585405519567133
0.585044340637376
0.584637180982088
0.584189286809538
0.583705690379716
0.583191171778447
0.582650233784610
0.582087089130211
0.581505658582555
0.580909577570088
0.580302208584717
0.579686656359382
0.579065782855758
0.578442219394795
0.577818373792724
0.577196431077351
0.576578347190180
0.575965835954742
0.575360350433391
0.574763060529560
0.574174829255323
0.573596190425321
0.573027330626159
0.572468078136396
0.571917901048488
0.571375916204274
0.570840909753073
0.570311369241113
0.569785526218817
0.569261407485103
0.568736892348406
0.568209772736094
0.567677812674574
0.567138803621011
0.566590612360461
0.566031218674938
0.565458740707084
0.564871446825878
0.564267753788640
0.563646212004326
0.563005479660898
0.562344288308708
0.561661403128938
0.560955581510701
0.560225533683128
0.559469888989509
0.558687170962817
0.557875783698695
0.557034011175251
0.556160030204071
0.555251936687525
0.554307783881103
0.553325630488874
0.552303595720242
0.551239917957001
0.550133013454178
0.548981531538525
0.547784403066539
0.546540879431769
0.545250560122481
0.543913407667680
0.542529749703432
0.541100268772697
0.539625981271952
0.538108207617177
0.536548536173312
0.534948783743543
0.533310955436147
0.531637206523146
0.529929808501954
0.528191121009170
0.526423570567839
0.524629636435989
0.522811843128686
0.520972758567460
0.519114996322960
0.517241220097863
0.515354148473281
0.513456558019291
0.511551283138944
0.509641211447238
0.507729274041393
0.505818430642647
0.503911650225770
0.502011888339902
0.500122062808163
0.498245029826815
0.496383562633862
0.494540334863354
0.492717910445107
0.490918741467001
0.489145174821563
0.487399467758000
0.485683811711821
0.484000363049127
0.482351278704440
0.480738754166241
0.479165060921317
0.477632580340697
0.476143831092984
0.474701487503289
0.473308386817309
0.471967524042336
0.470682033868141
0.469455160058317
0.468290213578751
0.467190521526343
0.466159369575901
0.465199941123172
0.464315256530960
0.463508115862888
0.462781048215832
0.462136270257615
0.461575655878603
0.461100718028814
0.460712602900585
0.460412095702107
0.460199636421319
0.460075343269532
0.460039040976092
0.460090290821301
0.460228419267517
0.460452542280667
0.460761582908962
0.461154280364434
0.461629189682743
0.462184671951042
0.462818876018958
0.463529713469385
0.464314829352993
0.465171571723144
0.466096963301174
0.467087678628549
0.468140029817548
0.469249963510844
0.470413070939438
0.471624612081496
0.472879553939286
0.474172621942787
0.475498362535094
0.476851214169833
0.478225583319158
0.479615921701743
0.481016800824150
0.482422980095493
0.483829465211643
0.485231554177547
0.486624869192310
0.488005373594957
0.489369374083501
0.490713509397588
0.492034727520159
0.493330254139788
0.494597555571881
0.495834299529803
0.497038317055883
0.498207568576933
0.499340116472444
0.500434105786057
0.501487753838712
0.502499348589130
0.503467254712781
0.504389925608432
0.505265918957765
0.506093913108785
0.506872721459645
0.507601302195819
0.508278761167753
0.508904346353207
0.509477433175126
0.509997500872973
0.510464101075311
0.510876820612474
0.511235241362957
0.511538900477764
0.511787254620571
0.511979651866429
0.512115314607002
0.512193336230894
0.512212693519802
0.512172275682421
0.512070929811219
0.511907521376185
0.511681007251197
0.511390517787804
0.511035443682791
0.510615522888868
0.510130922632940
0.509582311748726
0.508970918993007
0.508298573764684
0.507567726630633
0.506781448210690
0.505943406204158
0.505057821564358
0.504129405958902
0.503163283614233
0.502164901367829
0.501139931195918
0.500094169623677
0.499033438259651
0.497963489248957
0.496889918755674
0.495818090725076
0.494753072215153
0.493699580604432
0.492661942059700
