0.001467613544330
0.001466892454194
0.001466319551339
0.001465931214512
0.001465752793051
0.001465796969243
0.001466062881667
0.001466536069140
0.001467189245264
0.001467983862995
0.001468872380130
0.001469801093174
0.001470713371264
0.001471553096127
0.001472268099858
0.001472813390747
0.001473153968585
0.001473267054219
0.001473143592412
0.001472788930115
0.001472222621700
0.001471477365469
0.001470597128700
0.001469634568390
0.001468647898683
0.001467697390922
0.001466841716282
0.001466134352317
0.001465620272802
0.001465333124977
0.001465293070401
0.001465505426854
0.001465960201236
0.001466632550007
0.001467484147688
0.001468465388535
0.001469518295213
0.001470579964151
0.001471586343128
0.001472476114572
0.001473194449540
0.001473696403045
0.001473949741038
0.001473937021921
0.001473656799060
0.001473123862874
0.001472368498599
0.001471434795355
0.001470378100014
0.001469261762199
0.001468153361114
0.001467120638199
0.001466227379622
0.001465529498032
0.001465071553374
0.001464883928287
0.001464980836101
0.001465359290693
0.001465999110525
0.001466863967182
0.001467903425591
0.001469055862450
0.001470252095044
0.001471419507851
0.001472486432017
0.001473386514875
0.001474062814529
0.001474471368398
0.001474584013732
0.001474390281029
0.001473898235458
0.001473134203639
0.001472141389911
0.001470977453369
0.001469711180622
0.001468418445344
0.001467177690938
0.001466065204129
0.001465150462923
0.001464491841131
0.001464132933331
0.001464099729734
0.001464398821757
0.001465016759024
0.001465920610436
0.001467059709944
0.001468368495984
0.001469770286479
0.001471181773047
0.001472517972065
0.001473697339553
0.001474646743388
0.001475305991195
0.001475631635292
0.001475599816159
0.001475207960764
0.001474475218728
0.001473441593751
0.001472165805680
0.001470721995396
0.001469195455723
0.001467677632501
0.001466260686984
0.001465031940963
0.001464068537255
0.001463432639716
0.001463167468897
0.001463294423255
0.001463811474093
0.001464692948556
0.001465890733285
0.001467336846599
0.001468947244279
0.001470626648164
0.001472274122500
0.001473789074202
0.001475077323161
0.001476056879336
0.001476663075630
0.001476852738857
0.001476607133934
0.001475933485768
0.001474864965355
0.001473459116635
0.001471794793357
0.001469967765223
0.001468085234445
0.001466259572576
0.001464601638821
0.001463214071659
0.001462184953429
0.001461582231648
0.001461449241932
0.001461801617343
0.001462625791064
0.001463879207799
0.001465492259461
0.001467371858269
0.001469406461334
0.001471472271136
0.001473440261360
0.001475183622020
0.001476585185366
0.001477544386819
0.001477983334226
0.001477851603135
0.001477129443566
0.001475829171223
0.001473994618491
0.001471698632112
0.001469038718815
0.001466131050697
0.001463103142273
0.001460085594882
0.001457203366239
0.001454567059529
0.001452264734794
0.001450354724612
0.001448859886858
0.001447763652020
0.001447008125090
0.001446494387694
0.001446085021311
0.001445608744124
0.001444866929812
0.001443641663665
0.001441704896603
0.001438828186998
0.001434792478109
0.001429397348664
0.001422469196810
0.001413867872836
0.001403491361182
0.001391278223115
0.001377207642184
0.001361297058137
0.001343597523293
0.001324187060070
0.001303162430845
0.001280629843735
0.001256695203032
0.001231454565246
0.001204985477024
0.001177339847407
0.001148538944213
0.001118571004779
0.001087391819323
0.001054928486853
0.001021086366746
0.000985759062770
0.000948841090249
0.000910242701293
0.000869906187262
0.000827822850888
0.000784049750377
0.000738725270411
0.000692082574017
0.000644460036576
0.000596307857840
0.000548190186591
0.000500782269960
0.000454862347864
0.000411298243242
0.000371028840312
0.000335040884579
0.000304341768421
0.000279929173648
0.000262758617278
0.000253710080183
0.000253554983327
0.000262924808377
0.000282282636206
0.000311898798625
0.000351831708339
0.000401914754863
0.000461749937458
0.000530708659081
0.000607939838586
0.000692385223262
0.000782801511995
0.000877788642357
0.000975823363487
0.001075297020121
0.001174556319512
0.001271945747839
0.001365850249892
0.001454736786352
0.001537193436010
0.001611964812351
0.001677982709870
0.001734391078242
0.001780564633710
0.001816120647611
0.001840923692025
0.001855083362533
0.001858945228664
0.001853075475385
0.001838239886717
0.001815377979326
0.001785573215572
0.001750020309453
0.001709990684296
0.001666797148746
0.001621758829828
0.001576167342128
0.001531255084960
0.001488166449915
0.001447932595110
0.001411450305324
0.001379465314720
0.001352560325891
0.001331147820305
0.001315467624337
0.001305589075211
0.001301417524201
0.001302704821899
0.001309063352709
0.001319983123061
0.001334851359722
0.001352974040183
0.001373598755613
0.001395938297253
0.001419194358665
0.001442580758087
0.001465345607074
0.001486791883077
0.001506295904817
0.001523323260095
0.001537441796160
0.001548331352820
0.001555789997831
0.001559736612052
0.001560209767332
0.001557362941356
0.001551456218704
0.001542844733196
0.001531964210154
0.001519314064722
0.001505438600082
0.001490906923165
0.001476292251697
0.001462151321435
0.001449004613630
0.001437318107941
0.001427487224204
0.001419823547823
0.001414544839383
0.001411768712010
0.001411510223950
0.001413683483640
0.001418107206190
0.001424514000210
0.001432563009288
0.001441855390168
0.001451951986607
0.001462392460038
0.001472715070711
0.001482476269830
0.001491269266670
0.001498740775386
0.001504605223235
0.001508655812195
0.001510771965061
0.001510922848864
0.001509166845704
0.001505647025525
0.001500582858407
0.001494258576766
0.001487008752098
0.001479201778946
0.001471222054250
0.001463451698270
0.001456252680808
0.001449950192475
0.001444818036160
0.001441066711854
0.001438834733305
0.001438183554463
0.001439096305052
0.001441480346911
0.001445173475346
0.001449953411900
0.001455550075813
0.001461659988732
0.001467962067838
0.001474134001157
0.001479868378620
0.001484887774057
0.001488958035673
0.001491899142044
0.001493593112111
0.001493988614011
0.001493102090668
0.001491015400796
0.001487870152899
0.001483859077783
0.001479214933295
0.001474197555907
0.001469079761397
0.001464132846777
0.001459612455673
0.001455745539299
0.001452719077077
0.001450671118672
0.001449684578667
0.001449784063344
0.001450935844489
0.001453050926613
0.001455990990504
0.001459576846361
0.001463598901595
0.001467829048521
0.001472033310452
0.001475984554509
0.001479474586763
0.001482324989511
0.001484396138486
0.001485593945116
0.001485873999368
0.001485242934785
0.001483756991063
0.001481517902257
0.001478666382331
0.001475373606419
0.001471831189189
0.001468240235791
0.001464800082325
0.001461697349757
0.001459095907786
0.001457128285406
0.001455888976365
0.001455429975868
0.001455758756095
0.001456838749713
0.001458592270549
0.001460905666456
0.001463636378823
0.001466621482358
0.001469687203327
0.001472658867983
0.001475370717780
0.001477675044556
0.001479450145670
0.001480606673282
0.001481092048793
0.001480892727361
0.001480034221642
0.001478578921370
0.001476621868936
0.001474284763750
0.001471708563778
0.001469045126072
0.001466448375419
0.001464065509302
0.001462028737329
0.001460448015217
0.001459405169861
0.001458949726876
0.001459096650435
0.001459826093263
0.001461085138701
