0.009430603994823
0.009442788202596
0.009458781436589
0.009478043030097
0.009499917404352
0.009523656653461
0.009548446177329
0.009573432484076
0.009597752227124
0.009620561515961
0.009641064542915
0.009658540599757
0.009672368615716
0.009682048430233
0.009687218116922
0.009687666796929
0.009683342517120
0.009674354918156
0.009660972576002
0.009643615064216
0.009622839949349
0.009599325093917
0.009573846795982
0.009547254436785
0.009520442433228
0.009494320395606
0.009469782468241
0.009447676877702
0.009428776726791
0.009413753050269
0.009403151089445
0.009397370647714
0.009396651259977
0.009401062749257
0.009410501558938
0.009424693045433
0.009443199701558
0.009465435063844
0.009490682846539
0.009518120649846
0.009546847418602
0.009575913687309
0.009604353544494
0.009631217187983
0.009655602925370
0.009676687501137
0.009693753701881
0.009706214300254
0.009713631541317
0.009715731545223
0.009712413189806
0.009703751237429
0.009689993673954
0.009671553425781
0.009648994806253
0.009623015208866
0.009594422706679
0.009564110331359
0.009533027889136
0.009502152223926
0.009472456860313
0.009444881952535
0.009420305432628
0.009399516194156
0.009383190071078
0.009371869277529
0.009365945867076
0.009365649652464
0.009371040901994
0.009382007998964
0.009398270118608
0.009419384844800
0.009444760518679
0.009473672985463
0.009505286286409
0.009538676732598
0.009572859698697
0.009606818390866
0.009639533776472
0.009670014817011
0.009697328122222
0.009720626144896
0.009739173063772
0.009752367556855
0.009759761748945
0.009761075723835
0.009756207120664
0.009745235481704
0.009728421180534
0.009706198929630
0.009679166038628
0.009648065762537
0.009613766236618
0.009577235635367
0.009539514311923
0.009501684766709
0.009464840357114
0.009430053691680
0.009398345651943
0.009370655953883
0.009347816100671
0.009330525492644
0.009319331352875
0.009314613002390
0.009316570882681
0.009325220580053
0.009340391961148
0.009361733386394
0.009388720831958
0.009420671624398
0.009456762378184
0.009496050626636
0.009537499552777
0.009580005159161
0.009622425165163
0.009663608886683
0.009702427336726
0.009737802785507
0.009768737035530
0.009794337699993
0.009813841821510
0.009826636231976
0.009832274132476
0.009830487463530
0.009821194738924
0.009804504129152
0.009780711700483
0.009750294840035
0.009713901022605
0.009672332197762
0.009626525191995
0.009577528626725
0.009526476945085
0.009474562215387
0.009423004434386
0.009373021087054
0.009325796730505
0.009282453357963
0.009244022265096
0.009211418087504
0.009185415607160
0.009166629840502
0.009155499825154
0.009152276419892
0.009157014327172
0.009169568442986
0.009189594537962
0.009216554179309
0.009249723717041
0.009288207081377
0.009330952071763
0.009376769761622
0.009424356596393
0.009472318724861
0.009519198074542
0.009563499660130
0.009603719599263
0.009638373301791
0.009666023297462
0.009685306172862
0.009694958102181
0.009693838478888
0.009680951187422
0.009655463096397
0.009616719407887
0.009564255561204
0.009497805463408
0.009417305901445
0.009322897080251
0.009214919324740
0.009093906078169
0.008960573421451
0.008815806423764
0.008660642710773
0.008496253699573
0.008323923996407
0.008145029482361
0.007961014622544
0.007773369525840
0.007583607256085
0.007393241853671
0.007203767471827
0.007016638967797
0.006833254219618
0.006654938368247
0.006482930116137
0.006318370150355
0.006162291703683
0.006015613222476
0.005879133076448
0.005753526222571
0.005639342722181
0.005537008005157
0.005446824775390
0.005368976455134
0.005303532069316
0.005250452472257
0.005209597816366
0.005180736153993
0.005163553049271
0.005157662056767
0.005162615899348
0.005177918150750
0.005203035201394
0.005237408261871
0.005280465140004
0.005331631517225
0.005390341450229
0.005456046836064
0.005528225603529
0.005606388430599
0.005690083835373
0.005778901544402
0.005872474104421
0.005970476767885
0.006072625745731
0.006178674978663
0.006288411627736
0.006401650523318
0.006518227836624
0.006637994249048
0.006760807891360
0.006886527308612
0.007015004679147
0.007146079480173
0.007279572751036
0.007415282062096
0.007552977255268
0.007692396984891
0.007833246057091
0.007975193543943
0.008117871636235
0.008260875195511
0.008403761971211
0.008546053460418
0.008687236403568
0.008826764926808
0.008964063357523
0.009098529751427
0.009229540175038
0.009356453784881
0.009478618733326
0.009595378910676
0.009706081504716
0.009810085324043
0.009906769792384
0.009995544480507
0.010075859003115
0.010147213073350
0.010209166479655
0.010261348731227
0.010303468110329
0.010335319873422
0.010356793358017
0.010367877777801
0.010368666523122
0.010359359825404
0.010340265689846
0.010311799048330
0.010274479131028
0.010228925098665
0.010175850015600
0.010116053275749
0.010050411617990
0.009979868885237
0.009905424692182
0.009828122172076
0.009749034974118
0.009669253681702
0.009589871819591
0.009511971616373
0.009436609688559
0.009364802814891
0.009297513974182
0.009235638826785
0.009179992827855
0.009131299168565
0.009090177747993
0.009057135381699
0.009032557451729
0.009016701195269
0.009009690814741
0.009011514569936
0.009022023983109
0.009040935251105
0.009067832915808
0.009102175796871
0.009143305140726
0.009190454889209
0.009242763921892
0.009299290080254
0.009359025740831
0.009420914669792
0.009483869863781
0.009546792061864
0.009608588600915
0.009668192281389
0.009724579911478
0.009776790204243
0.009823940713563
0.009865243509763
0.009900019313969
0.009927709831071
0.009947888044606
0.009960266262970
0.009964701735555
0.009961199690160
0.009949913679961
0.009931143169871
0.009905328338644
0.009873042124369
0.009834979596751
0.009791944798692
0.009744835260785
0.009694624453498
0.009642342500764
0.009589055532943
0.009535844104059
0.009483781135372
0.009433909872545
0.009387222355156
0.009344638894021
0.009306989033262
0.009274994440706
0.009249254123134
0.009230232303902
0.009218249232019
0.009213475116587
0.009215927301769
0.009225470718062
0.009241821568651
0.009264554137403
0.009293110539647
0.009326813179753
0.009364879631278
0.009406439616310
0.009450553730140
0.009496233534637
0.009542462627613
0.009588218284798
0.009632493264698
0.009674317363724
0.009712778309105
0.009747041580258
0.009776368755942
0.009800133995714
0.009817838281213
0.009829121067132
0.009833769025081
0.009831721607050
0.009823073210069
0.009808071790034
0.009787113850384
0.009760735818877
0.009729601921266
0.009694488760989
0.009656266915594
0.009615879959135
0.009574321410828
0.009532610189195
0.009491765213664
0.009452779838417
0.009416596823428
0.009384084543426
0.009356015106424
0.009333045000197
0.009315698809750
0.009304356454438
0.009299244284062
0.009300430253701
0.009307823272392
0.009321176696158
0.009340095816299
0.009364049083677
0.009392382712542
0.009424338226072
0.009459072441745
0.009495679348763
0.009533213301532
0.009570712941675
0.009607225264409
0.009641829261177
0.009673658597082
0.009701922816473
0.009725926611273
0.009745086732735
0.009758946177229
0.009767185330090
0.009769629808316
0.009766254803588
0.009757185792024
0.009742695547057
0.009723197466984
0.009699235309157
0.009671469507740
0.009640660340112
0.009607648296363
0.009573332094042
0.009538644863062
0.009504529099667
0.009471911049549
