0.002089843515945
0.002090349940568
0.002091116693712
0.002092102016277
0.002093250290175
0.002094495196429
0.002095763572601
0.002096979746023
0.002098070086981
0.002098967508732
0.002099615640266
0.002099972413318
0.002100012836713
0.002099730776876
0.002099139620783
0.002098271763507
0.002097176932821
0.002095919434073
0.002094574465264
0.002093223711032
0.002091950471231
0.002090834612124
0.002089947643536
0.002089348222651
0.002089078364105
0.002089160597894
0.002089596263155
0.002090365060258
0.002091425909535
0.002092719086726
0.002094169527535
0.002095691121190
0.002097191750078
0.002098578783363
0.002099764700053
0.002100672503679
0.002101240597476
0.002101426815847
0.002101211353508
0.002100598395723
0.002099616327883
0.002098316486239
0.002096770498751
0.002095066350873
0.002093303390194
0.002091586551581
0.002090020136361
0.002088701511898
0.002087715109313
0.002087127085946
0.002086980985919
0.002087294678232
0.002088058780240
0.002089236689007
0.002090766248850
0.002092562985756
0.002094524744169
0.002096537474567
0.002098481846614
0.002100240307220
0.002101704169050
0.002102780305460
0.002103397043385
0.002103508885965
0.002103099759647
0.002102184562887
0.002100808890744
0.002099046916192
0.002096997518580
0.002094778856039
0.002092521675194
0.002090361732563
0.002088431762219
0.002086853459842
0.002085729961560
0.002085139275937
0.002085129079873
0.002085713216203
0.002086870136408
0.002088543421134
0.002090644390518
0.002093056692502
0.002095642637702
0.002098250941119
0.002100725440667
0.002102914295783
0.002104679130774
0.002105903579724
0.002106500713932
0.002106418888113
0.002105645625297
0.002104209268207
0.002102178250982
0.002099657982333
0.002096785471835
0.002093721966792
0.002090643989898
0.002087733270387
0.002085166136947
0.002083102984553
0.002081678436251
0.002080992793569
0.002081105306575
0.002082029699522
0.002083732265456
0.002086132699653
0.002089107685332
0.002092497084494
0.002096112431366
0.002099747284780
0.002103188877574
0.002106230412958
0.002108683305553
0.002110388652305
0.002111227247143
0.002111127522411
0.002110070906497
0.002108094225414
0.002105288938945
0.002101797180556
0.002097804754524
0.002093531423181
0.002089218981382
0.002085117754444
0.002081472261400
0.002078506850632
0.002076412135176
0.002075333028162
0.002075359105420
0.002076517905531
0.002078771623182
0.002082017467745
0.002086091755278
0.002090777589941
0.002095815781988
0.002100918456017
0.002105784636417
0.002110116966903
0.002113638635960
0.002116109545695
0.002117340781005
0.002117206509285
0.002115652565095
0.002112701143374
0.002108451230383
0.002103074632811
0.002096807709926
0.002089939157809
0.002082794424983
0.002075717541756
0.002069051309590
0.002063116911582
0.002058194063375
0.002054502820909
0.002052188096355
0.002051307808489
0.002051825414410
0.002053607344668
0.002056425604969
0.002059965528364
0.002063838377110
0.002067598218955
0.002070762253675
0.002072833556663
0.002073325049556
0.002071783413038
0.002067811630662
0.002061088897709
0.002051386744858
0.002038580408034
0.002022654714707
0.002003704041559
0.001981926214186
0.001957610550126
0.001931120574347
0.001902872243647
0.001873308786329
0.001842873480475
0.001811981845608
0.001780994798678
0.001750194320574
0.001719763092086
0.001689769391125
0.001660158303178
0.001630749995259
0.001601245454453
0.001571239712645
0.001540242188184
0.001507703392899
0.001473046898915
0.001435705152746
0.001395157480639
0.001350968462760
0.001302824774274
0.001250568604237
0.001194225869434
0.001134027636147
0.001070423439956
0.001004085539670
0.000935903540333
0.000866969253130
0.000798552106360
0.000732065859926
0.000669027784893
0.000611011829679
0.000559597587818
0.000516317094654
0.000482601601312
0.000459730497885
0.000448784482721
0.000450604904469
0.000465760946355
0.000494525990211
0.000536864107047
0.000592427189948
0.000660562794214
0.000740332300252
0.000830538587514
0.000929762022565
0.001036403238420
0.001148730929917
0.001264932721641
0.001383167087049
0.001501614311781
0.001618524598061
0.001732261593493
0.001841339885781
0.001944455320681
0.002040507357352
0.002128613054990
0.002208112668317
0.002278567198638
0.002339748584400
0.002391623505242
0.002434332003941
0.002468162292323
0.002493523194709
0.002510915694366
0.002520904987115
0.002524094317765
0.002521101688643
0.002512540297212
0.002499003295346
0.002481053181581
0.002459215854746
0.002433979088091
0.002405794940828
0.002375085420976
0.002342250558740
0.002307677949894
0.002271752787092
0.002234867413762
0.002197429507249
0.002159868119207
0.002122636963657
0.002086214536191
0.002051100860089
0.002017810874253
0.001986864691656
0.001958775154021
0.001934033278213
0.001913092324120
0.001896351306100
0.001884138816616
0.001876698030177
0.001874173709280
0.001876601945410
0.001883903242890
0.001895879398991
0.001912214458709
0.001932479836542
0.001956143509902
0.001982583008802
0.002011101762722
0.002040948225240
0.002071337086047
0.002101471802229
0.002130567638518
0.002157874399717
0.002182698066350
0.002204420603652
0.002222517299902
0.002236571097488
0.002246283502927
0.002251481794099
0.002252122378008
0.002248290284674
0.002240194907273
0.002228162211150
0.002212623731749
0.002194102761785
0.002173198190138
0.002150566499062
0.002126902453143
0.002102919024607
0.002079327096934
0.002056815474487
0.002036031702086
0.002017564167113
0.002001925919411
0.001989540602068
0.001980730839793
0.001975709381197
0.001974573236700
0.001977300994468
0.001983753432184
0.001993677472130
0.002006713450610
0.002022405590569
0.002040215479015
0.002059538260127
0.002079721162908
0.002100083892041
0.002119940325719
0.002138620889002
0.002155494909992
0.002169992223453
0.002181623266599
0.002189996918301
0.002194835368728
0.002195985373020
0.002193425340169
0.002187267835553
0.002177757229359
0.002165262398839
0.002150264583714
0.002133340693346
0.002115142563134
0.002096372846484
0.002077758398302
0.002060022147111
0.002043854557226
0.002029885842910
0.002018660107901
0.002010612542919
0.002006050720164
0.002005140879283
0.002007899908374
0.002014193493400
0.002023740649294
0.002036124567231
0.002050809427783
0.002067162552284
0.002084481008403
0.002102021563622
0.002119032703814
0.002134787313365
0.002148614555612
0.002159929502371
0.002168259140135
0.002173263526158
0.002174751074349
0.002172687210213
0.002167195934195
0.002158554160035
0.002147179033511
0.002133608770901
0.002118477869060
0.002102487814620
0.002086374644167
0.002070874868715
0.002056691365407
0.002044460851919
0.002034724492907
0.002027903045433
0.002024277737994
0.002023977805306
0.002026975281551
0.002033087303735
0.002041985811602
0.002053214169181
0.002066209893758
0.002080332377888
0.002094894244324
0.002109194795001
0.002122553912721
0.002134344753423
0.002144023629099
0.002151155623649
0.002155434699219
0.002156697328001
0.002154929010154
0.002150263395859
0.002142974100459
0.002133459667270
0.002122222474271
0.002109842681298
0.002096948558052
0.002084184708108
0.002072179801137
0.002061515440225
0.002052697722759
0.002046132905857
0.002042108368481
0.002040779783856
0.002042165092181
0.002046145511815
0.002052473465438
0.002060786944922
0.002070629512941
0.002081474857504
