0.004745152377149
0.004657176716139
0.004600982204530
0.004577606995534
0.004587836823997
0.004632196717085
0.004710944794846
0.004824068210009
0.004971281258503
0.005152025674217
0.005365473103564
0.005610529737650
0.005885843062448
0.006189810670423
0.006520591060739
0.006876116339595
0.007254106717531
0.007652086686801
0.008067402749240
0.008497242553598
0.008938655291009
0.009388573188401
0.009843833932038
0.010301203847271
0.010757401655872
0.011209122629073
0.011653062952665
0.012085944120209
0.012504537171545
0.012905686596292
0.013286333726014
0.013643539443877
0.013974506047185
0.014276598105797
0.014547362168244
0.014784545177152
0.014986111466284
0.015150258223093
0.015275429312919
0.015360327373869
0.015403924104793
0.015405468682546
0.015364494258795
0.015280822500830
0.015154566155121
0.014986129626562
0.014776207580424
0.014525781587761
0.014236114848489
0.013908745039268
0.013545475345735
0.013148363750426
0.012719710658773
0.012262044955912
0.011778108596471
0.011270839838155
0.010743355237614
0.010198930533818
0.009640980549928
0.009073038249437
0.008498733086099
0.007921768789958
0.007345900733574
0.006774913023334
0.006212595460597
0.005662720516374
0.005129020461252
0.004615164789506
0.004124738072718
0.003661218373880
0.003227956347908
0.002828155148799
0.002464851257401
0.002140896336968
0.001858940216417
0.001621415093559
0.001430521042589
0.001288212901828
0.001196188609264
0.001155879044735
0.001168439428872
0.001234742320075
0.001355372241963
0.001530621964919
0.001760490456629
0.002044682507864
0.002382610031270
0.002773395022585
0.003215874165583
0.003708605054096
0.004249873996777
0.004837705362799
0.005469872419487
0.006143909605933
0.006857126179965
0.007606621169463
0.008389299552860
0.009201889587874
0.010040961201922
0.010902945352441
0.011784154260362
0.012680802415315
0.013589028246803
0.014504916351542
0.015424520163445
0.016343884949403
0.017259071010973
0.018166176969526
0.019061363010135
0.019940873957775
0.020801062058019
0.021638409333642
0.022449549388200
0.023231288527909
0.023980626073974
0.024694773738987
0.025371173943111
0.026007516948580
0.026601756694564
0.027152125218731
0.027657145556873
0.028115643017839
0.028526754737638
0.028889937424105
0.029204973211772
0.029471973555779
0.029691381103530
0.029863969493571
0.029990841042608
0.030073422293788
0.030113457412225
0.030112999427178
0.030074399334324
0.030000293085947
0.029893586511706
0.029757438227680
0.029595240606574
0.029410598897236
0.029207308596749
0.028989331193282
0.028760768412450
0.028525835113988
0.028288830998940
0.028054111300230
0.027826056641176
0.027609042257134
0.027407406784954
0.027225420833009
0.027067255551252
0.026936951425890
0.026838387526675
0.026775251436591
0.026751010093556
0.026768881771791
0.026831809426630
0.026942435620665
0.027103079241361
0.027315714210536
0.027581950374511
0.027903016750243
0.028279747287565
0.028712569290744
0.029201494624109
0.029746113806650
0.030345593079311
0.030998674506455
0.031703679149790
0.032458513329148
0.033260677960042
0.034107280933220
0.034995052476589
0.035920363415204
0.036879246220734
0.037867418718121
0.038880310294289
0.039913090431993
0.040960699371385
0.042017880682868
0.043079215517467
0.044139158285491
0.045192073500827
0.046232273516930
0.047254056871615
0.048251746951197
0.049219730680428
0.050152496943144
0.051044674439540
0.051891068689579
0.052686697898175
0.053426827406407
0.054107002464107
0.054723079072518
0.055271252661323
0.055748084382033
0.056150524819216
0.056475934942392
0.056722104144131
0.056887265234050
0.056970106283462
0.056969779241506
0.056885905270058
0.056718576771664
0.056468356111685
0.056136271062620
0.055723807024933
0.055232896104412
0.054665903150817
0.054025608886272
0.053315190274102
0.052538198299607
0.051698533353268
0.050800418424075
0.049848370325774
0.048847169191859
0.047801826485908
0.046717551782353
0.045599718578908
0.044453829405683
0.043285480497406
0.042100326294284
0.040904044033842
0.039702298690651
0.038500708513371
0.037304811398968
0.036120032332591
0.034951652108451
0.033804777532341
0.032684313290376
0.031594935651179
0.030541068150487
0.029526859387957
0.028556163046232
0.027632520222131
0.026759144139455
0.025938907292460
0.025174331048846
0.024467577721201
0.023820445096502
0.023234363394639
0.022710394609095
0.022249234166159
0.021851214823313
0.021516312712998
0.021244155424803
0.021034032007366
0.020884904760992
0.020795422683164
0.020763936421850
0.020788514585760
0.020866961256449
0.020996834544444
0.021175466030284
0.021399980931481
0.021667318837912
0.021974254860847
0.022317421044795
0.022693327896319
0.023098385889984
0.023528926818513
0.023981224861820
0.024451517257949
0.024936024467758
0.025430969734473
0.025932597948811
0.026437193740134
0.026941098723985
0.027440727846185
0.027932584773423
0.028413276289795
0.028879525668009
0.029328184992853
0.029756246422994
0.030160852385124
0.030539304701926
0.030889072662193
0.031207800047650
0.031493311136697
0.031743615710227
0.031956913089031
0.032131595235962
0.032266248959119
0.032359657254698
0.032410799830061
0.032418852848810
0.032383187940432
0.032303370517377
0.032179157442211
0.032010494086958
0.031797510825818
0.031540519001205
0.031240006401610
0.030896632288092
0.030511222004375
0.030084761203599
0.029618389722771
0.029113395133930
0.028571205999047
0.027993384853756
0.027381620943118
0.026737722730941
0.026063610202530
0.025361306979371
0.024632932262990
0.023880692624168
0.023106873652890
0.022313831483748
0.021503984211103
0.020679803208107
0.019843804363669
0.018998539251614
0.018146586246676
0.017290541602440
0.016433010507060
0.015576598133350
0.014723900700736
0.013877496567570
0.013039937373319
0.012213739251236
0.011401374133206
0.010605261169551
0.009827758287593
0.009071153913788
0.008337658885134
0.007629398576361
0.006948405270079
0.006296610797629
0.005675839478739
0.005087801388316
0.004534085978736
0.004016156085832
0.003535342346413
0.003092838054588
0.002689694483367
0.002326816697036
0.002004959878580
0.001724726195006
0.001486562221796
0.001290756945890
0.001137440364565
0.001026582695394
0.000957994210073
0.000931325702369
0.000946069597789
0.001001561709726
0.001096983643950
0.001231365850275
0.001403591317170
0.001612399901905
0.001856393285666
0.002134040539857
0.002443684286617
0.002783547433395
0.003151740458316
0.003546269219969
0.003965043262298
0.004405884582378
0.004866536826080
0.005344674874053
0.005837914777935
0.006343824004446
0.006859931942910
0.007383740629846
0.007912735642589
0.008444397112466
0.008976210806827
0.009505679228283
0.010030332678808
0.010547740235918
0.011055520588003
0.011551352675999
0.012032986088984
0.012498251161965
0.012945068725104
0.013371459454846
0.013775552778950
0.014155595289219
0.014509958617761
0.014837146734940
0.015135802629739
0.015404714336041
0.015642820271366
0.015849213857826
0.016023147398500
0.016164035186015
0.016271455823916
0.016345153745295
0.016385039917198
0.016391191723464
0.016363852022866
0.016303427383712
0.016210485500366
0.016085751801492
0.015930105264141
0.015744573452067
0.015530326800912
0.015288672177023
0.015021045740707
0.014729005148640
0.014414221133890
0.014078468505602
0.013723616613760
