0.010092518159805
0.010092560947509
0.010092603503252
0.010092645827289
0.010092687919873
0.010092729781257
0.010092771411694
0.010092812811434
0.010092853980727
0.010092894919821
0.010092935628964
0.010092976108402
0.010093016358380
0.010093056379143
0.010093096170935
0.010093135733995
0.010093175068567
0.010093214174890
0.010093253053201
0.010093291703740
0.010093330126742
0.010093368322442
0.010093406291076
0.010093444032875
0.010093481548073
0.010093518836899
0.010093555899583
0.010093592736355
0.010093629347440
0.010093665733067
0.010093701893459
0.010093737828841
0.010093773539436
0.010093809025465
0.010093844287148
0.010093879324706
0.010093914138355
0.010093948728314
0.010093983094798
0.010094017238021
0.010094051158198
0.010094084855540
0.010094118330258
0.010094151582563
0.010094184612663
0.010094217420766
0.010094250007078
0.010094282371804
0.010094314515149
0.010094346437314
0.010094378138502
0.010094409618913
0.010094440878746
0.010094471918199
0.010094502737468
0.010094533336750
0.010094563716238
0.010094593876126
0.010094623816605
0.010094653537866
0.010094683040099
0.010094712323491
0.010094741388230
0.010094770234501
0.010094798862488
0.010094827272375
0.010094855464344
0.010094883438576
0.010094911195250
0.010094938734544
0.010094966056635
0.010094993161699
0.010095020049911
0.010095046721443
0.010095073176468
0.010095099415157
0.010095125437678
0.010095151244200
0.010095176834890
0.010095202209913
0.010095227369434
0.010095252313616
0.010095277042621
0.010095301556609
0.010095325855739
0.010095349940170
0.010095373810058
0.010095397465559
0.010095420906826
0.010095444134013
0.010095467147271
0.010095489946750
0.010095512532599
0.010095534904967
0.010095557063998
0.010095579009839
0.010095600742632
0.010095622262522
0.010095643569647
0.010095664664149
0.010095685546166
0.010095706215834
0.010095726673290
0.010095746918667
0.010095766952099
0.010095786773715
0.010095806383644
0.010095825782013
0.010095844968943
0.010095863944552
0.010095882708952
0.010095901262242
0.010095919604509
0.010095937735815
0.010095955656186
0.010095973365596
0.010095990863931
0.010096008150953
0.010096025226223
0.010096042089005
0.010096058738108
0.010096075171657
0.010096091386748
0.010096107378946
0.010096123141535
0.010096138664439
0.010096153932641
0.010096168923910
0.010096183605538
0.010096197929687
0.010096211826793
0.010096225196281
0.010096237893558
0.010096249711934
0.010096260357627
0.010096269415440
0.010096276301951
0.010096280202079
0.010096279983712
0.010096274083611
0.010096260355984
0.010096235872954
0.010096196663569
0.010096137374970
0.010096050835844
0.010095927498419
0.010095754730930
0.010095515927932
0.010095189401154
0.010094747009029
0.010094152478916
0.010093359372882
0.010092308646168
0.010090925747899
0.010089117216987
0.010086766733409
0.010083730597146
0.010079832624968
0.010074858480056
0.010068549481861
0.010060595984407
0.010050630460528
0.010038220487272
0.010022861892808
0.010003972396124
0.009980886144926
0.009952849630782
0.009919019529116
0.009878463069318
0.009830161580464
0.009773017873646
0.009705868105124
0.009627498708077
0.009536668878142
0.009432138944041
0.009312704746701
0.009177237888651
0.009024731404006
0.008854350046467
0.008665484011294
0.008457804514946
0.008231319274840
0.007986425587304
0.007723958422059
0.007445230765412
0.007152063379074
0.006846801221187
0.006532314018583
0.006211978894161
0.005889643539970
0.005569569172443
0.005256353386287
0.004954834000213
0.004669976012154
0.004406744796261
0.004169969615203
0.003964202324299
0.003793576746844
0.003661674548984
0.003571403496795
0.003524893713933
0.003523416971519
0.003567333150925
0.003656066864356
0.003788115857711
0.003961091331130
0.004171788783148
0.004416286507379
0.004690067538137
0.004988159736514
0.005305287899860
0.005636031313702
0.005974980070607
0.006316883754566
0.006656786706010
0.006990144992790
0.007312921348997
0.007621655626011
0.007913509641856
0.008186286629653
0.008438426694104
0.008668980719634
0.008877565984791
0.009064307293751
0.009229767726529
0.009374873143084
0.009500834378165
0.009609070672072
0.009701137344828
0.009778660089572
0.009843277587026
0.009896593474411
0.009940138080098
0.009975339790984
0.010003505474549
0.010025809042783
0.010043287022287
0.010056839877408
0.010067237808672
0.010075129800423
0.010081054800694
0.010085454064132
0.010088683857470
0.010091027901449
0.010092709090866
0.010093900186584
0.010094733304166
0.010095308130342
0.010095698880468
0.010095960068684
0.010096131200558
0.010096240518719
0.010096307939224
0.010096347313578
0.010096368141691
0.010096376847404
0.010096377712620
0.010096373550201
0.010096366180768
0.010096356765058
0.010096346031771
0.010096334431231
0.010096322237270
0.010096309613659
0.010096296656683
0.010096283421954
0.010096269941003
0.010096256231359
0.010096242302558
0.010096228159668
0.010096213805299
0.010096199240747
0.010096184466610
0.010096169483131
0.010096154290373
0.010096138888310
0.010096123276873
0.010096107455974
0.010096091425513
0.010096075185386
0.010096058735486
0.010096042075705
0.010096025205931
0.010096008126052
0.010095990835955
0.010095973335526
0.010095955624648
0.010095937703204
0.010095919571076
0.010095901228142
0.010095882674283
0.010095863909374
0.010095844933292
0.010095825745913
0.010095806347108
0.010095786736750
0.010095766914710
0.010095746880857
0.010095726635059
0.010095706177182
0.010095685507093
0.010095664624655
0.010095643529731
0.010095622222183
0.010095600701870
0.010095578968652
0.010095557022385
0.010095534862927
0.010095512490133
0.010095489903854
0.010095467103946
0.010095444090257
0.010095420862638
0.010095397420938
0.010095373765003
0.010095349894680
0.010095325809813
0.010095301510245
0.010095276995818
0.010095252266373
0.010095227321750
0.010095202161787
0.010095176786320
0.010095151195186
0.010095125388218
0.010095099365250
0.010095073126113
0.010095046670639
0.010095019998655
0.010094993109991
0.010094966004474
0.010094938681927
0.010094911142177
0.010094883385046
0.010094855410355
0.010094827217925
0.010094798807576
0.010094770179126
0.010094741332390
0.010094712267185
0.010094682983325
0.010094653480623
0.010094623758891
0.010094593817940
0.010094563657578
0.010094533277615
0.010094502677856
0.010094471858108
0.010094440818175
0.010094409557860
0.010094378076966
0.010094346375293
0.010094314452640
0.010094282308807
0.010094249943591
0.010094217356787
0.010094184548190
0.010094151517595
0.010094118264792
0.010094084789575
0.010094051091732
0.010094017171052
0.010093983027324
0.010093948660334
0.010093914069867
0.010093879255707
0.010093844217637
0.010093808955439
0.010093773468894
0.010093737757781
0.010093701821879
0.010093665660964
0.010093629274813
0.010093592663201
0.010093555825900
0.010093518762685
0.010093481473326
0.010093443957594
0.010093406215257
0.010093368246085
0.010093330049842
0.010093291626297
0.010093252975212
0.010093214096352
0.010093174989478
0.010093135654353
0.010093096090737
0.010093056298388
0.010093016277065
0.010092976026523
0.010092935546520
0.010092894836810
0.010092853897146
0.010092812727280
0.010092771326965
0.010092729695951
0.010092687833986
0.010092645740819
0.010092603416197
0.010092560859866
0.010092518071571
