0.017807524467979
0.017814048214650
0.017824106588786
0.017837405870628
0.017853552758671
0.017872065314366
0.017892386597637
0.017913900615234
0.017935950133911
0.017957855853003
0.017978936387748
0.017998528487066
0.018016006898424
0.018030803298114
0.018042423727917
0.018050464018010
0.018054622730119
0.018054711222934
0.018050660521702
0.018042524763605
0.018030481087405
0.018014825937235
0.017995967853428
0.017974416924995
0.017950771175830
0.017925700247185
0.017899926819749
0.017874206287404
0.017849305249434
0.017825979426911
0.017804951630982
0.017786890415133
0.017772390029828
0.017761952266665
0.017755970730913
0.017754718017382
0.017758336186636
0.017766830848737
0.017780069062403
0.017797781151426
0.017819566430382
0.017844902721084
0.017873159432984
0.017903613877989
0.017935470395621
0.017967881781097
0.017999972438926
0.018030862630229
0.018059693144769
0.018085649709791
0.018107986447959
0.018126047716001
0.018139287693871
0.018147287150246
0.018149766882788
0.018146597418747
0.018137804661021
0.018123571274013
0.018104233719585
0.018080274973003
0.018052313068718
0.018021085742838
0.017987431549941
0.017952267933441
0.017916566818094
0.017881328367897
0.017847553610487
0.017816216668267
0.017788237355899
0.017764454902546
0.017745603535341
0.017732290618337
0.017724977979601
0.017723966979692
0.017729387779469
0.017741193156402
0.017759157099195
0.017782878283615
0.017811788401358
0.017845165182013
0.017882149819279
0.017921768389990
0.017962956741596
0.018004588223619
0.018045503554027
0.018084542044936
0.018120573365415
0.018152528993900
0.018179432509765
0.018200427893131
0.018214805043866
0.018222021793943
0.018221721770503
0.018213747568124
0.018198148805427
0.018175184770374
0.018145321497209
0.018109223262396
0.018067738633443
0.018021881349402
0.017972806451254
0.017921782210770
0.017870158524191
0.017819332539145
0.017770712366724
0.017725679793312
0.017685552946707
0.017651549887102
0.017624754084828
0.017606082713527
0.017596258629974
0.017595786831541
0.017604936080830
0.017623726266831
0.017651921935729
0.017689032275548
0.017734317680664
0.017786802858748
0.017845296277869
0.017908415589369
0.017974618506737
0.018042238475940
0.018109524342211
0.018174683105389
0.018235924763627
0.018291508175903
0.018339786829398
0.018379253379570
0.018408581839509
0.018426666330914
0.018432655371147
0.018425980758198
0.018406380226130
0.018373913175298
0.018328968931506
0.018272267152922
0.018204850179303
0.018128067300994
0.018043551111059
0.017953186288519
0.017859071339918
0.017763473996005
0.017668781116504
0.017577444095008
0.017491920874754
0.017414615781699
0.017347818451580
0.017293643170815
0.017253969966112
0.017230388763963
0.017224147899000
0.017236108180221
0.017266703627756
0.017315909872082
0.017383221064881
0.017467635989002
0.017567653877644
0.017681280263455
0.017806042980862
0.017939018243461
0.018076866516973
0.018215877711248
0.018352025025907
0.018481026607517
0.018598414014967
0.018699606347392
0.018779988768147
0.018834994061480
0.018860185787368
0.018851341555877
0.018804534926010
0.018716214445650
0.018583278388340
0.018403143808553
0.018173808628231
0.017893905581940
0.017562746983600
0.017180359431864
0.016747507740672
0.016265707563278
0.015737226368548
0.015165072624187
0.014552973239161
0.013905339513399
0.013227222033584
0.012524255136076
0.011802591728801
0.011068829420521
0.010329929045720
0.009593126794374
0.008865841256314
0.008155576768359
0.007469824508018
0.006815962809683
0.006201158187786
0.005632268536545
0.005115749938391
0.004657568453778
0.004263118185231
0.003937146809707
0.003683689657423
0.003506013284376
0.003406569341924
0.003386959392506
0.003447911158179
0.003589266520689
0.003809981420818
0.004108137633167
0.004480966222919
0.004924882325694
0.005435530732758
0.006007841613603
0.006636095568254
0.007313997074424
0.008034755281360
0.008791171004317
0.009575728692283
0.010380692077721
0.011198202171535
0.012020376239593
0.012839406389309
0.013647656405921
0.014437755508136
0.015202687741120
0.015935875790965
0.016631258087636
0.017283358162103
0.017887345336471
0.018439085951992
0.018935184477219
0.019373013985381
0.019750735644391
0.020067307022557
0.020322479175976
0.020516782647332
0.020651502668116
0.020728644014825
0.020750886122007
0.020721529198894
0.020644432229554
0.020523943856790
0.020364827255556
0.020172180190611
0.019951351523826
0.019707855487870
0.019447285073629
0.019175225888159
0.018897171827659
0.018618443875858
0.018344113282734
0.018078930302099
0.017827259570547
0.017593023095807
0.017379651691460
0.017190045549443
0.017026544483936
0.016890908212982
0.016784306870197
0.016707321761322
0.016659956202235
0.016641656099670
0.016651339766402
0.016687436302277
0.016747931724199
0.016830421894881
0.016932171184405
0.017050175702749
0.017181229867319
0.017321995018753
0.017469068771884
0.017619053787446
0.017768624673961
0.017914591777884
0.018053960692705
0.018183986412811
0.018302221173823
0.018406555155380
0.018495249372455
0.018566960244074
0.018620755500575
0.018656121268698
0.018672960354231
0.018671581920811
0.018652682937249
0.018617321930583
0.018566885734640
0.018503050061034
0.018427734838182
0.018343055361846
0.018251270375663
0.018154728250631
0.018055812457628
0.017956887526164
0.017860246655940
0.017768062096012
0.017682339330744
0.017604876013985
0.017537226475365
0.017480672487899
0.017436200837409
0.017404488074926
0.017385892666935
0.017380454588839
0.017387902238162
0.017407666379718
0.017438900678838
0.017480508234378
0.017531173393827
0.017589398021277
0.017653541297752
0.017721862064412
0.017792562673864
0.017863833294132
0.017933895614021
0.018001044927446
0.018063689626782
0.018120387210158
0.018169876002778
0.018211101905474
0.018243239611886
0.018265707875784
0.018278178558561
0.018280579340351
0.018273090132639
0.018256133382057
0.018230358600594
0.018196621593156
0.018155958976263
0.018109558688517
0.018058727282165
0.018004854853321
0.017949378514925
0.017893745340243
0.017839375705292
0.017787627936262
0.017739765123479
0.017696924898097
0.017660092883251
0.017630080430238
0.017607507134984
0.017592788503652
0.017586129002096
0.017587520585219
0.017596746662892
0.017613391322268
0.017636853495612
0.017666365641375
0.017701016397123
0.017739776568784
0.017781527743736
0.017825092757286
0.017869267204393
0.017912851171923
0.017954680371334
0.017993655877355
0.018028771723950
0.018059139673341
0.018084010555275
0.018102791669752
0.018115059854577
0.018120569936294
0.018119258406372
0.018111242290532
0.018096813304664
0.018076427512514
0.018050690815226
0.018020340707813
0.017986224830251
0.017949276918638
0.017910490823020
0.017870893301474
0.017831516323985
0.017793369624063
0.017757414220981
0.017724537601562
0.017695531198691
0.017671070735625
0.017651699922743
0.017637817898938
0.017629670705879
0.017627346972879
0.017630777875967
0.017639741320057
0.017653870180925
0.017672664336968
0.017695506122267
0.017721678744778
0.017750387138913
0.017780780662058
0.017811977001347
0.017843086631114
0.017873237153606
0.017901596865634
0.017927396921598
0.017949951507722
0.017968675502164
0.017983099169076
0.017992879519639
0.017997808067216
0.017997814804410
0.017992968334169
