0.019541270454557
0.018620192810024
0.017754595348023
0.016943923693941
0.016187077109683
0.015482443578862
0.014827943665999
0.014221082776413
0.013659011134001
0.013138590482958
0.012656466221769
0.012209143409420
0.011793064859517
0.011404689371892
0.011040568054432
0.010697416668911
0.010372181998179
0.010062100378813
0.009764746769691
0.009478073025052
0.009200434398560
0.008930603707603
0.008667773016576
0.008411543134697
0.008161901647762
0.007919190594387
0.007684065237581
0.007457445656315
0.007240463077080
0.007034402974333
0.006840646987922
0.006660615636585
0.006495713655508
0.006347279563110
0.006216540781664
0.006104575314591
0.006012280638700
0.005940350121126
0.005889256936343
0.005859245155319
0.005850327420262
0.005862288415497
0.005894693204257
0.005946899425473
0.006018072332302
0.006107201700058
0.006213119726667
0.006334519182758
0.006469971228205
0.006617942483906
0.006776811118626
0.006944881868805
0.007120400044344
0.007301564677962
0.007486541045341
0.007673472816444
0.007860494096768
0.008045741585141
0.008227367018476
0.008403550001661
0.008572511241190
0.008732526122974
0.008881938505798
0.009019174548695
0.009142756357360
0.009251315223848
0.009343604244946
0.009418510134972
0.009475064093945
0.009512451645675
0.009530021415466
0.009527292866390
0.009503963049854
0.009459912444845
0.009395209957154
0.009310117123566
0.009205091517453
0.009080789285021
0.008938066661355
0.008777980230209
0.008601785610100
0.008410934181278
0.008207067422812
0.007992008414531
0.007767750081118
0.007536439819045
0.007300360251873
0.007061906003112
0.006823556552399
0.006587845441118
0.006357326306169
0.006134536431986
0.005921958706534
0.005721983032694
0.005536868368787
0.005368706639852
0.005219389766614
0.005090580997384
0.004983691599215
0.004899863772728
0.004839960408522
0.004804562014329
0.004793970826507
0.004808221794778
0.004847099814003
0.004910162290030
0.004996765885353
0.005106096109424
0.005237198309154
0.005389008584368
0.005560383202903
0.005750125217903
0.005957007187849
0.006179789156180
0.006417231346256
0.006668101350922
0.006931175924519
0.007205237799324
0.007489068229781
0.007781436200540
0.008081085405637
0.008386720207870
0.008696991815655
0.009010485870495
0.009325712527289
0.009641099941701
0.009954991866793
0.010265649820333
0.010571260031201
0.010869945124470
0.011159780275358
0.011438813365275
0.011705088518516
0.011956672291948
0.012191681734444
0.012408313526065
0.012604873443400
0.012779805468655
0.012931719954981
0.013059420367214
0.013161928223268
0.013238505955628
0.013288677485178
0.013312246344263
0.013309311198987
0.013280278602457
0.013225872764784
0.013147142059334
0.013045461907755
0.012922533610532
0.012780378627867
0.012621327779953
0.012448004837448
0.012263304020760
0.012070361026179
0.011872517349586
0.011673277881556
0.011476261994321
0.011285148620119
0.011103616117468
0.010935278020006
0.010783616043128
0.010651911968422
0.010543180217145
0.010460103046948
0.010404970349003
0.010379625978629
0.010385422419464
0.010423185362308
0.010493189483605
0.010595146348411
0.010728204955877
0.010890965012093
0.011081502577506
0.011297407316311
0.011535830194311
0.011793540148460
0.012066988000591
0.012352375720176
0.012645729061674
0.012942971610851
0.013239998366076
0.013532747144659
0.013817266326526
0.014089777710842
0.014346733546536
0.014584867086121
0.014801236285440
0.014993260514351
0.015158750342350
0.015295930610573
0.015403457093777
0.015480427093972
0.015526384296955
0.015541318173548
0.015525658131603
0.015480262537064
0.015406402638006
0.015305741359014
0.015180306897397
0.015032461057329
0.014864862309209
0.014680423660993
0.014482265573241
0.014273664332810
0.014057996510382
0.013838680350032
0.013619115158325
0.013402619958846
0.013192372838666
0.012991352521129
0.012802283742365
0.012627587978943
0.012469340967789
0.012329238278340
0.012208569947762
0.012108204884300
0.012028585396943
0.011969731840202
0.011931256991153
0.011912389422959
0.011912004824597
0.011928663958102
0.011960655756280
0.012006043955086
0.012062715630124
0.012128430064915
0.012200866513383
0.012277669619131
0.012356491504177
0.012435029821649
0.012511061360406
0.012582471074540
0.012647276668024
0.012703649077917
0.012749929355547
0.012784642535639
0.012806509105168
0.012814454638759
0.012807618062949
0.012785358859005
0.012747263328684
0.012693149846787
0.012623072827638
0.012537324958000
0.012436437113365
0.012321175291856
0.012192533879964
0.012051724612086
0.011900160701203
0.011739435795711
0.011571297647060
0.011397616640173
0.011220349625915
0.011041499782719
0.010863073502742
0.010687035527530
0.010515263732139
0.010349505061699
0.010191334151504
0.010042116107060
0.009902974785792
0.009774767714152
0.009658068504590
0.009553157322026
0.009460019608050
0.009378352923521
0.009307581437329
0.009246877290468
0.009195187817266
0.009151267423084
0.009113712808838
0.009081000201094
0.009051523290482
0.009023630694195
0.008995661928868
0.008965981093223
0.008933007697817
0.008895244323187
0.008851301018870
0.008799916556966
0.008739976810701
0.008670530630138
0.008590803627905
0.008500210266488
0.008398364559470
0.008285089570937
0.008160425733095
0.008024637818112
0.007878220214180
0.007721899986448
0.007556637068338
0.007383620843353
0.007204262353695
0.007020181417484
0.006833188053578
0.006645257799094
0.006458500751531
0.006275124462058
0.006097391131852
0.005927569899720
0.005767885334876
0.005620463542230
0.005487277528457
0.005370093647934
0.005270421034731
0.005189465921493
0.005128092645196
0.005086792945954
0.005065664886924
0.005064402374280
0.005082295854425
0.005118244332136
0.005170778411388
0.005238093633620
0.005318092998688
0.005408437221534
0.005506601019014
0.005609933547861
0.005715721032596
0.005821249631972
0.005923866689300
0.006021038685729
0.006110404452035
0.006189822476225
0.006257411451940
0.006311583526323
0.006351070006546
0.006374939554687
0.006382609127266
0.006373848088884
0.006348776044016
0.006307854986920
0.006251876371318
0.006181943657621
0.006099450818147
0.006006057184254
0.005903658919153
0.005794357311690
0.005680424023425
0.005564263395185
0.005448371937763
0.005335295197931
0.005227582304472
0.005127738653745
0.005038177380310
0.004961170461770
0.004898800511807
0.004852914503518
0.004825080818474
0.004816551118380
0.004828228571274
0.004860643921796
0.004913940768823
0.004987871202312
0.005081802658843
0.005194736491759
0.005325338331607
0.005471979854849
0.005632791105627
0.005805722050899
0.005988611617996
0.006179262089246
0.006375516431815
0.006575335939791
0.006776875472205
0.006978553592181
0.007179115049507
0.007377683296327
0.007573801072274
0.007767457524779
0.007959100822076
0.008149635746843
0.008340406302500
0.008533163896382
0.008730022160409
0.008933399908971
0.009145954097883
0.009370504924481
0.009609955389398
0.009867207723073
0.010145079067629
0.010446218705412
0.010773028951380
0.011127591592980
0.011511601485571
0.011926308611917
0.012372469608553
0.012850309466067
0.013359493837853
0.013899112153130
0.014467671530915
0.015063101334704
0.015682768090949
0.016323500412848
0.016981623516338
0.017653002877381
0.018333096547519
0.019017015607177
0.019699592183398
0.020375454382665
