0.020762326974131
0.020765794706026
0.020769824058584
0.020774820121024
0.020781186831377
0.020789324396273
0.020799626699367
0.020812478714108
0.020828253936704
0.020847311855201
0.020869995470544
0.020896628885379
0.020927514976136
0.020962933163602
0.021003137296807
0.021048353664540
0.021098779148223
0.021154579529212
0.021215887962807
0.021282803630456
0.021355390580681
0.021433676768293
0.021517653300400
0.021607273896581
0.021702454569447
0.021803073530562
0.021908971325434
0.022019951199986
0.022135779699562
0.022256187500179
0.022380870470335
0.022509490960337
0.022641679314673
0.022777035601635
0.022915131552992
0.023055512705198
0.023197700732320
0.023341195959590
0.023485480045282
0.023630018817466
0.023774265251054
0.023917662569581
0.024059647455172
0.024199653349300
0.024337113826162
0.024471466019810
0.024602154085613
0.024728632676119
0.024850370411060
0.024966853320941
0.025077588243573
0.025182106152815
0.025279965398974
0.025370754840443
0.025454096846568
0.025529650152138
0.025597112544509
0.025656223365034
0.025706765807296
0.025748568995560
0.025781509827869
0.025805514569358
0.025820560182558
0.025826675382810
0.025823941408270
0.025812492495502
0.025792516053183
0.025764252528053
0.025727994958916
0.025684088216213
0.025632927926410
0.025574959082243
0.025510674341629
0.025440612019860
0.025365353781478
0.025285522040012
0.025201777075516
0.025114813881552
0.025025358754953
0.024934165643308
0.024842012266692
0.024749696031613
0.024658029756590
0.024567837230049
0.024479948622481
0.024395195775863
0.024314407394370
0.024238404161266
0.024167993807598
0.024103966158940
0.024047088186898
0.023998099092423
0.023957705448178
0.023926576427227
0.023905339145225
0.023894574143023
0.023894811036203
0.023906524357496
0.023930129617354
0.023965979607075
0.024014360967928
0.024075491048572
0.024149515071838
0.024236503630534
0.024336450530465
0.024449270997219
0.024574800261573
0.024712792536549
0.024862920397251
0.025024774572643
0.025197864156360
0.025381617241572
0.025575381982737
0.025778428084916
0.025989948719102
0.026209062859793
0.026434818038826
0.026666193507257
0.026902103794908
0.027141402655027
0.027382887379412
0.027625303467308
0.027867349629377
0.028107683106178
0.028344925278771
0.028577667547335
0.028804477452125
0.029023905009593
0.029234489235153
0.029434764822870
0.029623268951257
0.029798548183486
0.029959165429496
0.030103706936943
0.030230789277428
0.030339066294234
0.030427235977627
0.030494047233919
0.030538306514654
0.030558884272753
0.030554721212980
0.030524834304885
0.030468322527241
0.030384372314113
0.030272262673887
0.030131369953975
0.029961172225453
0.029761253263507
0.029531306101378
0.029271136137399
0.028980663776714
0.028659926591405
0.028309080984947
0.027928403349215
0.027518290704586
0.027079260816129
0.026611951781310
0.026117121087114
0.025595644137026
0.025048512250787
0.024476830142382
0.023881812884183
0.023264782367639
0.022627163273317
0.021970478565469
0.021296344528571
0.020606465365520
0.019902627379276
0.019186692761792
0.018460593015943
0.017726322038013
0.016985928889915
0.016241510291880
0.015495202867717
0.014749175175972
0.014005619561412
0.013266743862122
0.012534763008301
0.011811890549356
0.011100330146334
0.010402267066914
0.009719859720252
0.009055231268813
0.008410461354021
0.007787577972086
0.007188549535670
0.006615277156272
0.006069587181180
0.005553224017714
0.005067843276164
0.004615005261382
0.004196168841392
0.003812685719654
0.003465795135794
0.003156619017621
0.002886157605208
0.002655285565667
0.002464748614979
0.002315160660948
0.002207001478987
0.002140614929995
0.002116207727145
0.002133848755924
0.002193468949257
0.002294861717067
0.002437683927114
0.002621457431535
0.002845571131035
0.003109283566330
0.003411726024116
0.003751906142565
0.004128711999206
0.004540916661937
0.004987183181938
0.005466070005377
0.005976036779044
0.006515450523383
0.007082592144930
0.007675663258744
0.008292793290237
0.008932046824701
0.009591431171916
0.010268904112462
0.010962381791731
0.011669746727201
0.012388855894248
0.013117548855623
0.013853655899809
0.014595006153603
0.015339435634691
0.016084795210448
0.016828958429889
0.017569829196486
0.018305349250537
0.019033505430871
0.019752336686854
0.020459940813080
0.021154480880519
0.021834191339513
0.022497383771681
0.023142452269531
0.023767878424453
0.024372235905678
0.024954194614753
0.025512524402149
0.026046098334679
0.026553895504513
0.027035003372715
0.027488619642387
0.027914053658629
0.028310727334682
0.028678175605728
0.029016046413933
0.029324100230353
0.029602209121338
0.029850355369028
0.030068629657405
0.030257228837184
0.030416453284566
0.030546703870497
0.030648478558643
0.030722368651721
0.030769054707177
0.030789302144411
0.030783956566870
0.030753938823301
0.030700239833341
0.030623915203322
0.030526079658807
0.030407901320827
0.030270595853143
0.030115420508062
0.029943668098426
0.029756660923338
0.029555744675027
0.029342282353935
0.029117648218704
0.028883221797195
0.028640381984013
0.028390501249259
0.028134939982342
0.027875040993738
0.027612124196506
0.027347481488230
0.027082371852831
0.026818016700379
0.026555595461687
0.026296241453023
0.026041038024823
0.025791015006739
0.025547145459831
0.025310342745112
0.025081457916057
0.024861277441076
0.024650521260342
0.024449841179734
0.024259819603083
0.024080968602295
0.023913729323415
0.023758471725126
0.023615494644743
0.023485026185305
0.023367224415997
0.023262178376807
0.023169909377088
0.023090372576483
0.023023458835581
0.022968996822622
0.022926755361640
0.022896446006531
0.022877725824797
0.022870200374000
0.022873426853369
0.022886917412510
0.022910142598759
0.022942534924386
0.022983492534677
0.023032382957752
0.023088546916981
0.023151302186907
0.023219947473724
0.023293766301620
0.023372030886595
0.023454005979773
0.023538952662731
0.023626132077884
0.023714809077634
0.023804255776660
0.023893754992494
0.023982603560331
0.024070115508897
0.024155625085109
0.024238489616206
0.024318092199027
0.024393844207145
0.024465187607583
0.024531597079932
0.024592581931761
0.024647687805298
0.024696498171443
0.024738635608297
0.024773762862435
0.024801583692244
0.024821843493699
0.024834329709986
0.024838872027353
0.024835342360609
0.024823654632549
0.024803764352559
0.024775668000454
0.024739402222447
0.024695042846900
0.024642703728213
0.024582535427874
0.024514723742285
0.024439488087532
0.024357079751731
0.024267780026044
0.024171898225761
0.024069769613213
0.023961753234460
0.023848229681912
0.023729598795137
0.023606277312173
0.023478696483654
0.023347299661986
0.023212539877706
0.023074877414968
0.022934777397869
0.022792707399055
0.022649135081718
0.022504525885712
0.022359340768101
0.022214034008000
0.022069051085065
0.021924826640453
0.021781782528538
0.021640325967036
0.021500847792620
0.021363720828453
0.021229298369406
0.021097912790081
0.020969874280072
0.020845469710204
0.020724961632827
0.020608587418516
0.020496558530886
0.020389059940497
0.020286249678212
0.020188258527649
0.020095189855764
0.020007119579967
0.019924096269525
0.019846141378482
0.019773249606692
0.019705389385081
0.019642503480698
0.019584509716664
0.019531301801667
0.019482750263224
0.019438703478573
