0.102575303055011
0.101972194562815
0.101348740470295
0.100711656817684
0.100067628965440
0.099423209607497
0.098784721099800
0.098158164232751
0.097549135518198
0.096962754937568
0.096403605900448
0.095875688889066
0.095382389915132
0.094926464498171
0.094510037400814
0.094134617843520
0.093801129390089
0.093509953170202
0.093260982611968
0.093053687421602
0.092887184193128
0.092760310778867
0.092671701417363
0.092619859609468
0.092603225858579
0.092620237644222
0.092669379368517
0.092749220485918
0.092858440575876
0.092995840719590
0.093160341167170
0.093350965900883
0.093566815284882
0.093807028515572
0.094070738026860
0.094357018342781
0.094664832094053
0.094992976018041
0.095340029742868
0.095704310020414
0.096083832829695
0.096476285435309
0.096879010072459
0.097289000459790
0.097702911834285
0.098117084679375
0.098527581798115
0.098930237886315
0.099320720302343
0.099694599325248
0.100047425852529
0.100374814222266
0.100672527657880
0.100936563731187
0.101163237222227
0.101349257821332
0.101491800267336
0.101588564740216
0.101637825619942
0.101638467077003
0.101590004363324
0.101492590113048
0.101347005427591
0.101154635993800
0.100917433952999
0.100637866686459
0.100318854094190
0.099963696304222
0.099575994045532
0.099159564137922
0.098718352687748
0.098256348623173
0.097777500154205
0.097285636601874
0.096784397812396
0.096277173064128
0.095767050999448
0.095256781684807
0.094748751437378
0.094244970574325
0.093747073760722
0.093256332173719
0.092773676282562
0.092299727683571
0.091834838140335
0.091379133773889
0.090932562232817
0.090494940653048
0.090066002290863
0.089645439875866
0.089232943974830
0.088828234970368
0.088431087625395
0.088041347607997
0.087658939772887
0.087283868415562
0.086916210114403
0.086556100135960
0.086203713683230
0.085859243502079
0.085522875516620
0.085194764233500
0.084875009635073
0.084563637173802
0.084260582290862
0.083965680620367
0.083678664720510
0.083399167810184
0.083126734603095
0.082860838940527
0.082600907548997
0.082346348909221
0.082096585935692
0.081851090946448
0.081609421261493
0.081371253712564
0.081136416378937
0.080904915980773
0.080676959555941
0.080452969306435
0.080233589811214
0.080019687145390
0.079812339801836
0.079612821660439
0.079422577573833
0.079243192419653
0.079076354695048
0.078923815890019
0.078787346967671
0.078668693301747
0.078569529379951
0.078491414484333
0.078435750419736
0.078403742192297
0.078396362357437
0.078414319575531
0.078458031746529
0.078527603952699
0.078622811328089
0.078743086897098
0.078887514381574
0.079054825960827
0.079243404973990
0.079451293568978
0.079676205315620
0.079915542801874
0.080166420211948
0.080425690837361
0.080689979393537
0.080955718906378
0.081219191800714
0.081476574674109
0.081723986087134
0.081957536558199
0.082173379831422
0.082367764402838
0.082537084254099
0.082677927760863
0.082787123817937
0.082861784352453
0.082899342572601
0.082897586510494
0.082854687647857
0.082769224644011
0.082640202397781
0.082467066849928
0.082249716054469
0.081988508103344
0.081684266472680
0.081338283269007
0.080952320695709
0.080528610845021
0.080069853665931
0.079579212684340
0.079060307782614
0.078517204105978
0.077954395976740
0.077376784585343
0.076789648206248
0.076198603767934
0.075609558794189
0.075028653025936
0.074462189419518
0.073916554682609
0.073398130031038
0.072913193402766
0.072467814919962
0.072067747916240
0.071718318313587
0.071424315514111
0.071189888240627
0.071018448896877
0.070912590008374
0.070874016139781
0.070903494363101
0.071000825878165
0.071164840775362
0.071393417199522
0.071683525348423
0.072031295850297
0.072432111146584
0.072880717597163
0.073371355164751
0.073897900762695
0.074454020703985
0.075033327202948
0.075629533584134
0.076236602766915
0.076848883732869
0.077461231049411
0.078069103110487
0.078668635545183
0.079256687209277
0.079830857274585
0.080389473119486
0.080931549948453
0.081456724271978
0.081965164503516
0.082457462921961
0.082934514056959
0.083397385138698
0.083847184583139
0.084284934540041
0.084711453310610
0.085127252954463
0.085532456675791
0.085926739642765
0.086309295799197
0.086678832027973
0.087033589781007
0.087371393061236
0.087689720486679
0.087985798138503
0.088256709039351
0.088499514460454
0.088711381839551
0.088889713917675
0.089032273770080
0.089137300701988
0.089203612479858
0.089230690041549
0.089218741635403
0.089168744236207
0.089082461030842
0.088962434714270
0.088811957246093
0.088635017552370
0.088436229385713
0.088220742154511
0.087994137982647
0.087762318555062
0.087531385440246
0.087307517563572
0.087096849347344
0.086905352751824
0.086738726068457
0.086602291857397
0.086500905913780
0.086438878619354
0.086419909515754
0.086447035448728
0.086522592201647
0.086648189179733
0.086824696436560
0.087052243157976
0.087330226635982
0.087657330769395
0.088031553206688
0.088450240380779
0.088910129853020
0.089407399559051
0.089937723706193
0.090496335185946
0.091078094414310
0.091677564480950
0.092289092366377
0.092906895773590
0.093525154824590
0.094138107510015
0.094740147376211
0.095325921520043
0.095890426573271
0.096429100032953
0.096937904068617
0.097413398842912
0.097852802445261
0.098254034773059
0.098615743106039
0.098937307697920
0.099218826433709
0.099461078437811
0.099665467423836
0.099833946500753
0.099968927037069
0.100073174979552
0.100149698674338
0.100201632701936
0.100232122480257
0.100244214391594
0.100240755945247
0.100224310008085
0.100197086446165
0.100160893660604
0.100117111519734
0.100066686144043
0.100010145950670
0.099947637369691
0.099878977759782
0.099803722322480
0.099721241277279
0.099630803236469
0.099531660616652
0.099423133037542
0.099304684968798
0.099175994362811
0.099037009617254
0.098887992903061
0.098729548626267
0.098562636522442
0.098388569570969
0.098208997530526
0.098025877412138
0.097841432606543
0.097658102661776
0.097478485866679
0.097305276845628
0.097141201323628
0.096988950097711
0.096851114069948
0.096730121979859
0.096628182237760
0.096547230021478
0.096488880569180
0.096454389389144
0.096444619918159
0.096460018995075
0.096500600374061
0.096565936380083
0.096655157703218
0.096766961234034
0.096899625755417
0.097051035223237
0.097218709286432
0.097399840614621
0.097591338517348
0.097789878252965
0.097991955337566
0.098193944075641
0.098392159445439
0.098582921384756
0.098762620438890
0.098927783654316
0.099075139532405
0.099201680801383
0.099304723726401
0.099381962662569
0.099431518569929
0.099451980258148
0.099442437217125
0.099402503021209
0.099332328470768
0.099232603854066
0.099104549970765
0.098949897848183
0.098770857392366
0.098570075534924
0.098350584748554
0.098115743093576
0.097869167209351
0.097614659864615
0.097356133818843
0.097097533815873
0.096842758529045
0.096595584206486
0.096359591633443
0.096138097846850
0.095934093820454
0.095750189102936
0.095588564153165
0.095450930891426
0.095338501785781
0.095251967627523
0.095191484023286
0.095156666543328
0.095146594410701
0.095159822585687
0.095194402082487
0.095247908337930
0.095317477422715
0.095399849833682
0.095491421523762
0.095588301711236
0.095686376863212
0.095781380075878
0.095868964885982
0.095944782357290
0.096004560106976
0.096044181784848
0.096059765406298
0.096047738878243
0.096004911052903
