0.004503098720369
0.004522929098642
0.004534373529323
0.004537284257324
0.004531573403689
0.004517196275982
0.004494136331439
0.004462392836631
0.004421972105071
0.004372882982732
0.004315137001533
0.004248753345264
0.004173768485461
0.004090250061375
0.003998314313171
0.003898146144816
0.003790020704822
0.003674325239108
0.003551579897668
0.003422456169435
0.003287791678318
0.003148600195078
0.003006075898920
0.002861591150792
0.002716687306795
0.002573058392583
0.002432527764675
0.002297018188800
0.002168516055202
0.002049030713949
0.001940550138620
0.001844994305095
0.001764167796565
0.001699713211532
0.001653066956349
0.001625418947888
0.001617677637794
0.001630441602112
0.001663978725598
0.001718213756753
0.001792724727280
0.001886748428541
0.001999194828864
0.002128670010359
0.002273506913523
0.002431802912855
0.002601463016829
0.002780247299517
0.002965821036026
0.003155805935135
0.003347830843499
0.003539580337736
0.003728839722559
0.003913535111437
0.004091767475289
0.004261839796533
0.004422276750495
0.004571836642242
0.004709515641527
0.004834544668420
0.004946379573579
0.005044685517131
0.005129316666569
0.005200292496892
0.005257772077244
0.005302027762423
0.005333419672673
0.005352372242278
0.005359353951222
0.005354861132375
0.005339406479927
0.005313512586496
0.005277710521321
0.005232543146631
0.005178572569972
0.005116390863033
0.005046632956869
0.004969990461731
0.004887225066516
0.004799180154097
0.004706789326897
0.004611080670098
0.004513175782301
0.004414282865850
0.004315683478695
0.004218712891535
0.004124734350810
0.004035107901990
0.003951154760400
0.003874118511332
0.003805124662119
0.003745140243099
0.003694935252560
0.003655047756547
0.003625754385919
0.003607047822068
0.003598622635123
0.003599870543533
0.003609885814152
0.003627481132191
0.003651213857286
0.003679422163010
0.003710270150235
0.003741800646862
0.003771994073429
0.003798831479746
0.003820359653311
0.003834756074252
0.003840391449085
0.003835887598706
0.003820168603285
0.003792503313585
0.003752537617163
0.003700315188772
0.003636285844603
0.003561301045767
0.003476596541926
0.003383762595250
0.003284702661406
0.003181581812064
0.003076766547403
0.002972757953648
0.002872120398095
0.002777408113118
0.002691092094856
0.002615489728130
0.002552699446717
0.002504542550455
0.002472514034680
0.002457743952718
0.002460970441577
0.002482525109534
0.002522331029150
0.002579913118627
0.002654420246939
0.002744657982277
0.002849130536128
0.002966090151832
0.003093591959264
0.003229552175238
0.003371807477616
0.003518173420896
0.003666499889035
0.003814721790154
0.003960903476315
0.004103275705580
0.004240264335931
0.004370510333042
0.004492881066876
0.004606473246887
0.004710608184443
0.004804820358681
0.004888840485851
0.004962574443674
0.005026079476582
0.005079539104607
0.005123238081849
0.005157538607669
0.005182858796066
0.005199654169834
0.005208402681769
0.005209593491689
0.005203719461904
0.005191273090170
0.005172745391592
0.005148627080056
0.005119411293117
0.005085597055773
0.005047692688455
0.005006218429532
0.004961707656068
0.004914706239051
0.004865769749443
0.004815458426366
0.004764330015257
0.004712930768976
0.004661785066862
0.004611384235554
0.004562175243497
0.004514549983487
0.004468835852536
0.004425288286777
0.004384085814998
0.004345328063921
0.004309036990029
0.004275161436187
0.004243584927186
0.004214136437398
0.004186603696157
0.004160748451608
0.004136322999265
0.004113087203269
0.004090825200051
0.004069360977345
0.004048572065489
0.004028400660014
0.004008861609965
0.003990046849199
0.003972126010668
0.003955343138495
0.003940009591106
0.003926493402420
0.003915205529318
0.003906583555175
0.003901073534908
0.003899110752113
0.003901100209666
0.003907397689890
0.003918292198398
0.003933990548131
0.003954604749404
0.003980142751839
0.004010502939985
0.004045472622317
0.004084730580130
0.004127853566163
0.004174326470255
0.004223555708918
0.004274885254676
0.004327614606152
0.004381017916986
0.004434363455023
0.004486932555813
0.004538037267237
0.004587035954245
0.004633346241338
0.004676454810786
0.004715923740092
0.004751393244765
0.004782580882800
0.004809277465441
0.004831340094567
0.004848682900587
0.004861266177185
0.004869084692981
0.004872155999824
0.004870509549668
0.004864177376234
0.004853186996128
0.004837557041513
0.004817295960339
0.004792403919944
0.004762877836903
0.004728719242546
0.004689944492374
0.004646596650886
0.004598758242422
0.004546563962854
0.004490212403367
0.004429975850242
0.004366207294429
0.004299343909348
0.004229906429088
0.004158494073305
0.004085774908495
0.004012471794654
0.003939344327404
0.003867167433579
0.003796707498819
0.003728697085818
0.003663809430538
0.003602633972693
0.003545654180879
0.003493228870354
0.003445578084529
0.003402774425261
0.003364740480625
0.003331252723480
0.003301951953352
0.003276360042845
0.003253902443477
0.003233935619846
0.003215778329527
0.003198745461653
0.003182182999836
0.003165502592145
0.003148214196469
0.003129955324463
0.003110515528898
0.003089854962072
0.003068116068537
0.003045627753227
0.003022901673643
0.003000620628613
0.002979619342304
0.002960858256711
0.002945391235743
0.002934328337358
0.002928795016886
0.002929889276718
0.002938638369184
0.002955956687569
0.002982606444222
0.003019162636382
0.003065983644102
0.003123188596820
0.003190642394115
0.003267948981925
0.003354453179068
0.003449251032306
0.003551208363565
0.003658986872605
0.003771076884035
0.003885835589706
0.004001529445692
0.004116379244639
0.004228606304794
0.004336478199626
0.004438352497062
0.004532717083071
0.004618225805735
0.004693728386132
0.004758293791618
0.004811226544489
0.004852075731577
0.004880636774881
0.004896946305991
0.004901270744782
0.004894089403571
0.004876073111415
0.004848059471674
0.004811025924361
0.004766061781276
0.004714340338072
0.004657092047930
0.004595579574430
0.004531075337132
0.004464841935008
0.004398115594636
0.004332092556593
0.004267918099750
0.004206677722394
0.004149389863287
0.004096999463602
0.004050371648087
0.004010284842806
0.003977422745627
0.003952364718722
0.003935574370481
0.003927386325340
0.003927991429319
0.003937420890499
0.003955530090397
0.003981983007799
0.004016238356079
0.004057538635579
0.004104903334549
0.004157127469639
0.004212786537982
0.004270248760294
0.004327695234704
0.004383148305193
0.004434508090585
0.004479596737065
0.004516209567768
0.004542171926790
0.004555400171301
0.004553964972471
0.004536154859685
0.004500537795987
0.004446018515206
0.004371889388027
0.004277872716178
0.004164152577325
0.004031394650428
0.003880752830583
0.003713861878862
0.003532815829011
0.003340132369945
0.003138703920833
0.002931736594334
0.002722678684209
0.002515140698774
0.002312809276638
0.002119357553791
0.001938354692822
0.001773177330785
0.001626925650774
0.001502346635899
0.001401766829100
0.001327036607202
0.001279487594613
0.001259904405590
0.001268511429810
0.001304974881499
0.001368419835210
0.001457461489155
0.001570249446899
0.001704523405669
0.001857678298577
0.002026836670134
0.002208925878329
0.002400757618197
0.002599107253475
0.002800790524041
0.003002735362907
0.003202046800338
0.003396063243632
0.003582402786386
0.003758998605554
0.003924122931780
