0.003087733951078
0.002974803804542
0.002866485915315
0.002764298266058
0.002669695984847
0.002584043690102
0.002508588968115
0.002444437782273
0.002392532582438
0.002353633819810
0.002328305478985
0.002316905118556
0.002319578769350
0.002336260881177
0.002366679341233
0.002410365417122
0.002466668311618
0.002534773861603
0.002613726776054
0.002702455692871
0.002799800246015
0.002904539275964
0.003015419289822
0.003131182283182
0.003250592073449
0.003372458362000
0.003495657837468
0.003619151750792
0.003741999529933
0.003863368153113
0.003982537158537
0.004098899329927
0.004211957255028
0.004321316102748
0.004426673098490
0.004527804291590
0.004624549299485
0.004716794776950
0.004804457393110
0.004887467102671
0.004965751470701
0.005039221753438
0.005107761353018
0.005171217155105
0.005229394129279
0.005282053427952
0.005328914066153
0.005369658108179
0.005403939134114
0.005431393616049
0.005451654706558
0.005464367835878
0.005469207434116
0.005465894043951
0.005454211070099
0.005434020425092
0.005405276376135
0.005368036972957
0.005322472538253
0.005268870826045
0.005207638593267
0.005139299479879
0.005064488245818
0.004983941562141
0.004898485691850
0.004809021516874
0.004716507465922
0.004621940969050
0.004526339105785
0.004430719122956
0.004336079476121
0.004243381996298
0.004153535704867
0.004067382698655
0.003985686409996
0.003909122419718
0.003838271871507
0.003773617411181
0.003715541460956
0.003664326542992
0.003620157293585
0.003583123763049
0.003553225578978
0.003530376562669
0.003514409428785
0.003505080263966
0.003502072566523
0.003505000730818
0.003513412969596
0.003526793778150
0.003544566148034
0.003566093828007
0.003590683999264
0.003617590775416
0.003646019951004
0.003675135403282
0.003704067500053
0.003731923782976
0.003757802084282
0.003780806100335
0.003800063294557
0.003814744842609
0.003824087172954
0.003827414504966
0.003824161653283
0.003813896259454
0.003796339537293
0.003771384582550
0.003739111304730
0.003699797091251
0.003653922411771
0.003602170711217
0.003545422119732
0.003484740720024
0.003421355349639
0.003356634167950
0.003292053474775
0.003229161518378
0.003169538264038
0.003114752299477
0.003066316220331
0.003025641958817
0.002993997584935
0.002972467117127
0.002961914825896
0.002962955399592
0.002975931169187
0.003000897363705
0.003037616097868
0.003085559488373
0.003143921966698
0.003211641517578
0.003287429236882
0.003369806284742
0.003457147022722
0.003547726880172
0.003639773305409
0.003731518030749
0.003821248822590
0.003907358902081
0.003988392308266
0.004063083631001
0.004130390759228
0.004189519562373
0.004239939737415
0.004281391398179
0.004313882342076
0.004337676287537
0.004353272717506
0.004361379276136
0.004362877934136
0.004358786352091
0.004350216021910
0.004338328848963
0.004324293848865
0.004309245574314
0.004294245762826
0.004280249512826
0.004268077062872
0.004258391978661
0.004251686258118
0.004248272560386
0.004248283464170
0.004251677378266
0.004258250474699
0.004267653803232
0.004279414583363
0.004292960561957
0.004307646273866
0.004322780049134
0.004337650670335
0.004351552691472
0.004363809577559
0.004373794001639
0.004380944832504
0.004384780550129
0.004384909025369
0.004381033784838
0.004372957041818
0.004360579901575
0.004343900239340
0.004323008798113
0.004298084061017
0.004269386421020
0.004237252103805
0.004202087203638
0.004164362075278
0.004124606196196
0.004083403482212
0.004041387915678
0.003999239237383
0.003957678369322
0.003917462181573
0.003879377197074
0.003844231845379
0.003812846930272
0.003786044064220
0.003764631940493
0.003749390455131
0.003741052847791
0.003740286194067
0.003747670742398
0.003763678736588
0.003788653490875
0.003822789580053
0.003866115065284
0.003918476691600
0.003979528962317
0.004048727917608
0.004125330320440
0.004208398786498
0.004296813191289
0.004389288454963
0.004484398552893
0.004580606338213
0.004676298502886
0.004769824758083
0.004859540094355
0.004943848798104
0.005021248762793
0.005090374549247
0.005150037624951
0.005199262251152
0.005237315589363
0.005263730763797
0.005278321838485
0.005281189940063
0.005272720069654
0.005253568488167
0.005224640915242
0.005187062138681
0.005142137973527
0.005091310823526
0.005036110368610
0.004978101118112
0.004918828720404
0.004859766997980
0.004802267677929
0.004747514709931
0.004696484909196
0.004649916435431
0.004608286329292
0.004571797986131
0.004540379066594
0.004513689940228
0.004491142348074
0.004471927570154
0.004455053010370
0.004439385780059
0.004423701586131
0.004406737021713
0.004387243225185
0.004364038822822
0.004336060102853
0.004302406483232
0.004262379526596
0.004215514015942
0.004161599922178
0.004100694456951
0.004033123795735
0.003959474461203
0.003880574758778
0.003797467038862
0.003711371908473
0.003623645815198
0.003535733667261
0.003449118326213
0.003365268907490
0.003285589846047
0.003211372629911
0.003143751977274
0.003083668039010
0.003031835957195
0.002988723812310
0.002954539659951
0.002929228005838
0.002912475709716
0.002903726958659
0.002902206621496
0.002906951000937
0.002916844748913
0.002930662512227
0.002947113736010
0.002964888975409
0.002982706052516
0.002999354444462
0.003013736395979
0.003024903409684
0.003032086972036
0.003034722613013
0.003032466662701
0.003025205347092
0.003013056147330
0.002996361620431
0.002975676134988
0.002951746203423
0.002925485285255
0.002897944087782
0.002870277497233
0.002843709333021
0.002819496129906
0.002798891119817
0.002783109510311
0.002773296045636
0.002770495695684
0.002775628155355
0.002789466660305
0.002812621442991
0.002845527973676
0.002888439962140
0.002941426944026
0.003004376146449
0.003076998224715
0.003158836388192
0.003249278389236
0.003347570833672
0.003452835282310
0.003564085646436
0.003680246431427
0.003800171445952
0.003922662663646
0.004046488993863
0.004170404782340
0.004293167916731
0.004413557452037
0.004530390694519
0.004642539688659
0.004748947040481
0.004848640983999
0.004940749558832
0.005024513720507
0.005099299155739
0.005164606528578
0.005220079845539
0.005265512603855
0.005300851381540
0.005326196544603
0.005341799787554
0.005348058289168
0.005345505355042
0.005334797529259
0.005316698284996
0.005292058542551
0.005261794406172
0.005226862650654
0.005188234617117
0.005146869286916
0.005103686386136
0.005059540424555
0.005015196587532
0.004971309374237
0.004928404809863
0.004886866954221
0.004846929287548
0.004808671381700
0.004772021068177
0.004736762101910
0.004702547101081
0.004668915328215
0.004635314676698
0.004601127049166
0.004565696168636
0.004528356757113
0.004488463955034
0.004445421841902
0.004398709954699
0.004347906785083
0.004292709365270
0.004232948220239
0.004168597162841
0.004099777629408
0.004026757486364
0.003949944472367
0.003869874664804
0.003787196563690
0.003702651560812
0.003617051699395
0.003531255723509
0.003446144462940
0.003362596596581
0.003281465786307
0.003203560076753
0.003129624319640
0.003060326211470
0.002996246339081
0.002937872418657
0.002885597700702
0.002839723306758
0.002800464073557
0.002767957315981
0.002742273789813
0.002723430044787
0.002711401312294
0.002706134072072
0.002707557487977
0.002715592991880
0.002730161421885
0.002751187279741
0.002778599854052
0.002812331151142
0.002852310773891
