0.173246039125067
0.172168213122514
0.171123513145078
0.170134120405818
0.169221188887516
0.168404418461054
0.167701656299610
0.167128534448341
0.166698150703958
0.166420799115841
0.166303755455496
0.166351121932302
0.166563734280806
0.166939133129781
0.167471600309267
0.168152259482587
0.168969239230624
0.169907895489770
0.170951089077034
0.172079512948935
0.173272062856652
0.174506244198293
0.175758607147677
0.177005201572506
0.178222042855113
0.179385579504716
0.180473153406416
0.181463443690279
0.182336885521753
0.183076055606168
0.183666016855637
0.184094615473320
0.184352724651509
0.184434430137166
0.184337154070014
0.184061714720336
0.183612321021287
0.182996502077705
0.182224973113527
0.181311440566929
0.180272350230275
0.179126583436977
0.177895107296693
0.176600585853981
0.175266959776183
0.173919002749615
0.172581863168495
0.171280599931162
0.170039721209704
0.168882734932866
0.167831719422037
0.166906922154577
0.166126394008913
0.165505665586643
0.165057471325496
0.164791526133605
0.164714358211508
0.164829200607120
0.165135942894430
0.165631143203127
0.166308099678097
0.167156979337634
0.168165001249669
0.169316669976283
0.170594054366481
0.171977106021057
0.173444011124212
0.174971568843975
0.176535589153917
0.178111302725502
0.179673775483507
0.181198320503439
0.182660900153442
0.184038511735243
0.185309550347961
0.186454143271464
0.187454450827997
0.188294929414698
0.188962553189076
0.189446991715751
0.189740741728990
0.189839212013245
0.189740761237329
0.189446689380498
0.188961184147062
0.188291224467015
0.187446443813223
0.186438956622004
0.185283151576917
0.183995455900670
0.182594075095031
0.181098712772875
0.179530275341931
0.177910566329437
0.176261975085894
0.174607164480574
0.172968762008764
0.171369058479115
0.169829718147646
0.168371503822044
0.167014020085061
0.165775477388028
0.164672479353429
0.163719835207172
0.162930398844124
0.162314935621077
0.161882017575427
0.161637947390070
0.161586711069245
0.161729958958968
0.162067014441439
0.162594909356228
0.163308444952879
0.164200276959143
0.165261023156094
0.166479391684344
0.167842328163423
0.169335179587367
0.170941872862276
0.172645105774563
0.174426548120480
0.176267050687262
0.178146859752979
0.180045834765451
0.181943666870167
0.183820095982828
0.185655124144634
0.187429222957527
0.189123532973518
0.190720053006950
0.192201817451954
0.193553059819614
0.194759360860802
0.195807779810867
0.196686967481115
0.197387260128163
0.197900753254464
0.198221354729579
0.198344816869916
0.198268747371429
0.197992599252290
0.197517640226650
0.196846902192575
0.195985111772590
0.194938603089796
0.193715214191553
0.192324168742134
0.190775944791419
0.189082132584714
0.187255283505992
0.185308752340313
0.183256535099178
0.181113104672976
0.178893246557844
0.176611896849524
0.174283984605739
0.171924280552915
0.169547253955339
0.167166939278505
0.164796814067620
0.162449689231231
0.160137612674253
0.157871786969183
0.155662501494867
0.153519079214210
0.151449838011287
0.149462066269520
0.147562012150943
0.145754885836272
0.144044873810365
0.142435164130720
0.140927981500085
0.139524630879616
0.138225548326805
0.137030357722312
0.135937932060904
0.134946458021919
0.134053502601475
0.133256080678903
0.132550722499627
0.131933540182130
0.131400292492877
0.130946447275984
0.130567241069081
0.130257735578959
0.130012870826026
0.129827514891344
0.129696510310918
0.129614717256051
0.129577053713912
0.129578532937461
0.129614298467833
0.129679657045227
0.129770109716876
0.129881381424190
0.130009449307655
0.130150569909925
0.130301305387839
0.130458548765909
0.130619548180825
0.130781929982191
0.130943720472638
0.131103365994164
0.131259751000178
0.131412213697158
0.131560558798575
0.131705066908663
0.131846500046074
0.131986102828436
0.132125598868131
0.132267181977276
0.132413501844310
0.132567643924734
0.132733103381882
0.132913753017851
0.133113805246947
0.133337768281077
0.133590396815257
0.133876637618391
0.134201570546592
0.134570345600410
0.134988116740533
0.135459973256469
0.135990869547184
0.136585554220098
0.137248499444207
0.137983831503557
0.138795263489275
0.139686031041791
0.140658832011287
0.141715770844907
0.142858308435897
0.144087218084728
0.145402548127931
0.146803591689506
0.148288863904814
0.149856086861058
0.151502182393835
0.153223272778674
0.155014689261963
0.156870988289077
0.158785975210473
0.160752735179882
0.162763670903370
0.164810546854050
0.166884539534253
0.168976293344704
0.171075981607104
0.173173372281757
0.175257897923271
0.177318729423558
0.179344853100022
0.181325150696252
0.183248481870549
0.185103768752638
0.186880082149094
0.188566728972092
0.190153340453315
0.191629960684048
0.192987134994149
0.194215997646369
0.195308358279556
0.196256786485374
0.197054693850309
0.197696412739342
0.198177271042584
0.198493662053293
0.198643108598382
0.198624320502975
0.198437244441988
0.198083105216749
0.197564437495519
0.196885107076355
0.196050320770203
0.195066624063530
0.193941885803739
0.192685269257747
0.191307189024015
0.189819253430419
0.188234192223107
0.186565769542728
0.184828682391910
0.183038445017743
0.181211259862504
0.179363875969973
0.177513435969594
0.175677312991707
0.173872939088919
0.172117626947217
0.170428386860393
0.168821741108400
0.167313538020315
0.165918768111525
0.164651384759401
0.163524131919420
0.162548381382054
0.161733982028628
0.161089123461012
0.160620216255506
0.160331790926581
0.160226417482999
0.160304647219465
0.160564978114758
0.161003844905851
0.161615634581355
0.162392727691561
0.163325565511732
0.164402742725771
0.165611124924767
0.166935989845288
0.168361190911492
0.169869341299167
0.171442016414312
0.173059972379291
0.174703377850734
0.176352056260170
0.177985735374225
0.179584300920103
0.181128050916188
0.182597947289378
0.183975861351097
0.185244809743729
0.186389177557968
0.187394925458646
0.188249777840014
0.188943389259257
0.189467486665924
0.189815985251593
0.189985076084354
0.189973284061943
0.189781495110653
0.189412951969294
0.188873218322690
0.188170111481910
0.187313604242759
0.186315696983934
0.185190261486035
0.183952858356469
0.182620530327528
0.181211574050448
0.179745293331850
0.178241737046150
0.176721425203866
0.175205066857868
0.173713273683826
0.172266273175121
0.170883625444064
0.169583947619045
0.168384649770240
0.167301686184987
0.166349325648068
0.165539944163420
0.164883843284140
0.164389096899647
0.164061428965884
0.163904124260423
0.163917973803994
0.164101256118277
0.164449754992833
0.164956813917780
0.165613426810156
0.166408364127873
0.167328332933054
0.168358168944134
0.169481058110932
0.170678784766922
0.171932002965620
0.173220527200937
0.174523638351787
0.175820400385732
0.177089983111385
0.178311986090093
0.179466758708923
0.180535711382981
0.181501612898462
0.182348869030444
0.183063777771663
0.183634756789931
0.184052539090274
0.184310333290248
0.184403945418226
0.184331859709173
0.184095276492883
0.183698105937506
0.183146917116805
0.182450842601991
0.181621439526946
0.180672508826388
0.179619875087550
0.178481130173780
0.177275344459860
0.176022750150639
0.174744401723953
0.173461819033670
0.172196619017778
0.170970142269719
0.169803080940083
0.168715114533258
0.167724560144580
0.166848043544992
0.166100197260997
