0.006079413001497
0.006079626627449
0.006079908043462
0.006080272656200
0.006080733966227
0.006081302320933
0.006081983873353
0.006082779802578
0.006083685831488
0.006084692057304
0.006085783091397
0.006086938488240
0.006088133430217
0.006089339625669
0.006090526372262
0.006091661736045
0.006092713797907
0.006093651922674
0.006094448010718
0.006095077696936
0.006095521466206
0.006095765657591
0.006095803331136
0.006095634971283
0.006095268999937
0.006094722070896
0.006094019116337
0.006093193116552
0.006092284566826
0.006091340621244
0.006090413902636
0.006089560981054
0.006088840539760
0.006088311266993
0.006088029532568
0.006088046929147
0.006088407777110
0.006089146707474
0.006090286447561
0.006091835937612
0.006093788902182
0.006096122987437
0.006098799554380
0.006101764189372
0.006104947958422
0.006108269392454
0.006111637149598
0.006114953260026
0.006118116821808
0.006121027985194
0.006123592040033
0.006125723408472
0.006127349343771
0.006128413146505
0.006128876731151
0.006128722407983
0.006127953785467
0.006126595744509
0.006124693485204
0.006122310696004
0.006119526941551
0.006116434405845
0.006113134159513
0.006109732141904
0.006106335059156
0.006103046398046
0.006099962742401
0.006097170555424
0.006094743558991
0.006092740802167
0.006091205468519
0.006090164427966
0.006089628496915
0.006089593332726
0.006090040857587
0.006090941084279
0.006092254203334
0.006093932788173
0.006095923981689
0.006098171543575
0.006100617660958
0.006103204453577
0.006105875136581
0.006108574836457
0.006111251086243
0.006113854052662
0.006116336568284
0.006118654054830
0.006120764428386
0.006122628073518
0.006124207961419
0.006125469968488
0.006126383427676
0.006126921917604
0.006127064266136
0.006126795718133
0.006126109193653
0.006125006545000
0.006123499710039
0.006121611656234
0.006119377015025
0.006116842319284
0.006114065776586
0.006111116536458
0.006108073438751
0.006105023260650
0.006102058509381
0.006099274834291
0.006096768153905
0.006094631609287
0.006092952463838
0.006091809071088
0.006091268026580
0.006091381608215
0.006092185592930
0.006093697517717
0.006095915431610
0.006098817164093
0.006102360115839
0.006106481561246
0.006111099439415
0.006116113601599
0.006121407478416
0.006126850128719
0.006132298632911
0.006137600795516
0.006142598123533
0.006147129047370
0.006151032348724
0.006154150754166
0.006156334643889
0.006157445812518
0.006157361203641
0.006155976523131
0.006153209619840
0.006149003507708
0.006143328892657
0.006136186062498
0.006127606000077
0.006117650590051
0.006106411808559
0.006094009812552
0.006080589880939
0.006066318201618
0.006051376544971
0.006035955913135
0.006020249302799
0.006004443764496
0.005988711980978
0.005973203618723
0.005958036728172
0.005943289478457
0.005928992510630
0.005915122179638
0.005901594930273
0.005888263017508
0.005874911738724
0.005861258296887
0.005846952362055
0.005831578346574
0.005814659359235
0.005795662758009
0.005774007181489
0.005749070907278
0.005720201362053
0.005686725593119
0.005647961504497
0.005603229661129
0.005551865471189
0.005493231567121
0.005426730219079
0.005351815627966
0.005268005957631
0.005174894975505
0.005072163176961
0.004959588270471
0.004837054898132
0.004704563459881
0.004562237900770
0.004410332310432
0.004249236174199
0.004079478108107
0.003901727907309
0.003716796740933
0.003525635337808
0.003329330027646
0.003129096531809
0.002926271436518
0.002722301328433
0.002518729626499
0.002317181202852
0.002119344946849
0.001926954487262
0.001741767345477
0.001565542844387
0.001400019141145
0.001246889784877
0.001107780221580
0.000984224676731
0.000877643841737
0.000789323773699
0.000720396390402
0.000671821905672
0.000644373506322
0.000638624523226
0.000654938297773
0.000693460893303
0.000754116750758
0.000836607340203
0.000940412815792
0.001064796641629
0.001208813119572
0.001371317716861
0.001550980060696
0.001746299437573
0.001955622606461
0.002177163705942
0.002409026005921
0.002649225224348
0.002895714099075
0.003146407875418
0.003399210342463
0.003652040027414
0.003902856139043
0.004149683840493
0.004390638430017
0.004623948017029
0.004847974301134
0.005061231093774
0.005262400265619
0.005450344856696
0.005624119148943
0.005782975570089
0.005926368370978
0.006053954092588
0.006165588911248
0.006261323017851
0.006341392246784
0.006406207220581
0.006456340315504
0.006492510780435
0.006515568356492
0.006526475748137
0.006526290289397
0.006516145132754
0.006497230265379
0.006470773629815
0.006438022596301
0.006400226003760
0.006358616957920
0.006314396549583
0.006268718634637
0.006222675800468
0.006177286630889
0.006133484372919
0.006092107102656
0.006053889482828
0.006019456199630
0.005989317159775
0.005963864518597
0.005943371595409
0.005927993712117
0.005917770965006
0.005912632907570
0.005912405084961
0.005916817319262
0.005925513600818
0.005938063396491
0.005953974143034
0.005972704655252
0.005993679146525
0.006016301535711
0.006039969701158
0.006064089340699
0.006088087106827
0.006111422708553
0.006133599705131
0.006154174760482
0.006172765178790
0.006189054599054
0.006202796786568
0.006213817519657
0.006222014627636
0.006227356288455
0.006229877739587
0.006229676591935
0.006226906962719
0.006221772659205
0.006214519651012
0.006205428065448
0.006194803929236
0.006182970862799
0.006170261911913
0.006157011677817
0.006143548882679
0.006130189484061
0.006117230430851
0.006104944134696
0.006093573715416
0.006083329066035
0.006074383772222
0.006066872911285
0.006060891746328
0.006056495320878
0.006053698947228
0.006052479567514
0.006052777949866
0.006054501663073
0.006057528752724
0.006061712020823
0.006066883790584
0.006072861020204
0.006079450615212
0.006086454780086
0.006093676247273
0.006100923226345
0.006108013928052
0.006114780537180
0.006121072533648
0.006126759291755
0.006131731921201
0.006135904348454
0.006139213670874
0.006141619846768
0.006143104810091
0.006143671117315
0.006143340244993
0.006142150659028
0.006140155770976
0.006137421883338
0.006134026206150
0.006130055002999
0.006125601897904
0.006120766347620
0.006115652259073
0.006110366710857
0.006105018722833
0.006099718010017
0.006094573656912
0.006089692656219
0.006085178270963
0.006081128200262
0.006077632554612
0.006074771674683
0.006072613855742
0.006071213065846
0.006070606767323
0.006070813966092
0.006071833620200
0.006073643536797
0.006076199874994
0.006079437351113
0.006083270213416
0.006087594017326
0.006092288191141
0.006097219339087
0.006102245185656
0.006107219025559
0.006111994509667
0.006116430571650
0.006120396284225
0.006123775429579
0.006126470575939
0.006128406471503
0.006129532596915
0.006129824756686
0.006129285636115
0.006127944300758
0.006125854667260
0.006123093024427
0.006119754728830
0.006115950237256
0.006111800666998
0.006107433092592
0.006102975793547
0.006098553661753
0.006094283960367
0.006090272599547
0.006086611060329
0.006083374058786
0.006080618000863
0.006078380236781
0.006076679085033
0.006075514562037
0.006074869726065
0.006074712524351
0.006074998020686
0.006075670877233
0.006076667968067
0.006077921011834
0.006079359125431
0.006080911218133
0.006082508164260
0.006084084710969
0.006085581094498
0.006086944352487
0.006088129331140
0.006089099394009
0.006089826844229
0.006090293074793
0.006090488462707
