0.020600261506556
0.020600570211836
0.020600705801927
0.020600578057804
0.020600108573781
0.020599231900894
0.020597896385451
0.020596064727504
0.020593714283774
0.020590837136894
0.020587439948492
0.020583543608358
0.020579182686429
0.020574404689364
0.020569269119722
0.020563846333747
0.020558216194148
0.020552466517194
0.020546691319283
0.020540988876707
0.020535459623310
0.020530203923621
0.020525319772804
0.020520900488428
0.020517032471221
0.020513793121336
0.020511249001814
0.020509454340771
0.020508449957511
0.020508262684758
0.020508905339745
0.020510377271531
0.020512665481961
0.020515746284841
0.020519587434352
0.020524150621883
0.020529394212781
0.020535276073355
0.020541756325751
0.020548799865597
0.020556378485245
0.020564472464172
0.020573071516706
0.020582175024291
0.020591791522682
0.020601937461029
0.020612635296688
0.020623911033572
0.020635791349776
0.020648300489434
0.020661457111931
0.020675271297318
0.020689741899344
0.020704854417136
0.020720579524425
0.020736872353230
0.020753672579894
0.020770905308512
0.020788482693762
0.020806306195731
0.020824269317034
0.020842260640577
0.020860166967216
0.020877876347911
0.020895280815484
0.020912278646127
0.020928776018972
0.020944687990493
0.020959938755930
0.020974461228122
0.020988196020634
0.021001089972492
0.021013094392042
0.021024163224117
0.021034251355362
0.021043313266045
0.021051302213149
0.021058170090362
0.021063868058570
0.021068347979347
0.021071564618252
0.021073478519457
0.021074059393345
0.021073289808775
0.021071168945654
0.021067716144083
0.021062973985219
0.021057010656434
0.021049921388030
0.021041828798476
0.021032882046233
0.021023254754578
0.021013141746684
0.021002754696869
0.020992316865794
0.020982057138679
0.020972203623177
0.020962977085499
0.020954584508722
0.020947213046400
0.020941024618874
0.020936151361432
0.020932692085695
0.020930709861818
0.020930230772951
0.020931243838497
0.020933702052328
0.020937524438908
0.020942598996300
0.020948786371366
0.020955924099553
0.020963831238994
0.020972313234980
0.020981166864649
0.020990185130698
0.020999161994984
0.021007896865684
0.021016198773387
0.021023890190396
0.021030810462597
0.021036818833858
0.021041797049132
0.021045651524619
0.021048315072362
0.021049748163693
0.021049939712044
0.021048907352217
0.021046697191088
0.021043383004862
0.021039064860794
0.021033867147054
0.021027936002843
0.021021436151937
0.021014547155684
0.021007459115874
0.021000367872982
0.020993469760666
0.020986955992483
0.020981006771228
0.020975785224588
0.020971431282723
0.020968055623283
0.020965733816903
0.020964500810657
0.020964345887613
0.020965208236805
0.020966973258870
0.020969469717811
0.020972467828595
0.020975678343644
0.020978752669568
0.020981284009677
0.020982809489925
0.020982813187989
0.020980729949927
0.020975949848949
0.020967823118996
0.020955665384355
0.020938763007282
0.020916378389509
0.020887755090571
0.020852122665310
0.020808701172482
0.020756705363466
0.020695348620917
0.020623846777809
0.020541422003430
0.020447306990454
0.020340749712374
0.020221019040476
0.020087411511768
0.019939259522693
0.019775941187725
0.019596892047736
0.019401618741907
0.019189714671111
0.018960877583031
0.018714928903033
0.018451834523493
0.018171726651678
0.017874926206209
0.017561965148512
0.017233608042404
0.016890872056065
0.016535044560091
0.016167697436891
0.015790697204302
0.015406210073266
0.015016701108833
0.014624926747887
0.014233920047230
0.013846968192158
0.013467581987106
0.013099457273374
0.012746428469613
0.012412414701949
0.012101359273954
0.011817163511899
0.011563616296587
0.011344320846932
0.011162620539749
0.011021525722343
0.010923643587814
0.010871113227600
0.010865547944014
0.010907986792760
0.010998857130467
0.011137949667846
0.011324407182098
0.011556727633342
0.011832781973845
0.012149846453640
0.012504648731991
0.012893426623301
0.013311997860690
0.013755838872421
0.014220170255106
0.014700046409548
0.015190446692182
0.015686365433937
0.016182898289958
0.016675322602561
0.017159169774802
0.017630288046265
0.018084894514596
0.018519615730976
0.018931516688266
0.019318118489663
0.019677405407700
0.020007822395420
0.020308264375715
0.020578058798723
0.020816943015586
0.021025037971461
0.021202819580456
0.021351088925610
0.021470942149318
0.021563740588879
0.021631081395666
0.021674768582535
0.021696784198544
0.021699259154955
0.021684443138335
0.021654673054815
0.021612339555487
0.021559851389603
0.021499597604306
0.021433907934935
0.021365012080110
0.021294998899350
0.021225776874814
0.021159037411480
0.021096222684280
0.021038499755633
0.020986742570218
0.020941523183582
0.020903113205890
0.020871495960962
0.020846389302473
0.020827278430254
0.020813457451701
0.020804077879952
0.020798201794130
0.020794857045095
0.020793091702522
0.020792024924836
0.020790891599457
0.020789078440489
0.020786149724940
0.020781861465429
0.020776163516234
0.020769189842744
0.020761237901504
0.020752738729249
0.020744219879730
0.020736263739988
0.020729463977220
0.020724382900797
0.020721512372266
0.020721240573994
0.020723826481198
0.020729383309365
0.020737871573066
0.020749101740010
0.020762745842469
0.020778356859712
0.020795394245302
0.020813253668104
0.020831298880261
0.020848893622197
0.020865431615057
0.020880362955991
0.020893215593996
0.020903610990613
0.020911273524975
0.020916033650857
0.020917825222121
0.020916677745084
0.020912704572137
0.020906088208739
0.020897063963081
0.020885903129411
0.020872896775085
0.020858341015838
0.020842524435510
0.020825718058641
0.020808168039681
0.020790091011045
0.020771671849843
0.020753063490654
0.020734388334210
0.020715740778788
0.020697190426821
0.020678785583783
0.020660556757414
0.020642519968616
0.020624679787404
0.020607032095843
0.020589566645639
0.020572269515178
0.020555125577314
0.020538121067237
0.020521246294532
0.020504498483240
0.020487884657881
0.020471424431936
0.020455152507580
0.020439120668690
0.020423399048183
0.020408076477141
0.020393259775176
0.020379071914424
0.020365649076160
0.020353136710387
0.020341684795411
0.020331442567144
0.020322553039005
0.020315147657247
0.020309341430639
0.020305228837908
0.020302880754568
0.020302342558511
0.020303633478889
0.020306747154194
0.020311653272146
0.020318300084362
0.020326617529529
0.020336520664612
0.020347913096648
0.020360690127327
0.020374741366180
0.020389952630689
0.020406207026971
0.020423385185763
0.020441364708298
0.020460018948993
0.020479215321394
0.020498813356792
0.020518662769314
0.020538601786520
0.020558455991599
0.020578037894308
0.020597147405645
0.020615573339256
0.020633096004161
0.020649490891832
0.020664533398831
0.020678004466806
0.020689696966687
0.020699422605435
0.020707019093221
0.020712357278039
0.020715347934919
0.020715947889328
0.020714165160316
0.020710062829151
0.020703761374002
0.020695439260382
0.020685331639306
0.020673727078620
0.020660962334652
0.020647415257549
0.020633496010136
0.020619636861953
0.020606280892858
0.020593869999567
0.020582832640244
0.020573571773964
0.020566453452125
0.020561796497402
0.020559863663967
0.020560854612631
0.020564900959785
0.020572063573602
0.020582332199352
0.020595627402515
0.020611804727912
0.020630660889233
0.020651941729329
0.020675351629917
0.020700564001688
