0.001534166677624
0.001534103006151
0.001534537191503
0.001535452572470
0.001536809781672
0.001538548400840
0.001540589614063
0.001542839743260
0.001545194508021
0.001547543816907
0.001549776870910
0.001551787343429
0.001553478395593
0.001554767291468
0.001555589394331
0.001555901352270
0.001555683317497
0.001554940087516
0.001553701105539
0.001552019310205
0.001549968878124
0.001547641954771
0.001545144517140
0.001542591553291
0.001540101777314
0.001537792121804
0.001535772262410
0.001534139429808
0.001532973753334
0.001532334357974
0.001532256403359
0.001532749211305
0.001533795579157
0.001535352321952
0.001537352029686
0.001539705969382
0.001542308007793
0.001545039382016
0.001547774104286
0.001550384755767
0.001552748403769
0.001554752368605
0.001556299570643
0.001557313205069
0.001557740520589
0.001557555517795
0.001556760431179
0.001555385913929
0.001553489903980
0.001551155210746
0.001548485921642
0.001545602783199
0.001542637760647
0.001539728019946
0.001537009605439
0.001534611103201
0.001532647583735
0.001531215107752
0.001530386055622
0.001530205505631
0.001530688840005
0.001531820702698
0.001533555371737
0.001535818544121
0.001538510465962
0.001541510277618
0.001544681386025
0.001547877626936
0.001550949940685
0.001553753258396
0.001556153282463
0.001558032846576
0.001559297556428
0.001559880442160
0.001559745396142
0.001558889223182
0.001557342192302
0.001555167047021
0.001552456501665
0.001549329321318
0.001545925149407
0.001542398306519
0.001538910834058
0.001535625094338
0.001532696262823
0.001530265057211
0.001528451041296
0.001527346819213
0.001527013398552
0.001527476950538
0.001528727134096
0.001530717080823
0.001533365062891
0.001536557788881
0.001540155197187
0.001543996546285
0.001547907539115
0.001551708168078
0.001555220930069
0.001558279039489
0.001560734262386
0.001562464007320
0.001563377337698
0.001563419615244
0.001562575542964
0.001560870445997
0.001558369707105
0.001555176356643
0.001551426901158
0.001547285556266
0.001542937124544
0.001538578824329
0.001534411427383
0.001530630099951
0.001527415360813
0.001524924570538
0.001523284347895
0.001522584272970
0.001522872183244
0.001524151301013
0.001526379350875
0.001529469737984
0.001533294765389
0.001537690775898
0.001542465014975
0.001547403930091
0.001552282552466
0.001556874552728
0.001560962525046
0.001564348036994
0.001566860985565
0.001568367823695
0.001568778265527
0.001568050140809
0.001566192146688
0.001563264335578
0.001559376276777
0.001554682932882
0.001549378395154
0.001543687720306
0.001537857200173
0.001532143471348
0.001526801930493
0.001522074959853
0.001518180484430
0.001515301376237
0.001513576192006
0.001513091679536
0.001513877416466
0.001515902856575
0.001519076956239
0.001523250441892
0.001528220662905
0.001533738858347
0.001539519555719
0.001545251719918
0.001550611185979
0.001555273843482
0.001558928997205
0.001561292309834
0.001562117739644
0.001561207919114
0.001558422478563
0.001553683899878
0.001546980586267
0.001538366950681
0.001527960453238
0.001515935651582
0.001502515461679
0.001487959954655
0.001472553132064
0.001456588222428
0.001440352121305
0.001424109651798
0.001408088349467
0.001392464473462
0.001377350913772
0.001362787603627
0.001348734958234
0.001335070749331
0.001321590693645
0.001308012887282
0.001293986063147
0.001279101490690
0.001262908183169
0.001244930933336
0.001224690570021
0.001201725720995
0.001175615286195
0.001146000773671
0.001112607630843
0.001075264717146
0.001033921110710
0.000988659520136
0.000939705679854
0.000887433240294
0.000832363817261
0.000775162032857
0.000716625556686
0.000657670334419
0.000599311364212
0.000542639543554
0.000488795253629
0.000438939469910
0.000394223281733
0.000355756766697
0.000324578195462
0.000301624537962
0.000287704203373
0.000283472875151
0.000289413201614
0.000305818976068
0.000332784293005
0.000370198004053
0.000417743625285
0.000474904672429
0.000540975228897
0.000615075389485
0.000696171075640
0.000783097591491
0.000874586187241
0.000969292821346
0.001065828266916
0.001162788691911
0.001258785856527
0.001352476113184
0.001442587462247
0.001527944006564
0.001607487255922
0.001680293853877
0.001745589429090
0.001802758406015
0.001851349740592
0.001891078670548
0.001921824682909
0.001943625999558
0.001956670962436
0.001961286761206
0.001957925986920
0.001947151515240
0.001929620222917
0.001906066023107
0.001877282670994
0.001844106744010
0.001807401143978
0.001768039405313
0.001726891027582
0.001684807985719
0.001642612510276
0.001601086175903
0.001560960291169
0.001522907548244
0.001487534867850
0.001455377363375
0.001426893347450
0.001402460313564
0.001382371842516
0.001366835406499
0.001355971069783
0.001349811111677
0.001348300621855
0.001351299137758
0.001358583406340
0.001369851356020
0.001384727358140
0.001402768839763
0.001423474281378
0.001446292594650
0.001470633828183
0.001495881095389
0.001521403560412
0.001546570258626
0.001570764470726
0.001593398317047
0.001613927194822
0.001631863648499
0.001646790244697
0.001658371020761
0.001666361090768
0.001670614025673
0.001671086674934
0.001667841164428
0.001661043887747
0.001650961402519
0.001637953246859
0.001622461799514
0.001604999416480
0.001586133182405
0.001566467712327
0.001546626523996
0.001527232569286
0.001508888561470
0.001492157760942
0.001477545883411
0.001465484770816
0.001456318416535
0.001450291863937
0.001447543403342
0.001448100380143
0.001451878800200
0.001458686782371
0.001468231767368
0.001480131252477
0.001493926688631
0.001509100055167
0.001525092523415
0.001541324537298
0.001557216581056
0.001572209873545
0.001585786226952
0.001597486335501
0.001606925816033
0.001613808405317
0.001617935825403
0.001619213954358
0.001617655080412
0.001613376167321
0.001606593211920
0.001597611925066
0.001586815108716
0.001574647228892
0.001561596791787
0.001548177213802
0.001534906932641
0.001522289533298
0.001510794658873
0.001500840441752
0.001492778127166
0.001486879471131
0.001483327381873
0.001482210142652
0.001483519409808
0.001487152028632
0.001492915557485
0.001500537243663
0.001509676058680
0.001519937281448
0.001530889020057
0.001542079990297
0.001553057824648
0.001563387170775
0.001572666854088
0.001580545423821
0.001586734474331
0.001591019229795
0.001593265997039
0.001593426222981
0.001591537034515
0.001587718283756
0.001582166264405
0.001575144399613
0.001566971322717
0.001558006874644
0.001548636621505
0.001539255549918
0.001530251623749
0.001521989883537
0.001514797739141
0.001508952048686
0.001504668495362
0.001502093671664
0.001501300162683
0.001502284791251
0.001504970053547
0.001509208639881
0.001514790807455
0.001521454255265
0.001528896050694
0.001536786076908
0.001544781413087
0.001552541027843
0.001559740161155
0.001566083791548
0.001571318631956
0.001575243167423
0.001577715337366
0.001578657570427
0.001578058996393
0.001575974782182
0.001572522662065
0.001567876851082
0.001562259639716
0.001555931062999
0.001549177114260
0.001542297029698
0.001535590202659
0.001529343294808
0.001523818095244
0.001519240638966
0.001515792034969
0.001513601374507
0.001512740995340
0.001513224272398
0.001515005993835
0.001517985268929
0.001522010805430
0.001526888293586
0.001532389546296
0.001538262973446
0.001544244916215
0.001550071336216
