0.005208706180130
0.005210580282980
0.005212779554336
0.005215224709638
0.005217827041009
0.005220491499248
0.005223120042267
0.005225615133941
0.005227883270322
0.005229838407475
0.005231405166894
0.005232521700645
0.005233142108811
0.005233238316249
0.005232801333585
0.005231841848278
0.005230390114671
0.005228495136511
0.005226223160589
0.005223655525005
0.005220885929273
0.005218017215148
0.005215157765904
0.005212417647061
0.005209904622769
0.005207720188550
0.005205955762847
0.005204689176365
0.005203981589907
0.005203874958207
0.005204390139764
0.005205525731325
0.005207257681156
0.005209539708431
0.005212304527849
0.005215465849924
0.005218921099310
0.005222554767006
0.005226242288331
0.005229854317984
0.005233261257176
0.005236337876326
0.005238967870654
0.005241048185508
0.005242492953481
0.005243236896318
0.005243238060897
0.005242479779747
0.005240971772024
0.005238750329697
0.005235877565005
0.005232439727987
0.005228544635854
0.005224318288125
0.005219900771560
0.005215441585948
0.005211094544691
0.005207012422091
0.005203341531441
0.005200216424036
0.005197754898653
0.005196053503826
0.005195183701491
0.005195188840638
0.005196082064105
0.005197845241276
0.005200428985287
0.005203753776409
0.005207712174867
0.005212172067756
0.005216980857233
0.005221970462242
0.005226962974736
0.005231776785084
0.005236232970943
0.005240161730196
0.005243408632327
0.005245840464016
0.005247350454082
0.005247862679864
0.005247335481446
0.005245763740924
0.005243179920452
0.005239653793806
0.005235290850384
0.005230229396523
0.005224636425092
0.005218702369030
0.005212634896213
0.005206651940234
0.005200974193024
0.005195817309464
0.005191384090301
0.005187856916947
0.005185390709767
0.005184106670007
0.005184087044802
0.005185371125177
0.005187952649491
0.005191778740394
0.005196750453433
0.005202724961616
0.005209519344130
0.005216915890994
0.005224668780575
0.005232511935514
0.005240167816572
0.005247356874888
0.005253807352673
0.005259265101686
0.005263503078944
0.005266330180553
0.005267599087687
0.005267212823288
0.005265129753655
0.005261366814727
0.005256000797256
0.005249167586742
0.005241059320923
0.005231919497789
0.005222036138210
0.005211733176921
0.005201360321519
0.005191281678857
0.005181863499670
0.005173461433430
0.005166407714645
0.005160998717712
0.005157483319145
0.005156052492965
0.005156830537282
0.005159868288046
0.005165138620628
0.005172534472567
0.005181869543513
0.005192881743172
0.005205239367586
0.005218549891072
0.005232371168623
0.005246224754547
0.005259610960644
0.005272025204116
0.005282975134529
0.005291997982663
0.005298677544242
0.005302660199614
0.005303669377706
0.005301517899266
0.005296117680418
0.005287486342189
0.005275750353408
0.005261144431341
0.005244007034080
0.005224771898084
0.005203955699947
0.005182142049803
0.005159962150886
0.005138072581659
0.005117130769632
0.005097768825836
0.005080566492261
0.005066024018374
0.005054535824426
0.005046365826612
0.005041625290876
0.005040254047559
0.005042005838345
0.005046438480845
0.005052909426438
0.005060577155945
0.005068408708522
0.005075193475518
0.005079563217161
0.005080018080508
0.005074958217106
0.005062720423288
0.005041619060187
0.005009990359377
0.004966239088184
0.004908886440519
0.004836617938339
0.004748330078424
0.004643174441643
0.004520597998386
0.004380378395158
0.004222653092791
0.004047941345129
0.003857158155892
0.003651619527581
0.003433038515707
0.003203511819448
0.002965496870814
0.002721779622572
0.002475433474437
0.002229770011108
0.001988282448230
0.001754582887291
0.001532334662059
0.001325181212197
0.001136673039675
0.000970194386769
0.000828891318047
0.000715602890937
0.000632797059551
0.000582512874867
0.000566310422445
0.000585229779354
0.000639760078347
0.000729819544121
0.000854747119082
0.001013306030416
0.001203699373044
0.001423597501055
0.001670176740720
0.001940168668102
0.002229918940674
0.002535454441608
0.002852557293580
0.003176844131215
0.003503848892074
0.003829107298807
0.004148241162033
0.004457040635867
0.004751542605851
0.005028103481161
0.005283464797052
0.005514810206232
0.005719812644775
0.005896670694054
0.006044133419008
0.006161513238250
0.006248686666054
0.006306083052993
0.006334661733602
0.006335878258905
0.006311640642253
0.006264256772350
0.006196374342295
0.006110914803045
0.006011002970326
0.005899893992926
0.005780899425962
0.005657314144633
0.005532345782914
0.005409048289392
0.005290261061932
0.005178554957839
0.005076186281492
0.004985059632409
0.004906700259377
0.004842236317112
0.004792391167470
0.004757485614240
0.004737449715541
0.004731843587071
0.004739886398663
0.004760492580967
0.004792314102950
0.004833787557848
0.004883184707767
0.004938665086955
0.004998329251317
0.005060271286641
0.005122629248725
0.005183632302715
0.005241643453288
0.005295196907714
0.005343029285746
0.005384104078524
0.005417628957740
0.005443065740600
0.005460133019853
0.005468801665861
0.005469283594082
0.005462014361570
0.005447630305908
0.005426941065806
0.005400898421483
0.005370562462963
0.005337066134282
0.005301579211098
0.005265272748795
0.005229284989349
0.005194689640031
0.005162467338400
0.005133480999372
0.005108455605399
0.005087962854229
0.005072410924862
0.005062039465807
0.005056919755123
0.005056959833406
0.005061914273007
0.005071398122915
0.005084904462322
0.005101824909226
0.005121472365775
0.005143105240410
0.005165952369024
0.005189237862941
0.005212205139880
0.005234139443581
0.005254388226394
0.005272378854349
0.005287633192867
0.005299778740180
0.005308556090993
0.005313822631449
0.005315552484208
0.005313832836116
0.005308856887014
0.005300913753856
0.005290375746803
0.005277683501237
0.005263329500083
0.005247840553326
0.005231759815773
0.005215628919921
0.005199970778977
0.005185273576744
0.005171976407907
0.005160456966311
0.005151021602399
0.005143897986905
0.005139230528798
0.005137078604427
0.005137417564558
0.005140142399463
0.005145073861837
0.005151966775646
0.005160520197809
0.005170389050764
0.005181196808461
0.005192548797082
0.005204045664973
0.005215296583820
0.005225931764314
0.005235613903436
0.005244048225661
0.005250990835040
0.005256255157390
0.005259716319404
0.005261313382218
0.005261049418410
0.005258989491329
0.005255256661795
0.005250026207642
0.005243518294396
0.005235989379193
0.005227722663582
0.005219017933353
0.005210181134503
0.005201514033845
0.005193304300898
0.005185816325172
0.005179283050825
0.005173899070195
0.005169815170338
0.005167134474197
0.005165910262252
0.005166145503197
0.005167794065437
0.005170763526691
0.005174919448537
0.005180090937815
0.005186077278843
0.005192655390370
0.005199587839976
0.005206631136714
0.005213544020237
0.005220095471548
0.005226072186183
0.005231285274553
0.005235575985242
0.005238820284197
0.005240932164523
0.005241865606570
0.005241615154628
0.005240215123252
0.005237737491438
0.005234288585190
0.005230004687063
0.005225046743846
0.005219594369834
0.005213839362171
0.005207978956335
0.005202209053454
0.005196717647081
0.005191678665466
0.005187246426827
0.005183550880384
0.005180693776002
0.005178745871112
0.005177745246580
0.005177696764525
0.005178572662055
0.005180314236926
0.005182834545328
0.005186021999641
0.005189744725977
0.005193855518626
