0.178574451579783
0.179165608137298
0.179851294943272
0.180606915495691
0.181405677233063
0.182219683626417
0.183021093944317
0.183783300368982
0.184482070181142
0.185096601258080
0.185610442181039
0.186012233724988
0.186296236169291
0.186462616362162
0.186517479329196
0.186472640893121
0.186345149676766
0.186156578390079
0.185932114873222
0.185699492454836
0.185487806346842
0.185326267701617
0.185242949397539
0.185263577520296
0.185410419930416
0.185701318437007
0.186148904229776
0.186760027740405
0.187535424460019
0.188469627917135
0.189551130515220
0.190762782718130
0.192082411591554
0.193483631335830
0.194936811481882
0.196410163087025
0.197870899693565
0.199286428048693
0.200625523599009
0.201859447467176
0.202962964835179
0.203915229196802
0.204700502568860
0.205308688215308
0.205735659482386
0.205983375710236
0.206059783630993
0.205978509954531
0.205758357769252
0.205422625757357
0.204998274874713
0.204514971932208
0.204004043319221
0.203497374836566
0.203026295187196
0.202620481066422
0.202306920985821
0.202108972972879
0.202045548160503
0.202130448097821
0.202371878491458
0.202772156172391
0.203327619556341
0.204028745931479
0.204860471793753
0.205802705400916
0.206831013980599
0.207917461852924
0.209031570348196
0.210141366025801
0.211214480509021
0.212219263377413
0.213125869088664
0.213907279866096
0.214540228858150
0.215005991566420
0.215291018407693
0.215387387131491
0.215293060424773
0.215011941135047
0.214553724848388
0.213933556779221
0.213171506781560
0.212291882513564
0.211322406148162
0.210293284333494
0.209236204229483
0.208183290296864
0.207166057065917
0.206214392392417
0.205355603798617
0.204613557523450
0.204007936030992
0.203553635139053
0.203260316835773
0.203132128461681
0.203167593453031
0.203359673460370
0.203695996544220
0.204159241449974
0.204727663790646
0.205375746401101
0.206074953224714
0.206794563879388
0.207502564528422
0.208166569838805
0.208754750617269
0.209236742136609
0.209584509159543
0.209773145190431
0.209781585491212
0.209593215840283
0.209196361843653
0.208584646774518
0.207757209363166
0.206718776618133
0.205479590557279
0.204055191578420
0.202466065008018
0.200737161029063
0.198897301596215
0.196978490986452
0.195015149200049
0.193043289422698
0.191099662104222
0.189220888843664
0.187442609162809
0.185798662398864
0.184320325383047
0.183035624358606
0.181968736822032
0.181139495764165
0.180563005281538
0.180249372873327
0.180203560089694
0.180425349702627
0.180909424366407
0.181645548937226
0.182618846319015
0.183810154953438
0.185196454901884
0.186751348869367
0.188445584457651
0.190247604345155
0.192124111891701
0.194040640761541
0.195962118446739
0.197853414955666
0.199679869316146
0.201407787852740
0.203004909373228
0.204440833402134
0.205687408412323
0.206719077632723
0.207513180472879
0.208050207939421
0.208314010670784
0.208291958434766
0.207975050167348
0.207357973923641
0.206439116495818
0.205220522948354
0.203707806932886
0.201910013363357
0.199839435832524
0.197511391997079
0.194943961005349
0.192157687839592
0.189175260143956
0.186021163664059
0.182721322797223
0.179302732918426
0.175793091093922
0.172220431526262
0.168612771609251
0.164997773841631
0.161402428096717
0.157852757922318
0.154373553704265
0.150988134719731
0.147718141379065
0.144583358343282
0.141601568731757
0.138788439309551
0.136157436358966
0.133719771873999
0.131484379735390
0.129457921584985
0.127644822173811
0.126047333960983
0.124665630648028
0.123497929112463
0.122540638835837
0.121788537401147
0.121234969975668
0.120872069927808
0.120690996894864
0.120682187778935
0.120835615363184
0.121141048575430
0.121588307941234
0.122167509516599
0.122869290609409
0.123685010909684
0.124606923253669
0.125628309126878
0.126743575129279
0.127948307927625
0.129239286639123
0.130614453052638
0.132072841521968
0.133614471686923
0.135240208327067
0.136951593577863
0.138750657403612
0.140639712607979
0.142621140771688
0.144697175356063
0.146869687834043
0.149139982151890
0.151508602138474
0.153975155720342
0.156538159025289
0.159194902714207
0.161941342211482
0.164772012938188
0.167679971206287
0.170656761110322
0.173692407547136
0.176775435384720
0.179892914761348
0.183030532492385
0.186172689559881
0.189302624624654
0.192402563401635
0.195453893552237
0.198437364456064
0.201333310821249
0.204121898580500
0.206783390910677
0.209298431528278
0.211648341679494
0.213815426495733
0.215783285660841
0.217537122674009
0.219064046430841
0.220353358420074
0.221396818576243
0.222188882764380
0.222726905019515
0.223011298030848
0.223045645949275
0.222836764399431
0.222394703577618
0.221732691490674
0.220867015707236
0.219816843415118
0.218603981065904
0.217252576396419
0.215788767101727
0.214240281851035
0.212636000644187
0.211005482662661
0.209378470741164
0.207784382345069
0.206251797462350
0.204807954091790
0.203478262023133
0.202285845359313
0.201251123731967
0.200391441422144
0.199720752637416
0.199249370038891
0.198983782285823
0.198926544904152
0.199076247223614
0.199427556503292
0.199971338715412
0.200694853820093
0.201582021776567
0.202613754034835
0.203768343868797
0.205021907677787
0.206348868324196
0.207722470712713
0.209115319168650
0.210499925750742
0.211849258444458
0.213137278225863
0.214339454258809
0.215433246979727
0.216398549519078
0.217218078787359
0.217877708592594
0.218366738329607
0.218678092060582
0.218808444162666
0.218758269123110
0.218531814488165
0.218136997394087
0.217585226504890
0.216891152533653
0.216072351817469
0.215148948638631
0.214143183128246
0.213078932645433
0.211981195489859
0.210875546670141
0.209787576206334
0.208742321078858
0.207763702431871
0.206873979974530
0.206093235672959
0.205438898759086
0.204925323768273
0.204563432724355
0.204360431690445
0.204319610675326
0.204440234317273
0.204717528862649
0.205142768734392
0.205703463483822
0.206383643195169
0.207164237543005
0.208023540782223
0.208937752087013
0.209881577966578
0.210828881092538
0.211753357893152
0.212629225809972
0.213431900262758
0.214138641194195
0.214729149604091
0.215186095738028
0.215495562538510
0.215647390535381
0.215635413453363
0.215457577329564
0.215115939724258
0.214616549523662
0.213969211719788
0.213187145259089
0.212286545440629
0.211286065295099
0.210206232791739
0.209068822530172
0.207896201736060
0.206710670877892
0.205533819067562
0.204385913631774
0.203285341895422
0.202248121365449
0.201287492217704
0.200413603348341
0.199633300335826
0.198950020550666
0.198363797426896
0.197871372650663
0.197466411803598
0.197139815899054
0.196880118343602
0.196673954221461
0.196506586511621
0.196362471980636
0.196225848118537
0.196081321663433
0.195914439043435
0.195712219487972
0.195463632639956
0.195160004227528
0.194795335695269
0.194366526587495
0.193873491831621
0.193319169772987
0.192709420728490
0.192052819803629
0.191360351596586
0.190645018033683
0.189921373790332
0.189205006414546
0.188511980272481
0.187858264694285
0.187259167163355
0.186728792049345
0.186279544257529
0.185921695311361
0.185663026889285
0.185508563814172
0.185460405076483
0.185517657804326
0.185676475323140
0.185930196720869
0.186269581787348
0.186683131952433
0.187157485009669
0.187677869065010
0.188228599354138
0.188793600366271
0.189356935114758
0.189903323402979
0.190418631528730
