0.020218209976284
0.020218456248911
0.020218701104521
0.020218944545665
0.020219186574884
0.020219427194715
0.020219666407685
0.020219904216312
0.020220140623108
0.020220375630576
0.020220609241210
0.020220841457496
0.020221072281912
0.020221301716927
0.020221529765003
0.020221756428590
0.020221981710132
0.020222205612064
0.020222428136811
0.020222649286790
0.020222869064407
0.020223087472062
0.020223304512144
0.020223520187032
0.020223734499098
0.020223947450702
0.020224159044196
0.020224369281922
0.020224578166214
0.020224785699393
0.020224991883773
0.020225196721657
0.020225400215339
0.020225602367102
0.020225803179220
0.020226002653955
0.020226200793562
0.020226397600283
0.020226593076351
0.020226787223988
0.020226980045406
0.020227171542807
0.020227361718381
0.020227550574309
0.020227738112761
0.020227924335896
0.020228109245861
0.020228292844794
0.020228475134821
0.020228656118059
0.020228835796611
0.020229014172570
0.020229191248019
0.020229367025029
0.020229541505660
0.020229714691959
0.020229886585965
0.020230057189703
0.020230226505186
0.020230394534418
0.020230561279389
0.020230726742079
0.020230890924456
0.020231053828476
0.020231215456082
0.020231375809208
0.020231534889773
0.020231692699685
0.020231849240842
0.020232004515128
0.020232158524415
0.020232311270562
0.020232462755419
0.020232612980820
0.020232761948589
0.020232909660536
0.020233056118461
0.020233201324150
0.020233345279375
0.020233487985899
0.020233629445470
0.020233769659823
0.020233908630683
0.020234046359758
0.020234182848748
0.020234318099336
0.020234452113195
0.020234584891985
0.020234716437351
0.020234846750926
0.020234975834332
0.020235103689175
0.020235230317048
0.020235355719534
0.020235479898199
0.020235602854598
0.020235724590272
0.020235845106750
0.020235964405543
0.020236082488155
0.020236199356070
0.020236315010761
0.020236429453685
0.020236542686285
0.020236654709984
0.020236765526192
0.020236875136291
0.020236983541642
0.020237090743573
0.020237196743369
0.020237301542259
0.020237405141392
0.020237507541807
0.020237608744375
0.020237708749736
0.020237807558176
0.020237905169474
0.020238001582662
0.020238096795671
0.020238190804836
0.020238283604159
0.020238375184267
0.020238465530906
0.020238554622807
0.020238642428661
0.020238728902854
0.020238813979487
0.020238897564031
0.020238979521759
0.020239059661765
0.020239137715035
0.020239213304509
0.020239285904423
0.020239354785430
0.020239418940912
0.020239476988639
0.020239527040287
0.020239566529334
0.020239591985459
0.020239598740633
0.020239580548651
0.020239529095801
0.020239433375681
0.020239278895875
0.020239046678268
0.020238712008346
0.020238242882030
0.020237598091569
0.020236724885315
0.020235556129998
0.020234006899282
0.020231970409442
0.020229313223062
0.020225869645635
0.020221435249227
0.020215759473189
0.020208537275796
0.020199399844032
0.020187904412904
0.020173523301781
0.020155632344075
0.020133498968265
0.020106270282333
0.020072961618580
0.020032446108835
0.019983445977350
0.019924526354575
0.019854092522663
0.019770391594342
0.019671519690903
0.019555435711591
0.019419982764134
0.019262918243192
0.019081953389531
0.018874802929246
0.018639245073548
0.018373191753955
0.018074768478778
0.017742402634214
0.017374918433933
0.016971636068548
0.016532471952013
0.016058036343390
0.015549724082443
0.015009793762219
0.014441430417915
0.013848786782922
0.013236998387912
0.012612168285010
0.011981317980689
0.011352302255147
0.010733686910307
0.010134590080102
0.009564489491220
0.009032999896994
0.008549626722468
0.008123503645293
0.007763123281170
0.007476071233842
0.007268774410081
0.007146274611702
0.007112037949649
0.007167809563813
0.007313521499093
0.007547259445348
0.007865291496622
0.008262159256533
0.008730828671008
0.009262895080484
0.009848834328433
0.010478289508867
0.011140381227069
0.011824028196024
0.012518264663739
0.013212541583128
0.013896999565037
0.014562703416379
0.015201830337190
0.015807806477715
0.016375389363826
0.016900696503739
0.017381183115874
0.017815574211446
0.018203758102176
0.018546649698181
0.018846032672279
0.019104389696954
0.019324729552205
0.019510419033961
0.019665026366688
0.019792181358365
0.019895455954060
0.019978267263014
0.020043803656602
0.020094973243129
0.020134372978122
0.020164275897277
0.020186633470566
0.020203089855151
0.020215004839378
0.020223482476120
0.020229402750300
0.020233454061132
0.020236164775882
0.020237932587331
0.020239050848711
0.020239731444688
0.020240124071560
0.020240332039401
0.020240424875647
0.020240448111077
0.020240430675809
0.020240390337235
0.020240337585724
0.020240278328818
0.020240215699819
0.020240151229524
0.020240085575558
0.020240018955635
0.020239951390618
0.020239882831041
0.020239813216109
0.020239742496309
0.020239670638315
0.020239597622627
0.020239523439266
0.020239448083852
0.020239371554798
0.020239293851603
0.020239214973973
0.020239134921465
0.020239053693402
0.020238971288910
0.020238887706984
0.020238802946546
0.020238717006483
0.020238629885664
0.020238541582950
0.020238452097194
0.020238361427237
0.020238269571910
0.020238176530031
0.020238082300403
0.020237986881814
0.020237890273038
0.020237792472838
0.020237693479957
0.020237593293129
0.020237491911071
0.020237389332489
0.020237285556072
0.020237180580497
0.020237074404427
0.020236967026511
0.020236858445384
0.020236748659667
0.020236637667969
0.020236525468883
0.020236412060990
0.020236297442856
0.020236181613036
0.020236064570068
0.020235946312479
0.020235826838783
0.020235706147478
0.020235584237051
0.020235461105975
0.020235336752708
0.020235211175697
0.020235084373376
0.020234956344164
0.020234827086467
0.020234696598679
0.020234564879181
0.020234431926340
0.020234297738510
0.020234162314035
0.020234025651241
0.020233887748444
0.020233748603949
0.020233608216045
0.020233466583010
0.020233323703108
0.020233179574591
0.020233034195701
0.020232887564663
0.020232739679692
0.020232590538991
0.020232440140748
0.020232288483143
0.020232135564339
0.020231981382490
0.020231825935736
0.020231669222207
0.020231511240017
0.020231351987272
0.020231191462064
0.020231029662473
0.020230866586568
0.020230702232405
0.020230536598030
0.020230369681475
0.020230201480762
0.020230031993900
0.020229861218888
0.020229689153711
0.020229515796347
0.020229341144757
0.020229165196895
0.020228987950700
0.020228809404105
0.020228629555026
0.020228448401371
0.020228265941037
0.020228082171908
0.020227897091860
0.020227710698756
0.020227522990448
0.020227333964778
0.020227143619578
0.020226951952667
0.020226758961856
0.020226564644944
0.020226368999720
0.020226172023963
0.020225973715439
0.020225774071908
0.020225573091116
0.020225370770802
0.020225167108692
0.020224962102504
0.020224755749946
0.020224548048714
0.020224338996496
0.020224128590971
0.020223916829807
0.020223703710662
0.020223489231185
0.020223273389015
0.020223056181784
0.020222837607112
0.020222617662611
0.020222396345883
0.020222173654521
0.020221949586109
0.020221724138224
0.020221497308431
0.020221269094288
0.020221039493343
0.020220808503138
0.020220576121204
0.020220342345062
0.020220107172230
0.020219870600212
0.020219632626506
0.020219393248603
0.020219152463984
0.020218910270123
0.020218666664485
0.020218421644529
0.020218175207703
