0.016570177829476
0.016580858256951
0.016594402377998
0.016610559467881
0.016629077793011
0.016649705396331
0.016672190852362
0.016696283990683
0.016721736586791
0.016748303019421
0.016775740893619
0.016803811628992
0.016832281012711
0.016860919717015
0.016889503781064
0.016917815057168
0.016945641621511
0.016972778149624
0.016999026256970
0.017024194805105
0.017048100173991
0.017070566501104
0.017091425888090
0.017110518575765
0.017127693088371
0.017142806348003
0.017155723760239
0.017166319271995
0.017174475402724
0.017180083250064
0.017183042471113
0.017183261240502
0.017180656186471
0.017175152306161
0.017166682861349
0.017155189255850
0.017140620895811
0.017122935034111
0.017102096600089
0.017078078015792
0.017050858999917
0.017020426360612
0.016986773778280
0.016949901579488
0.016909816503064
0.016866531459447
0.016820065284298
0.016770442487364
0.016717692997551
0.016661851905110
0.016602959201823
0.016541059520016
0.016476201871211
0.016408439385160
0.016337829049984
0.016264431454103
0.016188310530572
0.016109533304449
0.016028169643715
0.015944292014292
0.015857975239620
0.015769296265231
0.015678333928727
0.015585168735513
0.015489882640624
0.015392558836928
0.015293281549963
0.015192135839629
0.015089207408939
0.014984582419966
0.014878347317143
0.014770588657991
0.014661392951377
0.014550846503330
0.014439035270448
0.014326044720901
0.014211959703001
0.014096864321300
0.013980841820166
0.013863974474736
0.013746343489175
0.013628028902112
0.013509109499136
0.013389662732209
0.013269764645854
0.013149489809942
0.013028911258921
0.012908100437298
0.012787127151190
0.012666059525754
0.012544963968288
0.012423905136803
0.012302945913857
0.012182147385443
0.012061568824714
0.011941267680327
0.011821299569197
0.011701718273443
0.011582575741308
0.011463922091840
0.011345805623125
0.011228272823860
0.011111368388053
0.010995135232661
0.010879614517943
0.010764845670353
0.010650866407768
0.010537712766867
0.010425419132480
0.010314018268719
0.010203541351738
0.010094018003933
0.009985476329436
0.009877942950740
0.009771443046309
0.009666000389026
0.009561637385344
0.009458375115002
0.009356233371192
0.009255230701047
0.009155384446335
0.009056710784264
0.008959224768282
0.008862940368785
0.008767870513636
0.008674027128421
0.008581421176351
0.008490062697743
0.008399960849018
0.008311123941136
0.008223559477430
0.008137274190771
0.008052274080030
0.007968564445779
0.007886149925203
0.007805034526187
0.007725221660542
0.007646714176353
0.007569514389417
0.007493624113762
0.007419044691225
0.007345777020077
0.007273821582695
0.007203178472264
0.007133847418516
0.007065827812499
0.006999118730388
0.006933718956326
0.006869627004325
0.006806841139220
0.006745359396686
0.006685179602354
0.006626299390002
0.006568716218882
0.006512427390159
0.006457430062517
0.006403721266924
0.006351297920593
0.006300156840161
0.006250294754100
0.006201708314391
0.006154394107483
0.006108348664562
0.006063568471156
0.006020049976100
0.005977789599885
0.005936783742424
0.005897028790252
0.005858521123191
0.005821257120504
0.005785233166566
0.005750445656077
0.005716890998832
0.005684565624095
0.005653465984578
0.005623588560059
0.005594929860670
0.005567486429863
0.005541254847085
0.005516231730183
0.005492413737562
0.005469797570105
0.005448379972897
0.005428157736743
0.005409127699524
0.005391286747393
0.005374631815832
0.005359159890590
0.005344868008502
0.005331753258229
0.005319812780900
0.005309043770694
0.005299443475362
0.005291009196702
0.005283738290986
0.005277628169372
0.005272676298277
0.005268880199744
0.005266237451793
0.005264745688765
0.005264402601665
0.005265205938503
0.005267153504634
0.005270243163103
0.005274472834989
0.005279840499751
0.005286344195568
0.005293982019678
0.005302752128702
0.005312652738963
0.005323682126775
0.005335838628709
0.005349120641823
0.005363526623852
0.005379055093341
0.005395704629716
0.005413473873282
0.005432361525132
0.005452366346964
0.005473487160774
0.005495722848434
0.005519072351120
0.005543534668590
0.005569108858281
0.005595794034219
0.005623589365727
0.005652494075890
0.005682507439796
0.005713628782497
0.005745857476691
0.005779192940104
0.005813634632540
0.005849182052594
0.005885834733988
0.005923592241533
0.005962454166667
0.006002420122570
0.006043489738828
0.006085662655615
0.006128938517382
0.006173316966029
0.006218797633538
0.006265380134035
0.006313064055287
0.006361848949580
0.006411734323983
0.006462719629969
0.006514804252372
0.006567987497667
0.006622268581551
0.006677646615811
0.006734120594468
0.006791689379167
0.006850351683826
0.006910106058502
0.006970950872485
0.007032884296610
0.007095904284760
0.007160008554585
0.007225194567404
0.007291459507310
0.007358800259463
0.007427213387586
0.007496695110661
0.007567241278837
0.007638847348551
0.007711508356895
0.007785218895215
0.007859973081993
0.007935764535006
0.008012586342805
0.008090431035533
0.008169290555120
0.008249156224880
0.008330018718565
0.008411868028903
0.008494693435673
0.008578483473374
0.008663225898531
0.008748907656703
0.008835514849257
0.008923032699978
0.009011445521575
0.009100736682175
0.009190888571876
0.009281882569450
0.009373699009280
0.009466317148630
0.009559715135354
0.009653869976134
0.009748757505361
0.009844352354790
0.009940627924050
0.010037556352172
0.010135108490232
0.010233253875254
0.010331960705508
0.010431195817338
0.010530924663662
0.010631111294302
0.010731718338278
0.010832706988237
0.010934036987157
0.011035666617499
0.011137552692967
0.011239650553026
0.011341914060370
0.011444295601477
0.011546746090448
0.011649214976277
0.011751650253733
0.011853998478018
0.011956204783371
0.012058212905783
0.012159965209983
0.012261402720870
0.012362465159527
0.012463090983996
0.012563217434943
0.012662780586372
0.012761715401518
0.012859955794047
0.012957434694702
0.013054084123492
0.013149835267541
0.013244618564687
0.013338363792921
0.013431000165733
0.013522456433424
0.013612660990444
0.013701541988757
0.013789027457288
0.013875045427411
0.013959524064493
0.014042391805432
0.014123577502148
0.014203010570938
0.014280621147608
0.014356340248251
0.014430099935535
0.014501833490327
0.014571475588466
0.014638962482464
0.014704232187885
0.014767224674151
0.014827882059440
0.014886148809394
0.014941971939235
0.014995301218947
0.015046089381066
0.015094292330674
0.015139869357095
0.015182783346793
0.015223000996947
0.015260493029123
0.015295234402460
0.015327204525735
0.015356387467655
0.015382772164702
0.015406352625801
0.015427128133089
0.015445103438014
0.015460288951977
0.015472700930696
0.015482361651469
0.015489299582469
0.015493549543200
0.015495152855230
0.015494157482276
0.015490618158743
0.015484596505773
0.015476161133883
0.015465387731232
0.015452359136596
0.015437165396102
0.015419903802790
0.015400678918069
0.015379602574180
0.015356793856736
0.015332379066497
0.015306491659509
0.015279272164804
0.015250868078854
0.015221433736057
0.015191130154529
0.015160124856563
0.015128591663141
0.015096710461959
0.015064666948489
0.015032652339654
0.015000863059792
0.014969500398631
0.014938770141117
0.014908882168994
0.014880050034145
0.014852490503807
0.014826423077852
0.014802069478476
0.014779653112692
0.014759398508209
0.014741530723337
