0.007454685446650
0.007492342140068
0.007528916130179
0.007564258811284
0.007598225514820
0.007630677400414
0.007661483312027
0.007690521584038
0.007717681783416
0.007742866374766
0.007765992294949
0.007786992423133
0.007805816930742
0.007822434493777
0.007836833347837
0.007849022163882
0.007859030720833
0.007866910349650
0.007872734122850
0.007876596763886
0.007878614252392
0.007878923104356
0.007877679310701
0.007875056923646
0.007871246287369
0.007866451917821
0.007860890045725
0.007854785846541
0.007848370391129
0.007841877360570
0.007835539577741
0.007829585416318
0.007824235154577
0.007819697346351
0.007816165284414
0.007813813632415
0.007812795299944
0.007813238631614
0.007815244975090
0.007818886685177
0.007824205611469
0.007831212106218
0.007839884577212
0.007850169598136
0.007861982576442
0.007875208966644
0.007889706005578
0.007905304935761
0.007921813673908
0.007939019873991
0.007956694328147
0.007974594644225
0.007992469135743
0.008010060858512
0.008027111727872
0.008043366651350
0.008058577613355
0.008072507651025
0.008084934663534
0.008095655000758
0.008104486781157
0.008111272893016
0.008115883637653
0.008118218977963
0.008118210360595
0.008115822085292
0.008111052200405
0.008103932909335
0.008094530478750
0.008082944645734
0.008069307527599
0.008053782044882
0.008036559874874
0.008017858959924
0.007997920601482
0.007977006177351
0.007955393525690
0.007933373044875
0.007911243563171
0.007889308036227
0.007867869133525
0.007847224777025
0.007827663696258
0.007809461064047
0.007792874275838
0.007778138933348
0.007765465089992
0.007755033811399
0.007746994099432
0.007741460222621
0.007738509490014
0.007738180499259
0.007740471883469
0.007745341575210
0.007752706599932
0.007762443405358
0.007774388727942
0.007788340992292
0.007804062234628
0.007821280536630
0.007839692951482
0.007858968899304
0.007878754004457
0.007898674342228
0.007918341057154
0.007937355309595
0.007955313501212
0.007971812723781
0.007986456369361
0.007998859833514
0.008008656237166
0.008015502087149
0.008019082790727
0.008019117935796
0.008015366246236
0.008007630121356
0.007995759669711
0.007979656150984
0.007959274745114
0.007934626575564
0.007905779923375
0.007872860580373
0.007836051303380
0.007795590346160
0.007751769061950
0.007704928586174
0.007655455626146
0.007603777401601
0.007550355796498
0.007495680798196
0.007440263314418
0.007384627471164
0.007329302505422
0.007274814375056
0.007221677214438
0.007170384767968
0.007121401934829
0.007075156556911
0.007032031578142
0.006992357697484
0.006956406629983
0.006924385080597
0.006896429524495
0.006872601875415
0.006852886110696
0.006837185908244
0.006825323337026
0.006817038629099
0.006811991047763
0.006809760853387
0.006809852355840
0.006811698030348
0.006814663662021
0.006818054473223
0.006821122177350
0.006823072892526
0.006823075839017
0.006820272735025
0.006813787796769
0.006802738240616
0.006786245177468
0.006763444782767
0.006733499619520
0.006695609986786
0.006649025162248
0.006593054404975
0.006527077583458
0.006450555294493
0.006363038340711
0.006264176438468
0.006153726033578
0.006031557109858
0.005897658884762
0.005752144297344
0.005595253206350
0.005427354230285
0.005248945176598
0.005060652023568
0.004863226435780
0.004657541812048
0.004444587882982
0.004225463893890
0.004001370427000
0.003773599934870
0.003543526074009
0.003312591943867
0.003082297351283
0.002854185233912
0.002629827387883
0.002410809654894
0.002198716731843
0.001995116771986
0.001801545950316
0.001619493167469
0.001450385065840
0.001295571528944
0.001156311830295
0.001033761591311
0.000928960699161
0.000842822324987
0.000776123170837
0.000729495059954
0.000703417969943
0.000698214591966
0.000714046481638
0.000750911848912
0.000808645015170
0.000886917546229
0.000985241050248
0.001102971609903
0.001239315798911
0.001393338214377
0.001563970438724
0.001750021328481
0.001950188512083
0.002163070965465
0.002387182522550
0.002620966168134
0.002862808952991
0.003111057365568
0.003364032991186
0.003620048288370
0.003877422312632
0.004134496220692
0.004389648392628
0.004641309015683
0.004887973981267
0.005128217955998
0.005360706498201
0.005584207103044
0.005797599072232
0.005999882117799
0.006190183623827
0.006367764504742
0.006532023614074
0.006682500672995
0.006818877703513
0.006940978966717
0.007048769421782
0.007142351736588
0.007221961895475
0.007287963463967
0.007340840583975
0.007381189786155
0.007409710718438
0.007427195901396
0.007434519631774
0.007432626165232
0.007422517317828
0.007405239633015
0.007381871266668
0.007353508746742
0.007321253766484
0.007286200170414
0.007249421290534
0.007211957786203
0.007174806134837
0.007138907912041
0.007105139988943
0.007074305761565
0.007047127512133
0.007024239985573
0.007006185246343
0.006993408861497
0.006986257435926
0.006984977505361
0.006989715772459
0.007000520651454
0.007017345067886
0.007040050442184
0.007068411769690
0.007102123695412
0.007140807469575
0.007184018660166
0.007231255491231
0.007281967670726
0.007335565569390
0.007391429612148
0.007448919746070
0.007507384853567
0.007566171986187
0.007624635302794
0.007682144605715
0.007738093379449
0.007791906248249
0.007843045781119
0.007891018585101
0.007935380639999
0.007975741839486
0.008011769714822
0.008043192327926
0.008069800330264
0.008091448192844
0.008108054620577
0.008119602171510
0.008126136107845
0.008127762511587
0.008124645703043
0.008117005005372
0.008105110903198
0.008089280647747
0.008069873365429
0.008047284730949
0.008021941270133
0.007994294361414
0.007964814008461
0.007933982459417
0.007902287750734
0.007870217255319
0.007838251315638
0.007806857042422
0.007776482358460
0.007747550364780
0.007720454103031
0.007695551783231
0.007673162540193
0.007653562774890
0.007636983128953
0.007623606131454
0.007613564547260
0.007606940445790
0.007603764998076
0.007604018998930
0.007607634099870
0.007614494727586
0.007624440652282
0.007637270160446
0.007652743777696
0.007670588479430
0.007690502320242
0.007712159407563
0.007735215140785
0.007759311634243
0.007784083240895
0.007809162093289
0.007834183579392
0.007858791672997
0.007882644041650
0.007905416859269
0.007926809255739
0.007946547341761
0.007964387753940
0.007980120672580
0.007993572272706
0.008004606577549
0.008013126692894
0.008019075410346
0.008022435177527
0.008023227443387
0.008021511397014
0.008017382128464
0.008010968249821
0.008002429023966
0.007991951056877
0.007979744616721
0.007966039649144
0.007951081562859
0.007935126862840
0.007918438709819
0.007901282484525
0.007883921433054
0.007866612466011
0.007849602178810
0.007833123153808
0.007817390597123
0.007802599354246
0.007788921339153
0.007776503401961
0.007765465650443
0.007755900231260
0.007747870567868
0.007741411043917
0.007736527113798
0.007733195815955
0.007731366659743
0.007730962853094
0.007731882835912
0.007734002083014
0.007737175140384
0.007741237859342
0.007746009794799
0.007751296735789
0.007756893338771
0.007762585836490
0.007768154797294
0.007773377911518
0.007778032782735
0.007781899702237
0.007784764385031
0.007786420644922
0.007786672985023
0.007785339078436
0.007782252112084
0.007777262964952
0.007770242190612
0.007761081773083
0.007749696625056
0.007736025798463
0.007720033379496
0.007701709043461
0.007681068249398
