0.024969483781371
0.024978102995318
0.024969785493036
0.024944893665031
0.024904271224969
0.024849220920599
0.024781468426249
0.024703113112439
0.024616566821851
0.024524482209899
0.024429672613484
0.024335025773008
0.024243414030568
0.024157603843171
0.024080167568462
0.024013400490756
0.023959245950876
0.023919231224204
0.023894416462811
0.023885358590982
0.023892091535269
0.023914123601266
0.023950452203457
0.023999595537342
0.024059640180637
0.024128303047375
0.024203005617777
0.024280957946787
0.024359249629915
0.024434944686689
0.024505177214749
0.024567244671896
0.024618695755415
0.024657410059953
0.024681666996432
0.024690201831533
0.024682247145452
0.024657558488797
0.024616423531359
0.024559654519679
0.024488564380756
0.024404927310848
0.024310925156649
0.024209081318192
0.024102184267020
0.023993203069406
0.023885197524863
0.023781225668792
0.023684251441818
0.023597055296203
0.023522150394009
0.023461706857191
0.023417486264218
0.023390788261029
0.023382410778115
0.023392624933587
0.023421165268233
0.023467235516961
0.023529529684943
0.023606267778565
0.023695245151243
0.023793894070832
0.023899355805091
0.024008561258791
0.024118317983386
0.024225401219017
0.024326646519816
0.024419041457278
0.024499813893573
0.024566514367771
0.024617090244705
0.024649949439903
0.024664011756554
0.024658746152406
0.024634192595464
0.024590967564650
0.024530252699643
0.024453766594180
0.024363720246551
0.024262757213769
0.024153880042558
0.024040365049013
0.023925667966521
0.023813323355023
0.023706840942667
0.023609602235061
0.023524760764277
0.023455149252072
0.023403196729162
0.023370858291733
0.023359559702137
0.023370158474146
0.023402922450848
0.023457526216318
0.023533065013528
0.023628085203712
0.023740629727740
0.023868296544984
0.024008307651104
0.024157586027462
0.024312837758030
0.024470636563179
0.024627508134510
0.024780011894716
0.024924818130024
0.025058778824383
0.025178990937112
0.025282851281543
0.025368102555852
0.025432870426561
0.025475691852957
0.025495535055409
0.025491811667163
0.025464381668942
0.025413551695664
0.025340067237190
0.025245099146457
0.025130224737603
0.024997403623587
0.024848948326918
0.024687489615805
0.024515936485498
0.024337430730543
0.024155296142657
0.023972982520026
0.023794004880360
0.023621878520375
0.023460050842183
0.023311831152819
0.023180319915211
0.023068339165012
0.022978365986798
0.022912471046682
0.022872264191799
0.022858849041360
0.022872788305839
0.022914081284077
0.022982154612902
0.023075866896848
0.023193527348725
0.023332928051119
0.023491388932871
0.023665814072373
0.023852757518552
0.024048496485236
0.024249109544214
0.024450557329560
0.024648763275727
0.024839692041856
0.025019423513959
0.025184220607397
0.025330589490722
0.025455331290600
0.025555584786329
0.025628860031366
0.025673063220958
0.025686513436041
0.025667952117139
0.025616546248307
0.025531886258460
0.025413979582183
0.025263240677969
0.025080478098849
0.024866878972929
0.024623991006280
0.024353701895009
0.024058215851794
0.023740026835468
0.023401888034805
0.023046777206908
0.022677857605932
0.022298434450922
0.021911907156525
0.021521717865792
0.021131297154171
0.020744008090292
0.020363090114257
0.019991604402588
0.019632382509676
0.019287980093924
0.018960637445444
0.018652248332062
0.018364338380474
0.018098053826158
0.017854161021925
0.017633056618206
0.017434787848371
0.017259081900089
0.017105382957500
0.016972895183607
0.016860629696901
0.016767453492821
0.016692138273751
0.016633407277062
0.016589978418251
0.016560602377522
0.016544094630255
0.016539360828195
0.016545415350735
0.016561393237080
0.016586556055076
0.016620292540510
0.016662115036282
0.016711652865249
0.016768643781933
0.016832924571339
0.016904421709148
0.016983142782635
0.017069169115984
0.017162649769508
0.017263796812524
0.017372881525888
0.017490230991530
0.017616224387752
0.017751288240556
0.017895889887579
0.018050528491100
0.018215723083666
0.018391997332856
0.018579860955415
0.018779787977722
0.018992192309935
0.019217401356130
0.019455628604053
0.019706946310289
0.019971259507277
0.020248282599423
0.020537519782845
0.020838250417624
0.021149520308181
0.021470139615610
0.021798687848089
0.022133526067047
0.022472816124299
0.022814546426588
0.023156563425994
0.023496607773717
0.023832353864847
0.024161451354130
0.024481567145572
0.024790426356064
0.025085850825509
0.025365793889373
0.025628370336736
0.025871880736807
0.026094829615463
0.026295937284798
0.026474145454977
0.026628617071261
0.026758731101954
0.026864073239455
0.026944423652629
0.026999743034156
0.027030158214670
0.027035948564383
0.027017534274976
0.026975467416825
0.026910426410645
0.026823214253059
0.026714760510495
0.026586126764449
0.026438514873856
0.026273277136381
0.026091927197724
0.025896150391054
0.025687812098606
0.025468962720438
0.025241837913266
0.025008852921555
0.024772590055975
0.024535778668741
0.024301267316074
0.024071988167358
0.023850914099797
0.023641009287472
0.023445174436721
0.023266188119559
0.023106645899882
0.022968899123237
0.022854995343012
0.022766622380947
0.022705057967912
0.022671126785605
0.022665166537178
0.022687004423395
0.022735945100960
0.022810770862562
0.022909754416055
0.023030684265603
0.023170902322743
0.023327353012215
0.023496642797171
0.023675108741408
0.023858894461576
0.024044031607804
0.024226524852848
0.024402438272334
0.024567980964144
0.024719589784013
0.024854007164963
0.024968352136287
0.025060182857337
0.025127549224189
0.025169034384073
0.025183784292430
0.025171524759788
0.025132565749113
0.025067792988833
0.024978647253184
0.024867091922797
0.024735569669199
0.024586949304275
0.024424463998909
0.024251642205048
0.024072232715090
0.023890125365284
0.023709268939805
0.023533587862955
0.023366899281384
0.023212832137877
0.023074749822950
0.022955677958563
0.022858238816563
0.022784593798619
0.022736395299741
0.022714749139442
0.022720188569561
0.022752660653944
0.022811525562991
0.022895569038863
0.023003027970999
0.023131628685805
0.023278637210402
0.023440920431757
0.023615016753817
0.023797214570959
0.023983636639565
0.024170328252316
0.024353347010201
0.024528851950293
0.024693189823820
0.024842976426020
0.024975171049846
0.025087142359990
0.025176724249702
0.025242260537038
0.025282637665950
0.025297304888035
0.025286281701848
0.025250152609708
0.025190049511057
0.025107622283709
0.025004998309639
0.024884731882139
0.024749744589863
0.024603257914513
0.024448719406591
0.024289723920570
0.024129931497982
0.023972983583172
0.023822419338138
0.023681593884435
0.023553600333794
0.023441197466664
0.023346744870563
0.023272147250355
0.023218809464670
0.023187603623912
0.023178849306410
0.023192307615264
0.023227189418262
0.023282177699888
0.023355463524015
0.023444794677021
0.023547535653330
0.023660737278435
0.023781213956294
0.023905626293929
0.024030566707491
0.024152645557776
0.024268575400730
0.024375251066186
0.024469823487259
0.024549765480471
0.024612928006362
0.024657585803468
0.024682471665536
0.024686799003718
0.024670272684744
0.024633088448352
0.024575921471466
0.024499904856331
0.024406598972591
0.024297952681393
0.024176257518724
0.024044095924472
0.023904284584241
0.023759813914891
0.023613784684382
0.023469342722669
0.023329612661971
