0.024558107091173
0.024471259018315
0.024377817715759
0.024281125639536
0.024184626122120
0.024091747898352
0.024005789426765
0.023929807087690
0.023866511253229
0.023818173978068
0.023786551660929
0.023772825488617
0.023777561819018
0.023800693913259
0.023841525622000
0.023898756801295
0.023970529415596
0.024054492514698
0.024147883580838
0.024247623160733
0.024350419248709
0.024452877587872
0.024551613916296
0.024643364205929
0.024725089117743
0.024794069214571
0.024847987914110
0.024884999704700
0.024903781758365
0.024903567729870
0.024884163197625
0.024845942854052
0.024789830163774
0.024717260756186
0.024630131287517
0.024530735884631
0.024421692562031
0.024305862183599
0.024186262624702
0.024065980785671
0.023948085024411
0.023835540425938
0.023731129122891
0.023637377636199
0.023556492930868
0.023490308588621
0.023440242195139
0.023407264731420
0.023391882450645
0.023394131417171
0.023413584584784
0.023449370998970
0.023500206424690
0.023564434429783
0.023640076698748
0.023724891117773
0.023816435966360
0.023912138381813
0.024009365138893
0.024105493716586
0.024197981614951
0.024284431943016
0.024362653426989
0.024430713186028
0.024486980886406
0.024530163205441
0.024559327901564
0.024573917180189
0.024573750447639
0.024559016936739
0.024530259046754
0.024488347547388
0.024434450034335
0.024369994179177
0.024296627381127
0.024216174400041
0.024130594433335
0.024041938904295
0.023952310971592
0.023863827470311
0.023778583677085
0.023698620981366
0.023625897266330
0.023562259579034
0.023509418518830
0.023468923708746
0.023442139742908
0.023430222123105
0.023434092900872
0.023454416012553
0.023491572612180
0.023545637044773
0.023616354432034
0.023703121133970
0.023804969576032
0.023920559067515
0.024048174264641
0.024185732839134
0.024330803696658
0.024480636754012
0.024632204842872
0.024782257782204
0.024927388078747
0.025064107107662
0.025188930028543
0.025298467141208
0.025389518914810
0.025459171562729
0.025504889808418
0.025524603410427
0.025516784096438
0.025480509795424
0.025415513444358
0.025322214163484
0.025201729216937
0.025055865873329
0.024887093019645
0.024698493126106
0.024493695874565
0.024276795416101
0.024052253786782
0.023824793461463
0.023599282348449
0.023380614714074
0.023173591574600
0.022982804008687
0.022812522638667
0.022666596219457
0.022548361880197
0.022460569107998
0.022405319068419
0.022384020345845
0.022397361679474
0.022445301784873
0.022527075901681
0.022641218305767
0.022785599676266
0.022957477917979
0.023153560808409
0.023370078664353
0.023602865101989
0.023847443892155
0.024099119883961
0.024353071980027
0.024604446191046
0.024848446872289
0.025080424347161
0.025295957250867
0.025490928079012
0.025661590600335
0.025804627988449
0.025917200742827
0.025996983702230
0.026042191701181
0.026051593678156
0.026024515307798
0.025960830492951
0.025860942308950
0.025725754235325
0.025556632731594
0.025355362406810
0.025124095190388
0.024865295028538
0.024581679701481
0.024276161378382
0.023951787497648
0.023611683480173
0.023258998654126
0.022896856595897
0.022528310878721
0.022156306975687
0.021783650796650
0.021412984059325
0.021046766415093
0.020687263981743
0.020336543690606
0.019996472645905
0.019668721530118
0.019354770979609
0.019055919806280
0.018773293957212
0.018507855185869
0.018260408552133
0.018031608067824
0.017821960048798
0.017631824010937
0.017461411238930
0.017310781445546
0.017179838206168
0.017068324079686
0.016975816495261
0.016901725580134
0.016845295115894
0.016805607733376
0.016781595289222
0.016772055115699
0.016775672510955
0.016791049456764
0.016816739136466
0.016851285402824
0.016893265941077
0.016941337514339
0.016994281392793
0.017051046877694
0.017110790753687
0.017172910549795
0.017237069664272
0.017303212707285
0.017371569825564
0.017442649274955
0.017517218073745
0.017596271170179
0.017680990157231
0.017772693130742
0.017872777779320
0.017982660184918
0.018103712076714
0.018237199399583
0.018384225022734
0.018545678223507
0.018722193245086
0.018914118762728
0.019121499526906
0.019344070815412
0.019581265656363
0.019832234118617
0.020095873343530
0.020370866447915
0.020655727993414
0.020948853416589
0.021248569663279
0.021553184277603
0.021861030358605
0.022170505105025
0.022480100101925
0.022788422035464
0.023094203122411
0.023396301173587
0.023693689838768
0.023985440168612
0.024270695143824
0.024548639234480
0.024818465340998
0.025079341617690
0.025330380683547
0.025570613584224
0.025798970594055
0.026014270554214
0.026215219956363
0.026400422428609
0.026568398693675
0.026717616480919
0.026846529316442
0.026953622619079
0.027037465120717
0.027096763327809
0.027130416561543
0.027137570064045
0.027117663737261
0.027070474282267
0.026996148815971
0.026895228439761
0.026768660696655
0.026617800353144
0.026444398450932
0.026250580064687
0.026038811649161
0.025811859240671
0.025572739076987
0.025324662404699
0.025070976349109
0.024815102729791
0.024560476622494
0.024310486307556
0.024068416023218
0.023837392678971
0.023620337400289
0.023419922492996
0.023238534152139
0.023078241013105
0.022940768463926
0.022827478514580
0.022739354953869
0.022676993513942
0.022640596799105
0.022629973807532
0.022644543967427
0.022683345707312
0.022745049667475
0.022827976721728
0.022930121003550
0.023049178110298
0.023182578589319
0.023327526691491
0.023481044216127
0.023640019075849
0.023801257993752
0.023961542523054
0.024117687367498
0.024266599794835
0.024405338790037
0.024531172500907
0.024641632494599
0.024734563372970
0.024808166387333
0.024861035844463
0.024892187297366
0.024901076755166
0.024887610413571
0.024852144686584
0.024795476597964
0.024718824854740
0.024623802164510
0.024512379565455
0.024386843707956
0.024249748157567
0.024103859881288
0.023952102135609
0.023797494999735
0.023643094795953
0.023491933616330
0.023346960135278
0.023210982834496
0.023086616702364
0.022976234394658
0.022881922756825
0.022805445508409
0.022748212775661
0.022711258027122
0.022695222818163
0.022700349584517
0.022726482543975
0.022773076573759
0.022839213734654
0.022923626919585
0.023024729922709
0.023140653064653
0.023269283379349
0.023408308275776
0.023555261539886
0.023707570541348
0.023862603556714
0.024017716212262
0.024170296179587
0.024317805415917
0.024457819417471
0.024588063134987
0.024706443372339
0.024811077639086
0.024900319544639
0.024972780897059
0.025027350698011
0.025063211206148
0.025079851176943
0.025077076284878
0.025055016604557
0.025014130884178
0.024955207203417
0.024879359484253
0.024788019233367
0.024682921852503
0.024566086869709
0.024439791527105
0.024306537312477
0.024169009240493
0.024030027967399
0.023892495148761
0.023759332806862
0.023633417843344
0.023517513191708
0.023414197430944
0.023325794953546
0.023254308978443
0.023201359804861
0.023168130704327
0.023155323737641
0.023163127560304
0.023191198948551
0.023238659349721
0.023304107251942
0.023385646600500
0.023480930887173
0.023587221932024
0.023701461793253
0.023820355707881
0.023940463510021
0.024058296616469
0.024170417428621
0.024273537886752
0.024364613932299
0.024440932784503
0.024500190211062
0.024540555354365
0.024560721145984
0.024559938879374
0.024538036088460
0.024495417471480
0.024433049178911
0.024352427327565
0.024255532088911
0.024144769111748
