3.625581881412234964e+01
3.813415929248608194e+01
4.003604865457636208e+01
4.194854351612774224e+01
4.385771909315180039e+01
4.574984727442728882e+01
4.761275322986007552e+01
4.943721948185485360e+01
5.121829679572223881e+01
5.295638413782502596e+01
5.465795496487399419e+01
5.633583290953716016e+01
5.800895432879200087e+01
5.970159534520130507e+01
6.144208369737999931e+01
6.326105754888619970e+01
6.518937114094754293e+01
6.725577794755909622e+01
6.948454351896373282e+01
7.189315093528037437e+01
7.449026101766045826e+01
7.727407729403469716e+01
8.023124313843266009e+01
8.333636716224401653e+01
8.655223507072899736e+01
8.983072444064201534e+01
9.311439605252152774e+01
9.633869434413753652e+01
9.943465285981191926e+01
1.023319705044575443e+02
1.049623027167966711e+02
1.072625994994325822e+02
1.091783200815322346e+02
1.106663616884468269e+02
1.116975566847816737e+02
1.122586169430368273e+02
1.123534349430273380e+02
1.120036858067778383e+02
1.112487110444718610e+02
1.101447010436293965e+02
1.087632272149889587e+02
1.071892043978091635e+02
1.055183881490009128e+02
1.038545288305084000e+02
1.023063143552242877e+02
1.009842359030455441e+02
9.999750616854625207e+01
9.945114844299206425e+01
9.944335809325480113e+01
1.000632170597532138e+02
1.013888182991585438e+02
1.034858321589001093e+02
1.064065219803886464e+02
1.101891931702342617e+02
1.148580397577792382e+02
1.204233360402398603e+02
1.268819089939166247e+02
1.342178200929812419e+02
1.424031831161235573e+02
1.513990472375726881e+02
1.611562817351146464e+02
1.716164093280718532e+02
1.827123486392567315e+02
1.943690416013800473e+02
2.065039577914371876e+02
2.190274836710670172e+02
2.318432195885780516e+02
2.448482203146773202e+02
2.579332251362820898e+02
2.709829305888817430e+02
2.838763624238831653e+02
2.964874032351036135e+02
3.086855283529215512e+02
3.203367953813358895e+02
3.313051224890259618e+02
3.414538777917586003e+02
3.506477875051048727e+02
3.587551546983013395e+02
3.656503641723219289e+02
3.712166329491851684e+02
3.753489507959766343e+02
3.779571417579624040e+02
3.789689663995590081e+02
3.783331758073860556e+02
3.760224227388392251e+02
3.720359328227550577e+02
3.664018395313491396e+02
3.591790907183581680e+02
3.504588417165472833e+02
3.403652600645501138e+02
3.290556795555949066e+02
3.167200560636950968e+02
3.035796940462151952e+02
2.898852302488669466e+02
2.759138794351229649e+02
2.619659654107128972e+02
2.483607787137960941e+02
2.354318196197518773e+02
2.235215011339110447e+02
2.129754010335293515e+02
2.041361644465081895e+02
1.973371686552665665e+02
1.928960695904732745e+02
1.911083546965882647e+02
1.922410294381486437e+02
1.965265646617493758e+02
2.041572293792330584e+02
2.152799283893822633e+02
2.299916566504447815e+02
2.483356726353723332e+02
2.702984812599169686e+02
2.958077036115766987e+02
3.247308958863930002e+02
3.568753639373598503e+02
3.919890029391262942e+02
4.297621741702167242e+02
4.698306130984763058e+02
5.117793451172360619e+02
5.551475677019423074e+02
5.994344407137307371e+02
6.441057103299525579e+02
6.886010768802979101e+02
7.323422029431451392e+02
7.747412456242766439e+02
8.152097861934836374e+02
8.531680213665134715e+02
8.880540736395801105e+02
9.193332733355280197e+02
9.465072625021865633e+02
9.691227705837188751e+02
9.867799139042604111e+02
9.991398754682691106e+02
1.005931828369879327e+03
1.006958975157377836e+03
1.002103586728332630e+03
9.913309376119482295e+02
9.746920496707814436e+02
9.523251731344761311e+02
9.244559522433069105e+02
8.913962423797147494e+02
8.535415661261645255e+02
8.113672169088487180e+02
7.654230404511583856e+02
7.163269458355134702e+02
6.647572192141865344e+02
6.114437337712764702e+02
5.571581690719481230e+02
5.027033711009497097e+02
4.489020007623896618e+02
3.965846330775557931e+02
3.465774814925586043e+02
2.996899313384483321e+02
2.567020733545854796e+02
2.183524321134777324e+02
1.853260850390911685e+02
1.582433654065210078e+02
1.376493372161789637e+02
1.240042211712065807e+02
1.176749392282363544e+02
1.189279304692550028e+02
1.279233735404040573e+02
1.447109308582496112e+02
1.692271074805026387e+02
2.012942933065475586e+02
2.406215314837710366e+02
2.868070289533241066e+02
3.393423974062650359e+02
3.976185849914235177e+02
4.609334313862519252e+02
5.285007517827591528e+02
5.994608294203328569e+02
6.728921719719190833e+02
7.478243647955014239e+02
8.232518342064875014e+02
8.981483168797449252e+02
9.714818175804145994e+02
1.042229826928150942e+03
1.109394564042304182e+03
1.172018005857532671e+03
1.229196465738031293e+03
1.280094488784908208e+03
1.323957839887953924e+03
1.360125373014734578e+03
1.388039586283877497e+03
1.407255686798325314e+03
1.417449011719519376e+03
1.418420677290028380e+03
1.410101355054343912e+03
1.392553103936112393e+03
1.365969217619447136e+03
1.330672078339001473e+03
1.287109040176417011e+03
1.235846396748417192e+03
1.177561519213491238e+03
1.113033280289095728e+03
1.043130907948444019e+03
9.688014381730769173e+02
8.910559591297700308e+02
8.109548590191293442e+02
7.295923062624619888e+02
6.480802033667550859e+02
5.675318645129700599e+02
4.890456714973001908e+02
4.136889630371082376e+02
3.424824086246770207e+02
2.763851101377836699e+02
2.162806624337790993e+02
1.629643883704311520e+02
1.171319443853954567e+02
7.936947026102075142e+01
5.014543139146457662e+01
2.980427419193875238e+01
1.856198572245662959e+01
1.650361764922740093e+01
2.358280286650896329e+01
3.962326099356730680e+01
6.432225709151018123e+01
9.725594685234125336e+01
1.378865117202548731e+02
1.855709594098079549e+02
2.395714395494909468e+02
2.990669011221460778e+02
3.631658983656359965e+02
4.309203351521248351e+02
5.013399248350410744e+02
5.734071333267982027e+02
6.460923678671396146e+02
7.183691726115243910e+02
7.892291947914694674e+02
8.576966916856342777e+02
9.228423588367272714e+02
9.837962736370626544e+02
1.039759765308579063e+03
1.090016042092357111e+03
1.133939428763075284e+03
1.171003091981402576e+03
1.200785157047264875e+03
1.222973146851778665e+03
1.237366701764378377e+03
1.243878567348141360e+03
1.242533864688414951e+03
1.233467685277954843e+03
1.216921078377095000e+03
1.193235523139787801e+03
1.162846000181184536e+03
1.126272797317384857e+03
1.084112201638145962e+03
1.037026244635913145e+03
9.857316786221009579e+02
9.309883709846191095e+02
8.735873079086534290e+02
8.143384009843729245e+02
7.540582887072382618e+02
6.935583203416713332e+02
6.336329021225927818e+02
5.750483755160579449e+02
5.185325844980707188e+02
4.647652738258990439e+02
4.143694433869770819e+02
3.679037652598503882e+02
3.258561504707088829e+02
2.886385319494604005e+02
2.565829092559499713e+02
2.299386796306846747e+02
2.088712591852411151e+02
1.934619779277350347e+02
1.837092131371469463e+02
1.795307076467010745e+02
1.807670031271439939e+02
1.871859036945124899e+02
1.984878722824743136e+02
2.143122513531169773e+02
2.342441907656647118e+02
2.578221590306462190e+02
2.845459097562111310e+02
3.138847728124405876e+02
3.452861395303230552e+02
3.781840130127890234e+02
4.120074982347306332e+02
4.461891118916372534e+02
4.801727987472762607e+02
5.134215493405483812e+02
5.454245231423078621e+02
5.757035914032023811e+02
6.038192248035916236e+02
6.293756624126472161e+02
6.520253102022547864e+02
6.714723292721579355e+02
6.874753858718136144e+02
6.998495471150993126e+02
7.084673178582341961e+02
7.132588254491420230e+02
7.142111698752895563e+02
7.113669671693874079e+02
7.048221237236364232e+02
6.947228883684151697e+02
6.812622376515478209e+02
6.646756576730231245e+02
6.452363930494332180e+02
6.232502400598930308e+02
5.990499667106120114e+02
5.729894472886051062e+02
5.454376028852086620e+02
5.167722422749382076e+02
4.873738993425899935e+02
4.576197638617143184e+02
4.278778017373317653e+02
3.985011587333061129e+02
3.698229381161378342e+02
3.421514374833910779e+02
3.157659232507887737e+02
2.909130128229342063e+02
2.678037243838480777e+02
2.466112425773479799e+02
2.274694352196044633e+02
2.104721417712115681e+02
1.956732388293055465e+02
1.830874716784852581e+02
1.726920243181796195e+02
1.644287837722075665e+02
1.582072383358888885e+02
1.539079342108472588e+02
1.513864012170961928e+02
1.504774464532006562e+02
1.509997053726610261e+02
1.527603331880279711e+02
1.555597161668550257e+02
1.591960825202373542e+02
1.634698963719426956e+02
1.681879257752270576e+02
1.731668868182323422e+02
1.782365802841925415e+02
1.832424547184598964e+02
1.880475495668437702e+02
1.925337936248970152e+02
1.966026566009784062e+02
2.001751742890294850e+02
2.031913897614813891e+02
2.056092732084213139e+02
2.074032006765755796e+02
2.085620861863339428e+02
2.090872718315431484e+02
2.089902859600524891e+02
2.082905800547470108e+02
2.070133503721118018e+02
2.051875408797689602e+02
2.028441099491766408e+02
2.000146252340621515e+02
1.967302300550702512e+02
1.930210014655835948e+02
1.889156961887379680e+02
1.844418570763159551e+02
1.796262309539218052e+02
1.744954299408966847e+02
1.690767537006875614e+02
1.633990805242539750e+02
1.574937313506175087e+02
1.513952131449395893e+02
1.451417564927640456e+02
1.387755764648632919e+02
1.323428050272770804e+02
1.258930664398575487e+02
1.194786928347877080e+02
1.131536039027884328e+02
1.069719006152490550e+02
1.009862464230792938e+02
9.524612872945462527e+01
8.979610716352198097e+01
8.467416212121571562e+01
7.991025642349676161e+01
7.552521448089953537e+01
7.153000727470075049e+01
6.792550852979508136e+01
6.470275893208861362e+01
6.184374285314395081e+01
5.932264786062840756e+01
5.710754361798175438e+01
5.516238599302629098e+01
5.344922660074274745e+01
5.193048964459077155e+01
5.057116842455108952e+01
4.934079432601658510e+01
4.821504190792384748e+01
4.717685456009650835e+01
4.621700504462878456e+01
4.533404231558345288e+01
4.453361795519073496e+01
4.382722953615018469e+01
4.323046110280245102e+01
4.276083958398582752e+01
4.243545730990759068e+01
4.226853231990943982e+01
4.226908786272845475e+01
4.243892925931163518e+01
4.277107990763657597e+01
4.324880943819657375e+01
4.384534763112348088e+01
4.452433031333369229e+01
4.524097140674211914e+01
4.594390240923814872e+01
