2.513095520814647088e+01
2.710525151540846878e+01
2.901610476411721962e+01
3.080703362940627343e+01
3.242876935724875409e+01
3.384176017968344752e+01
3.501796015893049230e+01
3.594181990299345841e+01
3.661046562965758255e+01
3.703311995513452359e+01
3.722987647624485419e+01
3.722998562265148337e+01
3.706983774453534863e+01
3.679083907582862878e+01
3.643736703113513897e+01
3.605496499832999291e+01
3.568889667096551932e+01
3.538313049483161876e+01
3.517977116071466526e+01
3.511890263501523179e+01
3.523876104060917669e+01
3.557612006706516894e+01
3.616674964550256988e+01
3.704580212464580313e+01
3.824798939025205868e+01
3.980743807491186459e+01
4.175714570233179757e+01
4.412800476315018017e+01
4.694741011388708074e+01
5.023751323107140365e+01
5.401323036530680355e+01
5.828014664887767537e+01
6.303248165280992055e+01
6.825129174889148942e+01
7.390308007311502081e+01
7.993896628322632125e+01
8.629453716555337905e+01
9.289045796068815264e+01
9.963387626954977350e+01
1.064205992532019280e+02
1.131379743840034706e+02
1.196683579210699548e+02
1.258930168177370632e+02
1.316962815102261288e+02
1.369697507442223809e+02
1.416163461046601810e+02
1.455540231135484532e+02
1.487189666468612472e+02
1.510681292104556519e+02
1.525810089093562283e+02
1.532606069352493421e+02
1.531335490828896013e+02
1.522493992163988423e+02
1.506792320067607704e+02
1.485135653319462108e+02
1.458597777029497706e+02
1.428391518275483918e+02
1.395836915076181413e+02
1.362328557189119067e+02
1.329303417978259461e+02
1.298210305374628319e+02
1.270481814574217054e+02
1.247509385997657319e+02
1.230621780670504677e+02
1.221067002652520443e+02
1.219997443743639138e+02
1.228457815760275196e+02
1.247375282680393411e+02
1.277551116905036110e+02
1.319653184035848312e+02
1.374208607470112611e+02
1.441596071933900021e+02
1.522037384177130264e+02
1.615588106789782046e+02
1.722127302711927825e+02
1.841346657634917960e+02
1.972739469145781186e+02
2.115590190003308635e+02
2.268965374881630055e+02
2.431706994184359587e+02
2.602429136936641498e+02
2.779519122368285480e+02
2.961143975064359779e+02
3.145263093283218154e+02
3.329647759159361158e+02
3.511907910719045844e+02
3.689526328923168421e+02
3.859900100013672954e+02
4.020388907076371083e+02
4.168369398212948909e+02
4.301294585161758732e+02
4.416756958029493489e+02
4.512553770186995621e+02
4.586752761904681392e+02
4.637756459567265210e+02
4.664363114760795384e+02
4.665822337335163184e+02
4.641883529588720876e+02
4.592835343659026535e+02
4.519534557634026442e+02
4.423422992577675927e+02
4.306531365774702635e+02
4.171469286949040907e+02
4.021400944955130399e+02
3.860006392808039664e+02
3.691428708924688635e+02
3.520207682101465139e+02
3.351201027324037796e+02
3.189494479770185080e+02
3.040302426816122647e+02
2.908861014864307890e+02
2.800315902764673410e+02
2.719607021003674845e+02
2.671352831365027782e+02
2.659736662312856197e+02
2.688397719021909893e+02
2.760329333096274809e+02
2.877786926066359001e+02
3.042208014348776146e+02
3.254146384175363096e+02
3.513222316722686287e+02
3.818090450896126526e+02
4.166426539370291380e+02
4.554933988727902943e+02
4.979370683683698644e+02
5.434596185778411837e+02
5.914638976358929767e+02
6.412782990214064966e+02
6.921672268187762711e+02
7.433432152776560997e+02
7.939805068389310918e+02
8.432298575637153135e+02
8.902343074396051179e+02
9.341456260595160757e+02
9.741411223224959031e+02
1.009440490661899730e+03
1.039322356339459475e+03
1.063140178922763425e+03
1.080337176439511722e+03
1.090459942998450970e+03
1.093170449873308371e+03
1.088256144011803372e+03
1.075637888364405853e+03
1.055375524892843259e+03
1.027670883044477023e+03
9.928681031626402955e+02
9.514511949206211057e+02
9.040388044862627339e+02
8.513762197210830891e+02
7.943246991954529221e+02
7.338482670108560342e+02
6.709981701841031736e+02
6.068952474852588921e+02
5.427105069714136789e+02
4.796442529107798123e+02
4.189041403082507600e+02
3.616825658859079340e+02
3.091338273239923637e+02
2.623514971577303641e+02
2.223464634443833461e+02
1.900260858329489793e+02
1.661749028468693439e+02
1.514373040873988430e+02
1.463025499438419388e+02
1.510924817199435779e+02
1.659522175124018020e+02
1.908440745524075055e+02
2.255448980597914783e+02
2.696469111291042395e+02
3.225621310640606794e+02
3.835303263001753749e+02
4.516304160774449201e+02
5.257951438598931873e+02
6.048287866699023425e+02
6.874275975108087096e+02
7.722026183307712017e+02
8.577044478820871518e+02
9.424495035772107485e+02
1.024947280107379811e+03
1.103728081064964044e+03
1.177370683788115457e+03
1.244529392598493359e+03
1.303959941769440775e+03
1.354543726941734121e+03
1.395309872051857610e+03
1.425454677667550413e+03
1.444358045218031748e+03
1.451596529023646781e+03
1.446952733132908179e+03
1.430420841448338706e+03
1.402208146001321666e+03
1.362732517937585953e+03
1.312615847132877207e+03
1.252673557659639073e+03
1.183900385847746747e+03
1.107452683732212790e+03
1.024627581631766589e+03
9.368394079311620999e+02
8.455938204613061089e+02
7.524601509682097458e+02
6.590425010140908171e+02
5.669501534612079467e+02
4.777678778886244118e+02
3.930267105724226440e+02
3.141757799672969895e+02
2.425557271678486302e+02
1.793742380620764720e+02
1.256841605229759864e+02
8.236462695104023624e+01
5.010554092278881910e+01
2.939571794224078971e+01
2.051489580974423177e+01
2.352975151108896057e+01
3.829398046795486721e+01
6.445241220282511563e+01
1.014490556891707200e+02
1.485388895815291903e+02
2.048031387819492011e+02
2.691677109266412344e+02
3.404244057594455626e+02
4.172544582193329461e+02
4.982539334367169772e+02
5.819604595224116110e+02
6.668807626273270444e+02
7.515184585924739622e+02
8.344015566925295389e+02
9.141091433505033592e+02
9.892967368735812670e+02
1.058719837609356546e+03
1.121255240612809757e+03
1.175919728921129490e+03
1.221885823662765688e+03
1.258494331147876210e+03
1.285263495362075446e+03
1.301894635403391021e+03
1.308274219814566095e+03
1.304472401916780882e+03
1.290738110625307399e+03
1.267490858365868462e+03
1.235309490251919669e+03
1.194918155391703067e+03
1.147169830983840257e+03
1.093027771817071198e+03
1.033545291187934936e+03
9.698443035655172935e+02
9.030930742497275787e+02
8.344836266855854774e+02
7.652092541171454059e+02
6.964425692000337449e+02
6.293145035415466282e+02
5.648946395777261387e+02
5.041732205599318490e+02
4.480451416746919904e+02
3.972961775340117470e+02
3.525916496038496462e+02
3.144676827939331361e+02
2.833251446440226573e+02
2.594263045366560618e+02
2.428941953378900109e+02
2.337146069498285215e+02
2.317405915024308172e+02
2.366993142626839415e+02
2.482010436186617994e+02
2.657500383877831496e+02
2.887570617368789385e+02
3.165532285642119064e+02
3.484048774988107766e+02
3.835291497806986172e+02
4.211099551040596225e+02
4.603140087970267018e+02
5.003066351072423572e+02
5.402670473749953999e+02
5.794028369189542218e+02
6.169634278659045776e+02
6.522522841976237942e+02
6.846376871978924328e+02
7.135619354749039758e+02
7.385488550250632898e+02
7.592095426301837051e+02
7.752463015161727071e+02
7.864547629751650675e+02
7.927242209575838388e+02
7.940362379432624493e+02
7.904616092498986291e+02
7.821557989651187199e+02
7.693529836118732419e+02
7.523588592738574334e+02
7.315423840924050864e+02
7.073266407421010626e+02
6.801790127023600689e+02
6.506008739197264958e+02
6.191169938935386199e+02
5.862648594385065053e+02
5.525841105244271603e+02
5.186062808211383981e+02
4.848450240476335011e+02
4.517869951026971194e+02
4.198835404066365982e+02
3.895433350788289317e+02
3.611260856897062013e+02
3.349373965470742860e+02
3.112248750142234712e+02
2.901755274492999774e+02
2.719144722781198880e+02
2.565049707889983779e+02
2.439497498447061616e+02
2.341935642778717579e+02
2.271269207655485047e+02
2.225908600157028729e+02
2.203826707405422667e+02
2.202623877713034233e+02
2.219599084356027561e+02
2.251825466145063785e+02
2.296228333311655661e+02
2.349663668407765726e+02
2.408995144403396296e+02
2.471167729141747600e+02
2.533276048345774427e+02
2.592625838158708120e+02
2.646787030349535712e+02
2.693637274208762165e+02
2.731395001934562288e+02
2.758641479930550986e+02
2.774331645904388779e+02
2.777793898339784846e+02
2.768719367000179545e+02
2.747141536180915864e+02
2.713407402061504285e+02
2.668141608071871360e+02
2.612205205511132249e+02
2.546650820787191947e+02
2.472676068492827426e+02
2.391577027438777634e+02
2.304703494902939838e+02
2.213417556960805541e+02
2.119056768129784700e+02
2.022902933809768342e+02
1.926157149601330048e+02
1.829921390633754470e+02
1.735186581349584003e+02
1.642826732203553775e+02
1.553598424292366076e+02
1.468144674062306763e+02
1.387002032937261617e+02
1.310609681843064038e+02
1.239319274044629253e+02
1.173404361717733337e+02
1.113068406626003792e+02
1.058450611780771453e+02
1.009629102396685170e+02
9.666213098590210961e+01
9.293817477718367570e+01
8.977976889513303149e+01
8.716835312333964225e+01
8.507748550719472291e+01
8.347233079388301746e+01
8.230934858702315182e+01
8.153629143610963581e+01
8.109260601205701846e+01
8.091030409340699237e+01
8.091533597580276194e+01
8.102945947996698806e+01
8.117255586972518699e+01
8.126530294120772169e+01
8.123207864980926729e+01
8.100393908877154558e+01
8.052149518950139395e+01
7.973750528347281374e+01
7.861900688666996473e+01
7.714883096613189650e+01
7.532637466829135064e+01
7.316755210732169701e+01
7.070389444249822475e+01
6.798082645756591091e+01
6.505520302535154542e+01
6.199224084373898336e+01
5.886202447851832176e+01
5.573579738232433556e+01
5.268226536834442442e+01
4.976414031862327647e+01
4.703513532583667711e+01
4.453759002006823664e+01
4.230085888376714820e+01
4.034053946216025111e+01
3.865855600007404291e+01
3.724405219243206488e+01
3.607498955216336611e+01
3.512030016006451660e+01
3.434240826479636155e+01
3.369991717638835382e+01
3.315025751558091116e+01
3.265210990279531700e+01
3.216744773276599290e+01
3.166309045227877306e+01
3.111171023686996762e+01
3.049228989943515700e+01
2.979008177670271351e+01
2.899616106141875349e+01
2.810669826144690120e+01
2.712209116525199448e+01
