4.644549419229471732e-01
4.646954820660817442e-01
4.649348243262517721e-01
4.651729685282417481e-01
4.654099144990592185e-01
4.656456620679591540e-01
4.658802110664040930e-01
4.661135613280197876e-01
4.663457126885512394e-01
4.665766649858252291e-01
4.668064180596805390e-01
4.670349717519233779e-01
4.672623259062702039e-01
4.674884803682267664e-01
4.677134349850410322e-01
4.679371896055649627e-01
4.681597440801805732e-01
4.683810982605493001e-01
4.686012519995359504e-01
4.688202051509111623e-01
4.690379575691550063e-01
4.692545091091190335e-01
4.694698596255933443e-01
4.696840089729416023e-01
4.698969570044538302e-01
4.701087035717598228e-01
4.703192485238675280e-01
4.705285917063101175e-01
4.707367329598223238e-01
4.709436721188968722e-01
4.711494090099829224e-01
4.713539434492758917e-01
4.715572752400786216e-01
4.717594041695523099e-01
4.719603300047520711e-01
4.721600524879054905e-01
4.723585713306179823e-01
4.725558862068069410e-01
4.727519967442385118e-01
4.729469025141959104e-01
4.731406030190143941e-01
4.733330976769462017e-01
4.735243858039595022e-01
4.737144665916259156e-01
4.739033390804961998e-01
4.740910021279466369e-01
4.742774543694107670e-01
4.744626941716280077e-01
4.746467195763673930e-01
4.748295282327268385e-01
4.750111173156802979e-01
4.751914834282632283e-01
4.753706224841538486e-01
4.755485295668457346e-01
4.757251987610868760e-01
4.759006229510199804e-01
4.760747935792642993e-01
4.762477003594055569e-01
4.764193309337740878e-01
4.765896704668686756e-01
4.767587011636266192e-01
4.769264017003156386e-01
4.770927465547885049e-01
4.772577052218401894e-01
4.774212412989586318e-01
4.775833114288261516e-01
4.777438640866376596e-01
4.779028382057119995e-01
4.780601616433469703e-01
4.782157495040194606e-01
4.783695023605271102e-01
4.785213044509893932e-01
4.786710219854117820e-01
4.788185017796162679e-01
4.789635705577013347e-01
4.791060354445862979e-01
4.792456864308710096e-01
4.793823019663507878e-01
4.795156593722427751e-01
4.796455525186555380e-01
4.797718202809793109e-01
4.798943907864902103e-01
4.800133485550488466e-01
4.801290345498046008e-01
4.802421931891307505e-01
4.803541859439713346e-01
4.804672988130507250e-01
4.805851814873126626e-01
4.807134704006909565e-01
4.808606674871380715e-01
4.810393731656354421e-01
4.812680083378884088e-01
4.815732093488797605e-01
4.819931464380325381e-01
4.825821062929722127e-01
4.834168011740479498e-01
4.846050319447280375e-01
4.862975555744400991e-01
4.887043103371465080e-01
4.921165630421475701e-01
4.969371024119618729e-01
5.037213671078575317e-01
5.132334440136523401e-01
5.265223115755147676e-01
5.450256874006195185e-01
5.707115829390928541e-01
6.062714682393501864e-01
6.553842153738185239e-01
7.230772735096073767e-01
8.162215627240345661e-01
9.442102894926611700e-01
1.119890410067484687e+00
1.360840043154482260e+00
1.691116917533407316e+00
2.143642568578563612e+00
2.763433778871737800e+00
3.611943321332284018e+00
4.772818262922630339e+00
6.359410039934370928e+00
8.524348867846024191e+00
1.147138305762779531e+01
1.546942070060661933e+01
2.086821949746540739e+01
2.811436566377692259e+01
3.776499624628685581e+01
5.049513980274893044e+01
6.709268625519703733e+01
8.843314931655766031e+01
1.154251158241263227e+02
1.489174283633051630e+02
1.895617682790729930e+02
2.376304223343773856e+02
2.927992349300936894e+02
3.539197232819415149e+02
4.188202345016252366e+02
4.841902375989989196e+02
5.456091975225933766e+02
5.977762184226166937e+02
6.349741912473564298e+02
6.517613579280291560e+02
6.438282285431937453e+02
6.088991091755710841e+02
5.475106251786083931e+02
4.634816112106489072e+02
3.639128878602506916e+02
2.586257327676529485e+02
1.590551872561887876e+02
7.673655840402528838e+01
2.162998720422204002e+01
5.881554932711878791e-01
1.626521703191046697e+01
6.668732227226453801e+01
1.455729743035686283e+02
2.433371449544735583e+02
3.485754438307916416e+02
4.497375291110353146e+02
5.366813780704261490e+02
6.018513247830903765e+02
6.409241918569812242e+02
6.528896430991107991e+02
6.396419234808690817e+02
6.052366867041566820e+02
5.549975517800694433e+02
4.946446041291022766e+02
4.295735019680840878e+02
3.643559859018126872e+02
3.024763863341354977e+02
2.462754745942762895e+02
1.970478232673754064e+02
1.552312459277782182e+02
1.206326758174530340e+02
9.264833192276569207e+01
7.045188769934530626e+01
5.313873813570941707e+01
3.982527182771683982e+01
2.970875785150341386e+01
2.209654749907706162e+01
1.641375568652522787e+01
1.219748399449419374e+01
9.083855132223970230e+00
6.792249959960204642e+00
5.109509896130816742e+00
3.875622441385441874e+00
2.971549044237932868e+00
2.309320324804386537e+00
1.824230308320254457e+00
1.468829764597093135e+00
1.208385674697477929e+00
1.017493969544747134e+00
8.775765710371354889e-01
7.750440192567615849e-01
6.999524438376050206e-01
6.450243563876290054e-01
6.049356798935467960e-01
5.757970666174054841e-01
5.547769894600879104e-01
5.398285676392977628e-01
5.294927590969791265e-01
5.227583906473891595e-01
5.189652774605376662e-01
5.177410059209903714e-01
5.189652774605357788e-01
5.227583906473849407e-01
5.294927590969727982e-01
5.398285676392886590e-01
5.547769894600759200e-01
5.757970666173901630e-01
6.049356798935272561e-01
6.450243563876048025e-01
6.999524438375753776e-01
7.750440192567257247e-01
8.775765710370927453e-01
1.017493969544696064e+00
1.208385674697417311e+00
1.468829764597019860e+00
1.824230308320166083e+00
2.309320324804279068e+00
2.971549044237796977e+00
3.875622441385268679e+00
5.109509896130593809e+00
6.792249959959912431e+00
9.083855132223604301e+00
1.219748399449375498e+01
1.641375568652476602e+01
2.209654749907670990e+01
2.970875785150342807e+01
3.982527182771769958e+01
5.313873813571188975e+01
7.045188769935045059e+01
9.264833192277495755e+01
1.206326758174680407e+02
1.552312459278005008e+02
1.970478232674059598e+02
2.462754745943150283e+02
3.024763863341806882e+02
3.643559859018606062e+02
4.295735019681288804e+02
4.946446041291371785e+02
5.549975517800877469e+02
6.052366867041538399e+02
6.396419234808441843e+02
6.528896430990673707e+02
6.409241918569266545e+02
6.018513247830346700e+02
5.366813780703782868e+02
4.497375291110008675e+02
3.485754438307720875e+02
2.433371449544658560e+02
1.455729743035677757e+02
6.668732227226583120e+01
1.626521703191128054e+01
5.881554932711403616e-01
2.162998720422162080e+01
7.673655840402392414e+01
1.590551872561836149e+02
2.586257327676393061e+02
3.639128878602238046e+02
4.634816112106065589e+02
5.475106251785526865e+02
6.088991091755085563e+02
6.438282285431342871e+02
6.517613579279822034e+02
6.349741912473298271e+02
5.977762184226132831e+02
5.456091975226117938e+02
4.841902375990341625e+02
4.188202345016702566e+02
3.539197232819893770e+02
2.927992349301388799e+02
2.376304223344161244e+02
1.895617682791036600e+02
1.489174283633277298e+02
1.154251158241418125e+02
8.843314931656760791e+01
6.709268625520299167e+01
5.049513980275224867e+01
3.776499624628856822e+01
2.811436566377774682e+01
2.086821949746578753e+01
1.546942070060681651e+01
1.147138305762793209e+01
8.524348867846153865e+00
6.359410039934510372e+00
4.772818262922776000e+00
3.611943321332431012e+00
2.763433778871879909e+00
2.143642568578696395e+00
1.691116917533528330e+00
1.360840043154591283e+00
1.119890410067581943e+00
9.442102894927477674e-01
8.162215627241115046e-01
7.230772735096756554e-01
6.553842153738792531e-01
6.062714682394039212e-01
5.707115829391404827e-01
5.450256874006619290e-01
5.265223115755524042e-01
5.132334440136858689e-01
5.037213671078872856e-01
4.969371024119884628e-01
4.921165630421713288e-01
4.887043103371676023e-01
4.862975555744589173e-01
4.846050319447448573e-01
4.834168011740631044e-01
4.825821062929858130e-01
4.819931464380446950e-01
4.815732093488906407e-01
4.812680083378981788e-01
4.810393731656442129e-01
4.808606674871460651e-01
4.807134704006980619e-01
4.805851814873191019e-01
4.804672988130566091e-01
4.803541859439766082e-01
4.802421931891354689e-01
4.801290345498090417e-01
4.800133485550529544e-01
4.798943907864940961e-01
4.797718202809827526e-01
4.796455525186587021e-01
4.795156593722456062e-01
4.793823019663533413e-01
4.792456864308734521e-01
4.791060354445884628e-01
4.789635705577033331e-01
4.788185017796180998e-01
4.786710219854134474e-01
4.785213044509908364e-01
4.783695023605283869e-01
4.782157495040205708e-01
4.780601616433478585e-01
4.779028382057128321e-01
4.777438640866383257e-01
4.775833114288266512e-01
4.774212412989590204e-01
4.772577052218404114e-01
4.770927465547887270e-01
4.769264017003156386e-01
4.767587011636266192e-01
4.765896704668685091e-01
4.764193309337738658e-01
4.762477003594053349e-01
4.760747935792639662e-01
4.759006229510196473e-01
4.757251987610867650e-01
4.755485295668455681e-01
4.753706224841538486e-01
4.751914834282634503e-01
4.750111173156805200e-01
4.748295282327272826e-01
4.746467195763680036e-01
4.744626941716287294e-01
4.742774543694116551e-01
4.740910021279477471e-01
4.739033390804974211e-01
4.737144665916273589e-01
4.735243858039612785e-01
4.733330976769480891e-01
4.731406030190166145e-01
4.729469025141980754e-01
4.727519967442408433e-01
4.725558862068092725e-01
4.723585713306206468e-01
4.721600524879082661e-01
4.719603300047549022e-01
4.717594041695550300e-01
4.715572752400815637e-01
4.713539434492787783e-01
4.711494090099858645e-01
4.709436721188997588e-01
4.707367329598250993e-01
4.705285917063127821e-01
4.703192485238703036e-01
4.701087035717623763e-01
4.698969570044562172e-01
4.696840089729439338e-01
4.694698596255953427e-01
4.692545091091210319e-01
4.690379575691568936e-01
4.688202051509128276e-01
4.686012519995372827e-01
4.683810982605505213e-01
4.681597440801816279e-01
4.679371896055658508e-01
4.677134349850418094e-01
4.674884803682274326e-01
4.672623259062708700e-01
4.670349717519237664e-01
4.668064180596809276e-01
4.665766649858257287e-01
4.663457126885514059e-01
4.661135613280201762e-01
4.658802110664044260e-01
4.656456620679595426e-01
4.654099144990597181e-01
4.651729685282424143e-01
4.649348243262525493e-01
4.646954820660826324e-01
