0.118474323780490
0.118226738098390
0.117963620066936
0.117690620923944
0.117414299764257
0.117141961427641
0.116881461224432
0.116640982482774
0.116428794015423
0.116252995453155
0.116121258936879
0.116040575876367
0.116017017360148
0.116055516344391
0.116159678979988
0.116331631392177
0.116571906954444
0.116879377656020
0.117251231615233
0.117682997207383
0.118168612723647
0.118700539020878
0.119269911317816
0.119866725188257
0.120480050930896
0.121098269880328
0.121709325871350
0.122300984973066
0.122861096751437
0.123377850669522
0.123840021756209
0.124237200324070
0.124560001250641
0.124800249111363
0.124951136227380
0.125007351434571
0.124965178067218
0.124822560265583
0.124579137256369
0.124236245722352
0.123796890784372
0.123265686482803
0.122648766987509
0.121953670106325
0.121189195021314
0.120365236573204
0.119492598844321
0.118582791256811
0.117647810894663
0.116699915253903
0.115751390096490
0.114814317494451
0.113900349462594
0.113020492751594
0.112184910371815
0.111402745212582
0.110681970691605
0.110029272708014
0.109449966286682
0.108947949213822
0.108525693711483
0.108184275832428
0.107923440839266
0.107741701432162
0.107636464381866
0.107604179981176
0.107640507815549
0.107740491728750
0.107898736564849
0.108109579328726
0.108367247829525
0.108666000640672
0.109000243292264
0.109364616954246
0.109754057404453
0.110163823724851
0.110589497846112
0.111026957676526
0.111472328020485
0.111921914736622
0.112372128539750
0.112819405463402
0.113260131238015
0.113690576689957
0.114106850734973
0.114504876651215
0.114880396114490
0.115229004019048
0.115546215460440
0.115827564500163
0.116068732546826
0.116265702458312
0.116414932873596
0.116513545895118
0.116559520127767
0.116551880291515
0.116490874201699
0.116378127878850
0.116216769918802
0.116011517017344
0.115768713680378
0.115496320623841
0.115203848126929
0.114902232584931
0.114603656640682
0.114321315475621
0.114069134025897
0.113861441967769
0.113712615202367
0.113636694180432
0.113646990669196
0.113755695414101
0.113973499541160
0.114309242452601
0.114769598380549
0.115358812693459
0.116078497532031
0.116927494440375
0.117901809427774
0.118994623436068
0.120196378598478
0.121494938066016
0.122875814657229
0.124322461262448
0.125816613901675
0.127338676679067
0.128868136660809
0.130383995970191
0.131865208162967
0.133291106212725
0.134641810171232
0.135898603722895
0.137044270357420
0.138063381658649
0.138942532160025
0.139670517254142
0.140238452673137
0.140639835993212
0.140870552385947
0.140928828381580
0.140815138681872
0.140532072036988
0.140084162873860
0.139477695740441
0.138720489732910
0.137821669933164
0.136791432541540
0.135640809887553
0.134381440882722
0.133025351784650
0.131584751405548
0.130071844149416
0.128498663520995
0.126876928029480
0.125217920717584
0.123532392883808
0.121830491931220
0.120121712667957
0.118414870802081
0.116718096818776
0.115038847907786
0.113383935135276
0.111759562643431
0.110171375333798
0.108624511269638
0.107123654941751
0.105673087602597
0.104276731101050
0.102938182053787
0.101660733768026
0.100447384071932
0.099300828089403
0.098223435979060
0.097217216696403
0.096283769878360
0.095424228930091
0.094639199252969
0.093928696230449
0.093292088032132
0.092728048464091
0.092234524957859
0.091808726341453
0.091447134282392
0.091145541262904
0.090899116688555
0.090702501306044
0.090549928590004
0.090435370236295
0.090352701458047
0.090295880505377
0.090259135797821
0.090237153334235
0.090225256675552
0.090219571808532
0.090217169598126
0.090216179305171
0.090215867745834
0.090216680042340
0.090220239488563
0.090229305746698
0.090247692314878
0.090280145873571
0.090332191649699
0.090409950261328
0.090519932566009
0.090668819793283
0.090863236675156
0.091109525394853
0.091413527967834
0.091780384179043
0.092214351466943
0.092718652216689
0.093295352854259
0.093945277973518
0.094667961529060
0.095461635933859
0.096323258749703
0.097248575579179
0.098232216782062
0.099267824759911
0.100348207788824
0.101465515735214
0.102611432464995
0.103777379353623
0.104954724025076
0.106134988295703
0.107310049279440
0.108472327731491
0.109614957975407
0.110731934180491
0.111818228335924
0.112869876004231
0.113884026822301
0.114858957738107
0.115794048102533
0.116689716946620
0.117547324026326
0.118369037464542
0.119157672015204
0.119916503067137
0.120649062448186
0.121358922840311
0.122049478138458
0.122723727354670
0.123384069670129
0.124032117969727
0.124668537666619
0.125292916859661
0.125903672895691
0.126497999270003
0.127071855535736
0.127620001551945
0.128136076026951
0.128612717951215
0.129041728202186
0.129414267376423
0.129721084790823
0.129952772618327
0.130100038302850
0.130153987748377
0.130106411310384
0.129950064344543
0.129678933997504
0.129288484066001
0.128775870111209
0.128140117600741
0.127382256663188
0.126505408077016
0.125514816367096
0.124417827329916
0.123223808923568
0.121944016201031
0.120591402783555
0.119180383203006
0.117726552217218
0.116246368844002
0.114756814289234
0.113275034086134
0.111817975548313
0.110402032012069
0.109042705265013
0.107754297009998
0.106549639200960
0.105439871640910
0.104434273406531
0.103540152535991
0.102762796082884
0.102105480209800
0.101569537587802
0.101154477101860
0.100858148849887
0.100676945763674
0.100606031954515
0.100639587150780
0.100771056378100
0.100993394335052
0.101299294709587
0.101681395908507
0.102132456256580
0.102645493568037
0.103213885995582
0.103831433110549
0.104492378155164
0.105191394236130
0.105923538814499
0.106684182125527
0.107468916091129
0.108273450846300
0.109093506191210
0.109924705124449
0.110762476148345
0.111601970315157
0.112437998061825
0.113264989822047
0.114076983267435
0.114867638868634
0.115630284328450
0.116357987357895
0.117043655267749
0.117680158947545
0.118260478007050
0.118777863162082
0.119226011352980
0.119599248585397
0.119892715076200
0.120102546972757
0.120226048697745
0.120261849865121
0.120210040732727
0.120072280323531
0.119851871682469
0.119553799259933
0.119184724142387
0.118752933794376
0.118268244132687
0.117741853109234
0.117186146506509
0.116614458306650
0.116040789727138
0.115479492756201
0.114944925693831
0.114451089729417
0.114011256883621
0.113637600633047
0.113340841153598
0.113129917307093
0.113011697217993
0.112990738525427
0.113069108154431
0.113246269757500
0.113519044883040
0.113881651503033
0.114325820867777
0.114840990855528
0.115414571163906
0.116032272967415
0.116678493160396
0.117336741129692
0.117990094257486
0.118621667126322
0.119215078748859
0.119754902113239
0.120227080933324
0.120619299705478
0.120921294956131
0.121125097846524
0.121225200988158
0.121218645299971
0.121105025876241
0.120886418993586
0.120567235424251
0.120154008003305
0.119655123792447
0.119080513083506
0.118441308804149
0.117749490569040
0.117017527635101
0.116258034377021
0.115483450639113
0.114705757514695
0.113936236854959
0.113185280239443
0.112462250389865
0.111775395226639
0.111131812102211
0.110537457337902
0.109997194166268
0.109514870640428
0.109093418087673
0.108734960296294
0.108440923836124
0.108212140693682
0.108048935688684
0.107951192837527
0.107918396826994
0.107949647927686
0.108043650875157
0.108198680341872
0.108412527489643
0.108682433621318
0.109005018057507
