0.396698990346240
0.389002366801029
0.381421114770801
0.373990807018869
0.366746210105369
0.359721087410196
0.352948014597797
0.346458210095827
0.340281382773372
0.334445598516945
0.328977166838108
0.323900548035599
0.319238280810633
0.315010929631586
0.311237050595752
0.307933174070404
0.305113802034353
0.302791417799666
0.300976505676034
0.299677578144850
0.298901208225711
0.298652064927027
0.298932949953572
0.299744834172795
0.301086892695006
0.302956537777935
0.305349449106463
0.308259601310081
0.311679288857328
0.315599148705876
0.320008181292343
0.324893770623321
0.330241704386690
0.336036195147231
0.342259903828875
0.348893966819784
0.355918028163144
0.363310278409526
0.371047501793737
0.379105133444954
0.387457328326922
0.396077043516654
0.404936135251399
0.414005471893196
0.423255063574267
0.432654208798248
0.442171657694792
0.451775790978833
0.461434812981122
0.471116956428343
0.480790695999192
0.490424967108456
0.499989385912449
0.509454466220880
0.518791828867498
0.527974399150604
0.536976588208411
0.545774454634767
0.554345843246826
0.562670498656886
0.570730152135565
0.578508581136833
0.585991641739673
0.593167275099196
0.600025489748909
0.606558322221594
0.612759778931747
0.618625762574789
0.624153986442524
0.629343880039007
0.634196489223443
0.638714373830305
0.642901505352434
0.646763166850573
0.650305856803883
0.653537198168106
0.656465853482517
0.659101446480891
0.661454490322650
0.663536322272427
0.665359044413896
0.666935469781750
0.668279073122953
0.669403945346168
0.670324750578934
0.671056684621401
0.671615433463277
0.672017130423960
0.672278310392758
0.672415859602263
0.672446959377860
0.672389022386712
0.672259620073462
0.672076400227189
0.671856993976789
0.671618911956253
0.671379429902840
0.671155464529354
0.670963441116447
0.670819154868522
0.670737628628904
0.670732970018160
0.670818231408895
0.671005276350964
0.671304656091580
0.671725499685451
0.672275420861103
0.672960444315864
0.673784953477341
0.674751661029936
0.675861602702703
0.677114153997102
0.678507068747235
0.680036537696414
0.681697264681579
0.683482557570590
0.685384430817074
0.687393716389596
0.689500179891832
0.691692638901278
0.693959080890304
0.696286778520962
0.698662400587554
0.701072117379531
0.703501699717059
0.705936611341327
0.708362094698524
0.710763250426902
0.713125111035160
0.715432709352420
0.717671142348475
0.719825630885134
0.721881575889371
0.723824611357998
0.725640654534548
0.727315953558827
0.728837132889145
0.730191236841363
0.731365771673745
0.732348746761262
0.733128715531731
0.733694816957152
0.734036818485519
0.734145161338550
0.734011009071806
0.733626300181511
0.732983805342734
0.732077189577542
0.730901079291756
0.729451133702486
0.727724119732713
0.725717989001679
0.723431955124763
0.720866569183073
0.718023790959970
0.714907053390175
0.711521317641472
0.707873116353174
0.703970582785831
0.699823463977462
0.695443116432845
0.690842483363771
0.686036053019746
0.681039798165933
0.675871097248159
0.670548638206414
0.665092306237815
0.659523057056548
0.653862777346678
0.648134134161421
0.642360415000866
0.636565360221117
0.630772989313088
0.625007422467254
0.619292698734013
0.613652592021706
0.608110426160821
0.602688890312922
0.597409856117766
0.592294198144298
0.587361619426104
0.582630484098819
0.578117659389141
0.573838369406574
0.569806063330381
0.566032300642797
0.562526656014368
0.559296646286577
0.556347681715036
0.553683043238443
0.551303887034621
0.549209277036545
0.547396245431732
0.545859880488932
0.544593440376348
0.543588490987541
0.542835065202365
0.542321840505221
0.542036331479859
0.541965093410859
0.542093933052500
0.542408122574444
0.542892612754925
0.543532241654138
0.544311935250457
0.545216896844067
0.546232782411289
0.547345859514212
0.548543147820762
0.549812539760022
0.551142900317581
0.552524145458999
0.553947299150296
0.555404529416772
0.556889164339165
0.558395689320439
0.559919727358245
0.561458004414033
0.563008302266816
0.564569401461500
0.566141017094376
0.567723730207003
0.569318917474711
0.570928681670573
0.572555785061314
0.574203587455232
0.575875990090340
0.577577385947177
0.579312616426234
0.581086933681470
0.582905967290161
0.584775693405741
0.586702404125143
0.588692674538677
0.590753324846000
0.592891375030699
0.595113989892293
0.597428412726632
0.599841886599705
0.602361562938363
0.604994398016193
0.607747038789311
0.610625700374083
0.613636038198853
0.616783018449232
0.620070790815933
0.623502567711825
0.627080514033530
0.630805651201006
0.634677778633955
0.638695415049833
0.642855761044353
0.647154683401729
0.651586720546895
0.656145107566076
0.660821818354046
0.665607621755625
0.670492148105687
0.675463962366685
0.680510640131319
0.685618843093866
0.690774391171686
0.695962329236451
0.701166987333868
0.706372034263632
0.711560525383014
0.716714946414810
0.721817255812275
0.726848928802963
0.731791006554133
0.736624153948734
0.741328729225593
0.745884868232873
0.750272585303915
0.754471891836035
0.758462932599697
0.762226138697139
0.765742395000386
0.768993218900715
0.771960946360035
0.774628920623236
0.776981678567477
0.779005129551559
0.780686721787420
0.782015591672320
0.782982692160586
0.783580897073398
0.783805079186401
0.783652160937287
0.783121137594945
0.782213073668754
0.780931074159169
0.779280232917001
0.777267560860772
0.774901897085757
0.772193805985433
0.769155463411710
0.765800534650857
0.762144046622866
0.758202256265860
0.753992516586174
0.749533141382544
0.744843269226024
0.739942726927006
0.734851892467514
0.729591557232028
0.724182787334240
0.718646783900817
0.713004742320091
0.707277710670168
0.701486447781001
0.695651281631898
0.689791969013260
0.683927557569628
0.678076251472578
0.672255282040394
0.666480784623416
0.660767683016197
0.655129582551170
0.649578672889184
0.644125641368376
0.638779597623101
0.633548010055974
0.628436654651726
0.623449576570169
0.618589064949013
0.613855641382291
0.609248062605927
0.604763338003933
0.600396762628266
0.596141966480989
0.591990980819293
0.587934322193471
0.583961094800619
0.580059111524174
0.576215033729232
0.572414529501673
0.568642449566876
0.564883019621612
0.561120047283163
0.557337141331644
0.553517940423059
0.549646348011436
0.545706769862645
0.541684350293359
0.537565203139455
0.533336633458271
0.528987346098657
0.524507637524962
0.519889567642657
0.515127108825569
0.510216269864634
0.505155193121160
0.499944223748813
0.494585950424139
0.489085217575292
0.483449109606262
0.477686908067874
0.471810023121058
0.465831900970466
0.459767909220326
0.453635202324607
0.447452569477517
0.441240267425472
0.435019840784341
0.428813932520716
0.422646087304120
0.416540550457889
0.410522065223994
0.404615671005486
0.398846505149913
0.393239610679659
0.387819752153234
0.382611241549615
0.377637775706269
0.372922286413933
0.368486803789215
0.364352333025427
0.360538744085851
0.357064673378363
0.353947435966579
0.351202946461558
0.348845646430014
0.346888435976545
0.345342607129431
0.344217776794950
0.343521817347413
0.343260783383724
0.343438833774293
0.344058148858359
0.345118843423483
0.346618876931990
0.348553963262595
0.350917482973367
0.353700401714136
0.356891198879947
0.360475810866903
0.364437593344282
0.368757306779981
0.373413129052849
0.378380698370404
