0.032186174433491
0.032164453449986
0.032141802734529
0.032118203912706
0.032093695545262
0.032068385370187
0.032042457230785
0.032016172058197
0.031989862742331
0.031963923196130
0.031938792354271
0.031914934212465
0.031892815278381
0.031872880950769
0.031855532362654
0.031841105122523
0.031829851181181
0.031821924767404
0.031817373005324
0.031816131485692
0.031818024745460
0.031822771344007
0.031829993029849
0.031839227378539
0.031849943249014
0.031861558439587
0.031873459004923
0.031885019794896
0.031895625866312
0.031904694472462
0.031911697333046
0.031916182817010
0.031917797534243
0.031916306641897
0.031911611952445
0.031903766717652
0.031892985795350
0.031879649825283
0.031864302082632
0.031847636870508
0.031830478668487
0.031813751769218
0.031798440785854
0.031785543158018
0.031776015565242
0.031770716904597
0.031770351128225
0.031775413692457
0.031786145578052
0.031802498751913
0.031824116528034
0.031850331550143
0.031880183090704
0.031912454099614
0.031945727026138
0.031978455984239
0.032009051451526
0.032035972504774
0.032057820711565
0.032073429310763
0.032081941289175
0.032082870427877
0.032076140339818
0.032062097900055
0.032041499192665
0.032015468042534
0.031985429220502
0.031953020349040
0.031919988235157
0.031888076673835
0.031858913581263
0.031833905551842
0.031814147550584
0.031800354466631
0.031792819727144
0.031791404212186
0.031795556466739
0.031804362847972
0.031816623959490
0.031830951692075
0.031845879577323
0.031859978099956
0.031871966196870
0.031880810435538
0.031885804295776
0.031886621507757
0.031883339407140
0.031876430597747
0.031866723679120
0.031855336204529
0.031843585193140
0.031832882256610
0.031824621577887
0.031820069506303
0.031820264368511
0.031825934255408
0.031837439100813
0.031854741436202
0.031877407943116
0.031904641511796
0.031935341142325
0.031968184878893
0.032001729214477
0.032034517174947
0.032065186678053
0.032092570803957
0.032115782298517
0.032134275896916
0.032147883798259
0.032156821701246
0.032161665063981
0.032163297504123
0.032162835339805
0.032161534033711
0.032160683617391
0.032161500950684
0.032165026864884
0.032172035844077
0.032182964956326
0.032197867332323
0.032216393713097
0.032237803581705
0.032261005300962
0.032284622646159
0.032307083286560
0.032326723253167
0.032341900329138
0.032351108679752
0.032353086934089
0.032346912339859
0.032332074502458
0.032308523526213
0.032276689012154
0.032237468226087
0.032192183715142
0.032142512597556
0.032090391559438
0.032037903152981
0.031987150208403
0.031940125972640
0.031898587922384
0.031863943045538
0.031837151750524
0.031818656482327
0.031808339659598
0.031805513783754
0.031808944612844
0.031816906257060
0.031827265062672
0.031837587329614
0.031845264369472
0.031847647254650
0.031842182913301
0.031826543038880
0.031798737627061
0.031757205813130
0.031700878013407
0.031629205098199
0.031542152338335
0.031440158049779
0.031324059076198
0.031194987359166
0.031054243717253
0.030903156469925
0.030742933604309
0.030574517724998
0.030398453015629
0.030214772877443
0.030022915831290
0.029821675744641
0.029609190570433
0.029382971676776
0.029139973634517
0.028876702145598
0.028589355765570
0.028273995311411
0.027926733442845
0.027543935927986
0.027122425589226
0.026659679880240
0.026154013448124
0.025604737839314
0.025012291646693
0.024378335786223
0.023705810145056
0.022998949468246
0.022263257961979
0.021505443611876
0.020733314583531
0.019955641243833
0.019181988288081
0.018422522168314
0.017687799496766
0.016988542361035
0.016335406559136
0.015738748672865
0.015208397677864
0.014753436467675
0.014381998272188
0.014101082497341
0.013916394016143
0.013832209407854
0.013851273074712
0.013974725562766
0.014202065772426
0.014531148063512
0.014958214539474
0.015477962040713
0.016083642597373
0.016767195302500
0.017519406787209
0.018330096734546
0.019188324184740
0.020082609789224
0.021001168690488
0.021932148363106
0.022863865566669
0.023785036546442
0.024684994777679
0.025553890882486
0.026382869844374
0.027164221288683
0.027891499364662
0.028559609630358
0.029164861274802
0.029704983982114
0.030179109717759
0.030587720668648
0.030932565468515
0.031216546664077
0.031443583105346
0.031618451558779
0.031746612332102
0.031834024055742
0.031886952982347
0.031911782240202
0.031914826408482
0.031902156574422
0.031879440689011
0.031851803565082
0.031823710268191
0.031798875947242
0.031780204351821
0.031769756402956
0.031768749242874
0.031777585210306
0.031795909196968
0.031822691867850
0.031856335304960
0.031894796795804
0.031935725769619
0.031976608321241
0.032014913387755
0.032048234485604
0.032074420998701
0.032091693345927
0.032098736953433
0.032094770805810
0.032079587429054
0.032053562432367
0.032017633156023
0.031973247477087
0.031922285341405
0.031866957039251
0.031809683540364
0.031752965270479
0.031699246471474
0.031650782679111
0.031609518832035
0.031576985071578
0.031554216408270
0.031541701149821
0.031539361366474
0.031546566798854
0.031562181598205
0.031584641252523
0.031612055125984
0.031642328353902
0.031673295511782
0.031702857615925
0.031729113687838
0.031750478364143
0.031765777857453
0.031774317930793
0.031775919358063
0.031770918490483
0.031760132890692
0.031744794371541
0.031726454018197
0.031706865718953
0.031687856239311
0.031671190832094
0.031658443709194
0.031650882378341
0.031649373889455
0.031654319505195
0.031665622317256
0.031682690016677
0.031704472559648
0.031729532028289
0.031756139744744
0.031782393817298
0.031806348912154
0.031826149249455
0.031840155668580
0.031847058098904
0.031845965864675
0.031836469859288
0.031818672622347
0.031793184593684
0.031761087138999
0.031723865177190
0.031683314235286
0.031641428380326
0.031600276625849
0.031561876018235
0.031528069649333
0.031500417331392
0.031480105660728
0.031467882772495
0.031464021359883
0.031468311622574
0.031480083853564
0.031498258499934
0.031521419860104
0.031547908207269
0.031575924132029
0.031603638324999
0.031629299891997
0.031651336601106
0.031668441167231
0.031679638727632
0.031684331975184
0.031682321906078
0.031673803709551
0.031659338882032
0.031639806093879
0.031616334589810
0.031590224893643
0.031562862260012
0.031535628635705
0.031509818847202
0.031486566326262
0.031466782950421
0.031451116557793
0.031439928460303
0.031433291904858
0.031431011005301
0.031432658281213
0.031437627683151
0.031445198941445
0.031454608318307
0.031465120424590
0.031476095715097
0.031487048607437
0.031497691860800
0.031507963858644
0.031518036696080
0.031528304391994
0.031539352027615
0.031551908050197
0.031566783266684
0.031584801090494
0.031606724314028
0.031633184002476
0.031664616011087
0.031701210119610
0.031742875886776
0.031789228117306
0.031839593391841
0.031893037544002
0.031948412396579
0.032004418611253
0.032059680275943
0.032112825947479
0.032162570356800
0.032207790911130
0.032247593500391
0.032281362906416
0.032308794263106
0.032329903435045
0.032345015760858
0.032354734222851
0.032359889629899
0.032361476717301
0.032360581072832
0.032358302415229
0.032355679933777
0.032353625134223
0.032352866951901
0.032353912846108
0.032357028268004
0.032362235406770
0.032369330587272
0.032377918241383
0.032387458120964
0.032397321462529
0.032406851225366
0.032415421348491
0.032422490214496
0.032427644142092
