0.143588790212901
0.143564384694499
0.143595515932050
0.143680541544416
0.143816742256794
0.144000416397596
0.144227005372585
0.144491245525368
0.144787340578151
0.145109147907559
0.145450371309818
0.145804752689549
0.146166255284540
0.146529231606566
0.146888570200462
0.147239816540426
0.147579264813401
0.147904018888452
0.148212022334633
0.148502058823452
0.148773725539534
0.149027383243453
0.149264087325446
0.149485504525961
0.149693819977074
0.149891638865643
0.150081886390709
0.150267708862456
0.150452377862790
0.150639198460095
0.150831421643143
0.151032160500019
0.151244309286306
0.151470464444651
0.151712846865825
0.151973225197187
0.152252840753412
0.152552335484595
0.152871685405862
0.153210142776293
0.153566191019218
0.153937516796196
0.154321003700267
0.154712751667139
0.155108125398535
0.155501833873218
0.155888041450725
0.156260509248914
0.156612763526963
0.156938285876455
0.157230718268333
0.157484074570081
0.157692949164207
0.157852712864509
0.157959686499277
0.158011283324635
0.158006112811910
0.157944040240990
0.157826198806636
0.157654953456299
0.157433818256090
0.157167331550906
0.156860895378637
0.156520587371467
0.156152954617636
0.155764799593704
0.155362968286206
0.154954150025241
0.154544697417864
0.154140473200284
0.153746728956350
0.153368018622629
0.153008147667587
0.152670156933910
0.152356338487729
0.152068279515628
0.151806929402772
0.151572684628713
0.151365486009904
0.151184923046626
0.151030340619548
0.150900943935626
0.150795898348825
0.150714421389004
0.150655864948841
0.150619786053927
0.150606004952371
0.150614649413888
0.150646184157408
0.150701424285697
0.150781531564367
0.150887992415249
0.151022576669553
0.151187276499591
0.151384225551479
0.151615599138954
0.151883497403079
0.152189814535512
0.152536098418396
0.152923406245736
0.153352162741328
0.153822028359690
0.154331785241998
0.154879248615072
0.155461210716153
0.156073423186682
0.156710622235511
0.157366598799667
0.158034313542940
0.158706053975633
0.159373628421472
0.160028589178653
0.160662475195602
0.161267063064840
0.161834614256063
0.162358106346265
0.162831436595428
0.163249587542943
0.163608746291521
0.163906371682407
0.164141206488382
0.164313234870182
0.164423588452951
0.164474407277088
0.164468664370764
0.164409964616669
0.164302329819588
0.164149982348833
0.163957139408971
0.163727828915951
0.163465736207882
0.163174088529039
0.162855581555945
0.162512349371692
0.162145976434626
0.161757547420399
0.161347728514570
0.160916871938860
0.160465134311411
0.159992598928576
0.159499392223891
0.158985785473047
0.158452274193755
0.157899629522251
0.157328917994139
0.156741488460607
0.156138927172913
0.155522984216179
0.154895476334005
0.154258172649407
0.153612670779348
0.152960271318808
0.152301858632073
0.151637795364446
0.150967837137854
0.150291072604453
0.149605892505312
0.148909989727415
0.148200390682499
0.147473516748914
0.146725273112134
0.145951161180517
0.145146409887697
0.144306120644966
0.143425420475818
0.142499617929020
0.141524356687259
0.140495762313400
0.139410578246200
0.138266287909815
0.137061220577554
0.135794639377384
0.134466810503110
0.133079053270801
0.131633771119066
0.130134463990265
0.128585722756030
0.126993206481566
0.125363603382595
0.123704576343345
0.122024693860202
0.120333347277907
0.118640655212518
0.116957356120692
0.115294690083860
0.113664271026967
0.112077950777089
0.110547676574405
0.109085343860580
0.107702646370217
0.106410925722373
0.105221022836398
0.104143133568041
0.103186670970642
0.102360136529820
0.101671002600180
0.101125608095170
0.100729069254705
0.100485207050342
0.100396492495271
0.100464010816779
0.100687445130971
0.101065079939975
0.101593824455253
0.102269255438702
0.103085678946473
0.104036210057835
0.105112869371915
0.106306694758367
0.107607866555241
0.109005844121924
0.110489511383429
0.112047328753346
0.113667488608067
0.115338071317910
0.117047198735759
0.118783182015072
0.120534660689037
0.122290730101257
0.124041054541142
0.125775963804930
0.127486531370825
0.129164632932892
0.130802984665787
0.132395161268445
0.133935594532008
0.135419553864706
0.136843110851673
0.138203090497684
0.139497012264958
0.140723024348494
0.141879834806233
0.142966643164772
0.143983075946479
0.144929129211991
0.145805120694240
0.146611653436858
0.147349592069975
0.148020051997454
0.148624400874634
0.149164270872925
0.149641579406839
0.150058555290036
0.150417766735837
0.150722147264763
0.150975015458099
0.151180084622640
0.151341458814274
0.151463612299188
0.151551350388429
0.151609750626156
0.151644084492978
0.151659721039838
0.151662015123797
0.151656184098509
0.151647177843006
0.151639547821045
0.151637321387518
0.151643887749996
0.151661901822099
0.151693211661284
0.151738814279939
0.151798843391034
0.151872591155915
0.151958564318654
0.152054573330702
0.152157851292940
0.152265197874959
0.152373141915567
0.152478115256945
0.152576629593780
0.152665447783540
0.152741741194287
0.152803225263818
0.152848266481280
0.152875955425444
0.152886142223358
0.152879432731157
0.152857145773208
0.152821233788936
0.152774171111794
0.152718815734419
0.152658251706357
0.152595620195786
0.152533947680656
0.152475979702459
0.152424028131289
0.152379838996086
0.152344486694925
0.152318298902855
0.152300814837977
0.152290777835296
0.152286161516364
0.152284227326752
0.152281609924066
0.152274425898434
0.152258400633599
0.152229007783807
0.152181615838362
0.152111636538587
0.152014670447725
0.151886645686360
0.151723946658645
0.151523530430925
0.151283029211672
0.151000838057396
0.150676187446445
0.150309200692775
0.149900936307318
0.149453415368467
0.148969633768331
0.148453558906179
0.147910110065798
0.147345121405601
0.146765286276196
0.146178081520006
0.145591670550253
0.145014784383273
0.144456580420147
0.143926479628714
0.143433983830601
0.142988475993442
0.142599007691200
0.142274079137789
0.142021418325476
0.141847766714774
0.141758679537938
0.141758349019636
0.141849458631766
0.142033075855873
0.142308589826736
0.142673698704478
0.143124449730587
0.143655332752114
0.144259425658017
0.144928587786737
0.145653695068596
0.146424908593370
0.147231966566819
0.148064488347374
0.148912278518247
0.149765618803743
0.150615536100246
0.151454035945006
0.152274292337599
0.153070786875559
0.153839392555856
0.154577400196598
0.155283488104701
0.155957638209371
0.156601004257135
0.157215739696432
0.157804794464641
0.158371690953028
0.158920289922522
0.159454557067885
0.159978340305453
0.160495166748602
0.161008066820265
0.161519431139570
0.162030903829625
0.162543313851001
0.163056643992941
0.163570035363828
0.164081823708539
0.164589602714762
0.165090308698443
0.165580320697183
0.166055570038326
0.166511653848440
0.166943947673309
0.167347713305779
0.167718198985300
0.168050730245938
0.168340790759599
0.168584093467775
0.168776643051495
0.168914791307692
0.168995287253545
0.169015323764294
0.168972582281415
0.168865276644248
0.168692196452355
0.168452749623648
0.168147003046816
0.167775719509092
0.167340388481119
0.166843247919171
0.166287294047384
0.165676276137767
0.165014673623717
0.164307653454009
0.163561006389955
0.162781061923487
0.161974582588996
0.161148639588058
0.160310472769920
0.159467339038045
0.158626354115122
0.157794333236380
0.156977636707699
