0.141692546851075
0.141781843938438
0.141929418440586
0.142131803449140
0.142384779763375
0.142683498631369
0.143022626079368
0.143396503627745
0.143799319435825
0.144225283459846
0.144668800068549
0.145124631738599
0.145588047926825
0.146054953950210
0.146521995645547
0.146986636667716
0.147447206452126
0.147902918047641
0.148353856160273
0.148800936782627
0.149245840679240
0.149690923725547
0.150139107644739
0.150593755051262
0.151058532902723
0.151537268502865
0.152033802112793
0.152551840043792
0.153094811851642
0.153665734954757
0.154267089677965
0.154900707395509
0.155567674119715
0.156268251558219
0.157001817340408
0.157766825786059
0.158560790248040
0.159380287697425
0.160220985826652
0.161077692520443
0.161944427085308
0.162814512141710
0.163680684578122
0.164535223457778
0.165370092274502
0.166177092494058
0.166948024912676
0.167674855035620
0.168349878443909
0.168965881991849
0.169516296672630
0.169995338109684
0.170398130878406
0.170720813231523
0.170960619282273
0.171115936278849
0.171186335263529
0.171172574130654
0.171076572856577
0.170901361449038
0.170651001929315
0.170330486394985
0.169945613892043
0.169502849431758
0.169009169001335
0.168471894821935
0.167898525389272
0.167296564980629
0.166673357320949
0.166035927966949
0.165390839693536
0.164744064757528
0.164100877380489
0.163465769151216
0.162842389319001
0.162233511155264
0.161641024730754
0.161065955617618
0.160508508210738
0.159968131600962
0.159443605252583
0.158933141163911
0.158434498743765
0.157945108333418
0.157462199151814
0.156982927443566
0.156504500759540
0.156024294587103
0.155539957954130
0.155049505135470
0.154551391167545
0.154044569498903
0.153528530744546
0.153003322143949
0.152469547923827
0.151928351317772
0.151381379481508
0.150830732955537
0.150278901661977
0.149728689679892
0.149183131227576
0.148645400397678
0.148118717250581
0.147606252881064
0.147111036041221
0.146635863834208
0.146183218891915
0.145755195315473
0.145353435487991
0.144979079659330
0.144632729947216
0.144314430091260
0.144023661931540
0.143759359159439
0.143519938406664
0.143303347206229
0.143107127788727
0.142928495087223
0.142764426738394
0.142611762314711
0.142467308533866
0.142327946799924
0.142190739166764
0.142053028705510
0.141912530324525
0.141767408345235
0.141616337581111
0.141458545290383
0.141293832153380
0.141122571329065
0.140945685628344
0.140764603852557
0.140581198327326
0.140397706557108
0.140216640678740
0.140040688954805
0.139872613880985
0.139715151561044
0.139570916819307
0.139442318081228
0.139331485382673
0.139240214008657
0.139169925266661
0.139121644832848
0.139095998041780
0.139093220492815
0.139113181486761
0.139155417142646
0.139219169622081
0.139303428735696
0.139406972332056
0.139528402263489
0.139666173355324
0.139818613627279
0.139983934966331
0.140160234457610
0.140345487566992
0.140537535260834
0.140734067875522
0.140932609054472
0.141130503311806
0.141324910737103
0.141512812022874
0.141691026395105
0.141856244196069
0.142005074863934
0.142134109943950
0.142239999628388
0.142319540236080
0.142369769083514
0.142388062435799
0.142372231711655
0.142320612889556
0.142232144140351
0.142106427093001
0.141943767802403
0.141745194391694
0.141512449430770
0.141247956322463
0.140954760225488
0.140636445275925
0.140297031006758
0.139940851846278
0.139572424350932
0.139196307360803
0.138816960536626
0.138438606742339
0.138065103488739
0.137699828177255
0.137345581214816
0.137004510255684
0.136678057912997
0.136366934321275
0.136071114969128
0.135789863301423
0.135521776748185
0.135264854100456
0.135016581540377
0.134774034153175
0.134533989404847
0.134293048856615
0.134047764296046
0.133794764482735
0.133530878819464
0.133253254453805
0.132959463577441
0.132647598010039
0.132316348522685
0.131965066766008
0.131593808115026
0.131203354222266
0.130795214578507
0.130371606911205
0.129935416797371
0.129490137421028
0.129039790953438
0.128588833562940
0.128142046554033
0.127704416574637
0.127281008198858
0.126876832472672
0.126496715187627
0.126145168711066
0.125826271143844
0.125543556395685
0.125299918467779
0.125097532820557
0.124937797195864
0.124821293675087
0.124747773109904
0.124716162384180
0.124724594279013
0.124770459042541
0.124850476134962
0.124960784047719
0.125097045601003
0.125254565718923
0.125428418375760
0.125613579204665
0.125805060163032
0.125998042654009
0.126188005606221
0.126370845206021
0.126542983249464
0.126701461424410
0.126844019235825
0.126969153738124
0.127076159725875
0.127165149546726
0.127237052226451
0.127293592123557
0.127337247848142
0.127371192674367
0.127399218135939
0.127425642907456
0.127455209429851
0.127492971025210
0.127544172455872
0.127614127008179
0.127708093218175
0.127831154303607
0.127988103225837
0.128183336081872
0.128420756229750
0.128703691191180
0.129034823968151
0.129416139970841
0.129848890299380
0.130333571668496
0.130869922827536
0.131456936922651
0.132092888884517
0.132775376612111
0.133501374466127
0.134267297386366
0.135069073805216
0.135902225440585
0.136761952011526
0.137643218922148
0.138540845998043
0.139449595428684
0.140364257164316
0.141279730133416
0.142191097785122
0.143093696619495
0.143983176547678
0.144855552124699
0.145707243920509
0.146535109539489
0.147336464062809
0.148109089967850
0.148851236867331
0.149561611699126
0.150239360274429
0.150884041344446
0.151495594560450
0.152074303866064
0.152620757962195
0.153135809515641
0.153620534736507
0.154076194826963
0.154504200608317
0.154906081374421
0.155283458710544
0.155638025675637
0.155971531392438
0.156285770745361
0.156582578571472
0.156863827463942
0.157131428105610
0.157387330923471
0.157633527808544
0.157872052679095
0.158104979772877
0.158334418724757
0.158562505705258
0.158791390145684
0.159023216838679
0.159260103461652
0.159504113809586
0.159757227231242
0.160021304931587
0.160298053930228
0.160588989552392
0.160895397380902
0.161218295622409
0.161558398848290
0.161916084068725
0.162291360095153
0.162683841145202
0.163092725646124
0.163516781193209
0.163954336610744
0.164403282033093
0.164861077859042
0.165324773319258
0.165791035222886
0.166256187205614
0.166716259485225
0.167167048745318
0.167604187325015
0.168023220411813
0.168419689442821
0.168789219449200
0.169127607665804
0.169430910409653
0.169695525041444
0.169918263792791
0.170096416388244
0.170227798724456
0.170310785385050
0.170344324450808
0.170327933879661
0.170261679635979
0.170146136691241
0.169982334939033
0.169771692906093
0.169515942838909
0.169217051251322
0.168877139292171
0.168498407307681
0.168083067722115
0.167633289851374
0.167151159524941
0.166638655464807
0.166097643312947
0.165529887077713
0.164937076655656
0.164320869050221
0.163682940018883
0.163025042192273
0.162349065265814
0.161657093693224
0.160951457420199
0.160234771576253
0.159509961665620
0.158780271622244
0.158049253065168
0.157320735147274
0.156598775467273
0.155887593548251
0.155191489317378
0.154514749801241
0.153861547841798
0.153235837015348
0.152641247091094
0.152080984301070
0.151557740426109
0.151073614260216
0.150630048433241
0.150227783888814
0.149866833572744
0.149546476126884
0.149265269641941
0.149021084831148
0.148811156370380
0.148632150626286
0.148480247573042
0.148351234383943
0.148240607974030
0.148143683658180
