0.226908552746441
0.227163230117630
0.227429598394900
0.227708565357660
0.228001206172969
0.228308781581267
0.228632753351980
0.228974794359993
0.229336790851473
0.229720834869887
0.230129205373193
0.230564337253124
0.231028778221122
0.231525134301315
0.232056005417413
0.232623913227553
0.233231223905899
0.233880068957898
0.234572267364395
0.235309252367737
0.236092006042881
0.236921004452518
0.237796175692540
0.238716872526110
0.239681860620700
0.240689322684575
0.241736878090029
0.242821616909016
0.243940146707565
0.245088649975567
0.246262949727651
0.247458580609576
0.248670862785111
0.249894975954643
0.251126031056363
0.252359137505212
0.253589464211476
0.254812293065206
0.256023064048406
0.257217411618485
0.258391192469697
0.259540505202254
0.260661702792705
0.261751399048817
0.262806470436501
0.263824054777878
0.264801548336073
0.265736602724946
0.266627122916855
0.267471267378420
0.268267451057327
0.269014351589211
0.269710918713046
0.270356386497919
0.270950287616688
0.271492468575393
0.271983104542817
0.272422712240540
0.272812159264629
0.273152668224851
0.273445814209103
0.273693514306067
0.273898008237926
0.274061829550969
0.274187767263289
0.274278818350033
0.274338131929450
0.274368946468827
0.274374521730892
0.274358067504922
0.274322671393191
0.274271228040537
0.274206372196900
0.274130417891647
0.274045305783437
0.273952560445028
0.273853258969244
0.273748011862673
0.273636956752672
0.273519764994106
0.273395660846876
0.273263452521311
0.273121574069136
0.272968136840824
0.272800989038708
0.272617781766945
0.272416039909221
0.272193236144155
0.271946866427749
0.271674525322224
0.271373979623223
0.271043238826540
0.270680621077439
0.270284813359721
0.269854924808526
0.269390532173462
0.268891716619810
0.268359091237629
0.267793818832130
0.267197619791753
0.266572770067668
0.265922089541385
0.265248921294364
0.264557102511315
0.263850927932361
0.263135106904806
0.262414715160395
0.261695142451049
0.260982037111727
0.260281248486687
0.259598767964454
0.258940669133409
0.258313047315228
0.257721958483020
0.257173357351866
0.256673034268282
0.256226550445411
0.255839171110407
0.255515796259683
0.255260888957394
0.255078401453299
0.254971699818626
0.254943488273774
0.254995734873685
0.255129600683889
0.255345374979977
0.255642419293845
0.256019123275440
0.256472875310966
0.257000050620809
0.257596019149031
0.258255174961473
0.258970988115384
0.259736079086886
0.260542314890935
0.261380925056347
0.262242634684492
0.263117810982522
0.263996618973986
0.264869181596994
0.265725739136371
0.266556802921429
0.267353298459584
0.268106693656816
0.268809108472582
0.269453403230073
0.270033243802685
0.270543142967451
0.270978478295628
0.271335487980191
0.271611246924058
0.271803626183991
0.271911239445678
0.271933380570390
0.271869956390651
0.271721418843036
0.271488700223974
0.271173154864492
0.270776509875761
0.270300826859575
0.269748475650628
0.269122120306103
0.268424716726537
0.267659520520977
0.266830103054112
0.265940373062455
0.264994600822156
0.263997441606518
0.262953955093486
0.261869617471376
0.260750323238049
0.259602374081987
0.258432452755655
0.257247580481051
0.256055057139704
0.254862384267834
0.253677171673337
0.252507029284915
0.251359446605184
0.250241662839002
0.249160531376939
0.248122382804952
0.247132890960979
0.246196946747130
0.245318544417520
0.244500684886911
0.243745300242198
0.243053203092179
0.242424063674036
0.241856416768783
0.241347699490897
0.240894319945285
0.240491755628672
0.240134679337501
0.239817109277888
0.239532579101845
0.239274322762474
0.239035468428744
0.238809235260480
0.238589126640116
0.238369113503260
0.238143801707527
0.237908577919415
0.237659729261718
0.237394532918660
0.237111313002601
0.236809463198336
0.236489434967087
0.236152692358219
0.235801635689209
0.235439497462217
0.235070214843507
0.234698283800894
0.234328600545274
0.233966296235141
0.233616570969271
0.233284532914616
0.232975048006696
0.232692605041319
0.232441200180421
0.232224243960103
0.232044492858917
0.231904006406704
0.231804129736588
0.231745500452987
0.231728077750563
0.231751190912894
0.231813603677856
0.231913590504567
0.232049020529896
0.232217444967505
0.232416183874932
0.232642408581063
0.232893216604049
0.233165696567312
0.233456981400544
0.233764288950207
0.234084949974178
0.234416424310704
0.234756306747851
0.235102324735087
0.235452330538944
0.235804290723434
0.236156275916828
0.236506453704067
0.236853087164706
0.237194541077632
0.237529297164024
0.237855978977115
0.238173386215922
0.238480537390546
0.238776718950719
0.239061538258237
0.239334977185302
0.239597442695006
0.239849810539119
0.240093458212025
0.240330283536391
0.240562705720394
0.240793646400128
0.241026489033596
0.241265016003781
0.241513323868296
0.241775718307308
0.242056591412272
0.242360284968424
0.242690944260683
0.243052367628227
0.243447857469775
0.243880078631677
0.244350930079284
0.244861435455915
0.245411657583231
0.246000641173882
0.246626387044708
0.247285859977930
0.247975031127298
0.248688954558396
0.249421876202337
0.250167372243633
0.250918512807720
0.251668045807774
0.252408594993865
0.253132865652235
0.253833851051163
0.254505032635821
0.255140567141239
0.255735454213229
0.256285678786395
0.256788323341592
0.257241646219986
0.257645123368663
0.257999452189004
0.258306517506153
0.258569321025200
0.258791876936986
0.258979077533606
0.259136533745036
0.259270396371788
0.259387164429590
0.259493487413910
0.259595968417662
0.259700974887875
0.259814463391298
0.259941824090796
0.260087749741248
0.260256132932974
0.260449994089010
0.260671441413279
0.260921662648215
0.261200947192913
0.261508735915981
0.261843694926596
0.262203808691869
0.262586487248188
0.262988681877092
0.263407003517447
0.263837838366555
0.264277455570037
0.264722102587318
0.265168084707274
0.265611826227940
0.266049911948497
0.266479108789905
0.266896368500602
0.267298813455560
0.267683708466836
0.268048422245667
0.268390382655565
0.268707030150583
0.268995773794646
0.269253954011924
0.269478815743395
0.269667495011575
0.269817021064551
0.269924335329634
0.269986327409113
0.269999887349568
0.269961972464966
0.269869686140980
0.269720365335469
0.269511672951370
0.269241690916617
0.268909009673749
0.268512809860967
0.268052932247567
0.267529932451016
0.266945117583657
0.266300562720463
0.265599105907594
0.264844321304321
0.264040470927469
0.263192436308866
0.262305632146606
0.261385904699411
0.260439418215194
0.259472533081719
0.258491679628353
0.257503231589204
0.256513383162983
0.255528033382989
0.254552681157116
0.253592333872579
0.252651431906333
0.251733790765948
0.250842561933701
0.249980212825774
0.249148525634535
0.248348614218411
0.247580957661674
0.246845448662354
0.246141454533477
0.245467888329260
0.244823287437677
0.244205896913418
0.243613754856204
0.243044777260336
0.242496839961138
0.241967855569025
0.241455843597231
0.240958992339016
0.240475711418713
0.240004674313124
0.239544850501985
0.239095527246481
0.238656321303302
0.238227181150937
0.237808380529556
0.237400504272819
0.237004427538065
0.236621289621326
0.236252463576991
0.235899522852084
0.235564206095410
0.235248381216673
0.234954009654870
0.234683111673676
0.234437733339902
0.234219915665146
0.234031666206928
0.233874933240981
