0.267212964715656
0.268032744018202
0.268889420776008
0.269781389319436
0.270706935366098
0.271664266875458
0.272651548536510
0.273666938849624
0.274708628616538
0.275774879535067
0.276864061513232
0.277974687278548
0.279105442868593
0.280255212654792
0.281423097676650
0.282608426250030
0.283810756058416
0.285029867234716
0.286265746283258
0.287518561063770
0.288788627444861
0.290076368615505
0.291382268400150
0.292706820237763
0.294050473740884
0.295413580933772
0.296796344369421
0.298198769337550
0.299620622298802
0.301061397516611
0.302520293613870
0.303996201465551
0.305487704461453
0.306993091747809
0.308510384594757
0.310037375552597
0.311571679566096
0.313110795727218
0.314652177876550
0.316193311827970
0.317731796605673
0.319265426764787
0.320792272633983
0.322310755188320
0.323819712248833
0.325318452826139
0.326806796687580
0.328285096635379
0.329754241533641
0.331215638803887
0.332671175902681
0.334123161172894
0.335574245387232
0.337027326237189
0.338485438917604
0.339951636769673
0.341428866628228
0.342919844031360
0.344426933757552
0.345952041232156
0.347496520176941
0.349061101460281
0.350645847451046
0.352250135306288
0.353872671562803
0.355511539194945
0.357164276991759
0.358827989746726
0.360499486395903
0.362175441938174
0.363852577776578
0.365527854079680
0.367198666920878
0.368863042348190
0.370519819198815
0.372168812424457
0.373810948949978
0.375448368655751
0.377084483949047
0.378723992558345
0.380372839622481
0.382038126818496
0.383727968132273
0.385451293868819
0.387217606559044
0.389036694475104
0.390918310439393
0.392871825423486
0.394905868003907
0.397027961997752
0.399244175476198
0.401558794793533
0.403974037233097
0.406489815336046
0.409103564939845
0.411810147425355
0.414601834688867
0.417468382970839
0.420397198955974
0.423373598592200
0.426381155953681
0.429402136295988
0.432418004325380
0.435409995733543
0.438359737335836
0.441249898790142
0.444064856950100
0.446791352494508
0.449419117633631
0.451941453467062
0.454355735984089
0.456663830765537
0.458872398157484
0.460993073014706
0.463042506009912
0.465042256910449
0.467018534057426
0.469001778447187
0.471026095203576
0.473128539721271
0.475348270228240
0.477725582827427
0.480300849101476
0.483113379971581
0.486200242571949
0.489595059326945
0.493326820107367
0.497418739223671
0.501887189038685
0.506740741126474
0.511979344170071
0.517593665207664
0.523564617459676
0.529863093877191
0.536449920847264
0.543276041293230
0.550282930854204
0.557403245065204
0.564561689641879
0.571676100258729
0.578658712751859
0.585417599625502
0.591858244234082
0.597885220172412
0.603403940343031
0.608322437967314
0.612553140529869
0.616014597333024
0.618633122002705
0.620344312916483
0.621094417079742
0.620841506392387
0.619556439439269
0.617223586792617
0.613841303207397
0.609422135878541
0.603992763959080
0.597593670652096
0.590278555226223
0.582113498107553
0.573175897621473
0.563553201860218
0.553341463416653
0.542643748253024
0.531568432688935
0.520227424344708
0.508734343838446
0.497202704108235
0.485744123439721
0.474466606671635
0.463472926697116
0.452859135362468
0.442713229288243
0.433113992110842
0.424130030283381
0.415819015002613
0.408227138162905
0.401388785594029
0.395326426324531
0.390050712325503
0.385560779218057
0.381844734846644
0.378880319490775
0.376635718857185
0.375070508895877
0.374136709936154
0.373779926647745
0.373940549889989
0.374554996598255
0.375556964440094
0.376878679011359
0.378452112783657
0.380210156799278
0.382087728172283
0.384022798724402
0.385957332488483
0.387838122276356
0.389617517960763
0.391254041493677
0.392712885914945
0.393966297642521
0.394993843136371
0.395782562562150
0.396327014331396
0.396629215358938
0.396698482566321
0.396551181595888
0.396210388918561
0.395705473563773
0.395071604622958
0.394349190533427
0.393583255991543
0.392822762225245
0.392119876321235
0.391529195388771
0.391106931575247
0.390910064341372
0.390995466955116
0.391419014858633
0.392234684374159
0.393493651103726
0.395243398295958
0.397526846345705
0.400381515400848
0.403838733716088
0.407922904859810
0.412650847096607
0.418031218192146
0.424064038486627
0.430740324337543
0.438041842933863
0.445940998036841
0.454400854425250
0.463375306743210
0.472809396107317
0.482639775273896
0.492795320452747
0.503197885040761
0.513763187701333
0.524401824398606
0.535020391274738
0.545522702697083
0.555811086461705
0.565787736077333
0.575356098321951
0.584422272910545
0.592896400177252
0.600694012192809
0.607737322734601
0.613956432019771
0.619290423109390
0.623688328392753
0.627109946551499
0.629526492859897
0.630921068563590
0.631288938345618
0.630637608475774
0.628986702075238
0.626367631931526
0.622823075379467
0.618406259825800
0.613180071439025
0.607216003252295
0.600592962338122
0.593395958719233
0.585714701197357
0.577642127242644
0.569272895436277
0.560701869659745
0.552022624258218
0.543325998771459
0.534698729543584
0.526222183629222
0.517971217962018
0.510013183809633
0.502407093187681
0.495202960231195
0.488441326621751
0.482152976137842
0.476358839333361
0.471070085348573
0.466288394009699
0.462006397759738
0.458208279659446
0.454870510768035
0.451962707713278
0.449448589233931
0.447287008956794
0.445433040677855
0.443839091961914
0.442456021957484
0.441234239931158
0.440124762135640
0.439080206204807
0.438055704274214
0.437009718403892
0.435904744570909
0.434707894434011
0.433391347177795
0.431932666941630
0.430314984549551
0.428527045402179
0.426563128394477
0.424422843511843
0.422110818267847
0.419636285324530
0.417012585436101
0.414256601246503
0.411388138430754
0.408429271191397
0.405403669210243
0.402335922827952
0.399250882507004
0.396173027562729
0.393125877765397
0.390131459771966
0.387209838490854
0.384378721471029
0.381653142291567
0.379045226763722
0.376564043595316
0.374215539056251
0.372002553169455
0.369924913075185
0.367979597516056
0.366160964898052
0.364461036127266
0.362869822425765
0.361375687609886
0.359965733881116
0.358626200037810
0.357342861162660
0.356101419266135
0.354887875052725
0.353688871900870
0.352492004277462
0.351286084107500
0.350061360046968
0.348809686117401
0.347524637707054
0.346201574479095
0.344837651206631
0.343431778935530
0.341984540122281
0.340498062474421
0.338975857112168
0.337422627355507
0.335844054913448
0.334246570510699
0.332637116037973
0.331022905168211
0.329411189059031
0.327809033282900
0.326223111514110
0.324659520780356
0.323123622281558
0.321619910914517
0.320151915742596
0.318722132737754
0.317331990219273
0.315981846539077
0.314671018736655
0.313397840124076
0.312159744079394
0.310953370739057
0.309774692798766
0.308619156267690
0.307481831779945
0.306357571953600
0.305241170301426
0.304127517335100
0.303011749757854
0.301889388997705
0.300756465779426
0.299609627949896
0.298446229339115
0.297264398036895
0.296063083072881
0.294842079086235
0.293602029144069
0.292344406400986
0.291071475775311
0.289786237243643
0.288492352720525
0.287194058792614
0.285896067817676
0.284603460079370
0.283321569811395
0.282055867970433
0.280811844647772
0.279594893963967
0.278410204189106
0.277262655671576
0.276156728940222
0.275096425068395
0.274085200056035
0.273125914602081
0.272220800212134
0.271371442126268
0.270578779073282
0.269843119376716
