0.270757293949849
0.265654263558382
0.260596776257286
0.255607763842153
0.250709689845590
0.245924447274964
0.241273258682240
0.236776579281400
0.232454003807838
0.228324177781589
0.224404713794130
0.220712113389488
0.217261695056790
0.214067528795285
0.211142377656503
0.208497646612641
0.206143339047182
0.204088021113100
0.202338794156490
0.200901275358363
0.199779586704233
0.198976352348907
0.198492704401512
0.198328297112104
0.198481329395018
0.198948575574736
0.199725424186452
0.200805924605980
0.202182841221684
0.203847714795786
0.205790930594330
0.208001792795774
0.210468604619270
0.213178753546958
0.216118800952376
0.219274575390966
0.222631268761222
0.226173534507565
0.229885587010433
0.233751301296387
0.237754312202051
0.241878112140729
0.246106146649473
0.250421906936427
0.254809018702617
0.259251326577232
0.263732973579394
0.268238475100084
0.272752786983468
0.277261367374711
0.281750232089805
0.286206003349292
0.290615951800823
0.294968031833154
0.299250910255453
0.303453988479773
0.307567418400420
0.311582112211995
0.315489746447578
0.319282760550962
0.322954350322222
0.326498456595059
0.329909749518513
0.333183608825342
0.336316100475810
0.339303950069517
0.342144513419798
0.344835744686049
0.347376162458681
0.349764814190322
0.352001239364342
0.354085431788451
0.356017801395921
0.357799135930149
0.359430562878647
0.360913512010552
0.362249678856052
0.363440989447335
0.364489566617836
0.365397698130460
0.366167806875434
0.366802423345610
0.367304160561148
0.367675691577724
0.367919729673096
0.368039011266927
0.368036281589012
0.367914283072405
0.367675746410902
0.367323384186163
0.366859886938486
0.366287921527841
0.365610131608575
0.364829140022138
0.363947552897889
0.362967965241903
0.361892967788109
0.360725154884213
0.359467133186706
0.358121530944196
0.356691007655774
0.355178263900686
0.353586051146711
0.351917181356733
0.350174536225736
0.348361075893457
0.346479846990826
0.344533989891041
0.342526745048512
0.340461458321004
0.338341585181978
0.336170693741884
0.333952466508645
0.331690700829469
0.329389307968130
0.327052310784563
0.324683839996779
0.322288129018938
0.319869507383963
0.317432392774274
0.314981281699590
0.312520738876852
0.310055385383000
0.307589885667155
0.305128933523601
0.302677237141312
0.300239503358486
0.297820421261849
0.295424645279866
0.293056777926113
0.290721352353772
0.288422814884334
0.286165507673031
0.283953651670146
0.281791330031401
0.279682472122052
0.277630838248398
0.275640005237527
0.273713352971363
0.271854051965190
0.270065052063892
0.268349072311945
0.266708592035956
0.265145843161904
0.263662803773441
0.262261192903291
0.260942466536977
0.259707814797342
0.258558160269532
0.257494157419599
0.256516193055508
0.255624387777051
0.254818598360928
0.254098421028718
0.253463195548400
0.252912010124257
0.252443707034950
0.252056888984935
0.251749926140008
0.251520963822994
0.251367930850332
0.251288548494065
0.251280340056538
0.251340641046323
0.251466609943844
0.251655239543452
0.251903368855457
0.252207695546939
0.252564788894115
0.252971103211879
0.253422991718191
0.253916720782437
0.254448484498371
0.255014419513750
0.255610620041148
0.256233152967667
0.256878072975918
0.257541437584997
0.258219322018363
0.258907833805758
0.259603127028764
0.260301416123979
0.260998989164299
0.261692220547049
0.262377583027488
0.263051659047183
0.263711151318563
0.264352892639179
0.264973854921420
0.265571157435186
0.266142074272145
0.266684041049949
0.267194660883301
0.267671709655602
0.268113140629819
0.268517088440460
0.268881872509707
0.269205999930276
0.269488167855343
0.269727265432234
0.269922375311665
0.270072774758531
0.270177936383891
0.270237528510965
0.270251415181428
0.270219655801878
0.270142504424672
0.270020408652482
0.269854008152152
0.269644132760854
0.269391800166197
0.269098213142021
0.268764756322772
0.268392992501835
0.267984658442584
0.267541660195134
0.267066067916596
0.266560110197786
0.266026167904492
0.265466767546517
0.264884574192216
0.264282383950319
0.263663116043944
0.263029804503988
0.262385589510375
0.261733708409893
0.261077486438629
0.260420327175506
0.259765702751032
0.259117143832534
0.258478229403842
0.257852576354007
0.257243828886189
0.256655647754856
0.256091699336734
0.255555644539054
0.255051127547497
0.254581764416053
0.254151131501813
0.253762753749657
0.253420092834681
0.253126535174262
0.252885379826575
0.252699826298122
0.252572962289373
0.252507751414661
0.252507020939775
0.252573449588328
0.252709555475347
0.252917684233685
0.253199997405462
0.253558461176533
0.253994835536797
0.254510663952738
0.255107263640778
0.255785716530646
0.256546861006838
0.257391284513406
0.258319317102571
0.259331026001105
0.260426211260158
0.261604402544158
0.262864857103061
0.264206558959473
0.265628219328513
0.267128278273975
0.268704907589724
0.270356014880748
0.272079248804261
0.273872005418063
0.275731435571568
0.277654453264537
0.279637744890326
0.281677779274212
0.283770818413632
0.285912928825765
0.288099993409004
0.290327723728386
0.292591672640642
0.294887247182223
0.297209721652715
0.299554250836461
0.301915883316029
0.304289574842448
0.306670201737557
0.309052574313808
0.311431450304943
0.313801548307506
0.316157561237205
0.318494169805750
0.320806056022702
0.323087916723041
0.325334477114635
0.327540504331063
0.329700820964243
0.331810318538978
0.333863970878181
0.335856847293816
0.337784125525410
0.339641104335891
0.341423215664254
0.343126036226897
0.344745298454861
0.346276900653311
0.347716916272434
0.349061602186223
0.350307405886797
0.351450971517322
0.352489144685617
0.353418976022955
0.354237723477495
0.354942853358783
0.355532040177762
0.356003165355125
0.356354314898271
0.356583776173417
0.356690033922839
0.356671765697738
0.356527836893774
0.356257295588384
0.355859367386320
0.355333450482107
0.354679111145166
0.353896079825408
0.352984248064405
0.351943666380025
0.350774543271412
0.349477245466927
0.348052299510758
0.346500394755266
0.344822387796437
0.343019308359753
0.341092366614328
0.339042961864511
0.336872692541491
0.334583367392611
0.332177017743939
0.329655910692113
0.327022563064838
0.324279755975635
0.321430549787351
0.318478299290539
0.315426668896665
0.312279647641965
0.309041563795348
0.305717098862665
0.302311300779502
0.298829596085333
0.295277800872785
0.291662130307170
0.287989206512697
0.284266064623330
0.280500156797697
0.276699353999325
0.272871945345482
0.269026634830750
0.265172535235163
0.261319159031743
0.257476406114970
0.253654548180535
0.249864209598006
0.246116344632183
0.242422210886345
0.238793338861471
0.235241497550236
0.231778656013177
0.228416940916981
0.225168590051372
0.222045901881345
0.219061181235256
0.216226681276137
0.213554541953033
0.211056725180523
0.208744947047162
0.206630607406478
0.204724717256561
0.203037824365105
0.201579937645099
0.200360450831143
0.199388066046577
0.198670717886353
0.198215498668945
0.198028585531757
0.198115170057878
0.198479391127105
0.199124271680564
0.200051660075875
0.201262176688705
0.202755166386886
0.204528657465581
0.206579327586749
0.208902477214254
0.211492010978170
0.214340427339259
0.217438816858120
0.220776869304446
0.224342889770939
0.228123823885055
0.232105292140505
0.236271633300409
0.240605956755647
