0.026377333032947
0.026412281059684
0.026445179554215
0.026475838996424
0.026504100009961
0.026529837542374
0.026552963975372
0.026573431105547
0.026591230983303
0.026606395642196
0.026618995790075
0.026629138565613
0.026636964487902
0.026642643742020
0.026646371950167
0.026648365576491
0.026648857105530
0.026648090120604
0.026646314391490
0.026643781061999
0.026640738009598
0.026637425432308
0.026634071704124
0.026630889529732
0.026628072422709
0.026625791528362
0.026624192812437
0.026623394639088
0.026623485764633
0.026624523776690
0.026626534010034
0.026629508970173
0.026633408292515
0.026638159258854
0.026643657883773
0.026649770571984
0.026656336334188
0.026663169534781
0.026670063130639
0.026676792347325
0.026683118728268
0.026688794484434
0.026693567067226
0.026697183885739
0.026699397090956
0.026699968353310
0.026698673565553
0.026695307409065
0.026689687727648
0.026681659657554
0.026671099465315
0.026657918045299
0.026642064026878
0.026623526436666
0.026602336855333
0.026578571001747
0.026552349671007
0.026523838948532
0.026493249621197
0.026460835709911
0.026426892056905
0.026391750916295
0.026355777518305
0.026319364605884
0.026282925976436
0.026246889100007
0.026211686926685
0.026177749038349
0.026145492340733
0.026115311528901
0.026087569590039
0.026062588629904
0.026040641321386
0.026021943273924
0.026006646610176
0.025994835011025
0.025986520452153
0.025981641806093
0.025980065424642
0.025981587750058
0.025985939932413
0.025992794357894
0.026001772922116
0.026012456816913
0.026024397541688
0.026037128804167
0.026050178942329
0.026063083481223
0.026075397435964
0.026086706985501
0.026096640169991
0.026104876306051
0.026111153866582
0.026115276632381
0.026117117988104
0.026116623301972
0.026113810393607
0.026108768154454
0.026101653437857
0.026092686379047
0.026082144337877
0.026070354678624
0.026057686611928
0.026044542324962
0.026031347618745
0.026018542258094
0.026006570222107
0.025995870023520
0.025986865245414
0.025979955425415
0.025975507401496
0.025973847220472
0.025975252700184
0.025979946728836
0.025988091379049
0.025999782909050
0.026015047717773
0.026033839313698
0.026056036348022
0.026081441750913
0.026109782995023
0.026140713493354
0.026173815119618
0.026208601819262
0.026244524259253
0.026280975445561
0.026317297219810
0.026352787531496
0.026386708369807
0.026418294229475
0.026446760978013
0.026471314986809
0.026491162385193
0.026505518294407
0.026513615896954
0.026514715195918
0.026508111318898
0.026493142222478
0.026469195656751
0.026435715256215
0.026392205634656
0.026338236378504
0.026273444856373
0.026197537792680
0.026110291590005
0.026011551427612
0.025901229210501
0.025779300492509
0.025645800545256
0.025500819789122
0.025344498839405
0.025177023447205
0.024998619627465
0.024809549263857
0.024610106460610
0.024400614874747
0.024181426209637
0.023952919984498
0.023715504617773
0.023469619779500
0.023215739883557
0.022954378510253
0.022686093478175
0.022411492226064
0.022131237124801
0.021846050319009
0.021556717699041
0.021264091627441
0.020969092088137
0.020672705989313
0.020375984428456
0.020080037816160
0.019786028848783
0.019495163413858
0.019208679601055
0.018927835070884
0.018653893099216
0.018388107665136
0.018131707980768
0.017885882873858
0.017651765427569
0.017430418258801
0.017222819778823
0.017029851731449
0.016852288248013
0.016690786598878
0.016545879761821
0.016417970871856
0.016307329567462
0.016214090206924
0.016138251896620
0.016079680250878
0.016038110789850
0.016013153876407
0.016004301093374
0.016010932966242
0.016032327941377
0.016067672533335
0.016116072555179
0.016176565341142
0.016248132860724
0.016329715607173
0.016420227121916
0.016518568991069
0.016623646122684
0.016734382085943
0.016849734268848
0.016968708591310
0.017090373498440
0.017213872955875
0.017338438176608
0.017463397827412
0.017588186492372
0.017712351210251
0.017835555949741
0.017957583939747
0.018078337828161
0.018197837699119
0.018316217032758
0.018433716740304
0.018550677448786
0.018667530242063
0.018784786087275
0.018903024187910
0.019022879506936
0.019145029696787
0.019270181659080
0.019399057937636
0.019532383125731
0.019670870444796
0.019815208628784
0.019966049228033
0.020123994429792
0.020289585480515
0.020463291787909
0.020645500778203
0.020836508585661
0.021036511655903
0.021245599350772
0.021463747648993
0.021690814042063
0.021926533727478
0.022170517200253
0.022422249337913
0.022681090063137
0.022946276651877
0.023216927733296
0.023492049001800
0.023770540631786
0.024051206353547
0.024332764115512
0.024613858225058
0.024893072828880
0.025168946565820
0.025439988201081
0.025704693031955
0.025961559841984
0.026209108173101
0.026445895683577
0.026670535362999
0.026881712383107
0.027078200374166
0.027258876929274
0.027422738152418
0.027568912079047
0.027696670809386
0.027805441204121
0.027894813999215
0.027964551201636
0.028014591631538
0.028045054480019
0.028056240756516
0.028048632508030
0.028022889705421
0.027979844711785
0.027920494275743
0.027845989029250
0.027757620515447
0.027656805826562
0.027545069993503
0.027424026335333
0.027295355045268
0.027160780356750
0.027022046694630
0.026880894268600
0.026739034605252
0.026598126538223
0.026459753180726
0.026325400389984
0.026196437198696
0.026074098635791
0.025959471289700
0.025853481885513
0.025756889056853
0.025670278398697
0.025594060793424
0.025528473913728
0.025473586726576
0.025429306755490
0.025395389806100
0.025371451823293
0.025356982527214
0.025351360468649
0.025353869149922
0.025363713872555
0.025380038994662
0.025401945306122
0.025428507255392
0.025458789785926
0.025491864561176
0.025526825374226
0.025562802551485
0.025598976170347
0.025634587919920
0.025668951443682
0.025701461015244
0.025731598415311
0.025758937900781
0.025783149186732
0.025803998398966
0.025821346998059
0.025835148724255
0.025845444663705
0.025852356588021
0.025856078767874
0.025856868504487
0.025855035657694
0.025850931473504
0.025844937026380
0.025837451590961
0.025828881245042
0.025819627981337
0.025810079571767
0.025800600387263
0.025791523331249
0.025783142998972
0.025775710130762
0.025769427387346
0.025764446441658
0.025760866355177
0.025758733188057
0.025758040780779
0.025758732639434
0.025760704855367
0.025763809990592
0.025767861860822
0.025772641146111
0.025777901753204
0.025783377842562
0.025788791416424
0.025793860342461
0.025798306661984
0.025801865004279
0.025804290901973
0.025805368779430
0.025804919369998
0.025802806311223
0.025798941672316
0.025793290186579
0.025785871993823
0.025776763743498
0.025766097966639
0.025754060691242
0.025740887347633
0.025726857083795
0.025712285680814
0.025697517321207
0.025682915513778
0.025668853514394
0.025655704600279
0.025643832554789
0.025633582700347
0.025625273780504
0.025619190940580
0.025615579993686
0.025614643089293
0.025616535829709
0.025621365810520
0.025629192498632
0.025640028309676
0.025653840707951
0.025670555128398
0.025690058511584
0.025712203248572
0.025736811350814
0.025763678688017
0.025792579170893
0.025823268792055
0.025855489473478
0.025888972699702
0.025923442939745
0.025958620875939
0.025994226463979
0.026029981845823
0.026065614127064
0.026100858015249
0.026135458297973
0.026169172122483
0.026201771024736
0.026233042647931
0.026262792090269
