0.014454313945974
0.014545498724546
0.014636753458617
0.014728169507634
0.014819859114871
0.014911948097721
0.015004567886714
0.015097847252423
0.015191904073719
0.015286837500017
0.015382720844256
0.015479595512834
0.015577466234945
0.015676297798293
0.015776013433507
0.015876494918292
0.015977584397531
0.016079087840504
0.016180779984369
0.016282410547274
0.016383711438061
0.016484404644965
0.016584210455242
0.016682855642727
0.016780081261716
0.016875649703348
0.016969350704072
0.017061006043381
0.017150472727552
0.017237644525072
0.017322451794391
0.017404859622400
0.017484864368862
0.017562488784532
0.017637775935581
0.017710782221303
0.017781569813589
0.017850198873392
0.017916719910509
0.017981166647729
0.018043549729408
0.018103851578475
0.018162022656598
0.018217979321691
0.018271603407832
0.018322743577838
0.018371218421283
0.018416821194018
0.018459326022231
0.018498495328030
0.018534088176980
0.018565869203593
0.018593617740179
0.018617136759238
0.018636261240416
0.018650865590069
0.018660869774226
0.018666243872911
0.018667010823702
0.018663247192631
0.018655081888373
0.018642692817848
0.018626301564721
0.018606166253208
0.018582572834865
0.018555825102496
0.018526233790168
0.018494105159259
0.018459729495849
0.018423369953355
0.018385252165877
0.018345555032399
0.018304403030915
0.018261860366199
0.018217927187578
0.018172538036363
0.018125562599473
0.018076808759674
0.018026027846920
0.017972921913129
0.017917152777302
0.017858352522369
0.017796135071844
0.017730108435502
0.017659887190231
0.017585104755798
0.017505425035737
0.017420553020288
0.017330243990248
0.017234311015832
0.017132630510985
0.017025145678156
0.016911867758431
0.016792875083697
0.016668310008061
0.016538373871785
0.016403320219591
0.016263446553895
0.016119084950051
0.015970591893698
0.015818337718720
0.015662696027924
0.015504033467608
0.015342700202584
0.015179021401422
0.015013289994443
0.014845760911563
0.014676646945854
0.014506116324159
0.014334292000930
0.014161252627937
0.013987035093180
0.013811638469021
0.013635029164202
0.013457147038294
0.013277912211251
0.013097232285778
0.012915009696235
0.012731148904661
0.012545563181513
0.012358180734949
0.012168949986661
0.011977843832786
0.011784862773654
0.011590036844057
0.011393426324606
0.011195121262507
0.010995239875036
0.010793925949476
0.010591345387808
0.010387682072012
0.010183133245457
0.009977904617244
0.009772205399167
0.009566243479576
0.009360220925239
0.009154329982133
0.008948749720040
0.008743643434961
0.008539156889144
0.008335417432274
0.008132534010524
0.007930598034142
0.007729685040249
0.007529857056885
0.007331165547965
0.007133654797637
0.006937365577242
0.006742338929098
0.006548619898941
0.006356261053047
0.006165325626628
0.005975890166637
0.005788046553876
0.005601903315584
0.005417586169281
0.005235237770530
0.005055016670157
0.004877095518927
0.004701658588598
0.004528898706193
0.004359013722304
0.004192202653182
0.004028661649542
0.003868579952001
0.003712135993463
0.003559493802764
0.003410799851689
0.003266180469696
0.003125739927990
0.002989559268161
0.002857695921207
0.002730184131949
0.002607036172506
0.002488244298077
0.002373783369803
0.002263614044057
0.002157686406115
0.002055943909465
0.001958327470767
0.001864779564958
0.001775248165521
0.001689690381383
0.001608075654126
0.001530388396687
0.001456629976847
0.001386819974693
0.001320996671885
0.001259216760799
0.001201554292255
0.001148098910190
0.001098953449230
0.001054230995223
0.001014051528654
0.000978538285371
0.000947813977787
0.000921997022236
0.000901197914481
0.000885515885726
0.000875035956386
0.000869826485190
0.000869937287809
0.000875398373420
0.000886219320500
0.000902389286110
0.000923877617101
0.000950635008195
0.000982595131783
0.001019676648255
0.001061785494397
0.001108817341136
0.001160660110868
0.001217196448658
0.001278306050406
0.001343867764245
0.001413761398114
0.001487869186073
0.001566076887299
0.001648274514045
0.001734356706866
0.001824222796238
0.001917776608041
0.002014926085420
0.002115582810280
0.002219661513482
0.002327079663097
0.002437757214707
0.002551616596668
0.002668582986913
0.002788584916890
0.002911555213644
0.003037432264022
0.003166161557105
0.003297697433679
0.003432004946666
0.003569061715430
0.003708859641300
0.003851406342709
0.003996726166971
0.004144860642434
0.004295868249673
0.004449823413182
0.004606814644904
0.004766941806718
0.004930312499149
0.005097037626208
0.005267226229467
0.005440979726033
0.005618385722988
0.005799511613029
0.005984398180877
0.006173053465789
0.006365447131434
0.006561505589493
0.006761108107672
0.006964084106506
0.007170211813201
0.007379218396099
0.007590781651694
0.007804533259620
0.008020063561866
0.008236927763158
0.008454653392551
0.008672748814246
0.008890712530877
0.009108042987079
0.009324248556729
0.009538857385079
0.009751426757879
0.009961551683466
0.010168872400466
0.010373080561978
0.010573923895525
0.010771209194519
0.010964803559292
0.011154633871201
0.011340684549177
0.011522993701798
0.011701647846658
0.011876775420353
0.012048539344562
0.012217128944933
0.012382751538515
0.012545624011662
0.012705964703461
0.012863985890154
0.013019887134514
0.013173849722101
0.013326032355313
0.013476568218406
0.013625563464413
0.013773097110774
0.013919222267206
0.014063968559569
0.014207345559826
0.014349346987197
0.014489955411201
0.014629147165398
0.014766897172270
0.014903183385628
0.015037990577020
0.015171313226244
0.015303157321878
0.015433540933667
0.015562493482295
0.015690053700395
0.015816266348513
0.015941177817646
0.016064830812706
0.016187258365525
0.016308477469186
0.016428482655208
0.016547239849812
0.016664680844306
0.016780698697329
0.016895144353987
0.017007824720152
0.017118502371402
0.017226897007891
0.017332688691929
0.017435522827481
0.017535016763856
0.017630767832765
0.017722362562266
0.017809386755660
0.017891436080787
0.017968126787388
0.018039106158425
0.018104062306282
0.018162732946276
0.018214912817117
0.018260459469246
0.018299297205101
0.018331419027603
0.018356886531270
0.018375827750974
0.018388433062870
0.018394949306975
0.018395672368011
0.018390938507554
0.018381114783940
0.018366588925035
0.018347759031851
0.018325023487834
0.018298771429913
0.018269374104243
0.018237177383802
0.018202495668857
0.018165607327584
0.018126751765637
0.018086128143409
0.018043895691015
0.018000175506616
0.017955053666188
0.017908585424370
0.017860800248586
0.017811707403288
0.017761301788964
0.017709569741473
0.017656494511281
0.017602061168251
0.017546260714657
0.017489093235254
0.017430569966470
0.017370714224692
0.017309561193596
0.017247156629792
0.017183554601984
0.017118814428757
0.017052997021643
0.016986160871194
0.016918357932885
0.016849629675665
0.016780003548592
0.016709490100334
0.016638080953425
0.016565747791517
0.016492442465654
0.016418098267309
0.016342632354607
0.016265949256829
0.016187945324111
0.016108513937241
0.016027551249184
0.015944962197817
0.015860666509832
0.015774604409989
0.015686741758228
0.015597074359034
0.015505631222104
0.015412476598874
0.015317710673810
0.015221468849891
0.015123919631518
0.015025261172171
0.014925716615526
0.014825528414401
0.014724951859455
0.014624248086504
0.014523676856150
0.014423489410807
