0.020462179347003
0.020512725055537
0.020559030176957
0.020600967178468
0.020638419407782
0.020671281578150
0.020699460227009
0.020722874146586
0.020741454784802
0.020755146614925
0.020763907472464
0.020767708857881
0.020766536203756
0.020760389105144
0.020749281511942
0.020733241882160
0.020712313295126
0.020686553523702
0.020656035064750
0.020620845127141
0.020581085576771
0.020536872838096
0.020488337751886
0.020435625388972
0.020378894819898
0.020318318840525
0.020254083653749
0.020186388507638
0.020115445290403
0.020041478082775
0.019964722668472
0.019885426003571
0.019803845645754
0.019720249144486
0.019634913393354
0.019548123945896
0.019460174296378
0.019371365127104
0.019282003523957
0.019192402161999
0.019102878463038
0.019013753727216
0.018925352240745
0.018838000362037
0.018752025588544
0.018667755606740
0.018585517327732
0.018505635911068
0.018428433779401
0.018354229626693
0.018283337422715
0.018216065416662
0.018152715142704
0.018093580430364
0.018038946422603
0.017989088604532
0.017944271845669
0.017904749458648
0.017870762277289
0.017842537756923
0.017820289099806
0.017804214408466
0.017794495869748
0.017791298972270
0.017794771759962
0.017805044124260
0.017822227137477
0.017846412429750
0.017877671611902
0.017916055746430
0.017961594868722
0.018014297560494
0.018074150577311
0.018141118531910
0.018215143634924
0.018296145494434
0.018384020975659
0.018478644121901
0.018579866137721
0.018687515435154
0.018801397743595
0.018921296283818
0.019046972006397
0.019178163894659
0.019314589332063
0.019455944533753
0.019601905041837
0.019752126283759
0.019906244192944
0.020063875890707
0.020224620428255
0.020388059587396
0.020553758738414
0.020721267753396
0.020890121973084
0.021059843225222
0.021229940892135
0.021399913025156
0.021569247503363
0.021737423233918
0.021903911391170
0.022068176691563
0.022229678701226
0.022387873173043
0.022542213409857
0.022692151650379
0.022837140474273
0.022976634222799
0.023110090431318
0.023236971269925
0.023356744988376
0.023468887361477
0.023572883131029
0.023668227440437
0.023754427258045
0.023831002785295
0.023897488845774
0.023953436251278
0.023998413141032
0.024032006290248
0.024053822384271
0.024063489254618
0.024060657073294
0.024044999501871
0.024016214791891
0.023974026833281
0.023918186147585
0.023848470822932
0.023764687387828
0.023666671620964
0.023554289294441
0.023427436847920
0.023286041991429
0.023130064234708
0.022959495341167
0.022774359704731
0.022574714648036
0.022360650640656
0.022132291436238
0.021889794127644
0.021633349119412
0.021363180017075
0.021079543433085
0.020782728709328
0.020473057556438
0.020150883610333
0.019816591906638
0.019470598273871
0.019113348646501
0.018745318299193
0.018367011003807
0.017978958110872
0.017581717557542
0.017175872804186
0.016762031701987
0.016340825294136
0.015912906553357
0.015478949058718
0.015039645614838
0.014595706816763
0.014147859563939
0.013696845526890
0.013243419570290
0.012788348136302
0.012332407592131
0.011876382545885
0.011421064134900
0.010967248290787
0.010515733985534
0.010067321463047
0.009622810460571
0.009182998424477
0.008748678724899
0.008320638873751
0.007899658750633
0.007486508841132
0.007081948491986
0.006686724187566
0.006301567852063
0.005927195181701
0.005564304011251
0.005213572719003
0.004875658674278
0.004551196731447
0.004240797774312
0.003945047314548
0.003664504147813
0.003399699070939
0.003151133663474
0.002919279136689
0.002704575252965
0.002507429318313
0.002328215250565
0.002167272725599
0.002024906403736
0.001901385238245
0.001796941867684
0.001711772093556
0.001646034444574
0.001599849828574
0.001573301272877
0.001566433753712
0.001579254115020
0.001611731076769
0.001663795332662
0.001735339736872
0.001826219579239
0.001936252948083
0.002065221179625
0.002212869392717
0.002378907107413
0.002563008945665
0.002764815412233
0.002983933753691
0.003219938893206
0.003472374438580
0.003740753760858
0.004024561140633
0.004323252979006
0.004636259069991
0.004962983931034
0.005302808188127
0.005655090011920
0.006019166601064
0.006394355708953
0.006779957209890
0.007175254700649
0.007579517133316
0.007992000475214
0.008411949391688
0.008838598947454
0.009271176322227
0.009708902536273
0.010150994181569
0.010596665154238
0.011045128383938
0.011495597555938
0.011947288821619
0.012399422493224
0.012851224718720
0.013301929132712
0.013750778479447
0.014197026204028
0.014639938008054
0.015078793366048
0.015512886999114
0.015941530302440
0.016364052723373
0.016779803086955
0.017188150865964
0.017588487392664
0.017980227009648
0.018362808157311
0.018735694395703
0.019098375358670
0.019450367638406
0.019791215598711
0.020120492115467
0.020437799243032
0.020742768805468
0.021035062911702
0.021314374393957
0.021580427168955
0.021832976521643
0.022071809311357
0.022296744100576
0.022507631206596
0.022704352676665
0.022886822187315
0.023054984868813
0.023208817055851
0.023348325965765
0.023473549305770
0.023584554810856
0.023681439714164
0.023764330151817
0.023833380504345
0.023888772676981
0.023930715321248
0.023959443000380
0.023975215301267
0.023978315895703
0.023969051553829
0.023947751112782
0.023914764403610
0.023870461139634
0.023815229769477
0.023749476298057
0.023673623078878
0.023588107581027
0.023493381134255
0.023389907655618
0.023278162361103
0.023158630465699
0.023031805875368
0.022898189874328
0.022758289811076
0.022612617786500
0.022461689347428
0.022306022188873
0.022146134868204
0.021982545534384
0.021815770675353
0.021646323886535
0.021474714663379
0.021301447220723
0.021127019341692
0.020951921258695
0.020776634569011
0.020601631187296
0.020427372337246
0.020254307584492
0.020082873912695
0.019913494844644
0.019746579610044
0.019582522361511
0.019421701440160
0.019264478692014
0.019111198836321
0.018962188886692
0.018817757625861
0.018678195134653
0.018543772375673
0.018414740831987
0.018291332201009
0.018173758143570
0.018062210088070
0.017956859089422
0.017857855742369
0.017765330148636
0.017679391937199
0.017600130336870
0.017527614300225
0.017461892677819
0.017402994441472
0.017350928955336
0.017305686293310
0.017267237601288
0.017235535502624
0.017210514545096
0.017192091687573
0.017180166824516
0.017174623346348
0.017175328733694
0.017182135183403
0.017194880264213
0.017213387599903
0.017237467577694
0.017266918079648
0.017301525234800
0.017341064189701
0.017385299895086
0.017433987906310
0.017486875195273
0.017543700971473
0.017604197509926
0.017668090983636
0.017735102298362
0.017804947927462
0.017877340744597
0.017951990852160
0.018028606403299
0.018106894415501
0.018186561573709
0.018267315021053
0.018348863135300
0.018430916289230
0.018513187593195
0.018595393618195
0.018677255097917
0.018758497608202
0.018838852222570
0.018918056142438
0.018995853300829
0.019071994938409
0.019146240150807
0.019218356406263
0.019288120032734
0.019355316673710
0.019419741712048
0.019481200661266
0.019539509523807
0.019594495115912
0.019645995358778
0.019693859535854
0.019737948516126
0.019778134943421
0.019814303391786
0.019846350487116
0.019874184995289
0.019897727877138
0.019916912310676
0.019931683681078
0.019941999538984
0.019947829527764
0.019949155280466
0.019945970287216
0.019938279733920
0.019926100313161
0.019909460008252
0.019888397851450
