0.015436382202516
0.015380073485592
0.015324290917142
0.015269173897545
0.015214861908326
0.015161494259147
0.015109209832301
0.015058146825128
0.015008442490762
0.014960232877628
0.014913652568146
0.014868834417047
0.014825909289777
0.014785005801415
0.014746250056576
0.014709765390746
0.014675672113519
0.014644087254191
0.014615124310182
0.014588892998748
0.014565499012447
0.014545043778830
0.014527624224806
0.014513332546159
0.014502255982654
0.014494476599194
0.014490071073478
0.014489110490587
0.014491660144942
0.014497779350057
0.014507521256498
0.014520932678464
0.014538053929380
0.014558918666884
0.014583553747591
0.014611979091989
0.014644207559803
0.014680244836183
0.014720089329004
0.014763732077597
0.014811156673192
0.014862339191328
0.014917248136493
0.014975844399207
0.015038081225773
0.015103904200866
0.015173251243149
0.015246052614046
0.015322230939805
0.015401701246956
0.015484371011232
0.015570140220030
0.015658901448424
0.015750539948758
0.015844933753794
0.015941953793379
0.016041464024571
0.016143321575134
0.016247376900295
0.016353473952614
0.016461450364824
0.016571137645438
0.016682361386921
0.016794941486198
0.016908692377218
0.017023423275320
0.017138938433066
0.017255037407235
0.017371515336602
0.017488163230152
0.017604768265308
0.017721114095769
0.017836981168507
0.017952147049482
0.018066386757567
0.018179473106208
0.018291177052296
0.018401268051709
0.018509514420978
0.018615683704524
0.018719543046853
0.018820859569153
0.018919400749656
0.019014934807156
0.019107231087058
0.019196060449309
0.019281195657571
0.019362411768970
0.019439486523776
0.019512200734321
0.019580338672519
0.019643688455277
0.019702042427151
0.019755197539556
0.019802955725862
0.019845124271702
0.019881516179823
0.019911950528818
0.019936252825080
0.019954255347325
0.019965797483050
0.019970726056283
0.019968895646016
0.019960168894694
0.019944416806187
0.019921519032649
0.019891364149693
0.019853849919361
0.019808883540316
0.019756381884793
0.019696271721770
0.019628489925932
0.019552983671942
0.019469710613622
0.019378639047629
0.019279748061252
0.019173027663981
0.019058478902521
0.018936113958956
0.018805956231797
0.018668040399662
0.018522412467393
0.018369129794412
0.018208261105169
0.018039886481574
0.017864097337297
0.017680996373895
0.017490697518739
0.017293325844731
0.017089017471857
0.016877919450640
0.016660189627596
0.016435996492815
0.016205519009838
0.015968946428024
0.015726478077619
0.015478323147812
0.015224700448026
0.014965838152801
0.014701973530589
0.014433352656843
0.014160230111820
0.013882868663505
0.013601538936149
0.013316519064869
0.013028094336868
0.012736556819772
0.012442204977671
0.012145343275442
0.011846281771966
0.011545335702849
0.011242825053330
0.010939074122007
0.010634411076089
0.010329167498873
0.010023677930150
0.009718279400296
0.009413310958756
0.009109113197724
0.008806027771730
0.008504396913964
0.008204562950069
0.007906867810230
0.007611652540324
0.007319256812949
0.007030018439107
0.006744272881357
0.006462352769231
0.006184587417695
0.005911302349463
0.005642818821937
0.005379453359554
0.005121517292315
0.004869316301242
0.004623149971536
0.004383311354148
0.004150086536497
0.003923754223058
0.003704585326480
0.003492842569936
0.003288780101357
0.003092643120169
0.002904667517167
0.002725079528115
0.002554095401634
0.002391921081929
0.002238751906878
0.002094772321971
0.001960155610575
0.001835063640953
0.001719646630457
0.001614042927276
0.001518378810085
0.001432768305920
0.001357313026573
0.001292102023750
0.001237211663241
0.001192705518277
0.001158634282241
0.001135035700859
0.001121934523978
0.001119342476969
0.001127258251809
0.001145667517807
0.001174542951973
0.001213844288918
0.001263518390206
0.001323499333015
0.001393708517928
0.001474054795661
0.001564434612488
0.001664732174100
0.001774819627597
0.001894557261293
0.002023793721979
0.002162366249240
0.002310100926447
0.002466812947948
0.002632306902018
0.002806377069065
0.002988807734568
0.003179373516226
0.003377839704736
0.003583962617628
0.003797489965545
0.004018161230351
0.004245708054418
0.004479854640435
0.004720318161068
0.004966809177781
0.005219032068105
0.005476685460664
0.005739462677206
0.006007052180925
0.006279138030326
0.006555400337881
0.006835515732727
0.007119157826648
0.007405997682578
0.007695704284865
0.007987945010543
0.008282386100837
0.008578693132157
0.008876531485827
0.009175566815796
0.009475465513599
0.009775895169831
0.010076525031413
0.010377026453938
0.010677073348401
0.010976342621612
0.011274514609646
0.011571273503637
0.011866307767309
0.012159310545593
0.012449980063740
0.012738020016343
0.013023139945690
0.013305055608921
0.013583489333451
0.013858170360164
0.014128835173910
0.014395227820837
0.014657100212149
0.014914212413867
0.015166332922243
0.015413238924451
0.015654716544262
0.015890561072378
0.016120577181183
0.016344579123662
0.016562390916278
0.016773846505625
0.016978789918706
0.017177075396711
0.017368567512203
0.017553141269628
0.017730682189141
0.017901086373709
0.018064260559523
0.018220122149769
0.018368599231815
0.018509630577945
0.018643165629730
0.018769164466233
0.018887597756191
0.018998446694410
0.019101702922590
0.019197368434836
0.019285455468148
0.019365986378176
0.019438993500579
0.019504518998329
0.019562614695332
0.019613341896746
0.019656771196417
0.019692982271842
0.019722063667120
0.019744112564331
0.019759234543832
0.019767543333958
0.019769160550619
0.019764215427324
0.019752844536146
0.019735191500173
0.019711406697984
0.019681646960718
0.019646075262279
0.019604860403262
0.019558176689162
0.019506203603453
0.019449125476110
0.019387131148155
0.019320413632822
0.019249169773910
0.019173599901915
0.019093907488517
0.019010298800000
0.018922982550179
0.018832169553396
0.018738072378156
0.018640905001944
0.018540882467783
0.018438220543062
0.018333135381163
0.018225843186410
0.018116559882840
0.018005500787293
0.017892880287302
0.017778911524251
0.017663806082260
0.017547773683224
0.017431021888445
0.017313755807251
0.017196177813004
0.017078487266865
0.016960880249677
0.016843549302303
0.016726683174739
0.016610466584307
0.016495079983207
0.016380699335707
0.016267495905189
0.016155636051304
0.016045281037423
0.015936586848585
0.015829704020093
0.015724777476912
0.015621946384001
0.015521344007673
0.015423097588076
0.015327328222868
0.015234150762118
0.015143673714475
0.015055999164615
0.014971222701934
0.014889433360492
0.014810713570131
0.014735139118724
0.014662779125449
0.014593696025019
0.014527945562725
0.014465576800165
0.014406632131522
0.014351147310217
0.014299151485753
0.014250667250566
0.014205710696678
0.014164291481916
0.014126412905478
0.014092071992597
0.014061259588043
0.014033960458198
0.014010153401422
0.013989811366432
0.013972901578383
0.013959385672362
0.013949219833966
0.013942354946660
0.013938736745576
0.013938305977432
0.013940998566226
0.013946745784364
0.013955474428891
0.013967107002452
0.013981561898660
0.013998753591492
0.014018592828386
0.014040986826661
0.014065839472923
0.014093051525089
0.014122520816695
0.014154142463115
0.014187809069359
0.014223410939100
0.014260836284585
0.014299971437089
0.014340701057585
0.014382908347300
0.014426475257821
0.014471282700442
