0.004482051276572
0.004482062396440
0.004482073457452
0.004482084459653
0.004482095403089
0.004482106287806
0.004482117113849
0.004482127881264
0.004482138590095
0.004482149240387
0.004482159832185
0.004482170365532
0.004482180840474
0.004482191257053
0.004482201615314
0.004482211915301
0.004482222157055
0.004482232340621
0.004482242466041
0.004482252533357
0.004482262542613
0.004482272493851
0.004482282387112
0.004482292222437
0.004482301999870
0.004482311719451
0.004482321381220
0.004482330985220
0.004482340531491
0.004482350020072
0.004482359451005
0.004482368824330
0.004482378140086
0.004482387398312
0.004482396599049
0.004482405742335
0.004482414828210
0.004482423856711
0.004482432827879
0.004482441741750
0.004482450598363
0.004482459397755
0.004482468139965
0.004482476825030
0.004482485452987
0.004482494023872
0.004482502537723
0.004482510994576
0.004482519394468
0.004482527737434
0.004482536023510
0.004482544252733
0.004482552425136
0.004482560540756
0.004482568599628
0.004482576601786
0.004482584547264
0.004482592436097
0.004482600268319
0.004482608043964
0.004482615763066
0.004482623425657
0.004482631031771
0.004482638581441
0.004482646074699
0.004482653511578
0.004482660892111
0.004482668216328
0.004482675484263
0.004482682695946
0.004482689851410
0.004482696950684
0.004482703993800
0.004482710980788
0.004482717911679
0.004482724786504
0.004482731605291
0.004482738368071
0.004482745074873
0.004482751725726
0.004482758320660
0.004482764859703
0.004482771342883
0.004482777770229
0.004482784141769
0.004482790457529
0.004482796717537
0.004482802921819
0.004482809070402
0.004482815163309
0.004482821200566
0.004482827182194
0.004482833108215
0.004482838978645
0.004482844793500
0.004482850552788
0.004482856256513
0.004482861904666
0.004482867497226
0.004482873034155
0.004482878515387
0.004482883940820
0.004482889310305
0.004482894623623
0.004482899880462
0.004482905080382
0.004482910222769
0.004482915306768
0.004482920331200
0.004482925294447
0.004482930194292
0.004482935027715
0.004482939790616
0.004482944477443
0.004482949080704
0.004482953590322
0.004482957992782
0.004482962270012
0.004482966397922
0.004482970344490
0.004482974067280
0.004482977510221
0.004482980599454
0.004482983237973
0.004482985298764
0.004482986616026
0.004482986974001
0.004482986092783
0.004482983610395
0.004482979060205
0.004482971842585
0.004482961189506
0.004482946120448
0.004482925387745
0.004482897409097
0.004482860184603
0.004482811195180
0.004482747278763
0.004482664480105
0.004482557869385
0.004482421324196
0.004482247268821
0.004482026364000
0.004481747139735
0.004481395563040
0.004480954532002
0.004480403287076
0.004479716730328
0.004478864643343
0.004477810794869
0.004476511930062
0.004474916634512
0.004472964068168
0.004470582567004
0.004467688113841
0.004464182684306
0.004459952479591
0.004454866064486
0.004448772437267
0.004441499067358
0.004432849947262
0.004422603716971
0.004410511931736
0.004396297557502
0.004379653791973
0.004360243322906
0.004337698148020
0.004311620092268
0.004281582167221
0.004247130923063
0.004207789945060
0.004163064642344
0.004112448466204
0.004055430676821
0.003991505750447
0.003920184482668
0.003841006796990
0.003753556211430
0.003657475849226
0.003552485804090
0.003438401586873
0.003315153291301
0.003182805024207
0.003041574054021
0.002891849044301
0.002734206661603
0.002569425784239
0.002398498495946
0.002222637031850
0.002043275858523
0.001862068120292
0.001680875773815
0.001501752864925
0.001326921576320
0.001158740890687
0.000999667967439
0.000852212616270
0.000718885558379
0.000602141485141
0.000504318240671
0.000427573753723
0.000373822609027
0.000344674361474
0.000341375841789
0.000364759764467
0.000415201915106
0.000492589056064
0.000596299442155
0.000725197483207
0.000877643634712
0.001051520055210
0.001244271958923
0.001452963939922
0.001674349879842
0.001904954408102
0.002141163296937
0.002379319677759
0.002615822592622
0.002847224172012
0.003070321678319
0.003282240784727
0.003480506773640
0.003663100827797
0.003828499230904
0.003975694062408
0.004104194823665
0.004214011324378
0.004305619038552
0.004379908957851
0.004438124678625
0.004481790014988
0.004512630800641
0.004532494705103
0.004543272836993
0.004546826643776
0.004544923163362
0.004539181070456
0.004531029231946
0.004521678690853
0.004512108190862
0.004503062586132
0.004495062802839
0.004488425470404
0.004483289951584
0.004479650288573
0.004477389550330
0.004476314204009
0.004476186418306
0.004476752606166
0.004477766989624
0.004479009478123
0.004480297651865
0.004481493095686
0.004482502705960
0.004483275871469
0.004483798597724
0.004484085702167
0.004484172163984
0.004484104583789
0.004483933517993
0.004483707225785
0.004483467129382
0.004483245064083
0.004483062203091
0.004482929396451
0.004482848570907
0.004482814798645
0.004482818652637
0.004482848515450
0.004482892584484
0.004482940406706
0.004482983867159
0.004483017637335
0.004483039153948
0.004483048241340
0.004483046510665
0.004483036667939
0.004483021845346
0.004483005041252
0.004482988720309
0.004482974591297
0.004482963551482
0.004482955765214
0.004482950832604
0.004482948001173
0.004482946377944
0.004482945109333
0.004482943508743
0.004482941124615
0.004482937752751
0.004482933404681
0.004482928248163
0.004482922536628
0.004482916542182
0.004482910502702
0.004482904588629
0.004482898890317
0.004482893423038
0.004482888144291
0.004482882977217
0.004482877834279
0.004482872636776
0.004482867327587
0.004482861876456
0.004482856278694
0.004482850549216
0.004482844714270
0.004482838803075
0.004482832841041
0.004482826845563
0.004482820824551
0.004482814777329
0.004482808697090
0.004482802574004
0.004482796398154
0.004482790161713
0.004482783860098
0.004482777492098
0.004482771059228
0.004482764564643
0.004482758011968
0.004482751404330
0.004482744743765
0.004482738031028
0.004482731265758
0.004482724446858
0.004482717572952
0.004482710642784
0.004482703655484
0.004482696610670
0.004482689508400
0.004482682349033
0.004482675133048
0.004482667860883
0.004482660532824
0.004482653148969
0.004482645709241
0.004482638213451
0.004482630661366
0.004482623052778
0.004482615387539
0.004482607665581
0.004482599886898
0.004482592051525
0.004482584159508
0.004482576210878
0.004482568205636
0.004482560143753
0.004482552025176
0.004482543849840
0.004482535617677
0.004482527328632
0.004482518982658
0.004482510579722
0.004482502119800
0.004482493602867
0.004482485028900
0.004482476397866
0.004482467709732
0.004482458964454
0.004482450161992
0.004482441302302
0.004482432385343
0.004482423411075
0.004482414379461
0.004482405290465
0.004482396144049
0.004482386940178
0.004482377678812
0.004482368359911
0.004482358983436
0.004482349549346
0.004482340057599
0.004482330508155
0.004482320900974
0.004482311236014
0.004482301513236
0.004482291732599
0.004482281894061
0.004482271997581
0.004482262043117
0.004482252030627
0.004482241960069
0.004482231831399
0.004482221644575
0.004482211399555
0.004482201096295
0.004482190734753
0.004482180314884
0.004482169836645
0.004482159299992
0.004482148704881
0.004482138051267
0.004482127339106
0.004482116568353
0.004482105738963
0.004482094850891
0.004482083904091
0.004482072898518
0.004482061834126
0.004482050710870
