4.553813544499870497e-02
4.677830042825905504e-02
4.806199481492938463e-02
4.939109715326281402e-02
5.076758253105544821e-02
5.219352834994961388e-02
5.367112049484882436e-02
5.520265992895114632e-02
5.679056974752504094e-02
5.843740272643861700e-02
6.014584940458533868e-02
6.191874674281699215e-02
6.375908740576954892e-02
6.567002971712485038e-02
6.765490834343418358e-02
6.971724576662544082e-02
7.186076461086521316e-02
7.408940089546743601e-02
7.640731829234694017e-02
7.881892347375409058e-02
8.132888264428941860e-02
8.394213936015722244e-02
8.666393374854002019e-02
8.949982325096544900e-02
9.245570502661290546e-02
9.553784016484355435e-02
9.875287987108111176e-02
1.021078938067082054e-01
1.056104007821996732e-01
1.092684020234307996e-01
1.130904172538911567e-01
1.170855238598361575e-01
1.212633994318414732e-01
1.256343680036849098e-01
1.302094503418319282e-01
1.350004186776280479e-01
1.400198563239707372e-01
1.452812226790519690e-01
1.507989241862505714e-01
1.565883918785417328e-01
1.626661661718659113e-01
1.690499895772278327e-01
1.757589079935839016e-01
1.828133812774655753e-01
1.902354039452100465e-01
1.980486372258470629e-01
2.062785542443490439e-01
2.149526007230521951e-01
2.241003739115854931e-01
2.337538220675705325e-01
2.439474654208536597e-01
2.547186373419155769e-01
2.661077423480512905e-01
2.781585273651166479e-01
2.909183663909444273e-01
3.044385677087073083e-01
3.187747262102889612e-01
3.339871569136289575e-01
3.501414515342829992e-01
3.673091884196432733e-01
3.855687901244233551e-01
4.050064634320492685e-01
4.257170882517649635e-01
4.478048744529183334e-01
4.713836198397990396e-01
4.965765161126752814e-01
5.235156781236685042e-01
5.523418857839932361e-01
5.832053391975389189e-01
6.162683915475405394e-01
6.517110696749739418e-01
6.897395777314905274e-01
7.305968683538826003e-01
7.745729002642784966e-01
8.220107432067618181e-01
8.733038043871266254e-01
9.288797997791986560e-01
9.891692617917766661e-01
1.054560625708388377e+00
1.125349979369614672e+00
1.201700387159039707e+00
1.283631584860142949e+00
1.371063551129071412e+00
1.463934686448310263e+00
1.562405310128138769e+00
1.667139395693835846e+00
1.779633218176083664e+00
1.902532363542394522e+00
2.039853891949046982e+00
2.197015316736765200e+00
2.380573681659408969e+00
2.597602304538925821e+00
2.854682599904041052e+00
3.156562140047589171e+00
3.504620584944062589e+00
3.895379520495644954e+00
4.319373217885653204e+00
4.760745071192599376e+00
5.197929917330411875e+00
5.605710978418324331e+00
5.958795379345382059e+00
6.236838955321731603e+00
6.430587278532660989e+00
6.548516279386955574e+00
6.623093797677078065e+00
6.715590062267255966e+00
6.918287132707360065e+00
7.353013367856324756e+00
8.165182030192264406e+00
9.512944185089491356e+00
1.155165002761665072e+01
1.441449777248328523e+01
1.819095975891739414e+01
2.290521945348303845e+01
2.849733263704445108e+01
3.481005012975663959e+01
4.158413707999542908e+01
4.846455667872797335e+01
5.501905720745872230e+01
6.076955951655584443e+01
6.523538087710861078e+01
6.798588147948854044e+01
6.869873709453712252e+01
6.721888878977635784e+01
6.361245016070751035e+01
5.820958642456292864e+01
5.163069394772685428e+01
4.479112176716446925e+01
3.888114404994089313e+01
3.531980888177809419e+01
3.568349678782524137e+01
4.161232710168926019e+01
5.469973861212167066e+01
7.637243279329314305e+01
1.077692174812283241e+02
1.496279829667766421e+02
2.021899949429026435e+02
2.651298787245818289e+02
3.375181431131948102e+02
4.178209595318735978e+02
5.039393346727723610e+02
5.932869930542767634e+02
6.829034403873301926e+02
7.695960322389490784e+02
8.501026316812050254e+02
9.212647785724375353e+02
9.802003406332355553e+02
1.024464447020249054e+03
1.052188134217555444e+03
1.062185518255927036e+03
1.054022348033145136e+03
1.028041346103817432e+03
9.853426235836351452e+02
9.277204593449257573e+02
8.575606463726295488e+02
7.777052223854801696e+02
6.912935311680861332e+02
6.015900535122775636e+02
5.118101956283661593e+02
4.249551751148706558e+02
3.436663047743701327e+02
2.701074063930650482e+02
2.058819098659303393e+02
1.519885766564348160e+02
1.088169367424777647e+02
7.618067168835678160e+01
5.338453983766574140e+01
3.931822692342763759e+01
3.256887865283368910e+01
3.154313823048224918e+01
3.458931995966054274e+01
4.011089373545274128e+01
4.666367904400008371e+01
5.303094843026060801e+01
5.827286544328779883e+01
6.174912119117438891e+01
6.311602871076984655e+01
6.230140981911186060e+01
5.946212838335921447e+01
5.492995495542519535e+01
4.915160630047985535e+01
4.262844331076990301e+01
3.586065103734384252e+01
2.929993983751881359e+01
2.331393937616656586e+01
1.816441037591608421e+01
1.400003244763390420e+01
1.086281642214543730e+01
8.705357742566823376e+00
7.414658166685167195e+00
6.837632239326882022e+00
6.804011003489705445e+00
7.144039871266407715e+00
7.700534042354424180e+00
8.336633334783012828e+00
8.941264594036006486e+00
9.433682981739075046e+00
9.767005109587053369e+00
9.929303135640390465e+00
9.940500372499890602e+00
9.844354664223679663e+00
9.696815076661511767e+00
9.553972966951432610e+00
9.463610609270748597e+00
9.463405626492988887e+00
9.586449299740008811e+00
9.871884443657767960e+00
1.037640056596574389e+01
1.118189981708358438e+01
1.239595070029897350e+01
1.414399938872279527e+01
1.655466227757587561e+01
1.974089731961524663e+01
2.378012527955702282e+01
2.869574549372274674e+01
3.444162197266005165e+01
4.089061294496234922e+01
4.782831882593599460e+01
5.495372115876240571e+01
6.188879064973971822e+01
6.819898061675803547e+01
7.342557545533048824e+01
7.712925729580591394e+01
7.894236759962632277e+01
7.862562374745151317e+01
7.612385047003222383e+01
7.161476140830770021e+01
6.554496608191018936e+01
5.864807962995894286e+01
5.194096352695451912e+01
4.669564043841187839e+01
4.438624049929779147e+01
4.661236829003172488e+01
5.500240048629223111e+01
7.110225096497663344e+01
9.625686033330428870e+01
1.314928772882764747e+02
1.774115449556609008e+02
2.341006041610216073e+02
3.010730746789026853e+02
3.772391444019654614e+02
4.609152125851753112e+02
5.498715665629130172e+02
6.414174185829375574e+02
7.325193006416845947e+02
8.199463189002871104e+02
9.004336972002641915e+02
9.708545517061086230e+02
1.028389051890272185e+03
1.070680099817076780e+03
1.095965405305870490e+03
1.103177297407775086e+03
1.092003688984550081e+03
1.062906153633552549e+03
1.017093902718508730e+03
9.564553649956712889e+02
8.834518665223479275e+02
8.009803867875898504e+02
7.122143530185460349e+02
6.204327877218427147e+02
5.288487490779856444e+02
4.404478567352684877e+02
3.578467903162382981e+02
2.831800545608271591e+02
2.180211457701651341e+02
1.633416951921155658e+02
1.195094038780628125e+02
8.632283427064177772e+01
6.307859927884050677e+01
4.866438396413181522e+01
4.166970669902609359e+01
4.050548454615268668e+01
4.352336074635838514e+01
4.912636542632854741e+01
5.586373593496384871e+01
6.250448733085762854e+01
6.808642106917528736e+01
7.193949075358131040e+01
7.368460302130564799e+01
7.321082983738951100e+01
7.063549027920741707e+01
6.625251836634021174e+01
6.047491913480953230e+01
5.377693832725711331e+01
4.664089773460966626e+01
3.951258967743380879e+01
3.276782210926444350e+01
2.669131503377012749e+01
2.146781899325026188e+01
1.718418574489986739e+01
1.384026462277521219e+01
1.136597897820208658e+01
9.641765779619552390e+00
8.519708405910527915e+00
7.843096441435450039e+00
7.462724491806411287e+00
7.248903712417403611e+00
7.098817304855247201e+00
6.939430636661813701e+00
6.726614478111942574e+00
6.441426952690743057e+00
6.084621205024236978e+00
5.670417621561769650e+00
5.220433489365182922e+00
4.758440075859911467e+00
4.306360326203517275e+00
3.881669009467946907e+00
3.496142227227446053e+00
3.155744845475958904e+00
2.861351143035143263e+00
2.609963747712432891e+00
2.396118487983474932e+00
2.213222699362819235e+00
2.054654454014325893e+00
1.914533787842522594e+00
1.788151135739043829e+00
1.672094191287851528e+00
1.564148447776998463e+00
1.463059265555030075e+00
1.368238234219270044e+00
1.279479543123950958e+00
1.196729232805651577e+00
1.119927102515333894e+00
1.048921771679899750e+00
9.834462098538362396e-01
9.231344910835430628e-01
8.675597480781185311e-01
8.162766105858689780e-01
7.688568409063223363e-01
7.249126451828755702e-01
6.841069524032962201e-01
6.461531362319541394e-01
6.108080985947882402e-01
5.778626436706939540e-01
5.471321669135366106e-01
5.184494135438343365e-01
4.916598637293819740e-01
4.666194408583482223e-01
4.431937995207640424e-01
4.212583787688356507e-01
4.006985769287593202e-01
3.814096749932358588e-01
3.632963929032726469e-01
3.462721415175776252e-01
3.302581152962575928e-01
3.151823735020415906e-01
3.009790139185251623e-01
2.875874856917227662e-01
2.749520402013471698e-01
2.630212913610693870e-01
2.517478492040041704e-01
2.410879966258332452e-01
2.310013907996986693e-01
2.214507817984394111e-01
2.124017481149414743e-01
2.038224515777731505e-01
1.956834138279725521e-01
1.879573147788237697e-01
1.806188117227013057e-01
1.736443767048090059e-01
1.670121495596774142e-01
1.607018043431166221e-01
1.546944274391922614e-01
1.489724061120205056e-01
1.435193265896779202e-01
1.383198809161420850e-01
1.333597818524516754e-01
1.286256851199013562e-01
1.241051182998952063e-01
1.197864157506907529e-01
1.156586589639584800e-01
1.117116218507128445e-01
1.079357205064317565e-01
1.043219670550153966e-01
1.008619272111244969e-01
9.754768123394483292e-02
9.437178797467468683e-02
9.132725174716839478e-02
8.840749177639280199e-02
8.560631400258629509e-02
8.291788504011142480e-02
8.033670810883992985e-02
7.785760077277197044e-02
7.547567433566501616e-02
7.318631475703601952e-02
7.098516496414755683e-02
6.886810844672608400e-02
6.683125403119884178e-02
6.487092174033196046e-02
6.298362965238978040e-02
6.116608168138146923e-02
5.941515620668900294e-02
5.772789548651505176e-02
5.610149579511910373e-02
5.453329822886574668e-02
5.302078013068721452e-02
5.156154708673422321e-02
5.015332545278733400e-02
4.879395537144200906e-02
4.748138424425846216e-02
