0.011451378206387
0.011427606552922
0.011405817641177
0.011387516470901
0.011373981085163
0.011366174673731
0.011364678733718
0.011369651860228
0.011380817000843
0.011397478078950
0.011418564903837
0.011442703375484
0.011468306288054
0.011493678653036
0.011517130492771
0.011537089561558
0.011552206465687
0.011561445172295
0.011564152882635
0.011560104629679
0.011549519648341
0.011533048444641
0.011511731431626
0.011486931875457
0.011460247580844
0.011433407130539
0.011408157489600
0.011386150328595
0.011368834478561
0.011357361504118
0.011352510501423
0.011354636955777
0.011363648915815
0.011379011962474
0.011399782588572
0.011424667779930
0.011452106919063
0.011480370723425
0.011507670869983
0.011532273310792
0.011552608087392
0.011567368712960
0.011575594888780
0.011576733406776
0.011570673489739
0.011557754443882
0.011538745239942
0.011514797389105
0.011487374129181
0.011458160383646
0.011428959114163
0.011401580488221
0.011377730682797
0.011358907123179
0.011346306519990
0.011340751248993
0.011342638472037
0.011351914997057
0.011368079307986
0.011390210557852
0.011417022708931
0.011446940517813
0.011478192787084
0.011508917311311
0.011537271287953
0.011561540677624
0.011580242094705
0.011592211278138
0.011596673001642
0.011593288381746
0.011582176864621
0.011563911640650
0.011539488764037
0.011510271756551
0.011477914865442
0.011444269348957
0.011411278113308
0.011380864672128
0.011354822709981
0.011334712491307
0.011321769969884
0.011316833745217
0.011320294021826
0.011332066510556
0.011351592834938
0.011377867545151
0.011409490376322
0.011444740995524
0.011481672237381
0.011518216798213
0.011552301598030
0.011581963569357
0.011605460516265
0.011621370913166
0.011628677070093
0.011626826951255
0.011615771052508
0.011595972063378
0.011568386491746
0.011534418938324
0.011495851194113
0.011454749718091
0.011413356260099
0.011373967359266
0.011338809117524
0.011309913981745
0.011289006245093
0.011277402595121
0.011275933308712
0.011284888656586
0.011303993783950
0.011332413844801
0.011368789562480
0.011411301752705
0.011457761764919
0.011505723359023
0.011552610316833
0.011595853159619
0.011633027758760
0.011661988422403
0.011680988232991
0.011688779993832
0.011684692091053
0.011668674843823
0.011641314436235
0.011603813219583
0.011557936954378
0.011505931332131
0.011450411781890
0.011394232034803
0.011340338110504
0.011291615235197
0.011250735654461
0.011220015336743
0.011201287171441
0.011195797466985
0.011204131389858
0.011226171515907
0.011261091967675
0.011307388775976
0.011362945227561
0.011425129143281
0.011490917368557
0.011557041337918
0.011620146472015
0.011676957435621
0.011724440965382
0.011759958080688
0.011781398011922
0.011787287087222
0.011776867061643
0.011750138884159
0.011707869598066
0.011651561870559
0.011583387455292
0.011506087617023
0.011422845105489
0.011337133582729
0.011252551424425
0.011172647488758
0.011100746751533
0.011039783638839
0.010992150461953
0.010959567604356
0.010942981073416
0.010942491767085
0.010957319384764
0.010985802402003
0.011025434002076
0.011072932382355
0.011124342492266
0.011175165066090
0.011220507831144
0.011255253030713
0.011274234919931
0.011272420677339
0.011245088219158
0.011187994691056
0.011097529918064
0.010970849785467
0.010805985365103
0.010601924553149
0.010358664006859
0.010077230219450
0.009759669617311
0.009409008568076
0.009029185122212
0.008624955149385
0.008201776253471
0.007765673440884
0.007323090964490
0.006880735062809
0.006445412458216
0.006023869469303
0.005622636435479
0.005247881854029
0.004905280202075
0.004599896872410
0.004336093010343
0.004117452318841
0.003946731124462
0.003825832192344
0.003755801971983
0.003736850175017
0.003768389859906
0.003849095553696
0.003976976402804
0.004149460934737
0.004363489747619
0.004615612335557
0.004902084309851
0.005218961486094
0.005562187665431
0.005927673427331
0.006311363847381
0.006709293727365
0.007117629642547
0.007532698836515
0.007951005690180
0.008369237123194
0.008784258820902
0.009193104590976
0.009592961420911
0.009981152918029
0.010355123764069
0.010712427611770
0.011050720504984
0.011367761438264
0.011661421114452
0.011929699342591
0.012170750878915
0.012382918887452
0.012564774618902
0.012715161408678
0.012833240704111
0.012918537566828
0.012970982971886
0.012990950245076
0.012979283140385
0.012937313350247
0.012866865644288
0.012770249325220
0.012650235246875
0.012510018230583
0.012353165313426
0.012183550837915
0.012005279922451
0.011822602314789
0.011639819010320
0.011461184302262
0.011290806115774
0.011132547561504
0.010989932629316
0.010866058836467
0.010763519455585
0.010684337687160
0.010629914820281
0.010600994055475
0.010597641255299
0.010619243451495
0.010664525480565
0.010731584650116
0.010817942863161
0.010920615153603
0.011036193120455
0.011160941299119
0.011290904084719
0.011422020436130
0.011550243252733
0.011671660043174
0.011782611311525
0.011879802986433
0.011960409227080
0.012022162068291
0.012063424624392
0.012083244961587
0.012081388269999
0.012058345611054
0.012015318268444
0.011954177569421
0.011877400939010
0.011787985868501
0.011689344382585
0.011585181435616
0.011479361414945
0.011375767538300
0.011278159367171
0.011190033889730
0.011114495634460
0.011054141048411
0.011010961912618
0.010986271883755
0.010980659369502
0.010993968899935
0.011025311992446
0.011073107274551
0.011135148383393
0.011208696960923
0.011290596966450
0.011377405586556
0.011465535282192
0.011551401010953
0.011631566424273
0.011702882877540
0.011762615404854
0.011808550385564
0.011839080439874
0.011853263097878
0.011850850943136
0.011832292184409
0.011798701899365
0.011751805462945
0.011693856863189
0.011627535666028
0.011555827271995
0.011481891775226
0.011408927162270
0.011340032760236
0.011278078757647
0.011225587285505
0.011184629979799
0.011156746178737
0.011142884975155
0.011143373289483
0.011157910998200
0.011185592995349
0.011224956929002
0.011274054286666
0.011330541546143
0.011391787298116
0.011454990614490
0.011517305505008
0.011575966089007
0.011628407115815
0.011672374694251
0.011706022528971
0.011727989590916
0.011737455945993
0.011734174398931
0.011718476641514
0.011691253685462
0.011653911466632
0.011608303584403
0.011556644143403
0.011501404551695
0.011445198860937
0.011390662776012
0.011340331786905
0.011296523965202
0.011261232811842
0.011236035142205
0.011222018360796
0.011219730632886
0.011229156437454
0.011249718826761
0.011280308473471
0.011319338312760
0.011364821344450
0.011414468009830
0.011465798558311
0.011516265023836
0.011563376885435
0.011604824224581
0.011638592235148
0.011663061295554
0.011677087467205
0.011680059212260
0.011671927285704
0.011653206096362
0.011624946282586
0.011588679736567
0.011546339758213
0.011500160347178
0.011452559776087
0.011406014464637
0.011362929740556
0.011325514293487
0.011295664983664
0.011274868161185
0.011264122806002
0.011263889655431
0.011274069104291
0.011294009116423
0.011322542759500
0.011358053357508
0.011398563737687
0.011441844716992
0.011485536903643
0.011527279144292
0.011564836570938
0.011596221217549
0.011619798585572
0.011634374318743
0.011639256258051
0.011634288525208
0.011619855849872
0.011596858023271
0.011566656033683
0.011530993022111
0.011491894598835
0.011451554203436
