0.032498981903813
0.032766873224355
0.033036042568419
0.033306267496391
0.033577321937792
0.033848976526942
0.034120999014689
0.034393154741016
0.034665207151252
0.034936918337909
0.035208049590707
0.035478361938781
0.035747616671169
0.036015575823950
0.036282002624733
0.036546661887177
0.036809320349882
0.037069746955283
0.037327713065126
0.037582992610064
0.037835362171879
0.038084600998243
0.038330490951756
0.038572816397496
0.038811364036276
0.039045922694250
0.039276283083032
0.039502237547805
0.039723579823595
0.039940104821518
0.040151608467097
0.040357887611374
0.040558740032514
0.040753964540886
0.040943361194592
0.041126731625437
0.041303879467983
0.041474610877230
0.041638735114240
0.041796065174260
0.041946418429018
0.042089617254195
0.042225489614612
0.042353869583362
0.042474597776509
0.042587521691641
0.042692495945811
0.042789382415632
0.042878050288752
0.042958376041231
0.043030243358932
0.043093543022802
0.043148172777847
0.043194037203836
0.043231047602709
0.043259121913762
0.043278184663403
0.043288166952205
0.043289006478456
0.043280647594788
0.043263041392860
0.043236145810477
0.043199925755771
0.043154353243889
0.043099407542588
0.043035075324045
0.042961350820481
0.042878235980914
0.042785740625218
0.042683882589853
0.042572687857310
0.042452190658859
0.042322433537979
0.042183467360363
0.042035351256013
0.041878152479930
0.041711946180500
0.041536815068781
0.041352848987286
0.041160144383228
0.040958803697903
0.040748934690450
0.040530649719873
0.040304065013551
0.040069299952828
0.039826476406608
0.039575718141884
0.039317150336131
0.039050899210671
0.038777091797081
0.038495855840998
0.038207319839947
0.037911613204723
0.037608866527855
0.037299211938267
0.036982783518470
0.036659717759695
0.036330154030958
0.035994235039974
0.035652107266678
0.035303921353363
0.034949832438845
0.034590000427123
0.034224590183589
0.033853771653827
0.033477719901483
0.033096615062721
0.032710642215692
0.032319991164447
0.031924856138179
0.031525435408644
0.031121930831337
0.030714547319304
0.030303492262272
0.029888974907712
0.029471205724203
0.029050395770476
0.028626756095497
0.028200497195413
0.027771828551992
0.027340958274158
0.026908092859522
0.026473437086635
0.026037194041538
0.025599565274520
0.025160751075459
0.024720950849340
0.024280363567977
0.023839188270123
0.023397624580252
0.022955873216397
0.022514136459451
0.022072618560024
0.021631526063760
0.021191068041650
0.020751456217598
0.020312904991001
0.019875631356799
0.019439854729279
0.019005796678474
0.018573680589592
0.018143731256446
0.017716174419735
0.017291236260517
0.016869142858641
0.016450119625548
0.016034390720883
0.015622178462942
0.015213702743956
0.014809180462549
0.014408824987020
0.014012845664200
0.013621447389048
0.013234830249743
0.012853189261423
0.012476714198943
0.012105589535076
0.011739994485619
0.011380103157338
0.011026084788843
0.010678104069018
0.010336321512875
0.010000893871226
0.009671974548609
0.009349714003785
0.009034260108792
0.008725758445901
0.008424352526569
0.008130183922202
0.007843392302706
0.007564115384853
0.007292488797977
0.007028645878893
0.006772717411003
0.006524831324093
0.006285112371347
0.006053681798813
0.005830657020180
0.005616151306759
0.005410273499276
0.005213127745064
0.005024813261730
0.004845424126607
0.004675049090529
0.004513771414483
0.004361668728534
0.004218812913658
0.004085270008608
0.003961100145139
0.003846357515751
0.003741090378078
0.003645341099263
0.003559146241941
0.003482536691047
0.003415537817725
0.003358169673589
0.003310447205748
0.003272380480827
0.003243974904931
0.003225231426461
0.003216146709814
0.003216713270467
0.003226919565316
0.003246750036282
0.003276185109589
0.003315201157324
0.003363770431456
0.003421860983036
0.003489436580530
0.003566456641003
0.003652876186250
0.003748645833057
0.003853711822960
0.003968016092567
0.004091496381105
0.004224086367983
0.004365715830016
0.004516310806046
0.004675793756045
0.004844083702448
0.005021096343329
0.005206744129770
0.005400936303062
0.005603578890769
0.005814574663854
0.006033823059557
0.006261220076414
0.006496658148517
0.006740026005957
0.006991208527411
0.007250086589467
0.007516536915709
0.007790431927247
0.008071639595559
0.008360023298447
0.008655441680651
0.008957748522238
0.009266792620086
0.009582417690249
0.009904462301397
0.010232759851471
0.010567138600619
0.010907421773295
0.011253427740674
0.011604970291430
0.011961858994396
0.012323899651170
0.012690894830635
0.013062644471267
0.013438946531588
0.013819597664653
0.014204393889633
0.014593131232499
0.014985606308870
0.015381616824972
0.015780961977265
0.016183442737166
0.016588862013810
0.016997024694549
0.017407737569118
0.017820809148773
0.018236049395793
0.018653269381321
0.019072280890704
0.019492895995244
0.019914926608083
0.020338184040050
0.020762478569169
0.021187619035572
0.021613412472028
0.022039663779411
0.022466175456194
0.022892747391356
0.023319176730664
0.023745257826782
0.024170782283720
0.024595539105303
0.025019314955449
0.025441894534827
0.025863061073985
0.026282596937482
0.026700284327238
0.027115906066809
0.027529246442090
0.027940092068738
0.028348232752891
0.028753462310034
0.029155579307368
0.029554387697871
0.029949697319292
0.030341324238136
0.030729090926903
0.031112826271663
0.031492365415856
0.031867549454314
0.032238224998317
0.032604243637565
0.032965461328043
0.033321737735828
0.033672935566039
0.034018919903716
0.034359557589884
0.034694716651840
0.035024265802361
0.035348074018466
0.035666010206900
0.035977942960827
0.036283740410368
0.036583270168422
0.036876399372532
0.037162994823008
0.037442923216798
0.037716051475494
0.037982247164069
0.038241378994441
0.038493317404822
0.038737935202199
0.038975108251498
0.039204716191517
0.039426643154794
0.039640778466814
0.039847017299525
0.040045261255278
0.040235418860065
0.040417405949197
0.040591145934004
0.040756569944415
0.040913616848826
0.041062233158988
0.041202372833236
0.041333996995780
0.041457073592710
0.041571577006665
0.041677487651793
0.041774791568848
0.041863480037370
0.041943549218243
0.042014999835957
0.042077836906100
0.042132069510282
0.042177710618143
0.042214776954490
0.042243288908897
0.042263270485207
0.042274749289063
0.042277756552540
0.042272327195888
0.042258499926991
0.042236317379183
0.042205826287432
0.042167077701547
0.042120127233110
0.042065035330522
0.042001867574067
0.041930694980671
0.041851594306282
0.041764648332870
0.041669946126993
0.041567583257966
0.041457661965586
0.041340291270192
0.041215587021098
0.041083671882922
0.040944675262635
0.040798733182912
0.040645988109373
0.040486588740309
0.040320689767509
0.040148451615846
0.039970040167623
0.039785626475518
0.039595386465705
0.039399500630767
0.039198153710523
0.038991534358333
0.038779834790759
0.038563250419800
0.038341979469035
0.038116222577768
0.037886182400197
0.037652063209455
0.037414070518583
0.037172410731764
0.036927290839309
0.036678918168570
0.036427500200460
0.036173244457474
0.035916358464530
0.035657049778862
0.035395526080130
0.035131995307319
0.034866665825331
0.034599746601747
0.034331447373334
0.034061978782487
0.033791552465892
0.033520381081015
0.033248678260231
0.032976658487048
0.032704536893573
0.032432528982586
