0.033258102288488
0.033522457678084
0.033786044519678
0.034048643006779
0.034310033535348
0.034569996737224
0.034828313506704
0.035084765029512
0.035339132823479
0.035591198800461
0.035840745359271
0.036087555519425
0.036331413105146
0.036572102987902
0.036809411393862
0.037043126279652
0.037273037775979
0.037498938694023
0.037720625084430
0.037937896833577
0.038150558277040
0.038358418806360
0.038561293442724
0.038759003350347
0.038951376263547
0.039138246804525
0.039319456673858
0.039494854702103
0.039664296758454
0.039827645520341
0.039984770115752
0.040135545657151
0.040279852691763
0.040417576597143
0.040548606953261
0.040672836922575
0.040790162667980
0.040900482835290
0.041003698122444
0.041099710952385
0.041188425260972
0.041269746405859
0.041343581197204
0.041409838046811
0.041468427228747
0.041519261241723
0.041562255261444
0.041597327669528
0.041624400644183
0.041643400796585
0.041654259835467
0.041656915240997
0.041651310927417
0.041637397872518
0.041615134690927
0.041584488127776
0.041545433449880
0.041497954713384
0.041442044890084
0.041377705839373
0.041304948118916
0.041223790634445
0.041134260137097
0.041036390584911
0.040930222393005
0.040815801603717
0.040693179013305
0.040562409295003
0.040423550159140
0.040276661589422
0.040121805190573
0.039959043676498
0.039788440520451
0.039610059780007
0.039423966100498
0.039230224891691
0.039028902664401
0.038820067506989
0.038603789676500
0.038380142275855
0.038149201986836
0.037911049828559
0.037665771912338
0.037413460165970
0.037154213003172
0.036888135916732
0.036615341976782
0.036335952218150
0.036050095903088
0.035757910647784
0.035459542403225
0.035155145283304
0.034844881235906
0.034528919556164
0.034207436245382
0.033880613224189
0.033548637414220
0.033211699708786
0.032869993859132
0.032523715308585
0.032173060011596
0.031818223277921
0.031459398683501
0.031096777088759
0.030730545801814
0.030360887918653
0.029987981864842
0.029612001154275
0.029233114370429
0.028851485365184
0.028467273660212
0.028080635026971
0.027691722213846
0.027300685783593
0.026907675021082
0.026512838870421
0.026116326861896
0.025718289992297
0.025318881526832
0.024918257696403
0.024516578270060
0.024114006988449
0.023710711849739
0.023306865244489
0.022902643940139
0.022498228919292
0.022093805078739
0.021689560798570
0.021285687392816
0.020882378455216
0.020479829115949
0.020078235227700
0.019677792502091
0.019278695620257
0.018881137343875
0.018485307654957
0.018091392953859
0.017699575344890
0.017310032037359
0.016922934886743
0.016538450095821
0.016156738089309
0.015777953567990
0.015402245740023
0.015029758718566
0.014660632066655
0.014295001463004
0.013932999456618
0.013574756274136
0.013220400642056
0.012870060586346
0.012523864174493
0.012181940169329
0.011844418569727
0.011511431019956
0.011183111076478
0.010859594327927
0.010541018370275
0.010227522644626
0.009919248149263
0.009616337040678
0.009318932140203
0.009027176363849
0.008741212093259
0.008461180505556
0.008187220879568
0.007919469895711
0.007658060946666
0.007403123476078
0.007154782362564
0.006913157366253
0.006678362654659
0.006450506423542
0.006229690626487
0.006016010823934
0.005809556158367
0.005610409457429
0.005418647461017
0.005234341162397
0.005057556247415
0.004888353610492
0.004726789921758
0.004572918216824
0.004426788479584
0.004288448189260
0.004157942805622
0.004035316170735
0.003920610811309
0.003813868132311
0.003715128499391
0.003624431214211
0.003541814392551
0.003467314759570
0.003400967379560
0.003342805338897
0.003292859400626
0.003251157647559
0.003217725128138
0.003192583516208
0.003175750792528
0.003167240952945
0.003167063745788
0.003175224439591
0.003191723621685
0.003216557028422
0.003249715408647
0.003291184423116
0.003340944583616
0.003398971236067
0.003465234591766
0.003539699809846
0.003622327131952
0.003713072067287
0.003811885622615
0.003918714568137
0.004033501726567
0.004156186269928
0.004286704006784
0.004424987642313
0.004570966994829
0.004724569155235
0.004885718580156
0.005054337114822
0.005230343947762
0.005413655505318
0.005604185299458
0.005801843746669
0.006006537978540
0.006218171665591
0.006436644874962
0.006661853979752
0.006893691633487
0.007132046817670
0.007376804964379
0.007627848149805
0.007885055349171
0.008148302739104
0.008417464030542
0.008692410813888
0.008973012898431
0.009259138629724
0.009550655171544
0.009847428742676
0.010149324802713
0.010456208184861
0.010767943177031
0.011084393554956
0.011405422572624
0.011730892915890
0.012060666624932
0.012394604990410
0.012732568427159
0.013074416328234
0.013420006901560
0.013769196991373
0.014121841887326
0.014477795125546
0.014836908287798
0.015199030807194
0.015564009791093
0.015931689873635
0.016301913111469
0.016674518936238
0.017049344176256
0.017426223157272
0.017804987888599
0.018185468336223
0.018567492779212
0.018950888240328
0.019335480976540
0.019721097010724
0.020107562682554
0.020494705194758
0.020882353130694
0.021270336920559
0.021658489236447
0.022046645300493
0.022434643095238
0.022822323470670
0.023209530147606
0.023596109621968
0.023981910978525
0.024366785625860
0.024750586966326
0.025133170015850
0.025514390988588
0.025894106860920
0.026272174928387
0.026648452368070
0.027022795817934
0.027395060983860
0.027765102284633
0.028132772544890
0.028497922745977
0.028860401844553
0.029220056668354
0.029576731897724
0.029930270139917
0.030280512100881
0.030627296856083
0.030970462218069
0.031309845194092
0.031645282522542
0.031976611272474
0.032303669486609
0.032626296845218
0.032944335326505
0.033257629838842
0.033566028801404
0.033869384652556
0.034167554269334
0.034460399286473
0.034747786309020
0.035029587018392
0.035305678177130
0.035575941542299
0.035840263701071
0.036098535844318
0.036350653494974
0.036596516207553
0.036836027253755
0.037069093306858
0.037295624134957
0.037515532310425
0.037728732940637
0.037935143423255
0.038134683228417
0.038327273709999
0.038512837948724
0.038691300630985
0.038862587968558
0.039026627665638
0.039183348940370
0.039332682608082
0.039474561232502
0.039608919349278
0.039735693763163
0.039854823916481
0.039966252322256
0.040069925051021
0.040165792256320
0.040253808720659
0.040333934401493
0.040406134956108
0.040470382224950
0.040526654655197
0.040574937649834
0.040615223831955
0.040647513219029
0.040671813306923
0.040688139068184
0.040696512872926
0.040696964343458
0.040689530155189
0.040674253796528
0.040651185299388
0.040620380949956
0.040581902986841
0.040535819291040
0.040482203069798
0.040421132534693
0.040352690573467
0.040276964415340
0.040194045290788
0.040104028088809
0.040007011017348
0.039903095275263
0.039792384746668
0.039674985730269
0.039551006716935
0.039420558228194
0.039283752726313
0.039140704603378
0.038991530252412
0.038836348218564
0.038675279423104
0.038508447448014
0.038335978864658
0.038158003587000
0.037974655228189
0.037786071439281
0.037592394210434
0.037393770117762
0.037190350502993
0.036982291577585
0.036769754447667
0.036552905060543
0.036331914077157
0.036106956677644
0.035878212308683
0.035645864381850
0.035410099931726
0.035171109241385
0.034929085441442
0.034684224087404
0.034436722719037
0.034186780405036
0.033934597276664
0.033680374055157
0.033424311579475
0.033166610343164
