0.121676297111676
0.121707532716631
0.121738588109736
0.121769463068291
0.121800157408771
0.121830670966230
0.121861003574363
0.121891155047414
0.121921125165051
0.121950913661053
0.121980520216495
0.122009944457712
0.122039185959147
0.122068244250779
0.122097118829600
0.122125809174353
0.122154314762532
0.122182635088540
0.122210769681830
0.122238718123862
0.122266480062824
0.122294055225183
0.122321443423379
0.122348644559191
0.122375658622615
0.122402485686347
0.122429125896264
0.122455579458534
0.122481846624186
0.122507927672126
0.122533822891688
0.122559532565795
0.122585056955780
0.122610396288789
0.122635550748540
0.122660520469931
0.122685305537829
0.122709905990023
0.122734321824118
0.122758553007864
0.122782599492234
0.122806461226363
0.122830138173393
0.122853630326178
0.122876937721861
0.122900060454384
0.122922998684153
0.122945752644223
0.122968322642649
0.122990709060771
0.123012912347545
0.123034933010154
0.123056771601353
0.123078428704132
0.123099904914361
0.123121200822100
0.123142316992232
0.123163253945023
0.123184012137051
0.123204591942889
0.123224993637758
0.123245217381336
0.123265263202873
0.123285130987900
0.123304820467002
0.123324331207600
0.123343662610148
0.123362813910966
0.123381784194830
0.123400572421422
0.123419177470932
0.123437598215135
0.123455833621290
0.123473882896849
0.123491745683265
0.123509422306658
0.123526914091858
0.123544223743718
0.123561355795766
0.123578317120652
0.123595117489443
0.123611770157504
0.123628292443382
0.123644706253993
0.123661038494835
0.123677321288419
0.123693591908507
0.123709892323115
0.123726268227129
0.123742767437340
0.123759437520895
0.123776322534723
0.123793458770701
0.123810869431611
0.123828558208254
0.123846501790322
0.123864641423559
0.123882873723759
0.123901041072871
0.123918922051442
0.123936222500362
0.123952567947185
0.123967498269720
0.123980465591995
0.123990836502839
0.123997899741816
0.124000880496603
0.123998962385830
0.123991318048276
0.123977149011796
0.123955735165466
0.123926493702783
0.123889046845401
0.123843297005900
0.123789507323006
0.123728384731073
0.123661161943842
0.123589673985551
0.123516424242631
0.123444634493888
0.123378273066188
0.123322055215062
0.123281410098789
0.123262409344335
0.123271653222993
0.123316111872900
0.123402920811583
0.123539132134764
0.123731425230224
0.123985783451525
0.124307145873355
0.124699045843026
0.125163250389868
0.125699416486209
0.126304781502633
0.126973905811655
0.127698485238605
0.128467249843866
0.129265963302097
0.130077533933729
0.130882244315831
0.131658101492602
0.132381304321071
0.133026818682173
0.133569045461982
0.133982560691978
0.134242902369284
0.134327374583952
0.134215836951139
0.133891446214714
0.133341317411501
0.132557074224703
0.131535262070832
0.130277602909296
0.128791077487917
0.127087828399619
0.125184885512717
0.123103723589028
0.120869669743675
0.118511185365495
0.116059052792968
0.113545501089905
0.111003307452492
0.108464910989402
0.105961573862833
0.103522621202888
0.101174786070400
0.098941679403053
0.096843397766325
0.094896274313782
0.093112771113263
0.091501504358296
0.090067388336137
0.088811879654613
0.087733300321819
0.086827216891983
0.086086852989731
0.085503513951274
0.085067004838058
0.084766026389460
0.084588537258498
0.084522074789218
0.084554030343844
0.084671878518725
0.084863362314079
0.085116638332664
0.085420387343260
0.085763896093530
0.086137116189532
0.086530705313553
0.086936055188077
0.087345309674703
0.087751375371368
0.088147926159686
0.088529402440132
0.088891005318717
0.089228685778446
0.089539128852558
0.089819732960825
0.090068584808425
0.090284430510292
0.090466643831511
0.090615192580219
0.090730604227340
0.090813931751284
0.090866720528413
0.090890976838585
0.090889138265107
0.090864045977615
0.090818918629038
0.090757327399536
0.090683171596168
0.090600654169973
0.090514256534376
0.090428712144521
0.090348978405665
0.090280206598714
0.090227709623387
0.090196927450717
0.090193390239402
0.090222679104715
0.090290384539729
0.090402062486367
0.090563188049595
0.090779106853413
0.091054984060680
0.091395751125821
0.091806050420928
0.092290177969085
0.092852024627863
0.093495016183429
0.094222052933268
0.095035449446222
0.095936875286767
0.096927297573190
0.098006926305481
0.099175163449217
0.100430556798181
0.101770759662991
0.103192497446937
0.104691542173837
0.106262696024792
0.107899784918846
0.109595663133262
0.111342229898331
0.113130458815919
0.114950440836850
0.116791441388326
0.118641972067989
0.120489877117261
0.122322434655188
0.124126472398631
0.125888497319164
0.127594838395861
0.129231801321048
0.130785833707835
0.132243699039030
0.133592657292199
0.134820649881234
0.135916486277255
0.136870029418350
0.137672376796277
0.138316033927252
0.138795076781774
0.139105299673618
0.139244345098383
0.139211812074521
0.139009339680401
0.138640662703690
0.138111636627103
0.137430229567716
0.136606479264122
0.135652413763295
0.134581935091075
0.133410665888676
0.132155759751990
0.130835676807824
0.129469926886402
0.128078783485065
0.126682972544660
0.125303340856618
0.123960509662700
0.122674519677914
0.121464474336921
0.120348188512762
0.119341850262791
0.118459703301089
0.117713757863028
0.117113537403403
0.116665868146149
0.116374717877511
0.116241089547458
0.116262974223966
0.116435366745031
0.116750346054384
0.117197220714817
0.117762738500313
0.118431357312530
0.119185572991021
0.120006297936606
0.120873282892332
0.121765572777185
0.122661986194183
0.123541607185320
0.124384277025594
0.125171073376908
0.125884763992044
0.126510222393329
0.127034793563500
0.127448598680126
0.127744769289836
0.127919603031958
0.127972635047292
0.127906621498488
0.127727434123797
0.127443867375138
0.127067362375203
0.126611654580721
0.126092354570342
0.125526473695201
0.124931908349915
0.124326898259164
0.123729475356758
0.123156920499744
0.122625245364294
0.122148716386034
0.121739436528487
0.121406999004462
0.121158224874098
0.120996993759617
0.120924173831486
0.120937653833583
0.121032476342246
0.121201067824061
0.121433557506238
0.121718173740265
0.122041703560112
0.122389998637887
0.122748508935554
0.123102824133876
0.123439202457882
0.123745066851306
0.124009449588721
0.124223368327777
0.124380119235814
0.124475476083006
0.124507787955922
0.124477972363115
0.124389404809909
0.124247710231113
0.124060465800737
0.123836828402005
0.123587103265561
0.123322272814853
0.123053506469140
0.122791672954507
0.122546876510335
0.122328037244886
0.122142533827094
0.121995923785564
0.121891753046055
0.121831462139070
0.121814391944009
0.121837887122063
0.121897490754697
0.121987219376661
0.122099903789183
0.122227577955068
0.122361896073852
0.122494556730767
0.122617712876703
0.122724347341823
0.122808595570389
0.122866000190616
0.122893685751335
0.122890446272751
0.122856742943119
0.122794614095080
0.122707504254296
0.122600023313551
0.122477650512167
0.122346400691427
0.122212472095279
0.122081895690772
0.121960205555445
0.121852148345184
0.121761447306566
0.121690632883029
0.121640947886715
0.121612330710181
0.121603475403111
0.121611962917313
0.121634453700352
0.121666928341973
0.121704960356516
0.121744003574326
0.121779676108473
0.121808023483138
0.121825745208805
0.121830371750341
0.121820382278885
