0.035587521485396
0.034699731986261
0.033756490603122
0.032767895127088
0.031744471522464
0.030696918019982
0.029635851356865
0.028571562767246
0.027513790805870
0.026471517346880
0.025452792171750
0.024464590485184
0.023512706517624
0.022601685131639
0.021734792090353
0.020914022410818
0.020140145052051
0.019412781110640
0.018730511745808
0.018091011254855
0.017491200087943
0.016927412141793
0.016395570413257
0.015891365028781
0.015410427792309
0.014948497704668
0.014501572389506
0.014066040996945
0.013638794924111
0.013217313565024
0.012799723250708
0.012384828530439
0.011972115941478
0.011561731381630
0.011154433101150
0.010751523135234
0.010354760676482
0.009966261414606
0.009588387231179
0.009223630820416
0.008874499810909
0.008543404793743
0.008232555332631
0.007943867561339
0.007678886387719
0.007438724650649
0.007224020847023
0.007034916291658
0.006871051823836
0.006731583457663
0.006615215713835
0.006520250787666
0.006444651217974
0.006386113334523
0.006342148484873
0.006310168877370
0.006287574824846
0.006271840229673
0.006260593308851
0.006251689809552
0.006243276300528
0.006233841531218
0.006222254314494
0.006207786895638
0.006190123302848
0.006169352715580
0.006145948417986
0.006120733406939
0.006094834179715
0.006069624618394
0.006046662202178
0.006027619003443
0.006014210050954
0.006008121670829
0.006010942343870
0.006024098452543
0.006048797042229
0.006085977402942
0.006136272905657
0.006199984119617
0.006277063811611
0.006367114003043
0.006469394851568
0.006582844745044
0.006706110657486
0.006837587527573
0.006975465185324
0.007117781174135
0.007262477694067
0.007407460826705
0.007550660189882
0.007690087209130
0.007823890278624
0.007950405214238
0.008068199571453
0.008176109607344
0.008273268904043
0.008359127935488
0.008433464143383
0.008496382384274
0.008548305908556
0.008589958324283
0.008622337273405
0.008646680795235
0.008664427562081
0.008677172336745
0.008686618114996
0.008694526474547
0.008702667654681
0.008712771839611
0.008726483018782
0.008745316655535
0.008770622220795
0.008803551450219
0.008845032971535
0.008895753732909
0.008956147451345
0.009026390099013
0.009106402259993
0.009195858023377
0.009294199932729
0.009400659386901
0.009514281783061
0.009633955608675
0.009758444624707
0.009886422237152
0.010016507128434
0.010147299214828
0.010277415011718
0.010405521525964
0.010530367854269
0.010650813747659
0.010765854503635
0.010874641666312
0.010976499147040
0.011070934518533
0.011157645378636
0.011236520819440
0.011307638167747
0.011371255278708
0.011427798761953
0.011477848596288
0.011522119644306
0.011561440612927
0.011596731022267
0.011628976746558
0.011659204681055
0.011688457071707
0.011717766023248
0.011748128678772
0.011780483541041
0.011815688382934
0.011854500170446
0.011897557394741
0.011945365177446
0.011998283473485
0.012056518646155
0.012120118628939
0.012188971817535
0.012262809755053
0.012341213585441
0.012423624158280
0.012509355575697
0.012597611883389
0.012687506526071
0.012778084116306
0.012868344006545
0.012957265108743
0.013043831374120
0.013127057327093
0.013206013041091
0.013279847948631
0.013347812892911
0.013409279852632
0.013463758806094
0.013510911245656
0.013550559910710
0.013582694378026
0.013607472234045
0.013625215655233
0.013636403339672
0.013641657864020
0.013641728681621
0.013637471125085
0.013629821923890
0.013619771887414
0.013608336528512
0.013596525505077
0.013585311830120
0.013575601839749
0.013568206909531
0.013563817872001
0.013562983012514
0.013566090410334
0.013573355251837
0.013584812579003
0.013600315756226
0.013619540748985
0.013641996116272
0.013667038431364
0.013693892668271
0.013721676928881
0.013749430742630
0.013776146049718
0.013800799883672
0.013822387701839
0.013839956275815
0.013852635049870
0.013859664906093
0.013860423341241
0.013854445162504
0.013841437946442
0.013821291674547
0.013794082155794
0.013760068064781
0.013719681655640
0.013673513447310
0.013622291404713
0.013566855352327
0.013508127541452
0.013447080441348
0.013384702930189
0.013321966119857
0.013259790056589
0.013199012498124
0.013140360879972
0.013084428454012
0.013031655418378
0.012982315666325
0.012936509571823
0.012894163009199
0.012855032581244
0.012818716812212
0.012784672855507
0.012752238076703
0.012720655705940
0.012689103614545
0.012656725163032
0.012622660995354
0.012586080620363
0.012546212628388
0.012502372439824
0.012453986573521
0.012400612553722
0.012341953741534
0.012277868574666
0.012208373919668
0.012133642474950
0.012053994399845
0.011969883574036
0.011881879101930
0.011790642858214
0.011696904015647
0.011601431598047
0.011505006156835
0.011408391677568
0.011312308785125
0.011217410236551
0.011124259574598
0.011033313669471
0.010944909708861
0.010859257014342
0.010776433873216
0.010696389385439
0.010618950141500
0.010543831374389
0.010470652071859
0.010398953398200
0.010328219661764
0.010257900978900
0.010187436729981
0.010116278881499
0.010043914261460
0.009969884924304
0.009893805825566
0.009815379143089
0.009734404726604
0.009650786324985
0.009564533422924
0.009475758707547
0.009384671371227
0.009291566630463
0.009196811993494
0.009100830934270
0.009004084722046
0.008907053211072
0.008810215412706
0.008714030654005
0.008618921075569
0.008525256141708
0.008433339733205
0.008343400273055
0.008255584204076
0.008169952999794
0.008086483751025
0.008005073234304
0.007925545238269
0.007847660803436
0.007771130922632
0.007695631156560
0.007620817544917
0.007546343141160
0.007471874471694
0.007397107220456
0.007321780469581
0.007245688886614
0.007168692337823
0.007090722522712
0.007011786362434
0.006931966028034
0.006851415655670
0.006770354956491
0.006689060079844
0.006607852221464
0.006527084575917
0.006447128309046
0.006368358267916
0.006291139151208
0.006215812833008
0.006142687470111
0.006072028931580
0.006004054974803
0.005938932460553
0.005876777756860
0.005817660333703
0.005761609403295
0.005708623319246
0.005658681316829
0.005611757060440
0.005567833367448
0.005526917404085
0.005489055602918
0.005454347536446
0.005422958000739
0.005395126618707
0.005371174365459
0.005351506546924
0.005336611923948
0.005327057861686
0.005323481589703
0.005326577871652
0.005337083592392
0.005355759962553
0.005383373202920
0.005420674692362
0.005468381633787
0.005527159306362
0.005597605925676
0.005680241027418
0.005775498128587
0.005883722210957
0.006005172324943
0.006140029340683
0.006288408590858
0.006450376870910
0.006625973000709
0.006815230920626
0.007018204105870
0.007234989945871
0.007465752658333
0.007710743296060
0.007970315462394
0.008244935479092
0.008535185947243
0.008841761903122
0.009165459089234
0.009507154225930
0.009867777566914
0.010248278436134
0.010649584854347
0.011072558749750
0.011517948586048
0.011986341511061
0.012478117309169
0.012993406514411
0.013532054995635
0.014093597154383
0.014677239580943
0.015281856602285
0.015905998643010
0.016547913729376
0.017205581825074
0.017876761028010
0.018559044014659
0.019249922527499
0.019946857194905
0.020647349581280
0.021349013112315
0.022049639423817
0.022747256752631
0.023440177226886
0.024127030314310
0.024806780237817
0.025478725846318
0.026142482208357
0.026797944044342
0.027445231993164
0.028084623581464
0.028716471587992
0.029341113230802
0.029958774212963
