0.019027083644952
0.019153419107592
0.019279240704927
0.019404459296578
0.019528985648774
0.019652730501864
0.019775604636972
0.019897518941758
0.020018384475254
0.020138112531757
0.020256614703744
0.020373802943795
0.020489589625503
0.020603887603364
0.020716610271612
0.020827671622022
0.020936986300641
0.021044469663459
0.021150037831011
0.021253607741912
0.021355097205314
0.021454424952298
0.021551510686198
0.021646275131861
0.021738640083849
0.021828528453593
0.021915864315498
0.022000572952017
0.022082580897693
0.022161815982190
0.022238207372312
0.022311685613026
0.022382182667500
0.022449631956169
0.022513968394827
0.022575128431777
0.022633050084032
0.022687672972587
0.022738938356766
0.022786789167664
0.022831170040679
0.022872027347159
0.022909309225159
0.022942965609326
0.022972948259912
0.022999210790925
0.023021708697425
0.023040399381968
0.023055242180200
0.023066198385609
0.023073231273437
0.023076306123746
0.023075390243653
0.023070452988719
0.023061465783495
0.023048402141237
0.023031237682762
0.023009950154458
0.022984519445448
0.022954927603881
0.022921158852362
0.022883199602515
0.022841038468651
0.022794666280555
0.022744076095367
0.022689263208558
0.022630225163978
0.022566961762975
0.022499475072567
0.022427769432654
0.022351851462266
0.022271730064813
0.022187416432355
0.022098924048838
0.022006268692321
0.021909468436148
0.021808543649069
0.021703516994289
0.021594413427428
0.021481260193379
0.021364086822052
0.021242925122980
0.021117809178790
0.020988775337501
0.020855862203657
0.020719110628270
0.020578563697557
0.020434266720472
0.020286267215006
0.020134614893256
0.019979361645237
0.019820561521448
0.019658270714164
0.019492547537455
0.019323452405921
0.019151047812138
0.018975398302812
0.018796570453631
0.018614632842813
0.018429656023352
0.018241712493952
0.018050876668663
0.017857224845200
0.017660835171967
0.017461787613780
0.017260163916291
0.017056047569129
0.016849523767754
0.016640679374043
0.016429602875613
0.016216384343895
0.016001115390968
0.015783889125172
0.015564800105515
0.015343944294894
0.015121419012136
0.014897322882899
0.014671755789442
0.014444818819284
0.014216614212789
0.013987245309695
0.013756816494613
0.013525433141526
0.013293201557326
0.013060228924406
0.012826623242351
0.012592493268758
0.012357948459221
0.012123098906515
0.011888055279021
0.011652928758427
0.011417830976748
0.011182873952705
0.010948170027505
0.010713831800060
0.010479972061706
0.010246703730443
0.010014139784762
0.009782393197100
0.009551576866960
0.009321803553763
0.009093185809468
0.008865835911013
0.008639865792629
0.008415386978076
0.008192510512854
0.007971346896436
0.007752006014588
0.007534597071810
0.007319228523965
0.007106008011146
0.006895042290827
0.006686437171364
0.006480297445882
0.006276726826625
0.006075827879790
0.005877701960936
0.005682449150983
0.005490168192881
0.005300956428992
0.005114909739228
0.004932122480013
0.004752687424104
0.004576695701333
0.004404236740312
0.004235398211152
0.004070265969248
0.003908924000170
0.003751454365710
0.003597937151139
0.003448450413698
0.003303070132390
0.003161870159099
0.003024922171087
0.002892295624904
0.002764057711750
0.002640273314333
0.002521004965253
0.002406312806951
0.002296254553254
0.002190885452554
0.002090258252642
0.001994423167246
0.001903427844272
0.001817317335805
0.001736134069873
0.001659917824011
0.001588705700641
0.001522532104284
0.001461428720633
0.001405424497499
0.001354545627642
0.001308815533503
0.001268254853852
0.001232881432358
0.001202710308091
0.001177753707960
0.001158021041097
0.001143518895185
0.001134251034734
0.001130218401305
0.001131419115675
0.001137848481944
0.001149498993581
0.001166360341390
0.001188419423395
0.001215660356640
0.001248064490872
0.001285610424110
0.001328274020075
0.001376028427469
0.001428844101078
0.001486688824678
0.001549527735730
0.001617323351829
0.001690035598885
0.001767621841018
0.001850036912116
0.001937233149056
0.002029160426526
0.002125766193443
0.002226995510907
0.002332791091678
0.002443093341125
0.002557840399611
0.002676968186284
0.002800410444219
0.002928098786887
0.003059962745892
0.003195929819943
0.003335925525015
0.003479873445654
0.003627695287378
0.003779310930125
0.003934638482715
0.004093594338254
0.004256093230455
0.004422048290814
0.004591371106588
0.004763971779542
0.004939758985394
0.005118640033921
0.005300520929667
0.005485306433212
0.005672900122935
0.005863204457236
0.006056120837150
0.006251549669317
0.006449390429243
0.006649541724806
0.006851901359957
0.007056366398566
0.007262833228355
0.007471197624880
0.007681354815491
0.007893199543252
0.008106626130742
0.008321528543699
0.008537800454473
0.008755335305214
0.008974026370772
0.009193766821251
0.009414449784176
0.009635968406225
0.009858215914491
0.010081085677219
0.010304471263992
0.010528266505308
0.010752365551527
0.010976662931135
0.011201053608297
0.011425433039654
0.011649697230342
0.011873742789185
0.012097466983043
0.012320767790273
0.012543543953277
0.012765695030113
0.012987121445135
0.013207724538637
0.013427406615483
0.013646070992690
0.013863622045952
0.014079965255077
0.014295007248319
0.014508655845597
0.014720820100566
0.014931410341547
0.015140338211288
0.015347516705543
0.015552860210475
0.015756284538851
0.015957706965041
0.016157046258805
0.016354222717860
0.016549158199232
0.016741776149391
0.016932001633152
0.017119761361365
0.017304983717381
0.017487598782297
0.017667538358996
0.017844735994966
0.018019127003933
0.018190648486284
0.018359239348318
0.018524840320308
0.018687393973408
0.018846844735402
0.019003138905308
0.019156224666861
0.019306052100876
0.019452573196517
0.019595741861477
0.019735513931101
0.019871847176447
0.020004701311324
0.020134037998316
0.020259820853805
0.020382015452024
0.020500589328153
0.020615511980473
0.020726754871609
0.020834291428875
0.020938097043744
0.021038149070457
0.021134426823808
0.021226911576103
0.021315586553335
0.021400436930577
0.021481449826626
0.021558614297914
0.021631921331706
0.021701363838595
0.021766936644334
0.021828636481000
0.021886461977524
0.021940413649595
0.021990493888962
0.022036706952144
0.022079058948571
0.022117557828154
0.022152213368324
0.022183037160529
0.022210042596214
0.022233244852293
0.022252660876120
0.022268309369976
0.022280210775069
0.022288387255070
0.022292862679177
0.022293662604717
0.022290814259302
0.022284346522520
0.022274289907187
0.022260676540146
0.022243540142613
0.022222916010087
0.022198840991798
0.022171353469705
0.022140493337041
0.022106301976393
0.022068822237314
0.022028098413465
0.021984176219270
0.021937102766087
0.021886926537876
0.021833697366356
0.021777466405651
0.021718286106394
0.021656210189294
0.021591293618142
0.021523592572254
0.021453164418328
0.021380067681698
0.021304362016986
0.021226108178126
0.021145367987738
0.021062204305861
0.020976680998004
0.020888862902521
0.020798815797277
0.020706606365610
0.020612302161562
0.020515971574370
0.020417683792200
0.020317508765126
0.020215517167322
0.020111780358479
0.020006370344413
0.019899359736885
0.019790821712603
0.019680829971403
0.019569458693627
0.019456782496661
0.019342876390663
0.019227815733469
0.019111676184672
0.018994533658897
0.018876464278265
0.018757544324064
