0.018612086652703
0.018652466720002
0.018690636722763
0.018726572028524
0.018760249083175
0.018791645412253
0.018820739621533
0.018847511396951
0.018871941503869
0.018894011785724
0.018913705162068
0.018931005626043
0.018945898241300
0.018958369138402
0.018968405510712
0.018975995609826
0.018981128740531
0.018983795255350
0.018983986548676
0.018981695050519
0.018976914219893
0.018969638537862
0.018959863500271
0.018947585610167
0.018932802369952
0.018915512273268
0.018895714796647
0.018873410390931
0.018848600472489
0.018821287414250
0.018791474536551
0.018759166097838
0.018724367285220
0.018687084204891
0.018647323872436
0.018605094203043
0.018560404001608
0.018513262952771
0.018463681610885
0.018411671389910
0.018357244553277
0.018300414203696
0.018241194272941
0.018179599511597
0.018115645478804
0.018049348531973
0.017980725816507
0.017909795255507
0.017836575539491
0.017761086116114
0.017683347179891
0.017603379661943
0.017521205219745
0.017436846226900
0.017350325762920
0.017261667603029
0.017170896207989
0.017078036713933
0.016983114922225
0.016886157289332
0.016787190916711
0.016686243540710
0.016583343522487
0.016478519837925
0.016371802067564
0.016263220386539
0.016152805554509
0.016040588905591
0.015926602338291
0.015810878305419
0.015693449803997
0.015574350365147
0.015453614043963
0.015331275409356
0.015207369533870
0.015081931983463
0.014954998807259
0.014826606527249
0.014696792127950
0.014565593046014
0.014433047159783
0.014299192778782
0.014164068633151
0.014027713863013
0.013890168007761
0.013751470995286
0.013611663131108
0.013470785087440
0.013328877892157
0.013185982917676
0.013042141869747
0.012897396776146
0.012751789975267
0.012605364104616
0.012458162089197
0.012310227129792
0.012161602691138
0.012012332489983
0.011862460483040
0.011712030854820
0.011561088005356
0.011409676537809
0.011257841245956
0.011105627101566
0.010953079241653
0.010800242955621
0.010647163672281
0.010493886946765
0.010340458447314
0.010186923941958
0.010033329285087
0.009879720403899
0.009726143284758
0.009572643959426
0.009419268491210
0.009266062960991
0.009113073453173
0.008960346041519
0.008807926774914
0.008655861663027
0.008504196661896
0.008352977659438
0.008202250460875
0.008052060774098
0.007902454194967
0.007753476192546
0.007605172094289
0.007457587071179
0.007310766122818
0.007164754062490
0.007019595502187
0.006875334837617
0.006732016233191
0.006589683607003
0.006448380615806
0.006308150639990
0.006169036768575
0.006031081784222
0.005894328148264
0.005758817985779
0.005624593070702
0.005491694810978
0.005360164233788
0.005230041970826
0.005101368243652
0.004974182849137
0.004848525144980
0.004724434035337
0.004601947956551
0.004481104862994
0.004361942213032
0.004244496955125
0.004128805514062
0.004014903777341
0.003902827081712
0.003792610199876
0.003684287327362
0.003577892069576
0.003473457429050
0.003371015792873
0.003270598920342
0.003172237930807
0.003075963291752
0.002981804807094
0.002889791605717
0.002799952130253
0.002712314126106
0.002626904630743
0.002543749963232
0.002462875714070
0.002384306735273
0.002308067130755
0.002234180247004
0.002162668664041
0.002093554186690
0.002026857836161
0.001962599841932
0.001900799633966
0.001841475835243
0.001784646254623
0.001730327880049
0.001678536872081
0.001629288557779
0.001582597424932
0.001538477116636
0.001496940426232
0.001457999292595
0.001421664795796
0.001387947153116
0.001356855715434
0.001328398963986
0.001302584507490
0.001279419079650
0.001258908537033
0.001241057857322
0.001225871137949
0.001213351595101
0.001203501563115
0.001196322494244
0.001191814958802
0.001189978645697
0.001190812363333
0.001194314040897
0.001200480730015
0.001209308606796
0.001220792974236
0.001234928265003
0.001251708044594
0.001271125014848
0.001293171017840
0.001317837040122
0.001345113217339
0.001374988839183
0.001407452354716
0.001442491378032
0.001480092694264
0.001520242265934
0.001562925239637
0.001608125953053
0.001655827942293
0.001706013949555
0.001758665931099
0.001813765065538
0.001871291762420
0.001931225671120
0.001993545690014
0.002058229975944
0.002125255953958
0.002194600327324
0.002266239087805
0.002340147526196
0.002416300243111
0.002494671160008
0.002575233530456
0.002657959951625
0.002742822376001
0.002829792123307
0.002918839892634
0.003009935774768
0.003103049264697
0.003198149274312
0.003295204145266
0.003394181662003
0.003495049064943
0.003597773063809
0.003702319851093
0.003808655115653
0.003916744056428
0.004026551396267
0.004138041395861
0.004251177867768
0.004365924190526
0.004482243322843
0.004600097817854
0.004719449837445
0.004840261166620
0.004962493227917
0.005086107095862
0.005211063511442
0.005337322896604
0.005464845368764
0.005593590755312
0.005723518608121
0.005854588218038
0.005986758629353
0.006119988654247
0.006254236887195
0.006389461719332
0.006525621352771
0.006662673814858
0.006800576972369
0.006939288545636
0.007078766122594
0.007218967172744
0.007359849061039
0.007501369061658
0.007643484371695
0.007786152124733
0.007929329404312
0.008072973257281
0.008217040707031
0.008361488766598
0.008506274451643
0.008651354793299
0.008796686850876
0.008942227724435
0.009087934567208
0.009233764597883
0.009379675112734
0.009525623497599
0.009671567239710
0.009817463939361
0.009963271321429
0.010108947246726
0.010254449723200
0.010399736916970
0.010544767163211
0.010689498976866
0.010833891063203
0.010977902328217
0.011121491888865
0.011264619083147
0.011407243480023
0.011549324889188
0.011690823370674
0.011831699244318
0.011971913099061
0.012111425802118
0.012250198507988
0.012388192667329
0.012525370035691
0.012661692682114
0.012797122997595
0.012931623703422
0.013065157859387
0.013197688871879
0.013329180501857
0.013459596872713
0.013588902478032
0.013717062189239
0.013844041263161
0.013969805349487
0.014094320498147
0.014217553166603
0.014339470227069
0.014460038973656
0.014579227129453
0.014697002853547
0.014813334747989
0.014928191864710
0.015041543712394
0.015153360263314
0.015263611960135
0.015372269722689
0.015479304954731
0.015584689550679
0.015688395902339
0.015790396905632
0.015890665967315
0.015989177011705
0.016085904487422
0.016180823374134
0.016273909189329
0.016365137995105
0.016454486404990
0.016541931590786
0.016627451289456
0.016711023810040
0.016792628040615
0.016872243455296
0.016949850121278
0.017025428705932
0.017098960483944
0.017170427344500
0.017239811798530
0.017307096985991
0.017372266683209
0.017435305310264
0.017496197938426
0.017554930297640
0.017611488784051
0.017665860467576
0.017718033099507
0.017767995120164
0.017815735666564
0.017861244580128
0.017904512414403
0.017945530442806
0.017984290666372
0.018020785821507
0.018055009387739
0.018086955595449
0.018116619433592
0.018143996657372
0.018169083795893
0.018191878159745
0.018212377848534
0.018230581758341
0.018246489589085
0.018260101851800
0.018271419875788
0.018280445815650
0.018287182658181
0.018291634229094
0.018293805199594
0.018293701092739
0.018291328289618
0.018286694035291
0.018279806444499
0.018270674507110
0.018259308093289
0.018245717958377
0.018229915747447
0.018211913999531
0.018191726151487
0.018169366541494
0.018144850412147
0.018118193913137
0.018089414103489
0.018058528953341
0.018025557345241
