0.171776962170850
0.171313638514923
0.170760650464947
0.170123895265239
0.169410602429103
0.168629216949310
0.167789259600582
0.166901167664660
0.165976119790869
0.165025848982961
0.164062447869591
0.163098170468774
0.162145234598338
0.161215628921121
0.160320928356406
0.159472121251447
0.158679451305080
0.157952276786673
0.157298949115304
0.156726712372484
0.156241624831898
0.155848503113667
0.155550889118738
0.155351039478160
0.155249936867244
0.155247322188352
0.155341746319416
0.155530639857957
0.155810399061075
0.156176485989340
0.156623540704577
0.157145503246941
0.157735743023319
0.158387193175796
0.159092487464368
0.159844097191266
0.160634465714589
0.161456138146404
0.162301883905589
0.163164809899753
0.164038462245872
0.164916914608743
0.165794841443689
0.166667574679026
0.167531142668321
0.168382290585102
0.169218481824277
0.170037880413488
0.170839314918479
0.171622224840374
0.172386591035526
0.173132852222348
0.173861810152266
0.174574526488125
0.175272214826676
0.175956131594685
0.176627469716255
0.177287258970829
0.177936276822289
0.178574973192298
0.179203412177420
0.179821233081320
0.180427632371926
0.181021367309691
0.181600781065439
0.182163848198975
0.182708238450504
0.183231395953143
0.183730630252480
0.184203214956818
0.184646489471912
0.185057959117082
0.185435388985818
0.185776887200640
0.186080973704558
0.186346631404683
0.186573337302314
0.186761072166528
0.186910308288308
0.187021975841527
0.187097409328623
0.187138276458932
0.187146492558609
0.187124124212572
0.187073286268886
0.186996036581625
0.186894272925337
0.186769636387522
0.186623425246107
0.186456522885606
0.186269342720570
0.186061792404952
0.185833258839519
0.185582614676004
0.185308246186451
0.185008101547882
0.184679757814688
0.184320504139698
0.183927438184886
0.183497572155481
0.183027944516409
0.182515733222946
0.181958366229833
0.181353625141549
0.180699738131881
0.179995458687914
0.179240127309719
0.178433714002483
0.177576840205733
0.176670779681025
0.175717438785984
0.174719317455656
0.173679453047263
0.172601349937251
0.171488898349694
0.170346286308085
0.169177908813129
0.167988278342649
0.166781940544754
0.165563398563166
0.164337048819281
0.163107130315524
0.161877688665995
0.160652555156508
0.159435340244248
0.158229440083616
0.157038053961145
0.155864209982021
0.154710796005303
0.153580592691970
0.152476305611768
0.151400593638288
0.150356091319017
0.149345423498910
0.148371211153309
0.147436068095401
0.146542588910352
0.145693329081779
0.144890778773353
0.144137332076191
0.143435253712327
0.142786645191022
0.142193412257470
0.141657235175718
0.141179542982892
0.140761492381908
0.140403951450427
0.140107487880542
0.139872361068511
0.139698517081351
0.139585585361453
0.139532876004217
0.139539376556397
0.139603747521763
0.139724316101737
0.139899068109323
0.140125638436406
0.140401300886485
0.140722958567529
0.141087136337642
0.141489976981789
0.141927242852807
0.142394324626918
0.142886258606944
0.143397753670247
0.143923228527069
0.144456859459479
0.144992638187317
0.145524438992156
0.146046093758705
0.146551473196115
0.147034572203166
0.147489597156928
0.147911052839849
0.148293826771945
0.148633268870066
0.148925264595391
0.149166300048226
0.149353517797704
0.149484762565428
0.149558616190750
0.149574421570713
0.149532295475625
0.149433130285581
0.149278584775828
0.149071064109179
0.148813689187572
0.148510255493008
0.148165181533095
0.147783447020819
0.147370520981554
0.146932280107170
0.146474917874907
0.146004845216728
0.145528583854163
0.145052653786790
0.144583456815701
0.144127158367632
0.143689570229612
0.143276037077200
0.142891329853691
0.142539549110794
0.142224041338568
0.141947331088245
0.141711071329665
0.141516013998983
0.141362002103444
0.141247984086707
0.141172050452977
0.141131491935726
0.141122877810598
0.141142152323295
0.141184746657365
0.141245703423309
0.141319810321502
0.141401739422154
0.141486188414127
0.141568020193954
0.141642397285533
0.141704907785987
0.141751679809766
0.141779481736979
0.141785805951019
0.141768934164290
0.141727982871430
0.141662927930661
0.141574607751091
0.141464705052313
0.141335707657690
0.141190849277360
0.141034031722897
0.140869730461327
0.140702885848545
0.140538782766043
0.140382921704222
0.140240884575196
0.140118198684347
0.140020202332639
0.139951915455423
0.139917918527502
0.139922242684757
0.139968273640624
0.140058671528737
0.140195308301887
0.140379223786481
0.140610600956178
0.140888760472800
0.141212174069160
0.141578495934796
0.141984610924362
0.142426698145806
0.142900308301242
0.143400453041282
0.143921704541907
0.144458303506010
0.145004273811591
0.145553542056696
0.146100060270410
0.146637930055653
0.147161526393790
0.147665619269796
0.148145491172680
0.148597048398483
0.149016923947715
0.149402569685735
0.149752335346650
0.150065531933853
0.150342477127247
0.150584520469475
0.150794046387228
0.150974453517359
0.151130109351543
0.151266279878315
0.151389034668461
0.151505128690728
0.151621863023296
0.151746927499751
0.151888229149914
0.152053711018275
0.152251166520430
0.152488054890671
0.152771323449322
0.153107242355129
0.153501257196976
0.153957864224739
0.154480512240182
0.155071534196683
0.155732110435148
0.156462264265280
0.157260889345438
0.158125807082773
0.159053851128959
0.160040975042160
0.161082378371816
0.162172645836787
0.163305893935201
0.164475919256378
0.165676342958673
0.166900746314372
0.168142792874418
0.169396333631795
0.170655492514861
0.171914730569221
0.173168888234574
0.174413206139826
0.175643325778003
0.176855272241402
0.178045421865270
0.179210458122538
0.180347319421314
0.181453142578968
0.182525205689604
0.183560873881394
0.184557551099356
0.185512640574782
0.186423516085272
0.187287505499983
0.188101887474079
0.188863901532095
0.189570771186982
0.190219739199646
0.190808113608702
0.191333322761659
0.191792977262895
0.192184936521912
0.192507377435314
0.192758862663530
0.192938405962234
0.193045532092182
0.193080328953160
0.193043489762356
0.192936343320206
0.192760870674300
0.192519706802475
0.192216126288042
0.191854012352218
0.191437809038984
0.190972456812367
0.190463312319471
0.189916053585764
0.189336572429723
0.188730856396500
0.188104862995757
0.187464389466191
0.186814941655577
0.186161605877724
0.185508927765120
0.184860802159805
0.184220377961717
0.183589981575456
0.182971062163118
0.182364161329660
0.181768909154065
0.181184047657354
0.180607481897768
0.180036357939456
0.179467165993295
0.178895866118017
0.178318033036619
0.177729015904966
0.177124108298733
0.176498723287416
0.175848568257690
0.175169814141565
0.174459253896735
0.173714445467494
0.172933835005235
0.172116856822520
0.171264007360718
0.170376891332424
0.169458239116784
0.168511895399234
0.167542779919076
0.166556821984269
0.165560871103384
0.164562586646454
0.163570309863753
0.162592921856297
0.161639691204313
0.160720114927910
0.159843756293660
0.159020082712696
0.158258306627475
0.157567231885002
0.156955107675139
0.156429491704169
0.155997123903469
0.155663811663897
0.155434327354979
0.155312318742801
0.155300232862584
0.155399253922748
0.155609255901187
0.155928770617703
0.156354972201525
0.156883678987348
0.157509373936262
0.158225244659407
0.159023243998146
0.159894171867963
0.160827778696915
