0.052750163543146
0.053301509547756
0.053858912634009
0.054419969789874
0.054981625857587
0.055540213363116
0.056091515002163
0.056630846887423
0.057153159869685
0.057653155533315
0.058125412866642
0.058564521148959
0.058965214303715
0.059322501861399
0.059631791767905
0.059889000568027
0.060090646983205
0.060233925571283
0.060316757978073
0.060337820231018
0.060296545541969
0.060193103131610
0.060028354611962
0.059803790415369
0.059521449591023
0.059183826961521
0.058793772108726
0.058354384916707
0.057868912428155
0.057340651569681
0.056772861883616
0.056168691793382
0.055531121160112
0.054862922001839
0.054166638290184
0.053444584762796
0.052698863742078
0.051931398078396
0.051143977579967
0.050338315685643
0.049516112705560
0.048679121713257
0.047829213126457
0.046968434157466
0.046099059634683
0.045223631172378
0.044344982269352
0.043466247616008
0.042590855648865
0.041722504175967
0.040865119670553
0.040022801561118
0.039199753503857
0.038400204183699
0.037628320632678
0.036888117365320
0.036183364801777
0.035517500478291
0.034893546434684
0.034314035928435
0.033780952268027
0.033295682101752
0.032858984962659
0.032470980278518
0.032131152431492
0.031838373820140
0.031590945259856
0.031386652479081
0.031222836947013
0.031096478820564
0.031004289436585
0.030942810508494
0.030908517018936
0.030897920732136
0.030907671278011
0.030934651878058
0.030976066981435
0.031029519347445
0.031093074435697
0.031165310335461
0.031245351868949
0.031332887928864
0.031428171548574
0.031532002645703
0.031645693819590
0.031771020014296
0.031910153276177
0.032065584233460
0.032240032299142
0.032436346941490
0.032657402670816
0.032905990648049
0.033184710019742
0.033495862214310
0.033841351484205
0.034222594937295
0.034640445158681
0.035095128274598
0.035586199949695
0.036112521339303
0.036672256445814
0.037262891665609
0.037881277578168
0.038523692246105
0.039185924492313
0.039863374830610
0.040551170983670
0.041244294261673
0.041937712530553
0.042626515100378
0.043306044637408
0.043972021166201
0.044620653391302
0.045248732932901
0.045853707629696
0.046433730797657
0.046987684219793
0.047515173645535
0.048016496659186
0.048492583890680
0.048944915641629
0.049375417038128
0.049786335753529
0.050180107127556
0.050559212106934
0.050926033818196
0.051282718735678
0.051631048316062
0.051972326634860
0.052307288989309
0.052636035645810
0.052957993936736
0.053271910787868
0.053575876527270
0.053867379537637
0.054143390018866
0.054400469878967
0.054634904621779
0.054842852098740
0.055020502183744
0.055164240852425
0.055270811829143
0.055337468925371
0.055362112440003
0.055343403521048
0.055280851183504
0.055174867711687
0.055026789407627
0.054838861031700
0.054614183761762
0.054356628011033
0.054070713928707
0.053761463796341
0.053434231766130
0.053094517408466
0.052747770298695
0.052399193340137
0.052053552668738
0.051715001804399
0.051386927210224
0.051071821613040
0.050771190360303
0.050485494785431
0.050214135081931
0.049955473610035
0.049706897946354
0.049464921406947
0.049225317295274
0.048983281811368
0.048733619462366
0.048470943981406
0.048189887224130
0.047885308287778
0.047552495191220
0.047187351855054
0.046786563805575
0.046347736959354
0.045869504980884
0.045351601991007
0.044794898780567
0.044201402091634
0.043574217908314
0.042917480994292
0.042236254074768
0.041536401043542
0.040824439348896
0.040107377251722
0.039392541944587
0.038687404570262
0.037999407992623
0.037335802770732
0.036703496195910
0.036108918505389
0.035557909523211
0.035055628040599
0.034606485276064
0.034214102790915
0.033881294316890
0.033610070113276
0.033401661739998
0.033256564533195
0.033174594616699
0.033154956985604
0.033196321058848
0.033296900112269
0.033454531161809
0.033666752153233
0.033930873710732
0.034244043179627
0.034603299243645
0.035005615979488
0.035447935805172
0.035927191359325
0.036440316893662
0.036984250249814
0.037555926907541
0.038152267920418
0.038770163787651
0.039406456440944
0.040057921551843
0.040721253289853
0.041393053491217
0.042069826941999
0.042747984149735
0.043423852590500
0.044093696989806
0.044753748744604
0.045400244138573
0.046029470562543
0.046637819543973
0.047221845030097
0.047778325072650
0.048304324839104
0.048797258734311
0.049254949361926
0.049675681088055
0.050058246087931
0.050401980954100
0.050706792213044
0.050973169424932
0.051202184915123
0.051395479591670
0.051555234725199
0.051684129991284
0.051785288486535
0.051862209815060
0.051918692690788
0.051958748804035
0.051986509951116
0.052006130619015
0.052021688350900
0.052037084292229
0.052055946332370
0.052081537215770
0.052116669902846
0.052163632317838
0.052224123432844
0.052299202408018
0.052389252241274
0.052493959080391
0.052612308019666
0.052742595845900
0.052882460818650
0.053028929172030
0.053178477615885
0.053327110699779
0.053470451492695
0.053603843634554
0.053722462444103
0.053821432434184
0.053895948303030
0.053941396252849
0.053953472347499
0.053928294571395
0.053862505301623
0.053753361061480
0.053598806689430
0.053397531431946
0.053149004946173
0.052853491768429
0.052512043452093
0.052126468283698
0.051699279225550
0.051233621480406
0.050733181800027
0.050202082335538
0.049644762424556
0.049065852201266
0.048470042277244
0.047861953953833
0.047246014477592
0.046626341731574
0.046006642466701
0.045390127726138
0.044779448515326
0.044176654041918
0.043583174019577
0.042999825629089
0.042426844794133
0.041863940494615
0.041310369944948
0.040765031644759
0.040226572598649
0.039693505429627
0.039164330701683
0.038637659538365
0.038112331586598
0.037587523531070
0.037062843709232
0.036538408897790
0.036014900018754
0.035493594320905
0.034976372499905
0.034465700192365
0.033964584278581
0.033476505416975
0.033005329172556
0.032555198955736
0.032130414723813
0.031735301986676
0.031374076077747
0.031050706883958
0.030768789264460
0.030531424223999
0.030341115547787
0.030199686061750
0.030108216973873
0.030067012903417
0.030075594245518
0.030132717483637
0.030236422989809
0.030384108782846
0.030572627688597
0.030798404404309
0.031057568149043
0.031346095918170
0.031659960881162
0.031995280190709
0.032348456422334
0.032716307043587
0.033096176717549
0.033486027864906
0.033884505720784
0.034290975097373
0.034705527163526
0.035128955734893
0.035562703784490
0.036008782084000
0.036469663019640
0.036948153644846
0.037447252890924
0.037969998518266
0.038519309825119
0.039097832318123
0.039707790479628
0.040350854443156
0.041028025823542
0.041739547166169
0.042484838514015
0.043262463483557
0.044070126038938
0.044904697909980
0.045762275367169
0.046638262898180
0.047527480275307
0.048424288605286
0.049322730249105
0.050216677017440
0.051099980805187
0.051966620833673
0.052810841918075
0.053627278656890
0.054411061126411
0.055157898524577
0.055864138206297
0.056526798642618
0.057143575971375
0.057712824938719
0.058233516111157
0.058705172221077
0.059127787354503
0.059501733363232
0.059827658357454
0.060106382390912
0.060338795479342
0.060525762894924
0.060668042264853
0.060766216390468
0.060820644922402
0.060831437112264
0.060798446853229
0.060721290165743
0.060599384227154
0.060432006032559
0.060218367853243
0.059957705869335
0.059649377729299
0.059292964357453
0.058888371109790
0.058435923376342
0.057936451943335
