0.027185391139177
0.027196912849074
0.027203274083651
0.027205627164002
0.027205094840419
0.027202715035899
0.027199392294463
0.027195858275847
0.027192643195937
0.027190059559069
0.027188198890468
0.027186941488317
0.027185978514020
0.027184845067382
0.027182962291336
0.027179686055497
0.027174359409534
0.027166365797529
0.027155179994128
0.027140413861890
0.027121854325871
0.027099491395183
0.027073534603797
0.027044416860807
0.027012785358043
0.026979479845146
0.026945499216462
0.026911957932438
0.026880034298098
0.026850913026005
0.026825724809525
0.026805485817449
0.026791040089737
0.026783007765148
0.026781741905189
0.026787296396609
0.026799407019273
0.026817487262580
0.026840639869948
0.026867684400391
0.026897200338492
0.026927584485937
0.026957120564120
0.026984058189710
0.027006697700840
0.027023476760296
0.027033054292082
0.027034387161708
0.027026795120618
0.027010009918926
0.026984205147385
0.026950004278463
0.026908465495846
0.026861043171192
0.026809527190066
0.026755962659202
0.026702553753983
0.026651556501241
0.026605166061852
0.026565404521110
0.026534015276292
0.026512369819873
0.026501392070462
0.026501504444553
0.026512598655493
0.026534032853687
0.026564655275381
0.026602853140294
0.026646624219469
0.026693667360325
0.026741487365338
0.026787509012466
0.026829194695914
0.026864160150787
0.026890282981696
0.026905799206859
0.026909383709795
0.026900211310810
0.026877996081409
0.026843007482645
0.026796062876141
0.026738496904864
0.026672109147256
0.026599092295747
0.026521943883553
0.026443365266264
0.026366152137713
0.026293081299393
0.026226798681025
0.026169713695762
0.026123904876720
0.026091041357076
0.026072324109778
0.026068449957223
0.026079600218997
0.026105454533653
0.026145228938954
0.026197735815911
0.026261461902553
0.026334659377975
0.026415444116324
0.026501894708945
0.026592145818725
0.026684469894207
0.026777342218899
0.026869485642883
0.026959893034300
0.027047827355204
0.027132801142325
0.027214538881932
0.027292927142132
0.027367958225853
0.027439673438209
0.027508111784376
0.027573269053468
0.027635070888869
0.027693361740256
0.027747909723013
0.027798425584282
0.027844592396764
0.027886101451191
0.027922689227535
0.027954170360387
0.027980462168005
0.028001597504936
0.028017724275925
0.028029091716380
0.028036025278574
0.028038893442682
0.028038070807814
0.028033902276399
0.028026672965842
0.028016587687542
0.028003762530003
0.027988229443566
0.027969952969472
0.027948856623504
0.027924855157514
0.027897888158549
0.027867950311642
0.027835114168359
0.027799542356932
0.027761487686577
0.027721281321169
0.027679310876582
0.027635991685707
0.027591735369181
0.027546920113122
0.027501866645725
0.027456822882547
0.027411958731637
0.027367370845071
0.027323095445138
0.027279126013794
0.027235431842260
0.027191973341016
0.027148710645951
0.027105603338230
0.027062600821480
0.027019624776424
0.026976546797325
0.026933165467125
0.026889187470637
0.026844216713174
0.026797753794814
0.026749205750900
0.026697903038445
0.026643117792514
0.026584074942334
0.026519946412951
0.026449818812025
0.026372627015075
0.026287049983908
0.026191370771770
0.026083309486920
0.025959845248009
0.025817049925163
0.025649961689565
0.025452529101709
0.025217655841029
0.024937371707862
0.024603147110500
0.024206356252098
0.023738879500097
0.023193819231032
0.022566287397984
0.021854208939719
0.021059074696014
0.020186572250186
0.019247024212615
0.018255571440770
0.017232053435099
0.016200558812047
0.015188643814547
0.014226244196298
0.013344333055757
0.012573401709187
0.011941860016005
0.011474464628480
0.011190886973816
0.011104526722637
0.011221661272047
0.011540998480630
0.012053670443481
0.012743673018190
0.013588722019328
0.014561465496184
0.015630965099972
0.016764340554166
0.017928461275991
0.019091569003200
0.020224724672799
0.021302990693286
0.022306284291788
0.023219866372345
0.024034460546831
0.024746025918113
0.025355232274099
0.025866705547605
0.026288123338735
0.026629244389669
0.026900952349392
0.027114383903387
0.027280195898160
0.027408007388467
0.027506032673048
0.027580902399977
0.027637653483493
0.027679856212358
0.027709839334677
0.027728971283039
0.027737957710969
0.027737121337112
0.027726638597989
0.027706717485847
0.027677710886385
0.027640168574845
0.027594837893396
0.027542627483365
0.027484550125349
0.027421659947383
0.027354996486810
0.027285544022907
0.027214210008056
0.027141822062148
0.027069139480237
0.026996872962273
0.026925705494443
0.026856307942418
0.026789344695731
0.026725467214432
0.026665296080038
0.026609394649599
0.026558239236341
0.026512191608480
0.026471479393646
0.026436188761651
0.026406271754483
0.026381568180152
0.026361839490487
0.026346809926899
0.026336208786712
0.026329807170081
0.026327443105083
0.026329030453416
0.026334549265663
0.026344017965527
0.026357450513155
0.026374804133722
0.026395924947139
0.026420499638349
0.026448021031630
0.026477774087268
0.026508846576964
0.026540165788506
0.026570559418481
0.026598835729876
0.026623875462948
0.026644726215524
0.026660689276177
0.026671389297404
0.026676818697417
0.026677351110790
0.026673721295991
0.026666972306036
0.026658374061500
0.026649320371751
0.026641213624401
0.026635347586411
0.026632798924130
0.026634337161711
0.026640360977014
0.026650866193511
0.026665447843747
0.026683335564844
0.026703458647576
0.026724534571345
0.026745173031187
0.026763986434358
0.026779697661719
0.026791236516619
0.026797817611442
0.026798994302421
0.026794685475076
0.026785174291767
0.026771080234926
0.026753307738306
0.026732976258519
0.026711337713460
0.026689687766073
0.026669277470937
0.026651231375985
0.026636477359638
0.026625692380115
0.026619267021174
0.026617290337883
0.026619555129377
0.026625582472313
0.026634663203141
0.026645913088588
0.026658337707106
0.026670902602006
0.026682604071295
0.026692536031632
0.026699948726161
0.026704295620515
0.026705265619273
0.026702798696710
0.026697084119717
0.026688541585555
0.026677786733199
0.026665583540038
0.026652787012277
0.026640280249888
0.026628910360629
0.026619427775532
0.026612433266398
0.026608336395791
0.026607328279645
0.026609370473993
0.026614200592580
0.026621354016262
0.026630199868585
0.026639988400820
0.026649906137469
0.026659134642416
0.026666908612463
0.026672569194813
0.026675608933585
0.026675705525006
0.026672742526252
0.026666816228709
0.026658228975922
0.026647470186444
0.026635187151022
0.026622148250532
0.026609201549568
0.026597231751942
0.026587118277473
0.026579696777707
0.026575725813624
0.026575859744838
0.026580628204010
0.026590421924170
0.026605484209477
0.026625907032591
0.026651630622901
0.026682445475109
0.026717995931053
0.026757784825555
0.026801179083764
0.026847416552230
0.026895614680052
0.026944781890238
0.026993832559641
0.027041606441522
0.027086893120948
0.027128461712017
0.027165095525957
0.027195630910998
0.027218998945083
0.027234268207287
0.027240686513285
0.027237719312578
0.027225082433492
0.027202767031484
0.027171054934958
0.027130523062597
0.027082036166906
0.027026727792144
0.026965969970400
0.026901332769299
0.026834535307687
0.026767390241762
0.026701743976060
0.026639414967916
0.026582132478942
0.026531478001740
0.026488831379878
0.026455323372869
0.026431796123163
