0.011616148915045
0.011555857949810
0.011481910417623
0.011394948665877
0.011295608841084
0.011184562418299
0.011062564434108
0.010930503188371
0.010789445940712
0.010640675339742
0.010485711977440
0.010326319515784
0.010164490213252
0.010002410284012
0.009842406230009
0.009686874960997
0.009538202021974
0.009398673451367
0.009270387584583
0.009155173412638
0.009054521857501
0.008969535530686
0.008900901241648
0.008848887805307
0.008813369692007
0.008793874929227
0.008789653583185
0.008799761306253
0.008823151007498
0.008858764835443
0.008905618457680
0.008962870129316
0.009029868246077
0.009106172897688
0.009191549230878
0.009285933005898
0.009389371357365
0.009501944205774
0.009623673774132
0.009754431039260
0.009893848536088
0.010041248651315
0.010195595386265
0.010355475617457
0.010519113296728
0.010684417036714
0.010849058395200
0.011010575198355
0.011166491716879
0.011314445684687
0.011452311220407
0.011578306789875
0.011691078450844
0.011789750668687
0.011873939810339
0.011943728761440
0.011999604661699
0.012042365182569
0.012073001751569
0.012092570368619
0.012102061937305
0.012102284212613
0.012093766514194
0.012076696345704
0.012050894172962
0.012015829108729
0.011970674453107
0.011914398299869
0.011845881091580
0.011764049404815
0.011668013619530
0.011557196631741
0.011431441458687
0.011291087402724
0.011137007220794
0.010970601237035
0.010793748217060
0.010608716737291
0.010418044371703
0.010224394952010
0.010030406166323
0.009838540661751
0.009650953525887
0.009469387567067
0.009295105326183
0.009128863459443
0.008970931329872
0.008821151678799
0.008679037473851
0.008543895785597
0.008414967120656
0.008291567250226
0.008173218341868
0.008059757147892
0.007951410040211
0.007848827627249
0.007753075281890
0.007665579832943
0.007588036580614
0.007522284346059
0.007470159145669
0.007433339041304
0.007413193588170
0.007410651007708
0.007426094780537
0.007459298909415
0.007509407857044
0.007574963399488
0.007653976677989
0.007744039920821
0.007842468969281
0.007946465162866
0.008053283536685
0.008160393792700
0.008265621163095
0.008367256027798
0.008464123824466
0.008555610165027
0.008641639855756
0.008722612383288
0.008799300046880
0.008872717982071
0.008943977576747
0.009014136043498
0.009084055085234
0.009154280671676
0.009224954023913
0.009295761158476
0.009365925015336
0.009434240576066
0.009499149779243
0.009558849763317
0.009611425282299
0.009654994260693
0.009687854521510
0.009708619791560
0.009716334131688
0.009710555844552
0.009691404497974
0.009659567735164
0.009616267761763
0.009563190535505
0.009502383486324
0.009436129850499
0.009366809253980
0.009296754935459
0.009228117936602
0.009162747751082
0.009102097420721
0.009047159048434
0.008998433345900
0.008955934343947
0.008919227955061
0.008887500859354
0.008859654323723
0.008834416154408
0.008810463077140
0.008786545446118
0.008761606275634
0.008734887110652
0.008706014131098
0.008675059037295
0.008642570610478
0.008609574310820
0.008577538806682
0.008548309877640
0.008524013666417
0.008506932745311
0.008499359886193
0.008503435750872
0.008520977911521
0.008553309617235
0.008601097477301
0.008664207658734
0.008741590214777
0.008831200697038
0.008929967196402
0.009033809373775
0.009137713885179
0.009235867926662
0.009321849522959
0.009388869809709
0.009430059106505
0.009438785274507
0.009408989942796
0.009335525915352
0.009214477655590
0.009043446363790
0.008821781926821
0.008550745963464
0.008233593258831
0.007875562935176
0.007483775517457
0.007067037324311
0.006635559002999
0.006200600161171
0.005774056564950
0.005368009942581
0.004994262789131
0.004663881529338
0.004386770883955
0.004171300331112
0.004024000299086
0.003949341409694
0.003949605031476
0.004024847971865
0.004172958733788
0.004389797771035
0.004669409943442
0.005004294172899
0.005385713318528
0.005804026602842
0.006249027499845
0.006710271706224
0.007177382434244
0.007640323499103
0.008089634195071
0.008516623427247
0.008913523676434
0.009273607863526
0.009591273862113
0.009862102190517
0.010082892301288
0.010251681976303
0.010367752810700
0.010431622873044
0.010445025643081
0.010410872540093
0.010333195028715
0.010217061639302
0.010068465406519
0.009894178264021
0.009701570789508
0.009498398234404
0.009292556775196
0.009091817106341
0.008903545539505
0.008734425356845
0.008590192989519
0.008475404414066
0.008393246816990
0.008345409008007
0.008332021309128
0.008351671861265
0.008401501720835
0.008477376092582
0.008574123939944
0.008685833429898
0.008806186591015
0.008928813531318
0.009047644840336
0.009157240552782
0.009253075330375
0.009331762254776
0.009391201634216
0.009430646223749
0.009450679879751
0.009453112499460
0.009440799705183
0.009417400707520
0.009387091760114
0.009354255316598
0.009323166235691
0.009297696083804
0.009281054804833
0.009275585924858
0.009282627293216
0.009302444464138
0.009334238574860
0.009376225373265
0.009425777271411
0.009479616286604
0.009534042745008
0.009585182841762
0.009629237654784
0.009662716974254
0.009682643218170
0.009686713556906
0.009673411904883
0.009642066355738
0.009592851627000
0.009526739842850
0.009445406257067
0.009351099095805
0.009246484442918
0.009134477934921
0.009018074988945
0.008900190433269
0.008783516880417
0.008670409151509
0.008562799723862
0.008462147731447
0.008369421686020
0.008285113963870
0.008209283339423
0.008141620518687
0.008081530764376
0.008028227300833
0.007980829197010
0.007938457781797
0.007900326266664
0.007865818052040
0.007834550099112
0.007806418694593
0.007781625877053
0.007760685702866
0.007744410396811
0.007733877257569
0.007730377977287
0.007735352790583
0.007750312587399
0.007776752788841
0.007816063363884
0.007869439812347
0.007937800201004
0.008021713357414
0.008121343047947
0.008236412355426
0.008366191514644
0.008509511178329
0.008664801524931
0.008830155871167
0.009003415636649
0.009182271768638
0.009364376227003
0.009547456004981
0.009729421553310
0.009908461482707
0.010083116093375
0.010252323614143
0.010415434960039
0.010572195207550
0.010722692661196
0.010867279124285
0.011006467551652
0.011140815414978
0.011270803638563
0.011396721697766
0.011518569310815
0.011635984071987
0.011748202428425
0.011854058734262
0.011952023936503
0.012040282024589
0.012116839009044
0.012179656188376
0.012226797098543
0.012256576046495
0.012267695665944
0.012259361566988
0.012231363850386
0.012184117892952
0.012118660165531
0.012036598632170
0.011940021166951
0.011831369067308
0.011713285810289
0.011588453409872
0.011459429881560
0.011328501291867
0.011197560656878
0.011068023654838
0.010940787930385
0.010816238971677
0.010694301471548
0.010574531101483
0.010456238087237
0.010338631193309
0.010220968948468
0.010102704334605
0.009983609770437
0.009863870995150
0.009744141236269
0.009625550582636
0.009509669462368
0.009398429193335
0.009294006369683
0.009198681037002
0.009114680910754
0.009044025106991
0.008988380877662
0.008948945677036
0.008926364638107
0.008920690410367
0.008931388581941
0.008957387910436
0.008997170671266
0.009048894944387
0.009110537906308
0.009180047414582
0.009255488520977
0.009335172082197
0.009417754303888
0.009502298706122
0.009588295401116
0.009675636425590
0.009764549830339
0.009855498948014
0.009949056407613
0.010045764761525
0.010145996833483
