0.012087036866275
0.012063305796224
0.012026859956590
0.011978518651846
0.011919224057535
0.011849990395657
0.011771852455020
0.011685817367310
0.011592823314481
0.011493708300697
0.011389191310135
0.011279867150998
0.011166215135576
0.011048620558305
0.010927406806459
0.010802874967147
0.010675347065551
0.010545208651199
0.010412946386548
0.010279176602123
0.010144661451358
0.010010310282128
0.009877165068708
0.009746370122348
0.009619127709626
0.009496642536235
0.009380059183356
0.009270397409501
0.009168490669437
0.009074933199791
0.008990040559424
0.008913827611781
0.008846006654399
0.008786006831335
0.008733014229793
0.008686030304674
0.008643944644197
0.008605616731697
0.008569960401491
0.008536024229183
0.008503061198939
0.008470581665622
0.008438384842903
0.008406565715735
0.008375496270268
0.008345782096343
0.008318197566053
0.008293604739914
0.008272862723567
0.008256735242692
0.008245804612505
0.008240399992682
0.008240546839549
0.008245942855551
0.008255963609683
0.008269698528269
0.008286015335727
0.008303648481088
0.008321304839838
0.008337778234771
0.008352063239554
0.008363458427403
0.008371649753921
0.008376766096990
0.008379401027573
0.008380597499476
0.008381795118000
0.008384742736020
0.008391382074822
0.008403710625618
0.008423634032819
0.008452819315696
0.008492560537130
0.008543667836172
0.008606389142259
0.008680371496237
0.008764665897383
0.008857776210719
0.008957749174033
0.009062299221496
0.009168958962865
0.009275243964126
0.009378819154778
0.009477653858549
0.009570153149401
0.009655254931876
0.009732484712793
0.009801963277595
0.009864366160561
0.009920837617880
0.009972865475942
0.010022126442559
0.010070313976988
0.010118962408590
0.010169281536308
0.010222015374877
0.010277337067381
0.010334789370418
0.010393276726647
0.010451111021266
0.010506108968823
0.010555735010885
0.010597279937033
0.010628062458377
0.010645638902378
0.010648005231339
0.010633775804212
0.010602324703758
0.010553877950146
0.010489548345390
0.010411308796240
0.010321904447629
0.010224708493474
0.010123530777397
0.010022391931417
0.009925278546021
0.009835896503968
0.009757440006580
0.009692392930323
0.009642377024212
0.009608058238610
0.009589118390350
0.009584294711165
0.009591484935322
0.009607910817372
0.009630328684941
0.009655272144425
0.009679309632021
0.009699298324073
0.009712616083157
0.009717354614149
0.009712459733544
0.009697808419326
0.009674216834767
0.009643378477929
0.009607736637347
0.009570300066961
0.009534414885262
0.009503508859043
0.009480826224895
0.009469171892143
0.009470683216096
0.009486645585741
0.009517364984392
0.009562106686116
0.009619104638995
0.009685641193440
0.009758192010128
0.009832626567478
0.009904450987065
0.009969077154257
0.010022100503839
0.010059568454907
0.010078222315173
0.010075697444760
0.010050669408546
0.010002937525998
0.009933441375342
0.009844210128758
0.009738248790104
0.009619369199769
0.009491976825763
0.009360826693881
0.009230763206037
0.009106459008564
0.008992167525466
0.008891502354207
0.008807254576968
0.008741256352894
0.008694296136276
0.008666087729636
0.008655292339200
0.008659590040031
0.008675794731315
0.008700004877517
0.008727781149164
0.008754341510057
0.008774764312907
0.008784190491587
0.008778016874691
0.008752073873451
0.008702782191576
0.008627284644389
0.008523550553050
0.008390451412118
0.008227807558204
0.008036406366521
0.007817993072379
0.007575235683310
0.007311665661676
0.007031596176967
0.006740019815494
0.006442487752654
0.006144972587660
0.005853717342888
0.005575073548317
0.005315331850705
0.005080549169360
0.004876377008520
0.004707896059743
0.004579462609290
0.004494572430316
0.004455747723187
0.004464452223484
0.004521038805013
0.004624732772717
0.004773652607230
0.004964868258539
0.005194495286689
0.005457821328460
0.005749459656779
0.006063523121979
0.006393810637856
0.006733997697756
0.007077822243462
0.007419257592544
0.007752665047160
0.008072920206020
0.008375508789180
0.008656589837064
0.008913026311125
0.009142385241778
0.009342911477847
0.009513480642609
0.009653537972479
0.009763030220119
0.009842337703586
0.009892212885350
0.009913730627147
0.009908253591645
0.009877414290828
0.009823113181286
0.009747530159550
0.009653144995827
0.009542760825371
0.009419523926617
0.009286932745632
0.009148829519060
0.009009368890037
0.008872959536748
0.008744176925273
0.008627647699806
0.008527908748378
0.008449246430209
0.008395523622964
0.008370003962471
0.008375183753795
0.008412642424651
0.008482922016026
0.008585445063890
0.008718478380485
0.008879147807470
0.009063506144353
0.009266653345523
0.009482904937798
0.009706001651297
0.009929350680820
0.010146286977311
0.010350341644719
0.010535503973718
0.010696463913141
0.010828822840244
0.010929262266413
0.010995662483548
0.011027165958984
0.011024183339066
0.010988343027640
0.010922388272106
0.010830028338305
0.010715752535665
0.010584617451384
0.010442018695787
0.010293458724810
0.010144321909862
0.009999667031703
0.009864045880394
0.009741354771027
0.009634723674247
0.009546445456413
0.009477945565952
0.009429790514859
0.009401731789334
0.009392780455151
0.009401306744177
0.009425158329898
0.009461790803960
0.009508404010240
0.009562078316953
0.009619905538866
0.009679109985506
0.009737155935772
0.009791838663351
0.009841356914341
0.009884365439733
0.009920006800541
0.009947922198613
0.009968241561344
0.009981553551796
0.009988856617977
0.009991492663800
0.009991065437714
0.009989346298123
0.009988170615393
0.009989328679186
0.009994455551517
0.010004924781985
0.010021751216802
0.010045508221807
0.010076264443530
0.010113544708605
0.010156318789832
0.010203020553982
0.010251598489870
0.010299596864592
0.010344264869043
0.010382689212165
0.010411943843233
0.010429248963957
0.010432130371748
0.010418569567977
0.010387135056329
0.010337085893395
0.010268439837026
0.010182000319526
0.010079338855336
0.009962732235525
0.009835056787861
0.009699644891469
0.009560111620062
0.009420161644867
0.009283388177545
0.009153076631814
0.009032025737009
0.008922398012926
0.008825609842051
0.008742268944744
0.008672164026023
0.008614307918410
0.008567031928792
0.008528125561434
0.008495012587856
0.008464951802121
0.008435248935818
0.008403465257722
0.008367608432217
0.008326292271012
0.008278854024694
0.008225420694824
0.008166919313536
0.008105029997588
0.008042084568204
0.007980917355277
0.007924678201365
0.007876620401917
0.007839878164267
0.007817249000361
0.007810996219997
0.007822685371983
0.007853066176527
0.007902008360672
0.007968496067716
0.008050681424105
0.008145993703040
0.008251296618375
0.008363082895603
0.008477692643281
0.008591540379184
0.008701334973854
0.008804277306103
0.008898222045137
0.008981792568105
0.009054441404277
0.009116452523780
0.009168885975018
0.009213469515503
0.009252445673028
0.009288385839511
0.009323985305438
0.009361854418677
0.009404321203400
0.009453259792557
0.009509956985008
0.009575026289957
0.009648375189048
0.009729227304537
0.009816197015686
0.009907410128413
0.010000660772794
0.010093592038033
0.010183886155014
0.010269449428311
0.010348577644166
0.010420089292891
0.010483416513857
0.010538646995749
0.010586513883397
0.010628334757460
0.010665904653152
0.010701351568472
0.010736965714987
0.010775015674184
