0.002695002675231
0.002698116622579
0.002700613513340
0.002702391637805
0.002703375811350
0.002703520561356
0.002702812202322
0.002701269707623
0.002698944331753
0.002695917984510
0.002692300406574
0.002688225242538
0.002683845150789
0.002679326128065
0.002674841258539
0.002670564121512
0.002666662107364
0.002663289897531
0.002660583360698
0.002658654104087
0.002657584896193
0.002657426146228
0.002658193587114
0.002659867264343
0.002662391884258
0.002665678523842
0.002669607652171
0.002674033362975
0.002678788670422
0.002683691678012
0.002688552394996
0.002693179947540
0.002697389913882
0.002701011504941
0.002703894314476
0.002705914376090
0.002706979287647
0.002707032196282
0.002706054478037
0.002704066993690
0.002701129854961
0.002697340690930
0.002692831461198
0.002687763917907
0.002682323871091
0.002676714458985
0.002671148664990
0.002665841354478
0.002661001126117
0.002656822283143
0.002653477229346
0.002651109582448
0.002649828274308
0.002649702873823
0.002650760325501
0.002652983246135
0.002656309865442
0.002660635636110
0.002665816476594
0.002671673548435
0.002677999411292
0.002684565345362
0.002691129584472
0.002697446165785
0.002703274075070
0.002708386351141
0.002712578809931
0.002715678058136
0.002717548488056
0.002718097978749
0.002717282072548
0.002715106449126
0.002711627579574
0.002706951508401
0.002701230779561
0.002694659591110
0.002687467329382
0.002679910695258
0.002672264689763
0.002664812771909
0.002657836536571
0.002651605282800
0.002646365852523
0.002642333115340
0.002639681457266
0.002638537600189
0.002638975035468
0.002641010300937
0.002644601267398
0.002649647530650
0.002655992930673
0.002663430143299
0.002671707214359
0.002680535834538
0.002689601087622
0.002698572347894
0.002707114956224
0.002714902270755
0.002721627668250
0.002727016067077
0.002730834552807
0.002732901712330
0.002733095321497
0.002731358083505
0.002727701178711
0.002722205459389
0.002715020202573
0.002706359417939
0.002696495792811
0.002685752439856
0.002674492692051
0.002663108261152
0.002652006137806
0.002641594661180
0.002632269221920
0.002624398082782
0.002618308805752
0.002614275762385
0.002612509175731
0.002613146098403
0.002616243673279
0.002621774952847
0.002629627472593
0.002639604685472
0.002651430271483
0.002664755241477
0.002679167660825
0.002694204729460
0.002709366873025
0.002724133428194
0.002737979445997
0.002750393092313
0.002760893096034
0.002769045683910
0.002774480447150
0.002776904608557
0.002776115199553
0.002772008712891
0.002764587867391
0.002753965203643
0.002740363321792
0.002724111671487
0.002705639906802
0.002685467922416
0.002664192788318
0.002642472895873
0.002621009715210
0.002600527640156
0.002581752459853
0.002565389044081
0.002552098860624
0.002542477956878
0.002537036033991
0.002536177220121
0.002540183110711
0.002549198589029
0.002563220871204
0.002582092138653
0.002605496029363
0.002632958160541
0.002663850751495
0.002697401309987
0.002732705240642
0.002768742133026
0.002804395392422
0.002838474790480
0.002869741437962
0.002896934619597
0.002918799882946
0.002934117740247
0.002941732325066
0.002940579344408
0.002929712681484
0.002908329034057
0.002875790017142
0.002831641215550
0.002775627739749
0.002707705916011
0.002628050826762
0.002537059507438
0.002435349699812
0.002323754156511
0.002203310585213
0.002075247411832
0.001940965627926
0.001802017066936
0.001660079525259
0.001516929206141
0.001374411016125
0.001234407284290
0.001098805503451
0.000969465709345
0.000848188118710
0.000736681640082
0.000636533852590
0.000549183018393
0.000475892654564
0.000417729140908
0.000375542782451
0.000349952680269
0.000341335693059
0.000349819695729
0.000375281261580
0.000417347812697
0.000475404200439
0.000548603595715
0.000635882488538
0.000735979519455
0.000847457793318
0.000968730259669
0.001098087685058
0.001233728692068
0.001373791298614
0.001516385360248
0.001659625298442
0.001801662489680
0.001940716694183
0.002075105919276
0.002203274140842
0.002323816346651
0.002435500417084
0.002537285421120
0.002628335977335
0.002708032409828
0.002775976515860
0.002831992853924
0.002876125555925
0.002908630763226
0.002929964881221
0.002940768938759
0.002941849424850
0.002934156053601
0.002918756977158
0.002896812023817
0.002869544582698
0.002838212786291
0.002804080656596
0.002768389879110
0.002732332851129
0.002697027617142
0.002663495254975
0.002632640213007
0.002605234022597
0.002581902722723
0.002563118237964
0.002549193848752
0.002540283787006
0.002536386883688
0.002537354090289
0.002542899596759
0.002552615176587
0.002565987308261
0.002582416553497
0.002601238618383
0.002621746485472
0.002643212984063
0.002664913162978
0.002686145845166
0.002706253776049
0.002724641826681
0.002740792776994
0.002754280281901
0.002764778711251
0.002772069651200
0.002776044956284
0.002776706345551
0.002774161639124
0.002768617830627
0.002760371282872
0.002749795416361
0.002737326330050
0.002723446849348
0.002708669535910
0.002693519216239
0.002678515590970
0.002664156473896
0.002650902179879
0.002639161534867
0.002629279920973
0.002621529696907
0.002616103251580
0.002613108859033
0.002612569409076
0.002614423993146
0.002618532232046
0.002624681144427
0.002632594274916
0.002641942731247
0.002652357722777
0.002663444150119
0.002674794768544
0.002686004437030
0.002696683970540
0.002706473134854
0.002715052360268
0.002722152801131
0.002727564430752
0.002731141933386
0.002732808234183
0.002732555591488
0.002730444260682
0.002726598822053
0.002721202344057
0.002714488625197
0.002706732820147
0.002698240806697
0.002689337687972
0.002680355847976
0.002671622987282
0.002663450559404
0.002656123007573
0.002649888167071
0.002644949151448
0.002641457983599
0.002639511166957
0.002639147320396
0.002640346925397
0.002643034158402
0.002647080707572
0.002652311404155
0.002658511436618
0.002665434862745
0.002672814092881
0.002680369987689
0.002687822197163
0.002694899364577
0.002701348829569
0.002706945488011
0.002711499501802
0.002714862597745
0.002716932749502
0.002717657098100
0.002717033032416
0.002715107418898
0.002711974037168
0.002707769342538
0.002702666735658
0.002696869571317
0.002690603181149
0.002684106217110
0.002677621643143
0.002671387710721
0.002665629249894
0.002660549591317
0.002656323407203
0.002653090721446
0.002650952292736
0.002649966521162
0.002650147970609
0.002651467538432
0.002653854242612
0.002657198537240
0.002661357011798
0.002666158280416
0.002671409825672
0.002676905529240
0.002682433599621
0.002687784596222
0.002692759249319
0.002697175786899
0.002700876501412
0.002703733321203
0.002705652191476
0.002706576116547
0.002706486767022
0.002705404610374
0.002703387579203
0.002700528346006
0.002696950324714
0.002692802565516
0.002688253749045
0.002683485517333
0.002678685401069
0.002674039614784
0.002669725993372
0.002665907334853
0.002662725395876
0.002660295759041
0.002658703755706
0.002658001586016
0.002658206731096
0.002659301702458
0.002661235122614
0.002663924080629
0.002667257658727
0.002671101482889
0.002675303113189
0.002679698059858
0.002684116189604
0.002688388274528
0.002692352433166
0.002695860220003
0.002698782135737
0.002701012354964
0.002702472499884
0.002703114326666
0.002702921233880
0.002701908548166
0.002700122589321
0.002697638563460
0.002694557377037
