0.008079218447909
0.008101688717781
0.008124251736809
0.008146771683171
0.008169118579432
0.008191168571002
0.008212804192486
0.008233914612917
0.008254395851076
0.008274150952702
0.008293090122434
0.008311130804697
0.008328197709425
0.008344222780382
0.008359145105808
0.008372910773101
0.008385472671149
0.008396790245622
0.008406829213977
0.008415561248060
0.008422963632956
0.008429018911036
0.008433714520182
0.008437042434671
0.008438998816458
0.008439583683505
0.008438800600496
0.008436656395796
0.008433160906973
0.008428326755635
0.008422169150847
0.008414705719071
0.008405956357419
0.008395943106130
0.008384690035573
0.008372223142781
0.008358570252507
0.008343760918077
0.008327826317874
0.008310799144005
0.008292713480700
0.008273604670946
0.008253509171035
0.008232464393695
0.008210508541535
0.008187680433365
0.008164019326662
0.008139564739921
0.008114356278896
0.008088433470733
0.008061835609773
0.008034601618361
0.008006769925375
0.007978378364412
0.007949464092710
0.007920063530980
0.007890212323408
0.007859945316292
0.007829296553013
0.007798299282496
0.007766985977891
0.007735388362024
0.007703537436135
0.007671463508618
0.007639196220856
0.007606764567728
0.007574196911033
0.007541520984757
0.007508763891874
0.007475952093084
0.007443111388586
0.007410266894559
0.007377443016476
0.007344663421675
0.007311951013764
0.007279327911349
0.007246815433379
0.007214434093010
0.007182203601348
0.007150142881832
0.007118270095271
0.007086602674867
0.007055157369820
0.007023950295475
0.006992996987436
0.006962312456661
0.006931911242345
0.006901807459329
0.006872014836939
0.006842546746510
0.006813416215342
0.006784635925534
0.006756218196897
0.006728174954030
0.006700517678531
0.006673257348163
0.006646404365641
0.006619968480372
0.006593958707053
0.006568383245400
0.006543249405437
0.006518563542760
0.006494331007908
0.006470556113499
0.006447242122160
0.006424391257401
0.006402004738685
0.006380082840844
0.006358624976960
0.006337629802710
0.006317095339177
0.006297019110207
0.006277398289637
0.006258229853137
0.006239510729046
0.006221237942490
0.006203408747189
0.006186020739737
0.006169071951763
0.006152560916233
0.006136486705103
0.006120848936736
0.006105647752651
0.006090883764467
0.006076557973093
0.006062671663348
0.006049226278196
0.006036223277611
0.006023663987632
0.006011549445601
0.005999880247601
0.005988656403998
0.005977877208576
0.005967541126083
0.005957645702231
0.005948187499140
0.005939162058180
0.005930563890941
0.005922386497961
0.005914622413662
0.005907263274955
0.005900299910070
0.005893722443445
0.005887520411989
0.005881682887760
0.005876198602001
0.005871056065642
0.005866243681780
0.005861749846161
0.005857563032479
0.005853671860111
0.005850065142900
0.005846731918545
0.005843661459158
0.005840843264484
0.005838267040093
0.005835922663578
0.005833800142336
0.005831889566837
0.005830181063486
0.005828664751072
0.005827330704578
0.005826168929659
0.005825169350488
0.005824321812889
0.005823616103864
0.005823041987682
0.005822589257777
0.005822247802837
0.005822007684635
0.005821859224465
0.005821793094529
0.005821800410224
0.005821872819133
0.005822002582583
0.005822182645811
0.005822406693279
0.005822669186216
0.005822965380233
0.005823291321661
0.005823643822196
0.005824020412306
0.005824419274791
0.005824839160691
0.005825279290486
0.005825739244112
0.005826218843792
0.005826718033923
0.005827236762362
0.005827774867359
0.005828331974091
0.005828907404341
0.005829500102238
0.005830108578331
0.005830730873423
0.005831364542813
0.005832006660720
0.005832653843852
0.005833302292349
0.005833947845665
0.005834586050438
0.005835212237031
0.005835821601233
0.005836409287595
0.005836970471024
0.005837500433599
0.005837994634041
0.005838448767866
0.005838858816937
0.005839221087866
0.005839532239470
0.005839789300160
0.005839989676847
0.005840131157411
0.005840211909238
0.005840230476530
0.005840185779209
0.005840077116102
0.005839904174869
0.005839667050707
0.005839366275346
0.005839002857185
0.005838578332772
0.005838094829036
0.005837555134992
0.005836962780941
0.005836322122561
0.005835638426765
0.005834917955837
0.005834168046053
0.005833397176948
0.005832615027422
0.005831832515112
0.005831061815829
0.005830316360389
0.005829610806777
0.005828960986347
0.005828383823554
0.005827897229554
0.005827519970872
0.005827271515162
0.005827171856839
0.005827241326059
0.005827500385077
0.005827969416450
0.005828668507801
0.005829617238026
0.005830834469703
0.005832338152335
0.005834145140619
0.005836271031522
0.005838730023315
0.005841534799052
0.005844696436276
0.005848224344007
0.005852126227321
0.005856408079175
0.005861074198508
0.005866127233103
0.005871568245282
0.005877396798163
0.005883611059976
0.005890207923857
0.005897183140466
0.005904531460870
0.005912246787258
0.005920322329202
0.005928750763401
0.005937524395038
0.005946635319087
0.005956075580047
0.005965837328743
0.005975912974900
0.005986295334209
0.005996977768639
0.006007954318630
0.006019219825761
0.006030770044349
0.006042601740328
0.006054712775665
0.006067102176497
0.006079770183143
0.006092718280220
0.006105949205169
0.006119466933756
0.006133276641357
0.006147384639266
0.006161798285715
0.006176525871832
0.006191576483397
0.006206959839880
0.006222686112905
0.006238765726958
0.006255209145745
0.006272026648183
0.006289228098452
0.006306822714861
0.006324818842531
0.006343223734869
0.006362043348761
0.006381282158058
0.006400942989519
0.006421026884721
0.006441532990737
0.006462458481509
0.006483798510911
0.006505546197550
0.006527692640354
0.006550226963119
0.006573136385271
0.006596406315460
0.006620020463934
0.006643960969299
0.006668208534999
0.006692742570856
0.006717541335148
0.006742582073046
0.006767841147762
0.006793294161355
0.006818916062915
0.006844681242634
0.006870563611107
0.006896536664008
0.006922573533074
0.006948647024975
0.006974729650225
0.007000793644706
0.007026810986638
0.007052753411912
0.007078592430678
0.007104299347807
0.007129845289549
0.007155201238185
0.007180338075937
0.007205226638787
0.007229837780203
0.007254142444146
0.007278111746167
0.007301717060866
0.007324930113595
0.007347723073994
0.007370068648744
0.007391940170942
0.007413311683521
0.007434158014415
0.007454454841407
0.007474178745022
0.007493307248260
0.007511818842406
0.007529692998646
0.007546910165661
0.007563451753749
0.007579300106420
0.007594438460635
0.007608850897102
0.007622522282163
0.007635438202877
0.007647584896933
0.007658949178981
0.007669518364988
0.007679280196120
0.007688222763695
0.007696334436742
0.007703603793741
0.007710019560276
0.007715570554459
0.007720245642205
0.007724033704688
0.007726923620563
0.007728904265794
0.007729964534164
0.007730093381682
0.007729279898210
0.007727513409536
0.007724783612989
0.007721080749268
0.007716395812676
0.007710720801212
0.007704049007063
0.007696375347016
0.007687696731087
0.007678012466374
0.007667324691806
0.007655638838078
0.007642964105789
0.007629313953589
0.007614706587170
0.007599165439128
0.007582719629283
0.007565404394869
0.007547261480259
0.007528339476460
0.007508694101637
0.007488388415242
0.007467492960028
0.007446085828187
0.007424252649983
0.007402086505586
0.007379687763089
0.007357163847971
0.007334628951337
