0.005976666051254
0.005996048558068
0.006015250386504
0.006034204431820
0.006052847803317
0.006071121749523
0.006088971572302
0.006106346528665
0.006123199719660
0.006139487966515
0.006155171674878
0.006170214688795
0.006184584136649
0.006198250271904
0.006211186311876
0.006223368278026
0.006234774841370
0.006245387176477
0.006255188827293
0.006264165587552
0.006272305397987
0.006279598261828
0.006286036179324
0.006291613101201
0.006296324900155
0.006300169358698
0.006303146171022
0.006305256955929
0.006306505277475
0.006306896669712
0.006306438661793
0.006305140799826
0.006303014662082
0.006300073864573
0.006296334054550
0.006291812890067
0.006286530004456
0.006280506955240
0.006273767157690
0.006266335803884
0.006258239768620
0.006249507504014
0.006240168924889
0.006230255287208
0.006219799061833
0.006208833805747
0.006197394032621
0.006185515084220
0.006173233003719
0.006160584411481
0.006147606383320
0.006134336330812
0.006120811882733
0.006107070766388
0.006093150687341
0.006079089205958
0.006064923609245
0.006050690776664
0.006036427038964
0.006022168029605
0.006007948528917
0.005993802301880
0.005979761931130
0.005965858647554
0.005952122161531
0.005938580498516
0.005925259843121
0.005912184396212
0.005899376249649
0.005886855283237
0.005874639088155
0.005862742920636
0.005851179688930
0.005839959975735
0.005829092097192
0.005818582198453
0.005808434384572
0.005798650884329
0.005789232243344
0.005780177541858
0.005771484631533
0.005763150384935
0.005755170950796
0.005747542007856
0.005740259010063
0.005733317416140
0.005726712897009
0.005720441515329
0.005714499872349
0.005708885218441
0.005703595524986
0.005698629516660
0.005693986664606
0.005689667142410
0.005685671748115
0.005682001796716
0.005678658988636
0.005675645260434
0.005672962624584
0.005670613005396
0.005668598078127
0.005666919118003
0.005665576865271
0.005664571411554
0.005663902111717
0.005663567524224
0.005663565381636
0.005663892591518
0.005664545266625
0.005665518781964
0.005666807855127
0.005668406645300
0.005670308865568
0.005672507902616
0.005674996937664
0.005677769062510
0.005680817384856
0.005684135117670
0.005687715648135
0.005691552582740
0.005695639766227
0.005699971273359
0.005704541373765
0.005709344471402
0.005714375021387
0.005719627428023
0.005725095928768
0.005730774469582
0.005736656577557
0.005742735236917
0.005749002774423
0.005755450759866
0.005762069926768
0.005768850117574
0.005775780256669
0.005782848353377
0.005790041535890
0.005797346115784
0.005804747681544
0.005812231218270
0.005819781249711
0.005827381997807
0.005835017554223
0.005842672057870
0.005850329872155
0.005857975755754
0.005865595020970
0.005873173674281
0.005880698534454
0.005888157324535
0.005895538735145
0.005902832457693
0.005910029187380
0.005917120597088
0.005924099284431
0.005930958695284
0.005937693028013
0.005944297123310
0.005950766344997
0.005957096457392
0.005963283504786
0.005969323698323
0.005975213315050
0.005980948613229
0.005986525767137
0.005991940823613
0.005997189681542
0.006002268094442
0.006007171695238
0.006011896041372
0.006016436677542
0.006020789212638
0.006024949406962
0.006028913265444
0.006032677132464
0.006036237783954
0.006039592512732
0.006042739203436
0.006045676394060
0.006048403321749
0.006050919951349
0.006053226986003
0.006055325859928
0.006057218714305
0.006058908357916
0.006060398214774
0.006061692261476
0.006062794957285
0.006063711170143
0.006064446101750
0.006065005214678
0.006065394164131
0.006065618736509
0.006065684796330
0.006065598242456
0.006065364973852
0.006064990864462
0.006064481746146
0.006063843398046
0.006063081540346
0.006062201830010
0.006061209855979
0.006060111131269
0.006058911079565
0.006057615014267
0.006056228108337
0.006054755353958
0.006053201511616
0.006051571049000
0.006049868070858
0.006048096241667
0.006046258703678
0.006044357993475
0.006042395960620
0.006040373692301
0.006038291447955
0.006036148607821
0.006033943639072
0.006031674082723
0.006029336563858
0.006026926826951
0.006024439797097
0.006021869667004
0.006019210008501
0.006016453906325
0.006013594110894
0.006010623205918
0.006007533785902
0.006004318638030
0.006000970922511
0.005997484345347
0.005993853317550
0.005990073095176
0.005986139895153
0.005982050982618
0.005977804726549
0.005973400621557
0.005968839274998
0.005964122359889
0.005959252535412
0.005954233338078
0.005949069047790
0.005943764534043
0.005938325088311
0.005932756249228
0.005927063627475
0.005921252737292
0.005915328841277
0.005909296814580
0.005903161033817
0.005896925295021
0.005890592763771
0.005884165959321
0.005877646773210
0.005871036521449
0.005864336028064
0.005857545736558
0.005850665844813
0.005843696458083
0.005836637754121
0.005829490154100
0.005822254492914
0.005814932182571
0.005807525362851
0.005800037034013
0.005792471167231
0.005784832789392
0.005777128040080
0.005769364199680
0.005761549688802
0.005753694040320
0.005745807846405
0.005737902683830
0.005729991021561
0.005722086115166
0.005714201892865
0.005706352838070
0.005698553873110
0.005690820248364
0.005683167440451
0.005675611062310
0.005668166787129
0.005660850287066
0.005653677186742
0.005646663030511
0.005639823261618
0.005633173210634
0.005626728089937
0.005620502990665
0.005614512878347
0.005608772583511
0.005603296783810
0.005598099974682
0.005593196426219
0.005588600124680
0.005584324698015
0.005580383325657
0.005576788633858
0.005573552578678
0.005570686319646
0.005568200087739
0.005566103051893
0.005564403188604
0.005563107159301
0.005562220200077
0.005561746028096
0.005561686768443
0.005562042904519
0.005562813254233
0.005563994973279
0.005565583585738
0.005567573041220
0.005569955796698
0.005572722920241
0.005575864213005
0.005579368345168
0.005583223001002
0.005587415027979
0.005591930584779
0.005596755283228
0.005601874319596
0.005607272591258
0.005612934795500
0.005618845508131
0.005624989240520
0.005631350474730
0.005637913677372
0.005644663293796
0.005651583725054
0.005658659290770
0.005665874181614
0.005673212405389
0.005680657730875
0.005688193633533
0.005695803246846
0.005703469322657
0.005711174203223
0.005718899806985
0.005726627629195
0.005734338757723
0.005742013903447
0.005749633443873
0.005757177477856
0.005764625888711
0.005771958412581
0.005779154708630
0.005786194427582
0.005793057275254
0.005799723068029
0.005806171777734
0.005812383563985
0.005818338792851
0.005824018041485
0.005829402089223
0.005834471896521
0.005839208573831
0.005843593343254
0.005847607496299
0.005851232351497
0.005854449215806
0.005857239353731
0.005859583967927
0.005861464194672
0.005862861117047
0.005863755798044
0.005864129335026
0.005863962936160
0.005863238018610
0.005861936327471
0.005860040073671
0.005857532088437
0.005854395991398
0.005850616369032
0.005846178959984
0.005841070843713
0.005835280629113
0.005828798639971
0.005821617094577
0.005813730277300
0.005805134700494
0.005795829255722
0.005785815353881
0.005775097054343
0.005763681183726
0.005751577445282
0.005738798520116
0.005725360161619
0.005711281284426
0.005696584049084
0.005681293943353
0.005665439860658
0.005649054175824
0.005632172817697
0.005614835337843
0.005597084974056
0.005578968707061
0.005560537308574
0.005541845378746
0.005522951371106
0.005503917603265
0.005484810252066
