0.050338914319861
0.050451370880269
0.050554959149768
0.050649096555594
0.050733328720110
0.050807337188199
0.050870945246298
0.050924121729502
0.050966982741327
0.050999791240367
0.051022954478663
0.051037019307769
0.051042665399760
0.051040696461382
0.051032029549665
0.051017682626216
0.050998760514660
0.050976439450782
0.050951950437640
0.050926561637681
0.050901560050591
0.050878232738824
0.050857847872316
0.050841635869600
0.050830770914261
0.050826353123374
0.050829391638152
0.050840788896662
0.050861326334121
0.050891651738228
0.050932268465346
0.050983526698488
0.051045616900218
0.051118565583148
0.051202233488155
0.051296316226104
0.051400347403310
0.051513704214662
0.051635615451782
0.051765171837328
0.051901338561129
0.052042969859741
0.052188825448778
0.052337588587495
0.052487885527997
0.052638306077636
0.052787424982913
0.052933823826984
0.053076113120841
0.053212954260765
0.053343081021776
0.053465320258729
0.053578611493418
0.053682025077536
0.053774778637513
0.053856251527916
0.053925997045065
0.053983752181456
0.054029444734126
0.054063197615921
0.054085330257103
0.054096357025555
0.054096982636256
0.054088094564316
0.054070752519907
0.054046175087397
0.054015723674248
0.053980883957050
0.053943245051981
0.053904476674247
0.053866304585227
0.053830484656498
0.053798775906199
0.053772912884892
0.053754577804743
0.053745372817237
0.053746792850446
0.053760199416968
0.053786795797904
0.053827603996650
0.053883443838916
0.053954914572362
0.054042379290814
0.054145952474498
0.054265490899414
0.054400588126467
0.054550572734566
0.054714510412436
0.054891209971722
0.055079233289999
0.055276909137087
0.055482350782417
0.055693477225840
0.055908037839984
0.056123640159789
0.056337780504922
0.056547877074176
0.056751305108323
0.056945433679856
0.057127663635301
0.057295466188766
0.057446421644575
0.057578257712718
0.057688886873596
0.057776442248469
0.057839311439248
0.057876167815822
0.057885998750898
0.057868130331292
0.057822248110389
0.057748413508772
0.057647075518431
0.057519077419890
0.057365658280471
0.057188449065108
0.056989463257780
0.056771081961117
0.056536033512987
0.056287367731221
0.056028424970017
0.055762800243084
0.055494302738401
0.055226911116520
0.054964725047797
0.054711913502996
0.054472660365357
0.054251107979925
0.054051299296756
0.053877119298126
0.053732236425376
0.053620044738138
0.053543607547039
0.053505603260366
0.053508274175305
0.053553378925444
0.053642149268081
0.053775251857944
0.053952755608295
0.054174105186677
0.054438101131148
0.054742887004431
0.055085943928709
0.055464092763623
0.055873504105206
0.056309716195093
0.056767660738265
0.057241696534945
0.057725650739135
0.058212867463755
0.058696263361531
0.059168389722857
0.059621500547734
0.060047625969822
0.060438650337505
0.060786394190584
0.061082699312766
0.061319515990178
0.061488991565423
0.061583559345870
0.061596026904283
0.061519662800043
0.061348280750210
0.061076320291737
0.060698922999202
0.060212003356304
0.059612313423889
0.058897500501938
0.058066157047295
0.057117862182255
0.056053214210805
0.054873853648340
0.053582476366224
0.052182836553543
0.050679739303771
0.049079022742574
0.047387529723541
0.045613069229960
0.043764367731567
0.041851010854335
0.039883375827521
0.037872555274161
0.035830273007871
0.033768792588988
0.031700819475799
0.029639397680839
0.027597801907152
0.025589426194207
0.023627670147224
0.021725823856389
0.019896952633505
0.018153782702651
0.016508588978352
0.014973086049513
0.013558323460147
0.012274586338901
0.011131302379041
0.010136956109375
0.009299011325232
0.008623842467803
0.008116675650876
0.007781539937047
0.007621229362079
0.007637276097259
0.007829935026542
0.008198179899288
0.008739711101636
0.009450974971444
0.010327194464402
0.011362410863826
0.012549536114834
0.013880415256520
0.015345898324313
0.016935921000206
0.018639593201886
0.020445294723890
0.022340776975693
0.024313269803662
0.026349592336779
0.028436266760402
0.030559633898382
0.032705969471878
0.034861599903201
0.037013016544970
0.039146987238564
0.041250664140982
0.043311686805310
0.045318279556526
0.047259342270600
0.049124533739997
0.050904346891980
0.052590175216356
0.054174369855749
0.055650286912763
0.057012324633566
0.058255950235134
0.059377716252643
0.060375266392826
0.061247330987565
0.061993712248234
0.062615259624238
0.063113835667743
0.063492272899689
0.063754322258843
0.063904593795069
0.063948490339262
0.063892134944922
0.063742292949464
0.063506289546637
0.063191923794504
0.062807380005999
0.062361137481140
0.061861879541354
0.061318402817411
0.060739527723153
0.060134011018111
0.059510461323537
0.058877258408999
0.058242477011046
0.057613815882404
0.056998532700432
0.056403385388052
0.055834580320080
0.055297727803635
0.054797805134314
0.054339127440920
0.053925326441897
0.053559337147194
0.053243392451122
0.052979025475847
0.052767079442373
0.052607724767218
0.052500483009157
0.052444257222307
0.052437368210003
0.052477596119112
0.052562226767028
0.052688102054058
0.052851673782635
0.053049060181820
0.053276104421198
0.053528434392379
0.053801523038931
0.054090748526358
0.054391453562624
0.054699003206107
0.055008840531491
0.055316539564310
0.055617854941131
0.055908767803989
0.056185527493950
0.056444688668907
0.056683143533980
0.056898148938529
0.057087348160838
0.057248787269303
0.057380926016457
0.057482643288820
0.057553237200302
0.057592419979302
0.057600307858689
0.057577406233218
0.057524590399695
0.057443082241178
0.057334423256888
0.057200444374255
0.057043233008021
0.056865097853651
0.056668531918004
0.056456174299544
0.056230771233080
0.055995136910374
0.055752114578095
0.055504538398703
0.055255196538345
0.055006795919032
0.054761929040723
0.054523043242970
0.054292412735960
0.054072113687771
0.053864002608979
0.053669698228086
0.053490567002170
0.053327712357374
0.053181967703980
0.053053893221447
0.052943776360601
0.052851635963677
0.052777229858701
0.052720065743298
0.052679415134814
0.052654330129182
0.052643662680452
0.052646086086811
0.052660118347341
0.052684147036996
0.052716455335346
0.052755248837692
0.052798682775079
0.052844889272541
0.052892004282452
0.052938193841880
0.052981679319217
0.053020761335651
0.053053842071083
0.053079445691301
0.053096236663411
0.053103035759007
0.053098833579120
0.053082801470907
0.053054299743044
0.053012883124166
0.052958303446193
0.052890509571265
0.052809644617044
0.052716040569693
0.052610210406599
0.052492837881488
0.052364765152510
0.052226978458995
0.052080592074527
0.051926830782521
0.051767011135529
0.051602521770770
0.051434803061980
0.051265326391394
0.051095573325665
0.050927014975786
0.050761091813763
0.050599194208022
0.050442643925535
0.050292676831670
0.050150426999060
0.050016912414637
0.049893022449806
0.049779507232729
0.049676969034399
0.049585855751861
0.049506456543006
0.049438899638222
0.049383152325215
0.049339023074826
0.049306165748151
0.049284085798918
0.049272148360316
0.049269588082542
0.049275520566546
0.049288955220964
0.049308809353365
0.049333923293685
0.049363076337419
0.049395003288648
0.049428411378563
0.049461997333603
0.049494464368837
0.049524538886515
0.049550986666860
0.049572628347906
0.049588354003424
0.049597136642475
0.049598044470656
0.049590251771470
