0.033370842615199
0.033453325128093
0.033536880199996
0.033621252490728
0.033706181055395
0.033791400385781
0.033876641477402
0.033961632918256
0.034046101995183
0.034129775813656
0.034212382426761
0.034293651969035
0.034373317790796
0.034451117588582
0.034526794527265
0.034600098349437
0.034670786467668
0.034738625035267
0.034803389991234
0.034864868075140
0.034922857807779
0.034977170433507
0.035027630820306
0.035074078313748
0.035116367541154
0.035154369162423
0.035187970564168
0.035217076493976
0.035241609631809
0.035261511095783
0.035276740879770
0.035287278220503
0.035293121892114
0.035294290426282
0.035290822256419
0.035282775784620
0.035270229370320
0.035253281239966
0.035232049317197
0.035206670973412
0.035177302698816
0.035144119694384
0.035107315385444
0.035067100857892
0.035023704218335
0.034977369879747
0.034928357774525
0.034876942497081
0.034823412378432
0.034768068495462
0.034711223617845
0.034653201095833
0.034594333692380
0.034534962363298
0.034475434989362
0.034416105064494
0.034357330344358
0.034299471459871
0.034242890500302
0.034187949570812
0.034135009329378
0.034084427508212
0.034036557424858
0.033991746488258
0.033950334705118
0.033912653191997
0.033879022698533
0.033849752147250
0.033825137195398
0.033805458824211
0.033790981960983
0.033781954139232
0.033778604202196
0.033781141054766
0.033789752468860
0.033804603947087
0.033825837649423
0.033853571387396
0.033887897690148
0.033928882946477
0.033976566626769
0.034030960588497
0.034092048468678
0.034159785166438
0.034234096418558
0.034314878470549
0.034401997845544
0.034495291212944
0.034594565358451
0.034699597256796
0.034810134248103
0.034925894318530
0.035046566485436
0.035171811286997
0.035301261375845
0.035434522215914
0.035571172881365
0.035710766956083
0.035852833531881
0.035996878303225
0.036142384755930
0.036288815446934
0.036435613371963
0.036582203417530
0.036727993893442
0.036872378141661
0.037014736217094
0.037154436635593
0.037290838184202
0.037423291788426
0.037551142431079
0.037673731117029
0.037790396878000
0.037900478811362
0.038003318146730
0.038098260333998
0.038184657146374
0.038261868791822
0.038329266026277
0.038386232261929
0.038432165663829
0.038466481228066
0.038488612834770
0.038498015269213
0.038494166204355
0.038476568138229
0.038444750279692
0.038398270376132
0.038336716476928
0.038259708626558
0.038166900481478
0.038057980845058
0.037932675115128
0.037790746638866
0.037631997970090
0.037456272024213
0.037263453126497
0.037053467949467
0.036826286335730
0.036581922002760
0.036320433126536
0.036041922801337
0.035746539373297
0.035434476645772
0.035105973954916
0.034761316114270
0.034400833227579
0.034024900369446
0.033633937133844
0.033228407050916
0.032808816872914
0.032375715730513
0.031929694161175
0.031471383011615
0.031001452216829
0.030520609458546
0.030029598706331
0.029529198644957
0.029020220992027
0.028503508710172
0.027979934118504
0.027450396908331
0.026915822068436
0.026377157725555
0.025835372905926
0.025291455224086
0.024746408505306
0.024201250348296
0.023657009635012
0.023114723994585
0.022575437228545
0.022040196704657
0.021510050726823
0.020986045888558
0.020469224417665
0.019960621519746
0.019461262728232
0.018972161268607
0.018494315444476
0.018028706053083
0.017576293837811
0.017138016985107
0.016714788673147
0.016307494679418
0.015916991054249
0.015544101867091
0.015189617032205
0.014854290220121
0.014538836861038
0.014243932246040
0.013970209731708
0.013718259053450
0.013488624752488
0.013281804721172
0.013098248870880
0.012938357926451
0.012802482350683
0.012690921402084
0.012603922328608
0.012541679699782
0.012504334879133
0.012491975638487
0.012504635915216
0.012542295713159
0.012604881147429
0.012692264632980
0.012804265216311
0.012940649049293
0.013101130003676
0.013285370424417
0.013492982019559
0.013723526883981
0.013976518653963
0.014251423789104
0.014547662977773
0.014864612661898
0.015201606676579
0.015557937999629
0.015932860605893
0.016325591420822
0.016735312367576
0.017161172501577
0.017602290226281
0.018057755583615
0.018526632612409
0.019007961767904
0.019500762395280
0.020004035250018
0.020516765057766
0.021037923106300
0.021566469862103
0.022101357604015
0.022641533066416
0.023185940084353
0.023733522233105
0.024283225454655
0.024834000663670
0.025384806325639
0.025934610999930
0.026482395840704
0.027027157048716
0.027567908267267
0.028103682915728
0.028633536454293
0.029156548573853
0.029671825305115
0.030178501041386
0.030675740469714
0.031162740405375
0.031638731525021
0.032102979994128
0.032554788984709
0.032993500079635
0.033418494560248
0.033829194574318
0.034225064181779
0.034605610276073
0.034970383379281
0.035318978309660
0.035651034720554
0.035966237510070
0.036264317101286
0.036545049593167
0.036808256782730
0.037053806059420
0.037281610172995
0.037491626876637
0.037683858447338
0.037858351085986
0.038015194199916
0.038154519571038
0.038276500412964
0.038381350320883
0.038469322118225
0.038540706604443
0.038595831208504
0.038635058552942
0.038658784933551
0.038667438720032
0.038661478683083
0.038641392253626
0.038607693720012
0.038560922369196
0.038501640577993
0.038430431860633
0.038347898878901
0.038254661421240
0.038151354357200
0.038038625573660
0.037917133899255
0.037787547023395
0.037650539416242
0.037506790255956
0.037356981369424
0.037201795192601
0.037041912756462
0.036878011704450
0.036710764347134
0.036540835759617
0.036368881927077
0.036195547943582
0.036021466269143
0.035847255049705
0.035673516504561
0.035500835385398
0.035329777510921
0.035160888380739
0.034994691871889
0.034831689021089
0.034672356895517
0.034517147554583
0.034366487104871
0.034220774850099
0.034080382537611
0.033945653702625
0.033816903111104
0.033694416301811
0.033578449227779
0.033469227997120
0.033366948712752
0.033271777410347
0.033183850093464
0.033103272864546
0.033030122150156
0.032964445018566
0.032906259587485
0.032855555519503
0.032812294602540
0.032776411412327
0.032747814053762
0.032726384977711
0.032711981869657
0.032704438606373
0.032703566276639
0.032709154261855
0.032720971372237
0.032738767034172
0.032762272524166
0.032791202244742
0.032825255037536
0.032864115528791
0.032907455502378
0.032954935295446
0.033006205211788
0.033060906948000
0.033118675027515
0.033179138237644
0.033241921064791
0.033306645123047
0.033372930571498
0.033440397515601
0.033508667388160
0.033577364305487
0.033646116394514
0.033714557086745
0.033782326375076
0.033849072029734
0.033914450769694
0.033978129386184
0.034039785815047
0.034099110154953
0.034155805628666
0.034209589484797
0.034260193837690
0.034307366443335
0.034350871409437
0.034390489838008
0.034426020399098
0.034457279834526
0.034484103390730
0.034506345180081
0.034523878470287
0.034536595901724
0.034544409632822
0.034547251413813
0.034545072589465
0.034537844031583
0.034525556002348
0.034508217949751
0.034485858236614
0.034458523804895
0.034426279777177
0.034389208997428
0.034347411513313
0.034301004002519
0.034250119145694
0.034194904948784
0.034135524017688
0.034072152788268
0.034004980714897
0.033934209420822
0.033860051813709
0.033782731169859
0.033702480190596
0.033619540034452
0.033534159328781
0.033446593164469
0.033357102077459
0.033265951020793
0.033173408330865
0.033079744691594
