0.042669833952959
0.042672522952585
0.042675197671862
0.042677860839553
0.042680515765128
0.042683165980838
0.042685814862223
0.042688465267965
0.042691119237759
0.042693777780454
0.042696440774855
0.042699106993311
0.042701774244857
0.042704439621769
0.042707099822198
0.042709751513413
0.042712391695898
0.042715018028632
0.042717629080265
0.042720224479162
0.042722804946468
0.042725372209205
0.042727928803641
0.042730477791110
0.042733022418079
0.042735565758199
0.042738110375944
0.042740658048871
0.042743209578910
0.042745764713077
0.042748322181803
0.042750879849967
0.042753434963198
0.042755984461480
0.042758525324707
0.042761054911401
0.042763571252719
0.042766073269056
0.042768560885332
0.042771035032535
0.042773497535915
0.042775950903007
0.042778398035893
0.042780841900597
0.042783285191233
0.042785730027046
0.042788177716581
0.042790628615561
0.042793082094293
0.042795536617919
0.042797989929947
0.042800439317735
0.042802881929202
0.042805315104277
0.042807736682863
0.042810145253861
0.042812540316560
0.042814922335802
0.042817292684588
0.042819653480836
0.042822007337245
0.042824357053427
0.042826705286235
0.042829054236932
0.042831405392051
0.042833759348678
0.042836115745189
0.042838473306191
0.042840829996969
0.042843183269770
0.042845530373119
0.042847868687555
0.042850196047545
0.042852511010444
0.042854813039176
0.042857102575179
0.042859380991088
0.042861650427105
0.042863913529306
0.042866173120693
0.042868431844793
0.042870691826136
0.042872954391017
0.042875219885654
0.042877487617684
0.042879755932079
0.042882022415646
0.042884284207436
0.042886538377621
0.042888782326799
0.042891014152821
0.042893232934022
0.042895438886514
0.042897633368042
0.042899818720525
0.042901997965276
0.042904174386405
0.042906351056008
0.042908530366631
0.042910713640079
0.042912900875572
0.042915090684562
0.042917280435605
0.042919466602996
0.042921645281518
0.042923812800654
0.042925966349989
0.042928104517036
0.042930227642403
0.042932337916162
0.042934439172410
0.042936536382919
0.042938634899970
0.042940739545846
0.042942853684190
0.042944978429115
0.042947112145855
0.042949250368860
0.042951386210364
0.042953511259539
0.042955616888404
0.042957695797937
0.042959743570416
0.042961759955661
0.042963749620826
0.042965722142083
0.042967691111445
0.042969672364943
0.042971681492958
0.042973730947246
0.042975827185147
0.042977968363313
0.042980143088579
0.042982330639702
0.042984502890341
0.042986627906786
0.042988674894443
0.042990619869652
0.042992451190244
0.042994173942053
0.042995812193248
0.042997408319438
0.042999018969621
0.043000707754460
0.043002535331222
0.043004548144529
0.043006767553868
0.043009181332811
0.043011739474618
0.043014355835968
0.043016916399495
0.043019293904287
0.043021367411344
0.043023044218936
0.043024280628811
0.043025097590894
0.043025587379594
0.043025908254844
0.043026265498098
0.043026879120492
0.043027940626262
0.043029563092349
0.043031730066971
0.043034248998839
0.043036713803028
0.043038478663670
0.043038641441069
0.043036030554324
0.043029184685903
0.043016311042498
0.042995206231551
0.042963125021451
0.042916587028619
0.042851119955867
0.042760950044929
0.042638664887929
0.042474889005045
0.042258026450881
0.041974134679712
0.041606997528942
0.041138460426013
0.040549076529849
0.039819088342215
0.038929736556601
0.037864849126202
0.036612622546504
0.035167468885876
0.033531771275410
0.031717372259923
0.029746617566467
0.027652794863926
0.025479843329277
0.023281263368669
0.021118222460329
0.019056926646659
0.017165400232828
0.015509880780170
0.014151085000272
0.013140627545366
0.012517875052911
0.012307491019745
0.012517875052911
0.013140627545367
0.014151085000273
0.015509880780170
0.017165400232829
0.019056926646660
0.021118222460330
0.023281263368670
0.025479843329277
0.027652794863927
0.029746617566468
0.031717372259923
0.033531771275410
0.035167468885876
0.036612622546503
0.037864849126201
0.038929736556600
0.039819088342214
0.040549076529848
0.041138460426013
0.041606997528942
0.041974134679711
0.042258026450880
0.042474889005045
0.042638664887929
0.042760950044929
0.042851119955867
0.042916587028619
0.042963125021451
0.042995206231551
0.043016311042498
0.043029184685903
0.043036030554324
0.043038641441070
0.043038478663671
0.043036713803029
0.043034248998840
0.043031730066972
0.043029563092350
0.043027940626262
0.043026879120493
0.043026265498099
0.043025908254845
0.043025587379594
0.043025097590895
0.043024280628811
0.043023044218936
0.043021367411344
0.043019293904286
0.043016916399494
0.043014355835968
0.043011739474618
0.043009181332811
0.043006767553868
0.043004548144528
0.043002535331222
0.043000707754460
0.042999018969621
0.042997408319438
0.042995812193247
0.042994173942054
0.042992451190244
0.042990619869652
0.042988674894444
0.042986627906787
0.042984502890341
0.042982330639702
0.042980143088580
0.042977968363313
0.042975827185147
0.042973730947246
0.042971681492958
0.042969672364943
0.042967691111445
0.042965722142082
0.042963749620826
0.042961759955661
0.042959743570416
0.042957695797937
0.042955616888404
0.042953511259539
0.042951386210364
0.042949250368860
0.042947112145855
0.042944978429115
0.042942853684190
0.042940739545846
0.042938634899970
0.042936536382919
0.042934439172410
0.042932337916161
0.042930227642403
0.042928104517036
0.042925966349989
0.042923812800654
0.042921645281518
0.042919466602996
0.042917280435605
0.042915090684563
0.042912900875572
0.042910713640080
0.042908530366631
0.042906351056008
0.042904174386406
0.042901997965276
0.042899818720526
0.042897633368042
0.042895438886514
0.042893232934023
0.042891014152821
0.042888782326800
0.042886538377621
0.042884284207436
0.042882022415646
0.042879755932079
0.042877487617684
0.042875219885653
0.042872954391017
0.042870691826136
0.042868431844792
0.042866173120693
0.042863913529306
0.042861650427104
0.042859380991088
0.042857102575179
0.042854813039177
0.042852511010444
0.042850196047545
0.042847868687555
0.042845530373119
0.042843183269770
0.042840829996969
0.042838473306191
0.042836115745189
0.042833759348678
0.042831405392051
0.042829054236932
0.042826705286235
0.042824357053428
0.042822007337246
0.042819653480836
0.042817292684588
0.042814922335802
0.042812540316561
0.042810145253861
0.042807736682863
0.042805315104277
0.042802881929202
0.042800439317735
0.042797989929947
0.042795536617918
0.042793082094293
0.042790628615561
0.042788177716581
0.042785730027046
0.042783285191233
0.042780841900596
0.042778398035893
0.042775950903007
0.042773497535915
0.042771035032535
0.042768560885332
0.042766073269056
0.042763571252719
0.042761054911401
0.042758525324707
0.042755984461479
0.042753434963198
0.042750879849968
0.042748322181803
0.042745764713077
0.042743209578910
0.042740658048871
0.042738110375944
0.042735565758200
0.042733022418079
0.042730477791110
0.042727928803641
0.042725372209205
0.042722804946468
0.042720224479162
0.042717629080265
0.042715018028632
0.042712391695898
0.042709751513413
0.042707099822198
0.042704439621769
0.042701774244857
0.042699106993311
0.042696440774855
0.042693777780454
0.042691119237759
0.042688465267965
0.042685814862223
0.042683165980838
0.042680515765128
0.042677860839553
0.042675197671862
0.042672522952585
0.042669833952959
