0.013311348985946
0.013311733766517
0.013311481810287
0.013310618918118
0.013309198610031
0.013307299402905
0.013305020983988
0.013302479466239
0.013299801951161
0.013297120653591
0.013294566859699
0.013292264993708
0.013290327060447
0.013288847710529
0.013287900143747
0.013287533025743
0.013287768545282
0.013288601686514
0.013290000735166
0.013291908981923
0.013294247532887
0.013296919088329
0.013299812508904
0.013302807955030
0.013305782361539
0.013308614997016
0.013311192855903
0.013313415641488
0.013315200118780
0.013316483647012
0.013317226740635
0.013317414553408
0.013317057230280
0.013316189124041
0.013314866925540
0.013313166805463
0.013311180709670
0.013309011987240
0.013306770558657
0.013304567850069
0.013302511727309
0.013300701660322
0.013299224334974
0.013298149905830
0.013297529051541
0.013297390955627
0.013297742291536
0.013298567244081
0.013299828551743
0.013301469508182
0.013303416818610
0.013305584169318
0.013307876338266
0.013310193652425
0.013312436584485
0.013314510277989
0.013316328796048
0.013317818904058
0.013318923220610
0.013319602601713
0.013319837660259
0.013319629363423
0.013318998693601
0.013317985401577
0.013316645921724
0.013315050556544
0.013313280069808
0.013311421852713
0.013309565844680
0.013307800398973
0.013306208282998
0.013304862994062
0.013303825554073
0.013303141922144
0.013302841133537
0.013302934238378
0.013303414075784
0.013304255880289
0.013305418679481
0.013306847406339
0.013308475618442
0.013310228690363
0.013312027326241
0.013313791227492
0.013315442746338
0.013316910359270
0.013318131805558
0.013319056753699
0.013319648882498
0.013319887291993
0.013319767191352
0.013319299844723
0.013318511790140
0.013317443379483
0.013316146717697
0.013314683105559
0.013313120111214
0.013311528410544
0.013309978544573
0.013308537743391
0.013307266960350
0.013306218248169
0.013305432590465
0.013304938279309
0.013304749902570
0.013304867975580
0.013305279221228
0.013305957472577
0.013306865143705
0.013307955189145
0.013309173451023
0.013310461276816
0.013311758280096
0.013313005112194
0.013314146114446
0.013315131728345
0.013315920554117
0.013316480966184
0.013316792215727
0.013316844975081
0.013316641304736
0.013316194050020
0.013315525699941
0.013314666763907
0.013313653742177
0.013312526781991
0.013311327122758
0.013310094439964
0.013308864198506
0.013307665121876
0.013306516874480
0.013305428040756
0.013304394467484
0.013303398015598
0.013302405745923
0.013301369540672
0.013300226140383
0.013298897555276
0.013297291791834
0.013295303820672
0.013292816701044
0.013289702771361
0.013285824813961
0.013281037106190
0.013275186278503
0.013268111913151
0.013259646833615
0.013249617054348
0.013237841381717
0.013224130679184
0.013208286831843
0.013190101466257
0.013169354500356
0.013145812614042
0.013119227743573
0.013089335711194
0.013055855105626
0.013018486528827
0.012976912319863
0.012930796858119
0.012879787535682
0.012823516473041
0.012761603033792
0.012693657173428
0.012619283635154
0.012538086982691
0.012449677436879
0.012353677460182
0.012249729011663
0.012137501375029
0.012016699444662
0.011887072339284
0.011748422200601
0.011600613024883
0.011443579369129
0.011277334770126
0.011101979714107
0.010917708996679
0.010724818316824
0.010523709954776
0.010314897391198
0.010099008733965
0.009876788828970
0.009649099942541
0.009416920915412
0.009181344701813
0.008943574222432
0.008704916476931
0.008466774880774
0.008230639812501
0.007998077381522
0.007770716453102
0.007550233996409
0.007338338853134
0.007136754057984
0.006947197877743
0.006771363771976
0.006610899515101
0.006467385755409
0.006342314320789
0.006237066612171
0.006152892452835
0.006090889783472
0.006051985607859
0.006036918600989
0.006046223789086
0.006080219698171
0.006138998343606
0.006222418396812
0.006330101816704
0.006461434172469
0.006615568811783
0.006791434945487
0.006987749627976
0.007203033514269
0.007435630172888
0.007683728631407
0.007945388732591
0.008218568787190
0.008501154928533
0.008790991507953
0.009085911822112
0.009383768436544
0.009682462366532
0.009979970398363
0.010274369881693
0.010563860396890
0.010846781798377
0.011121628253679
0.011387058034415
0.011641898965454
0.011885149596074
0.012115976316290
0.012333706795461
0.012537820262026
0.012727935265587
0.012903795659006
0.013065255602809
0.013212264422245
0.013344852135604
0.013463116419284
0.013567211681258
0.013657340782704
0.013733749782542
0.013796725888597
0.013846598590990
0.013883743738662
0.013908590110257
0.013921627837858
0.013923417878223
0.013914601602085
0.013895909497092
0.013868167961294
0.013832303205897
0.013789341389587
0.013740404269551
0.013686699870497
0.013629507933161
0.013570160195400
0.013510015867106
0.013450432967892
0.013392736486057
0.013338184570967
0.013287934172092
0.013243007671976
0.013204262116091
0.013172362612480
0.013147761355616
0.013130683524458
0.013121121021835
0.013118834673758
0.013123365110085
0.013134052123130
0.013150061871476
0.013170420887173
0.013194055479719
0.013219834832265
0.013246615873300
0.013273287894946
0.013298814885549
0.013322273651409
0.013342886015625
0.013360043689536
0.013373324796872
0.013382501469881
0.013387538404531
0.013388582730496
0.013385945993166
0.013380079433479
0.013371544064438
0.013360977263604
0.013349057717439
0.013336470562045
0.013323874468434
0.013311872228575
0.013300986126635
0.013291639048182
0.013284141911900
0.013278687628232
0.013275351421460
0.013274097018075
0.013274787923480
0.013277202794619
0.013281053776546
0.013286006608606
0.013291701318002
0.013297772397126
0.013303867494553
0.013309663823515
0.013314881690491
0.013319294754582
0.013322736831491
0.013325105242306
0.013326360868221
0.013326525202522
0.013325674788735
0.013323933499969
0.013321463152677
0.013318452963374
0.013315108354758
0.013311639603496
0.013308250799618
0.013305129559488
0.013302437901231
0.013300304652084
0.013298819708875
0.013298030412659
0.013297940223452
0.013298509789275
0.013299660395452
0.013301279657966
0.013303229194089
0.013305353872553
0.013307492124541
0.013309486697179
0.013311195164605
0.013312499488292
0.013313313945611
0.013313590827217
0.013313323438421
0.013312546120804
0.013311331226090
0.013309783208708
0.013308030237127
0.013306213936175
0.013304478042949
0.013302956869993
0.013301764508202
0.013300985661590
0.013300668887073
0.013300822822588
0.013301415741298
0.013302378488928
0.013303610570442
0.013304988877579
0.013306378315847
0.013307643420495
0.013308659961999
0.013309325541809
0.013309568268871
0.013309352778913
0.013308683095784
0.013307602115196
0.013306187789959
0.013304546384332
0.013302803417073
0.013301093105321
0.013299547237763
0.013298284436321
0.013297400709836
0.013296962067975
0.013296999763470
0.013297508485883
0.013298447564307
0.013299744974750
0.013301303714211
0.013303009917843
0.013304741973273
0.013306379835309
0.013307813766502
0.013308951818727
0.013309725516598
0.013310093388964
0.013310042200860
0.013309585945178
0.013308762841977
0.013307630747543
0.013306261483115
0.013304734647338
0.013303131475651
0.013301529257354
0.013299996725497
0.013298590707669
0.013297354181432
0.013296315731469
0.013295490270671
0.013294880776923
0.013294480720376
0.013294276818303
0.013294251757599
0.013294386566079
