0.237298329093157
0.235860395403503
0.234394725755327
0.232910108620803
0.231415522883768
0.229920071120506
0.228432910638930
0.226963183000659
0.225519942796462
0.224112086479210
0.222748282078624
0.221436900627671
0.220185950120748
0.219003012799083
0.217895186519201
0.216869030906811
0.215930518932554
0.215084994468895
0.214337136301293
0.213690928973446
0.213149640747620
0.212715808859303
0.212391232142159
0.212176970996217
0.212073354571307
0.212079994939958
0.212195807940921
0.212419040287113
0.212747302451452
0.213177606771534
0.213706410150728
0.214329660679804
0.215042847460770
0.215841052883908
0.216719006590997
0.217671140352668
0.218691643096381
0.219774515343351
0.220913622347733
0.222102745278745
0.223335629845002
0.224606031828955
0.225907759075969
0.227234709565665
0.228580905280271
0.229940521674083
0.231307912637456
0.232677630936171
0.234044444190910
0.235403346540256
0.236749566203114
0.238078569221593
0.239386059722675
0.240667977085884
0.241920490444187
0.243139990976762
0.244323082474255
0.245466570670284
0.246567451836588
0.247622901133721
0.248630261194022
0.249587031389165
0.250490858200807
0.251339527069833
0.252130956048314
0.252863191518810
0.253534406179558
0.254142899422308
0.254687100154158
0.255165572037044
0.255577021041274
0.255920305134118
0.256194445853731
0.256398641454256
0.256532281251916
0.256594960755857
0.256586497132410
0.256506944528586
0.256356608770033
0.256136060950480
0.255846149443678
0.255488009893885
0.255063072776526
0.254573068165117
0.254020027392875
0.253406281356133
0.252734455270240
0.252007459755969
0.251228478203927
0.250400950435191
0.249528552747049
0.248615174502184
0.247664891487080
0.246681936329622
0.245670666325861
0.244635529080749
0.243581026416299
0.242511677041939
0.241431978515100
0.240346369044229
0.239259189700708
0.238174647610137
0.237096780686510
0.236029424455011
0.234976181480533
0.233940393879992
0.232925119347741
0.231933111066003
0.230966801807073
0.230028292462921
0.229119345161835
0.228241381052675
0.227395482756836
0.226582401407531
0.225802568117121
0.225056109637468
0.224342867906855
0.223662423111023
0.223014119826702
0.222397095764197
0.221810312582247
0.221252588214151
0.220722630119542
0.220219068861944
0.219740491408469
0.219285473555268
0.218852610900476
0.218440547815541
0.218048003905582
0.217673797499407
0.217316865769038
0.216976281146423
0.216651263779739
0.216341189852051
0.216045595669374
0.215764177511354
0.215496787323884
0.215243424417186
0.215004223412868
0.214779438757809
0.214569426189192
0.214374621592925
0.214195517745034
0.214032639462414
0.213886517714456
0.213757663260760
0.213646540382356
0.213553541265006
0.213478961573911
0.213422977730256
0.213385626362375
0.213366786358845
0.213366163898690
0.213383280775722
0.213417466271401
0.213467852763795
0.213533375190877
0.213612774414873
0.213704604462230
0.213807243541571
0.213918908671181
0.214037673679070
0.214161490273807
0.214288211824310
0.214415619432859
0.214541449838995
0.214663424653890
0.214779280396072
0.214886798781033
0.214983836709866
0.215068355405741
0.215138448162176
0.215192366193106
0.215228542111237
0.215245610607417
0.215242425958378
0.215218076052283
0.215171892689256
0.215103457986340
0.215012606791193
0.214899425084972
0.214764244430721
0.214607632597523
0.214430380561667
0.214233486152568
0.214018134672186
0.213785676871147
0.213537604711744
0.213275525386712
0.213001134092372
0.212716186074913
0.212422468478783
0.212121772526077
0.211815866545335
0.211506470347503
0.211195231416099
0.210883703338575
0.210573326857200
0.210265413861498
0.209961134581689
0.209661508174964
0.209367396825560
0.209079503406817
0.208798372680653
0.208524395938706
0.208257818921150
0.207998752785649
0.207747187840868
0.207503009707894
0.207266017529145
0.207035943808860
0.206812475442273
0.206595275472145
0.206384005101894
0.206178345493589
0.205978018886777
0.205782808590045
0.205592577421147
0.205407284203070
0.205226997962258
0.205051909520625
0.204882340224729
0.204718747612401
0.204561727878847
0.204412015069292
0.204270476992835
0.204138107920790
0.204016018201032
0.203905420986304
0.203807616337301
0.203723973019417
0.203655908363414
0.203604866604023
0.203572296145274
0.203559626226178
0.203568243474985
0.203599468843843
0.203654535408674
0.203734567501542
0.203840561615187
0.203973369482818
0.204133683691332
0.204322026134159
0.204538739552178
0.204783982348649
0.205057726798455
0.205359760704107
0.205689692482515
0.206046959598387
0.206430840193653
0.206840467698679
0.207274848151074
0.207732879893075
0.208213375269355
0.208715083904935
0.209236717108404
0.209776972919528
0.210334561303458
0.210908228986331
0.211496783429510
0.212099115452237
0.212714220034687
0.213341214865227
0.213979356236314
0.214628051942204
0.215286870887512
0.215955549177355
0.216633992526299
0.217322274892949
0.218020633318540
0.218729459019964
0.219449284858581
0.220180769375050
0.220924677645704
0.221681859276626
0.222453223906709
0.223239714639396
0.224042279863959
0.224861843960269
0.225699277405370
0.226555366815629
0.227430785463937
0.228326064807772
0.229241567550256
0.230177462733063
0.231133703327402
0.232110006747428
0.233105838660549
0.234120400411397
0.235152620312268
0.236201148983592
0.237264358854900
0.238340347861379
0.239426947295007
0.240521733694032
0.241622044581933
0.242724997798346
0.243827514101380
0.244926342664305
0.246018089041163
0.247099245135898
0.248166220679195
0.249215375696276
0.250243053438141
0.251245613247644
0.252219462840518
0.253161089499413
0.254067089705855
0.254934196770042
0.255759306060810
0.256539497487345
0.257272054939142
0.257954482450528
0.258584516919763
0.259160137279187
0.259679570080947
0.260141291531350
0.260544026074670
0.260886741692854
0.261168642149825
0.261389156466878
0.261547925967425
0.261644789274253
0.261679765679433
0.261653037335089
0.261564930731916
0.261415897941030
0.261206498093344
0.260937379559097
0.260609263268910
0.260222927586847
0.259779195106751
0.259278921695891
0.258722988056196
0.258112294013850
0.257447755684478
0.256730305594334
0.255960895769674
0.255140503737793
0.254270141315567
0.253350865995901
0.252383794680627
0.251370119450947
0.250311125015023
0.249208207427235
0.248062893636248
0.246876861389877
0.245651959004548
0.244390224496373
0.243093903569832
0.241765465968918
0.240407619714352
0.239023322778729
0.237615791789046
0.236188507391931
0.234745215970616
0.233289927462907
0.231826909095142
0.230360674917046
0.228895971094983
0.227437756995197
0.225991182162564
0.224561559372786
0.223154334005646
0.221775050052432
0.220429313130945
0.219122750935519
0.217860971596433
0.216649520461987
0.215493835847195
0.214399204314484
0.213370716064246
0.212413221015928
0.211531286153776
0.210729154695419
0.210010707616372
0.209379428029658
0.208838368877736
0.208390124344233
0.208036805336746
0.207780019329952
0.207620854791668
0.207559870344688
0.207597088745278
0.207731995686855
0.207963543365831
0.208290158677350
0.208709755843190
0.209219753213524
0.209817093929841
0.210498270089069
0.211259350009625
0.212096008169284
0.213003557362878
0.213976982615073
0.215010976379710
0.216099974562275
0.217238192915676
0.218419663380926
0.219638269973067
0.220887783847859
