0.007443691061236
0.008237901892423
0.009362402399863
0.010778226271162
0.012442816020677
0.014311290113108
0.016337724582091
0.018476413417559
0.020683073901695
0.022915965914256
0.025136897874606
0.027312096288818
0.029412920658513
0.031416410608140
0.033305657322243
0.035069996582211
0.036705025693538
0.038212451256964
0.039599778939139
0.040879860043861
0.042070312703143
0.043192837854242
0.044272451826081
0.045336658331562
0.046414582977400
0.047536093104483
0.048730924917242
0.050027838518491
0.051453819711388
0.053033345340737
0.054787726600078
0.056734542205382
0.058887170702843
0.061254428504677
0.063840317593826
0.066643884260830
0.069659187781695
0.072875375655989
0.076276859934631
0.079843587306255
0.083551394002767
0.087372435246644
0.091275677906590
0.095227444261233
0.099191994293423
0.103132133746155
0.107009835255052
0.110786860216345
0.114425369632971
0.117888512979509
0.121140985110030
0.124149542369012
0.126883470319532
0.129314996838959
0.131419645714238
0.133176527261559
0.134568563865895
0.135582649654817
0.136209744762229
0.136444905779990
0.136287255022072
0.135739892125369
0.134809752276411
0.133507415981540
0.131846875790536
0.129845265744643
0.127522559556050
0.124901243645560
0.122005971177872
0.118863203149524
0.115500842413147
0.111947866272849
0.108233962968736
0.104389176992517
0.100443567749286
0.096426885611206
0.092368268904897
0.088295964844209
0.084237076872035
0.080217340317664
0.076260927718986
0.072390284610758
0.068625996050643
0.064986683652808
0.061488932433353
0.058147246350538
0.054974031052510
0.051979602031387
0.049172216128773
0.046558124145964
0.044141642182103
0.041925239253399
0.039909638732251
0.038093931181380
0.036475696237919
0.035051131318204
0.033815185057307
0.032761693559833
0.031883517711946
0.031172679981657
0.030620499308658
0.030217722851357
0.029954653513675
0.029821272315387
0.029807354796823
0.029902580762145
0.030096636767033
0.030379310848983
0.030740579084632
0.031170683641633
0.031660202075688
0.032200107708682
0.032781821013205
0.033397252022795
0.034038833885726
0.034699547781915
0.035372939525279
0.036053128274968
0.036734807874745
0.037413241427065
0.038084249783290
0.038744194691002
0.039389957380637
0.040018913394942
0.040628904464904
0.041218208214943
0.041785506439218
0.042329852631940
0.042850639380383
0.043347566143473
0.043820607845393
0.044269984616917
0.044696132921558
0.045099678213178
0.045481409190274
0.045842253642671
0.046183255831341
0.046505555302733
0.046810367016021
0.047098962654448
0.047372652999200
0.047632771263818
0.047880657316282
0.048117642751398
0.048345036814496
0.048564113215316
0.048776097905012
0.048982157916596
0.049183391387599
0.049380818891639
0.049575376202109
0.049767908596362
0.049959166783214
0.050149804501927
0.050340377798974
0.050531345942391
0.050723073885199
0.050915836142046
0.051109821899729
0.051305141145159
0.051501831565835
0.051699865959611
0.051899159883644
0.052099579277275
0.052300947810046
0.052503053733258
0.052705656050020
0.052908489862719
0.053111270805991
0.053313698525074
0.053515459211202
0.053716227254881
0.053915666121978
0.054113428594445
0.054309156545392
0.054502480435903
0.054693018727768
0.054880377402000
0.055064149758252
0.055243916645907
0.055419247245342
0.055589700479543
0.055754827094060
0.055914172399673
0.056067279629414
0.056213693822154
0.056352966110819
0.056484658266224
0.056608347328897
0.056723630151905
0.056830127678003
0.056927488784286
0.057015393546246
0.057093555799662
0.057161724911684
0.057219686709922
0.057267263558461
0.057304313610333
0.057330729304986
0.057346435214737
0.057351385374201
0.057345560249715
0.057328963520665
0.057301618850556
0.057263566822289
0.057214862199638
0.057155571655866
0.057085772081944
0.057005549552255
0.056914998986917
0.056814224508753
0.056703340451788
0.056582472938974
0.056451761911812
0.056311363465387
0.056161452320743
0.056002224253550
0.055833898294441
0.055656718522462
0.055470955288411
0.055276905728863
0.055074893462987
0.054865267401449
0.054648399637724
0.054424682435049
0.054194524364671
0.053958345691013
0.053716573134561
0.053469634172087
0.053217951054546
0.052961934734626
0.052701978897822
0.052438454282883
0.052171703460001
0.051902036209068
0.051629725607124
0.051355004895562
0.051078065155990
0.050799053781087
0.050518073686018
0.050235183169197
0.049950396300849
0.049663683695760
0.049374973514334
0.049084152534599
0.048791067147511
0.048495524148442
0.048197291228319
0.047896097106925
0.047591631296297
0.047283543531663
0.046971442957938
0.046654897208777
0.046333431559547
0.046006528372623
0.045673627080871
0.045334124971035
0.044987379031876
0.044632709121519
0.044269402684900
0.043896721216099
0.043513908613472
0.043120201519817
0.042714841678266
0.042297090269926
0.041866244135086
0.041421653718904
0.040962742528311
0.040489027841689
0.040000142379100
0.039495856619560
0.038976101443913
0.038440990786710
0.037890843997251
0.037326207636476
0.036747876470184
0.036156913456879
0.035554668567019
0.034942796305840
0.034323271840987
0.033698405655789
0.033070856656718
0.032443643657926
0.031820155145951
0.031204157194288
0.030599799351913
0.030011618274613
0.029444538806455
0.028903872155155
0.028395310744038
0.027924919269645
0.027499121452689
0.027124681945396
0.026808682854175
0.026558494356000
0.026381738931685
0.026286248810038
0.026280016313043
0.026371136911726
0.026567744942048
0.026877942085789
0.027309718887888
0.027870869753420
0.028568902038514
0.029410940014258
0.030403624635657
0.031553010184363
0.032864458970613
0.034342535373882
0.035990900572138
0.037812209356047
0.039808010448278
0.041978651751281
0.044323191932443
0.046839319726751
0.049523282297370
0.052369823947163
0.055372136421743
0.058521821988929
0.061808870421255
0.065221650946898
0.068746920168381
0.072369846874868
0.076074054588817
0.079841682586893
0.083653466013303
0.087488835556468
0.091326036982786
0.095142270610902
0.098913850564197
0.102616383357919
0.106224965061786
0.109714395932709
0.113059411040905
0.116234925023746
0.119216288704347
0.121979554916880
0.124501750499461
0.126761151060433
0.128737554807111
0.130412551459272
0.131769782063643
0.132795185389670
0.133477226528652
0.133807103343463
0.133778926528209
0.133389869237576
0.132640282533594
0.131533773270518
0.130077241491855
0.128280874941558
0.126158098886653
0.123725480103057
0.121002584580873
0.118011789250660
0.114778048807568
0.111328619505388
0.107692742596094
0.103901290890586
0.099986382700588
0.095980968176723
0.091918393769665
0.087831951195141
0.083754417863977
0.079717596229390
0.075751859889355
0.071885714546335
0.068145382054969
0.064554415767033
0.061133355200435
0.057899427706456
0.054866304281194
0.052043915961485
0.049438336364845
0.047051734884305
0.044882403844053
0.042924861577110
0.041170031922829
0.039605499085280
0.038215835172607
0.036982996084781
0.035886779767920
0.034905339244489
0.034015741298523
0.033194560282163
0.032418495252504
0.031664997583295
0.030912895359541
0.030143000287224
0.029338682564233
0.028486399187038
0.027576161530382
0.026601928748130
0.025561914609206
0.024458796802679
0.023299819511045
0.022096782142155
0.020865909499446
0.019627601318493
0.018406061956175
0.017228814027633
