0.011015200369262
0.013054034952330
0.015228581380418
0.017527885268224
0.019940549483891
0.022454804398032
0.025058578029314
0.027739565764235
0.030485299333650
0.033283214731242
0.036120718760004
0.038985253892365
0.041864361128761
0.044745740539364
0.047617309175641
0.050467256044206
0.053284093846573
0.056056707206623
0.058774397133850
0.061426921505569
0.064004531394913
0.066498003122699
0.068898665968357
0.071198425535379
0.073389782827387
0.075465849148543
0.077420356993753
0.079247667137249
0.080942772160982
0.082501296685743
0.083919494578225
0.085194243407207
0.086323036413301
0.087303972241469
0.088135742665833
0.088817618514529
0.089349433980012
0.089731569478751
0.089964933204161
0.090050941498355
0.089991498151524
0.089788972722482
0.089446177959827
0.088966346390570
0.088353106132294
0.087610455976902
0.086742739789674
0.085754620267915
0.084651052109662
0.083437254655195
0.082118684082152
0.080701005257801
0.079190063377693
0.077591855545934
0.075912502476013
0.074158220509476
0.072335294160436
0.070450049395132
0.068508827846731
0.066517962146677
0.064483752526629
0.062412444811656
0.060310209888894
0.058183124699395
0.056037154767274
0.053878138251739
0.051711771485469
0.049543595947446
0.047378986609065
0.045223141587755
0.043081073040701
0.040957599230595
0.038857337694391
0.036784699443800
0.034743884122886
0.032738876044319
0.030773441023121
0.028851123926713
0.026975246864527
0.025148907950249
0.023374980585440
0.021656113233788
0.019994729678962
0.018393029783138
0.016852990784692
0.015376369189083
0.013964703314039
0.012619316547160
0.011341321360733
0.010131624106112
0.008990930580993
0.007919752330860
0.006918413614832
0.005987058939944
0.005125661049750
0.004334029244878
0.003611817915140
0.002958535173868
0.002373551502659
0.001856108335289
0.001405326529563
0.001020214692022
0.000699677330511
0.000442522812831
0.000247471106830
0.000113161270480
0.000038158652985
0.000020961763258
0.000060008763552
0.000153683555759
0.000300321446836
0.000498214407030
0.000745615967711
0.001040745841152
0.001381794378671
0.001766927012564
0.002194288848986
0.002662009592662
0.003168208991544
0.003711002993562
0.004288510813119
0.004898863117390
0.005540211566608
0.006210739982070
0.006908677472127
0.007632313919153
0.008380018316280
0.009150260536848
0.009941637216420
0.010752902521550
0.011583004667123
0.012431129122517
0.013296749514941
0.014179687295543
0.015080181278208
0.015998968186764
0.016937375341393
0.017897426558712
0.018881962201055
0.019894774047709
0.020940755224297
0.022026064761751
0.023158305410554
0.024346712065426
0.025602346534974
0.026938292421710
0.028369841596852
0.029914661239250
0.031592927779975
0.033427411517387
0.035443493343212
0.037669093177087
0.040134488589137
0.042872001940458
0.045915535415397
0.049299935748254
0.053060174401265
0.057230334507654
0.061842403056353
0.066924875485251
0.072501189903349
0.078588019326474
0.085193462245956
0.092315184127387
0.099938574545589
0.108034996010816
0.116560210465772
0.125453077208935
0.134634620860332
0.144007569151000
0.153456457030382
0.162848385164900
0.172034506799083
0.180852296826877
0.189128630713820
0.196683668912548
0.203335505331699
0.208905497418498
0.213224152139235
0.216137398683739
0.217513037562271
0.217247119666607
0.215269980714327
0.211551639099178
0.206106261052060
0.198995408175285
0.190329810099738
0.180269449542233
0.169021807637126
0.156838192153331
0.144008157010870
0.130852114264271
0.117712334464962
0.104942622533135
0.092897038237547
0.081918097566239
0.072324938742872
0.064401960468851
0.058388437552795
0.054469589418690
0.052769520789328
0.053346373601707
0.056189929041184
0.061221783987759
0.068298103691865
0.077214829271418
0.087715101878213
0.099498561945490
0.112232097742686
0.125561557180893
0.139123903487652
0.152559290274214
0.165522554094398
0.177693670544769
0.188786789462832
0.198557550827684
0.206808479742102
0.213392360205126
0.218213587185158
0.221227589190009
0.222438494365084
0.221895278507502
0.219686680906403
0.215935202575253
0.210790511470523
0.204422572064466
0.197014794450431
0.188757463962236
0.179841669423338
0.170453900054389
0.160771431066746
0.150958569016372
0.141163782552344
0.131517704143801
0.122131954964314
0.113098719007635
0.104490973818329
0.096363273611704
0.088752975357752
0.081681798714736
0.075157615500827
0.069176372639287
0.063724063199920
0.058778672376351
0.054312038198233
0.050291579827676
0.046681858911402
0.043445951257222
0.040546616784531
0.037947265061966
0.035612721663829
0.033509806985632
0.031607744047780
0.029878415223513
0.028296489836197
0.026839445307000
0.025487504158147
0.024223507880868
0.023032746672384
0.021902761554234
0.020823132622767
0.019785264354199
0.018782176166171
0.017808303964592
0.016859316276121
0.015931946837299
0.015023844194667
0.014133437944485
0.013259820657473
0.012402644227814
0.011562029283871
0.010738486329751
0.009932847390376
0.009146207059736
0.008379871970416
0.007635317795105
0.006914152954011
0.006218088241200
0.005548911608895
0.004908467373627
0.004298639141980
0.003721335802651
0.003178479996705
0.002671998556039
0.002203814484516
0.001775840138877
0.001389971339678
0.001048082200357
0.000752020502264
0.000503603465721
0.000304613775353
0.000156795717702
0.000061851286902
0.000021436115967
0.000037155101306
0.000110557608655
0.000243132178955
0.000436300690283
0.000691411972098
0.001009734905946
0.001392451077518
0.001840647065323
0.002355306459520
0.002937301701401
0.003587385821941
0.004306184140788
0.005094185969442
0.005951736348470
0.006879027841636
0.007876092411459
0.008942793410653
0.010078817740304
0.011283668245090
0.012556656434408
0.013896895631964
0.015303294662127
0.016774552177235
0.018309151716029
0.019905357561048
0.021561211435040
0.023274530047165
0.025042903473043
0.026863694332214
0.028734037714950
0.030650841808797
0.032610789183452
0.034610338708753
0.036645728101914
0.038712977123224
0.040807891460955
0.042926067363289
0.045062897085971
0.047213575228457
0.049373106029098
0.051536311683043
0.053697841737049
0.055852183605653
0.057993674244993
0.060116513015188
0.062214775759845
0.064282430131111
0.066313352189224
0.068301344304513
0.070240154385187
0.072123496444054
0.073945072500502
0.075698595790556
0.077377815228534
0.078976541030886
0.080488671378816
0.081908219964474
0.083229344238788
0.084446374159817
0.085553841230509
0.086546507614262
0.087419395125180
0.088167813905635
0.088787390624319
0.089274096050624
0.089624271883181
0.089834656729466
0.089902411147784
0.089825141671961
0.089600923742606
0.089228323467626
0.088706418129841
0.088034815352420
0.087213670824621
0.086243704481877
0.085126215026022
0.083863092663336
0.082456829929821
0.080910530463971
0.079227915576873
0.077413328457602
0.075471735838762
0.073408726933664
0.071230509444514
0.068943902432022
0.066556325833204
0.064075786418031
0.061510859988541
0.058870669647281
0.056164859995571
0.053403567165379
0.050597384639822
0.047757324874147
0.044894776788473
0.042021459262606
0.039149370818985
0.036290735729807
0.033457946826988
0.030663505327933
0.027919958016001
0.025239832132868
0.022635568351790
0.020119452207684
0.017703544363515
0.015399610094270
0.013219048370889
0.011172820927915
