0.005294669661449
0.005520630940739
0.005753390195696
0.005992589750616
0.006237846363850
0.006488759392356
0.006744919317038
0.007005916261136
0.007271348136879
0.007540828087411
0.007813990949065
0.008090498538485
0.008370043663030
0.008652352853150
0.008937187913150
0.009224346473454
0.009513661795539
0.009805002124228
0.010098269897265
0.010393401107940
0.010690365074259
0.010989164801859
0.011289838043361
0.011592459061978
0.011897141010276
0.012204038744897
0.012513351822798
0.012825327370981
0.013140262494790
0.013458505892143
0.013780458372837
0.014106572040756
0.014437347977866
0.014773332365566
0.015115111083486
0.015463302929435
0.015818551698573
0.016181517437116
0.016552867239873
0.016933265987150
0.017323367413180
0.017723805865548
0.018135189055981
0.018558092022282
0.018993052425822
0.019440567206636
0.019901090517100
0.020375032763526
0.020862760509921
0.021364596945435
0.021880822590566
0.022411675918569
0.022957353597228
0.023518010109387
0.024093756583627
0.024684658753028
0.025290734052931
0.025911947960262
0.026548209760134
0.027199367993440
0.027865205886774
0.028545437089740
0.029239702042927
0.029947565272864
0.030668513860578
0.031401957261832
0.032147228575317
0.032903587266154
0.033670223262889
0.034446262263291
0.035230772013812
0.036022769274401
0.036821227148232
0.037625082446651
0.038433242773573
0.039244593049172
0.040058001246843
0.040872323185854
0.041686406299296
0.042499092377142
0.043309219361324
0.044115622338144
0.044917133928081
0.045712584310387
0.046500801137374
0.047280609590011
0.048050832803171
0.048810292847586
0.049557812399968
0.050292217167087
0.051012339059246
0.051717020038819
0.052405116505783
0.053075504029091
0.053727082194444
0.054358779318067
0.054969556774158
0.055558412700702
0.056124384883059
0.056666552664638
0.057184037795326
0.057676004197026
0.058141656696546
0.058580238844611
0.058991030000989
0.059373341915723
0.059726515071843
0.060049915073451
0.060342929363635
0.060604964539221
0.060835444495283
0.061033809583673
0.061199516909935
0.061332041825443
0.061430880600831
0.061495554196956
0.061525612985099
0.061520642212578
0.061480267966714
0.061404163361470
0.061292054658687
0.061143727039979
0.060959029765675
0.060737880492047
0.060480268565292
0.060186257167130
0.059855984249133
0.059489662257120
0.059087576709384
0.058650083749662
0.058177606844327
0.057670632830896
0.057129707549626
0.056555431300858
0.055948454367687
0.055309472827127
0.054639224844757
0.053938487609844
0.053208075022708
0.052448836196531
0.051661654784785
0.050847449095874
0.050007172911173
0.049141816883625
0.048252410363264
0.047340023474774
0.046405769261088
0.045450805706281
0.044476337459995
0.043483617103618
0.042473945823846
0.041448673390524
0.040409197370859
0.039356961549171
0.038293453558356
0.037220201764213
0.036138771475116
0.035050760575672
0.033957794703044
0.032861522097701
0.031763608266331
0.030665730593514
0.029569573031047
0.028476820980338
0.027389156465102
0.026308253669999
0.025235774897163
0.024173366968282
0.023122658076146
0.022085255067784
0.021062741122233
0.020056673770524
0.019068583194029
0.018099970730136
0.017152307511254
0.016227033164205
0.015325554501624
0.014449244144629
0.013599439025964
0.012777438734578
0.011984503675323
0.011221853030700
0.010490662524615
0.009792062000568
0.009127132838070
0.008496905241046
0.007902355440293
0.007344402858455
0.006823907290392
0.006341666154113
0.005898411867691
0.005494809405747
0.005131454085417
0.004808869626250
0.004527506521586
0.004287740750802
0.004089872852790
0.003934127371406
0.003820652673808
0.003749521132878
0.003720729655656
0.003734200531210
0.003789782563856
0.003887252451472
0.004026316363928
0.004206611673650
0.004427708789149
0.004689113043127
0.004990266589558
0.005330550268912
0.005709285407496
0.006125735525388
0.006579107937576
0.007068555244219
0.007593176717961
0.008152019608481
0.008744080396162
0.009368306037383
0.010023595252626
0.010708799914791
0.011422726598137
0.012164138347781
0.012931756725284
0.013724264177604
0.014540306764685
0.015378497265672
0.016237418665794
0.017115628006239
0.018011660558907
0.018924034267812
0.019851254380433
0.020791818176499
0.021744219689718
0.022706954310667
0.023678523157193
0.024657437102609
0.025642220361928
0.026631413552103
0.027623576163279
0.028617288403573
0.029611152408746
0.030603792839009
0.031593856916484
0.032580013986878
0.033560954716001
0.034535390054156
0.035502050117685
0.036459683145723
0.037407054690646
0.038342947192191
0.039266160067832
0.040175510426176
0.041069834476870
0.041947989671401
0.042808857566080
0.043651347353794
0.044474399967250
0.045276992616069
0.046058143585686
0.046816917099827
0.047552428032317
0.048263846249346
0.048950400370953
0.049611380760250
0.050246141580192
0.050854101799119
0.051434745075671
0.051987618508638
0.052512330294637
0.053008546393198
0.053475986351519
0.053914418486671
0.054323654658727
0.054703544891694
0.055053972108741
0.055374847243060
0.055666104965753
0.055927700238289
0.056159605850838
0.056361811051829
0.056534321311277
0.056677159194520
0.056790366257830
0.056874005816820
0.056928166386461
0.056952965551172
0.056948553997454
0.056915119431926
0.056852890114951
0.056762137764441
0.056643179624221
0.056496379544491
0.056322147984946
0.056120940920142
0.055893257697269
0.055639637963931
0.055360657843406
0.055056925582997
0.054729076934272
0.054377770539678
0.054003683597104
0.053607508052344
0.053189947530400
0.052751715162667
0.052293532401679
0.051816128842793
0.051320242997691
0.050806623893153
0.050276033305110
0.049729248387116
0.049167064417804
0.048590297376251
0.047999786058992
0.047396393477550
0.046781007319579
0.046154539317078
0.045517923437938
0.044872112897117
0.044218076065824
0.043556791435122
0.042889241858962
0.042216408355576
0.041539263781318
0.040858766704487
0.040175855797006
0.039491445029248
0.038806419899681
0.038121634859811
0.037437912010917
0.036756041058181
0.036076780416522
0.035400859277406
0.034728980373579
0.034061823124508
0.033400046813879
0.032744293444357
0.032095189935099
0.031453349373156
0.030819371098043
0.030193839484782
0.029577321388622
0.028970362317313
0.028373481496849
0.027787166086438
0.027211864871363
0.026647981812689
0.026095869856317
0.025555825398660
0.025028083772094
0.024512816052509
0.024010127407943
0.023520057107286
0.023042580198705
0.022577610756759
0.022125006493450
0.021684574439520
0.021256077334973
0.020839240327401
0.020433757566437
0.020039298303738
0.019655512158790
0.019282033288074
0.018918483292828
0.018564472811569
0.018219601859013
0.017883459084235
0.017555620218912
0.017235646063471
0.016923080408641
0.016617448307816
0.016318255100118
0.016024986535704
0.015737110277100
0.015454078948893
0.015175334790590
0.014900315842908
0.014628463475858
0.014359230957279
0.014092092671672
0.013826553538288
0.013562158149486
0.013298499157490
0.013035224479576
0.012772042964971
0.012508728265645
0.012245120769833
0.011981127582262
0.011716720658813
0.011451933315789
0.011186855426485
0.010921627683078
0.010656435335262
0.010391501816392
0.010127082633922
0.009863459837128
0.009600937287593
0.009339836854632
0.009080495548093
0.008823263494502
0.008568502568814
0.008316585421293
