0.004266340804195
0.004268112457591
0.004269969930576
0.004271849596445
0.004273685976946
0.004275414007185
0.004276971321539
0.004278300481138
0.004279351064343
0.004280081545244
0.004280460891431
0.004280469820996
0.004280101669676
0.004279362831819
0.004278272753080
0.004276863467995
0.004275178691258
0.004273272487123
0.004271207556411
0.004269053194436
0.004266882985443
0.004264772309334
0.004262795744154
0.004261024452795
0.004259523644342
0.004258350199387
0.004257550544445
0.004257158853365
0.004257195643661
0.004257666823123
0.004258563227492
0.004259860673642
0.004261520535377
0.004263490830996
0.004265707793918
0.004268097880513
0.004270580153380
0.004273068964281
0.004275476849286
0.004277717539802
0.004279708987446
0.004281376298434
0.004282654474376
0.004283490861177
0.004283847215988
0.004283701313673
0.004283048028619
0.004281899844618
0.004280286764311
0.004278255609820
0.004275868726946
0.004273202126086
0.004270343112976
0.004267387480962
0.004264436352923
0.004261592774760
0.004258958172867
0.004256628794939
0.004254692256381
0.004253224313479
0.004252285979109
0.004251921087421
0.004252154400720
0.004252990335118
0.004254412361916
0.004256383119783
0.004258845249137
0.004261722935738
0.004264924125922
0.004268343352151
0.004271865085356
0.004275367510744
0.004278726606978
0.004281820395653
0.004284533219194
0.004286759901138
0.004288409643516
0.004289409521638
0.004289707447158
0.004289274485398
0.004288106432239
0.004286224578891
0.004283675618757
0.004280530678714
0.004276883486462
0.004272847715202
0.004268553575872
0.004264143754385
0.004259768815948
0.004255582219637
0.004251735103163
0.004248371009585
0.004245620734020
0.004243597468892
0.004242392420727
0.004242071060062
0.004242670148811
0.004244195667006
0.004246621733680
0.004249890585636
0.004253913643920
0.004258573661970
0.004263727912798
0.004269212336488
0.004274846534777
0.004280439467887
0.004285795681146
0.004290721866277
0.004295033545454
0.004298561656065
0.004301158811029
0.004302705013835
0.004303112619240
0.004302330349637
0.004300346202971
0.004297189120188
0.004292929317600
0.004287677231150
0.004281581064190
0.004274822976585
0.004267613999336
0.004260187803856
0.004252793497184
0.004245687652145
0.004239125813529
0.004233353746507
0.004228598710663
0.004225061051462
0.004222906400117
0.004222258762360
0.004223194756718
0.004225739233690
0.004229862469635
0.004235479083826
0.004242448775509
0.004250578921192
0.004259629012462
0.004269316853252
0.004279326374494
0.004289316865509
0.004298933367176
0.004307817923851
0.004315621350820
0.004322015143383
0.004326703133715
0.004329432493504
0.004330003684664
0.004328278977474
0.004324189185275
0.004317738306820
0.004309005820804
0.004298146440619
0.004285387209511
0.004271021895168
0.004255402726139
0.004238929598037
0.004222036962749
0.004205178696198
0.004188811317122
0.004173375998189
0.004159279869417
0.004146877159984
0.004136450756460
0.004128194771649
0.004122198717688
0.004118433859091
0.004116742285998
0.004116829195413
0.004118258799438
0.004120454196029
0.004122701441232
0.004124157954675
0.004123865274790
0.004120766059885
0.004113725108855
0.004101554054478
0.004083039266135
0.004056972390891
0.004022182865345
0.003977571648538
0.003922145361115
0.003855049970303
0.003775603135766
0.003683324329431
0.003577961863658
0.003459516006706
0.003328257431895
0.003184740335982
0.003029809671357
0.002864602063335
0.002690540125337
0.002509320037701
0.002322892416652
0.002133436664568
0.001943329157050
0.001755105782043
0.001571419497412
0.001394993711668
0.001228572414362
0.001074868084469
0.000936508483962
0.000815983497302
0.000715593203869
0.000637398368349
0.000583174503313
0.000554370598989
0.000552073528493
0.000576979024430
0.000629369987080
0.000709102728470
0.000815601584101
0.000947862138913
0.001104463120801
0.001283586818145
0.001483047682303
0.001700328586579
0.001932624034596
0.002176889447584
0.002429895516128
0.002688286480901
0.002948641111988
0.003207535090064
0.003461603456547
0.003707601795075
0.003942464833270
0.004163361211354
0.004367743251260
0.004553390674464
0.004718447356008
0.004861450362686
0.004981350701215
0.005077525393041
0.005149780691556
0.005198346460008
0.005223861929416
0.005227353250346
0.005210203435803
0.005174115460374
0.005121069428980
0.005053274853831
0.004973119177427
0.004883113750490
0.004785838515163
0.004683886654782
0.004579810452156
0.004476069549388
0.004374982725271
0.004278684203583
0.004189085379916
0.004107842709523
0.004036332337834
0.003975631883120
0.003926509601592
0.003889420983725
0.003864512651313
0.003851633252133
0.003850350887437
0.003859976460585
0.003879592206542
0.003908084554475
0.003944180391795
0.003986485739247
0.004033525814126
0.004083785452703
0.004135748883080
0.004187937884883
0.004238947440802
0.004287478074634
0.004332364178547
0.004372597755322
0.004407347136057
0.004435970376217
0.004458023179267
0.004473261343343
0.004481637868787
0.004483294999116
0.004478551591830
0.004467886325306
0.004451917341338
0.004431378997585
0.004407096458747
0.004379958888802
0.004350892018672
0.004320830854573
0.004290693262790
0.004261355118066
0.004233627637031
0.004208237437417
0.004185809770749
0.004166855273754
0.004151760474892
0.004140782180399
0.004134045752238
0.004131547181457
0.004133158757623
0.004138638040921
0.004147639760569
0.004159730193401
0.004174403521420
0.004191099627951
0.004209222769354
0.004228160553302
0.004247302665071
0.004266058809339
0.004283875375469
0.004300250387628
0.004314746365386
0.004327000793558
0.004336733979634
0.004343754160624
0.004347959806138
0.004349339148373
0.004347967050081
0.004343999396291
0.004337665262477
0.004329257169343
0.004319119780982
0.004307637437785
0.004295220937530
0.004282293987113
0.004269279743755
0.004256587848381
0.004244602326344
0.004233670692686
0.004224094552261
0.004216121930799
0.004209941513346
0.004205678903279
0.004203394950321
0.004203086131674
0.004204686908417
0.004208073921514
0.004213071839794
0.004219460627447
0.004226983962176
0.004235358507930
0.004244283728797
0.004253451923295
0.004262558161091
0.004271309816506
0.004279435414669
0.004286692535690
0.004292874558869
0.004297816071189
0.004301396810939
0.004303544066536
0.004304233500997
0.004303488422465
0.004301377569066
0.004298011520953
0.004293537892139
0.004288135488742
0.004282007647494
0.004275374988252
0.004268467826246
0.004261518493823
0.004254753817568
0.004248387985105
0.004242616017364
0.004237608037177
0.004233504494839
0.004230412476745
0.004228403185554
0.004227510640892
0.004227731609573
0.004229026734998
0.004231322798029
0.004234516007361
0.004238476187167
0.004243051704529
0.004248074959510
0.004253368247165
0.004258749793646
0.004264039767857
0.004269066075806
0.004273669756443
0.004277709815011
0.004281067351921
0.004283648871214
0.004285388681868
0.004286250336384
0.004286227083472
0.004285341343925
0.004283643250069
0.004281208318444
0.004278134351753
0.004274537688803
0.004270548939515
0.004266308355623
0.004261960996054
0.004257651849060
0.004253521070910
0.004249699493645
0.004246304542218
0.004243436685023
0.004241176521673
0.004239582588966
0.004238689940792
0.004238509531366
0.004239028404347
0.004240210664062
