0.004230805456292
0.004232390961527
0.004233620057343
0.004234445534198
0.004234833282791
0.004234763595459
0.004234232002043
0.004233249607239
0.004231842912604
0.004230053123255
0.004227934956323
0.004225554984897
0.004222989566900
0.004220322422625
0.004217641936959
0.004215038272305
0.004212600385427
0.004210413045712
0.004208553953442
0.004207091054530
0.004206080142874
0.004205562833103
0.004205564975314
0.004206095569739
0.004207146223571
0.004208691174887
0.004210687890314
0.004213078224315
0.004215790109441
0.004218739729055
0.004221834107634
0.004224974039231
0.004228057262589
0.004230981782102
0.004233649227759
0.004235968144493
0.004237857102189
0.004239247522031
0.004240086122680
0.004240336900881
0.004239982575100
0.004239025437293
0.004237487576456
0.004235410457507
0.004232853859831
0.004229894200706
0.004226622289154
0.004223140574978
0.004219559975038
0.004215996373748
0.004212566906807
0.004209386145767
0.004206562306052
0.004204193602104
0.004202364870431
0.004201144574524
0.004200582294955
0.004200706793937
0.004201524726373
0.004203020049728
0.004205154163261
0.004207866784134
0.004211077544229
0.004214688268021
0.004218585869243
0.004222645783102
0.004226735832217
0.004230720408735
0.004234464842978
0.004237839820726
0.004240725707344
0.004243016637503
0.004244624234271
0.004245480830893
0.004245542082254
0.004244788870558
0.004243228430646
0.004240894644002
0.004237847476160
0.004234171559125
0.004229973947806
0.004225381106351
0.004220535205932
0.004215589839055
0.004210705276071
0.004206043406645
0.004201762521727
0.004198012099766
0.004194927764036
0.004192626575882
0.004191202821388
0.004190724436549
0.004191230198826
0.004192727791304
0.004195192820369
0.004198568839329
0.004202768399747
0.004207675120302
0.004213146730613
0.004219019015811
0.004225110557598
0.004231228140112
0.004237172665027
0.004242745400721
0.004247754375848
0.004252020718653
0.004255384740417
0.004257711564642
0.004258896113030
0.004258867274858
0.004257591107617
0.004255072943260
0.004251358305401
0.004246532577447
0.004240719399009
0.004234077806860
0.004226798176123
0.004219097056044
0.004211211031414
0.004203389774359
0.004195888480654
0.004188959908956
0.004182846259571
0.004177771140822
0.004173931875224
0.004171492394341
0.004170576960065
0.004171264931503
0.004173586770843
0.004177521449216
0.004182995375401
0.004189882927208
0.004198008618751
0.004207150887736
0.004217047436912
0.004227402014194
0.004237892468373
0.004248179873053
0.004257918472005
0.004266766165741
0.004274395232980
0.004280502962756
0.004284821863950
0.004287129119609
0.004287254963709
0.004285089678161
0.004280588937432
0.004273777266695
0.004264749426095
0.004253669587398
0.004240768228756
0.004226336737007
0.004210719773229
0.004194305524356
0.004177514029780
0.004160783835049
0.004144557283234
0.004129264806539
0.004115308624598
0.004103046290205
0.004092774546708
0.004084713973061
0.004078994891745
0.004075645001223
0.004074579168137
0.004075591775451
0.004078351971795
0.004082402105384
0.004087159554345
0.004091922085640
0.004095876788886
0.004098112541249
0.004097635867432
0.004093389966913
0.004084276591291
0.004069180370352
0.004046995108349
0.004016651504352
0.003977145694130
0.003927567967736
0.003867130988126
0.003795196822825
0.003711302103721
0.003615180649654
0.003506782922734
0.003386291741569
0.003254133742167
0.003110986158677
0.002957778589926
0.002795689521785
0.002626137487567
0.002450766866380
0.002271428440014
0.002090154949673
0.001909132011876
0.001730664865299
0.001557141524480
0.001390993009581
0.001234651401428
0.001090506535751
0.000960862198178
0.000847892710680
0.000753600809997
0.000679777708355
0.000627966196750
0.000599427601367
0.000595113335421
0.000615641703020
0.000661280510394
0.000731935925093
0.000827147897988
0.000946092328839
0.001087590016798
0.001250122295547
0.001431853112018
0.001630657170991
0.001844153638364
0.002069744776531
0.002304658778788
0.002545995978491
0.002790777534863
0.003035995642697
0.003278664278927
0.003515869485989
0.003744818200434
0.003962884665193
0.004167653514570
0.004356958691407
0.004528917444253
0.004681958756876
0.004814845680694
0.004926691170020
0.005016967157504
0.005085506749713
0.005132499567275
0.005158480397082
0.005164311462666
0.005151158749783
0.005120462944783
0.005073905650639
0.005013371637515
0.004940907959234
0.004858680822708
0.004768931132997
0.004673929651668
0.004575932700385
0.004477139315434
0.004379650713085
0.004285432861450
0.004196282873605
0.004113799841097
0.004039360619048
0.003974100956393
0.003918902240266
0.003874383994993
0.003840902146732
0.003818552937307
0.003807182248303
0.003806399981617
0.003815599038049
0.003833978343335
0.003860569293249
0.003894264927628
0.003933851098462
0.003978038870425
0.004025497383603
0.004074886417600
0.004124887923153
0.004174235830840
0.004221743505098
0.004266328283922
0.004307032628230
0.004343041497831
0.004373695670687
0.004398500826314
0.004417132319990
0.004429435679451
0.004435422957375
0.004435265168772
0.004429281130293
0.004417923096362
0.004401759653305
0.004381456385965
0.004357754870484
0.004331450571579
0.004303370232241
0.004274349338601
0.004245210223161
0.004216741336453
0.004189678171755
0.004164686270987
0.004142346674225
0.004123144102152
0.004107458082282
0.004095557148079
0.004087596157311
0.004083616694225
0.004083550441575
0.004087225334969
0.004094374245375
0.004104645877333
0.004117617521897
0.004132809265501
0.004149699229589
0.004167739401389
0.004186371613651
0.004205043240410
0.004223222196227
0.004240410857177
0.004256158561983
0.004270072399831
0.004281826046165
0.004291166467356
0.004297918378054
0.004301986399353
0.004303354929913
0.004302085804228
0.004298313870546
0.004292240674222
0.004284126479023
0.004274280898107
0.004263052437159
0.004250817273778
0.004237967609399
0.004224899932593
0.004212003525784
0.004199649531496
0.004188180870070
0.004177903269004
0.004169077625889
0.004161913883488
0.004156566548136
0.004153131932775
0.004151647155054
0.004152090870363
0.004154385670966
0.004158402036792
0.004163963682183
0.004170854107027
0.004178824131161
0.004187600168329
0.004196892980909
0.004206406649252
0.004215847489909
0.004224932665050
0.004233398240600
0.004241006472489
0.004247552128084
0.004252867682538
0.004256827266263
0.004259349279080
0.004260397627382
0.004259981581904
0.004258154294055
0.004255010047120
0.004250680354026
0.004245329044591
0.004239146511698
0.004232343306727
0.004225143289487
0.004217776546503
0.004210472293582
0.004203451974341
0.004196922755935
0.004191071607087
0.004186060122262
0.004182020230112
0.004179050895092
0.004177215889244
0.004176542677606
0.004177022426537
0.004178611110486
0.004181231660350
0.004184777066514
0.004189114322794
0.004194089074530
0.004199530815651
0.004205258466083
0.004211086152770
0.004216829014842
0.004222308856311
0.004227359477606
0.004231831530297
0.004235596756700
0.004238551497356
0.004240619373768
0.004241753080563
0.004241935249535
0.004241178376941
0.004239523834122
0.004237040009065
0.004233819652200
0.004229976522669
0.004225641451001
0.004220957949894
0.004216077516308
0.004211154775083
0.004206342616454
0.004201787477488
0.004197624910406
0.004193975569528
