0.166029342637726
0.163527696571510
0.161052451440626
0.158603562411964
0.156180980691511
0.153784653580170
0.151414524528839
0.149070533192812
0.146752615485528
0.144460703631728
0.142194726220039
0.139954608255066
0.137740271208984
0.135551633072726
0.133388608406771
0.131251108391591
0.129139040877803
0.127052310436055
0.124990818406694
0.122954462949256
0.120943139091822
0.118956738780260
0.116995150927415
0.115058261462267
0.113145953379089
0.111258106786660
0.109394598957539
0.107555304377442
0.105740094794766
0.103948839270253
0.102181404226869
0.100437653499865
0.098717448387105
0.097020647699623
0.095347107812483
0.093696682715914
0.092069224066773
0.090464581240326
0.088882601382373
0.087323129461726
0.085786008323042
0.084271078740034
0.082778179469045
0.081307147303014
0.079857817125815
0.078430021966978
0.077023593056796
0.075638359881807
0.074274150240654
0.072930790300305
0.071608104652642
0.070305916371398
0.069024047069438
0.067762316956359
0.066520544896419
0.065298548466748
0.064096144015862
0.062913146722426
0.061749370654270
0.060604628827633
0.059478733266605
0.058371495062756
0.057282724434923
0.056212230789122
0.055159822778579
0.054125308363837
0.053108494872911
0.052109189061482
0.051127197173067
0.050162324999178
0.049214377939404
0.048283161061398
0.047368479160749
0.046470136820687
0.045587938471603
0.044721688450350
0.043871191059290
0.043036250625047
0.042216671556954
0.041412258405141
0.040622815918234
0.039848149100653
0.039088063269440
0.038342364110620
0.037610857735041
0.036893350733674
0.036189650232326
0.035499563945754
0.034822900231134
0.034159468140865
0.033509077474669
0.032871538830969
0.032246663657504
0.031634264301170
0.031034154057037
0.030446147216543
0.029870059114813
0.029305706177102
0.028752905964316
0.028211477217614
0.027681239902038
0.027162015249183
0.026653625798858
0.026155895439740
0.025668649448992
0.025191714530834
0.024724918854047
0.024268092088395
0.023821065439961
0.023383671685369
0.022955745204895
0.022537122014450
0.022127639796427
0.021727137929405
0.021335457516701
0.020952441413771
0.020577934254450
0.020211782476027
0.019853834343161
0.019503939970627
0.019161951344902
0.018827722344585
0.018501108759664
0.018181968309615
0.017870160660364
0.017565547440097
0.017267992253936
0.016977360697483
0.016693520369248
0.016416340881971
0.016145693872842
0.015881453012637
0.015623494013789
0.015371694637400
0.015125934699207
0.014886096074534
0.014652062702229
0.014423720587616
0.014200957804477
0.013983664496085
0.013771732875305
0.013565057223787
0.013363533890281
0.013167061288076
0.012975539891609
0.012788872232257
0.012606962893331
0.012429718504314
0.012257047734348
0.012088861285017
0.011925071882431
0.011765594268660
0.011610345192527
0.011459243399795
0.011312209622780
0.011169166569413
0.011030038911775
0.010894753274148
0.010763238220596
0.010635424242109
0.010511243743347
0.010390631029001
0.010273522289809
0.010159855588248
0.010049570843944
0.009942609818810
0.009838916101959
0.009738435094407
0.009641113993603
0.009546901777810
0.009455749190364
0.009367608723845
0.009282434604174
0.009200182774680
0.009120810880150
0.009044278250890
0.008970545886831
0.008899576441699
0.008831334207264
0.008765785097717
0.008702896634173
0.008642637929332
0.008584979672333
0.008529894113798
0.008477355051109
0.008427337813926
0.008379819249973
0.008334777711100
0.008292193039657
0.008252046555177
0.008214321041402
0.008179000733658
0.008146071306597
0.008115519862316
0.008087334918883
0.008061506399256
0.008038025620629
0.008016885284206
0.007998079465420
0.007981603604592
0.007967454498056
0.007955630289747
0.007946130463258
0.007938955834381
0.007934108544122
0.007931592052208
0.007931411131084
0.007933571860394
0.007938081621965
0.007944949095272
0.007954184253406
0.007965798359523
0.007979803963791
0.007996214900811
0.008015046287528
0.008036314521613
0.008060037280315
0.008086233519779
0.008114923474817
0.008146128659125
0.008179871865943
0.008216177169140
0.008255069924714
0.008296576772704
0.008340725639488
0.008387545740471
0.008437067583131
0.008489322970420
0.008544345004507
0.008602168090839
0.008662827942501
0.008726361584880
0.008792807360582
0.008862204934615
0.008934595299795
0.009010020782377
0.009088525047870
0.009170153107036
0.009254951322033
0.009342967412700
0.009434250462946
0.009528850927233
0.009626820637120
0.009728212807858
0.009833082044998
0.009941484351008
0.010053477131854
0.010169119203540
0.010288470798568
0.010411593572311
0.010538550609256
0.010669406429108
0.010804226992720
0.010943079707839
0.011086033434621
0.011233158490918
0.011384526657288
0.011540211181720
0.011700286784047
0.011864829660015
0.012033917484997
0.012207629417315
0.012386046101162
0.012569249669082
0.012757323744008
0.012950353440811
0.013148425367363
0.013351627625069
0.013560049808865
0.013773783006649
0.013992919798131
0.014217554253081
0.014447781928951
0.014683699867866
0.014925406592937
0.015173002103919
0.015426587872157
0.015686266834828
0.015952143388458
0.016224323381693
0.016502914107311
0.016788024293472
0.017079764094174
0.017378245078919
0.017683580221569
0.017995883888383
0.018315271825226
0.018641861143936
0.018975770307851
0.019317119116473
0.019666028689280
0.020022621448663
0.020387021101995
0.020759352622820
0.021139742231170
0.021528317372988
0.021925206698678
0.022330540040763
0.022744448390665
0.023167063874598
0.023598519728579
0.024038950272569
0.024488490883730
0.024947277968818
0.025415448935717
0.025893142164105
0.026380496975284
0.026877653601158
0.027384753152391
0.027901937585730
0.028429349670533
0.028967132954488
0.029515431728551
0.030074390991115
0.030644156411415
0.031224874292196
0.031816691531657
0.032419755584680
0.033034214423374
0.033660216496940
0.034297910690886
0.034947446285610
0.035608972914359
0.036282640520610
0.036968599314865
0.037666999730911
0.038377992381541
0.039101728013784
0.039838357463650
0.040588031610419
0.041350901330513
0.042127117450945
0.042916830702409
0.043720191672006
0.044537350755648
0.045368458110162
0.046213663605129
0.047073116774467
0.047946966767809
0.048835362301681
0.049738451610527
0.050656382397596
0.051589301785722
0.052537356268036
0.053500691658607
0.054479453043090
0.055473784729353
0.056483830198152
0.057509732053871
0.058551631975331
0.059609670666736
0.060683987808750
0.061774722009743
0.062882010757233
0.064005990369550
0.065146795947745
0.066304561327769
0.067479419032947
0.068671500226768
0.069880934666024
0.071107850654310
0.072352374995905
0.073614632950072
0.074894748185776
0.076192842736856
0.077509036957668
0.078843449479202
0.080196197165714
0.081567395071874
0.082957156400447
0.084365592460530
0.085792812626345
0.087238924296620
0.088704032854552
0.090188241628369
0.091691651852515
0.093214362629431
0.094756470891991
0.096318071366549
0.097899256536636
0.099500116607303
0.101120739470104
0.102761210668738
0.104421613365336
0.106102028307401
0.107802533795402
0.109523205651009
0.111264117185988
0.113025339171717
0.114806939809355
0.116608984700630
0.118431536819253
0.120274656482941
0.122138401326046
0.124022826272774
0.125927983510982
0.127853922466544
0.129800689778271
0.131768329273364
0.133756881943389
0.135766385920761
