1.921161196083041867e-02
1.942103202966538600e-02
1.963395216221215656e-02
1.985045196090386849e-02
2.007061333428294958e-02
2.029452057857676975e-02
2.052226046269347778e-02
2.075392231680529137e-02
2.098959812469465558e-02
2.122938262004820525e-02
2.147337338689511710e-02
2.172167096439618986e-02
2.197437895620251228e-02
2.223160414461503032e-02
2.249345660978979353e-02
2.276004985424684782e-02
2.303150093295884202e-02
2.330793058930519593e-02
2.358946339720530139e-02
2.387622790975084397e-02
2.416835681468545299e-02
2.446598709709780356e-02
2.476926020971566278e-02
2.507832225121449377e-02
2.539332415297843731e-02
2.571442187477879920e-02
2.604177660986516790e-02
2.637555499999513775e-02
2.671592936096260640e-02
2.706307791921981620e-02
2.741718506022720880e-02
2.777844158920994913e-02
2.814704500503501655e-02
2.852319978798435393e-02
2.890711770223842667e-02
2.929901811394671624e-02
2.969912832581995260e-02
3.010768392924111081e-02
3.052492917496313352e-02
3.095111736353503562e-02
3.138651125667765024e-02
3.183138351091822915e-02
3.228601713488534614e-02
3.275070597176590881e-02
3.322575520853966041e-02
3.371148191371711733e-02
3.420821560544345941e-02
3.471629885196288179e-02
3.523608790659195356e-02
3.576795337951296783e-02
3.631228094887431479e-02
3.686947211387988504e-02
3.743994499275580395e-02
3.802413516871414045e-02
3.862249658727807955e-02
3.923550250860768918e-02
3.986364651875584642e-02
4.050744360410958589e-02
4.116743129362553100e-02
4.184417087384761924e-02
4.253824868212369159e-02
4.325027748389491389e-02
4.398089794044107714e-02
4.473078017401926898e-02
4.550062543794651526e-02
4.629116789984675379e-02
4.710317654702369378e-02
4.793745722373588675e-02
4.879485481105020478e-02
4.967625556094136530e-02
5.058258959740549732e-02
5.151483359856885019e-02
5.247401367511980025e-02
5.346120846188605336e-02
5.447755244103706651e-02
5.552423951723695073e-02
5.660252686712646808e-02
5.771373908780141199e-02
5.885927267151244008e-02
6.004060083666692971e-02
6.125927874841101406e-02
6.251694916565779525e-02
6.381534855544923612e-02
6.515631372006722155e-02
6.654178898740435721e-02
6.797383402085366289e-02
6.945463231147000482e-02
7.098650042250849446e-02
7.257189806477398752e-02
7.421343909068543743e-02
7.591390350572344015e-02
7.767625060821574390e-02
7.950363338243918165e-02
8.139941428607448681e-02
8.336718259149325516e-02
8.541077346152212146e-02
8.753428896476882215e-02
8.974212126380323729e-02
9.203897824216974999e-02
9.442991187416302501e-02
9.692034968549921581e-02
9.951612970463835639e-02
1.022235393649858631e-01
1.050493588892693203e-01
1.080009097711839700e-01
1.110861090685655583e-01
1.143135303401359021e-01
1.176924721983464012e-01
1.212330356191129999e-01
1.249462113517268297e-01
1.288439790171455046e-01
1.329394197807144962e-01
1.372468448497640714e-01
1.417819424952087015e-01
1.465619468526288549e-01
1.516058324533229862e-01
1.569345393108658171e-01
1.625712344992883418e-01
1.685416175796921046e-01
1.748742790630488653e-01
1.816011234719157597e-01
1.887578716599209172e-01
1.963846610962323158e-01
2.045267681181556219e-01
2.132354830651314592e-01
2.225691781689358439e-01
2.325946195794432181e-01
2.433885894569370878e-01
2.550399020942329953e-01
2.676519197659982252e-01
2.813456992242826527e-01
2.962639274902540976e-01
3.125758336319713893e-01
3.304832875297111228e-01
3.502283105428163901e-01
3.721022161844886877e-01
3.964565561326905407e-01
4.237159463789187397e-01
4.543926598103663617e-01
4.891025542424179973e-01
5.285814058139890470e-01
5.736999715963375657e-01
6.254750400741229122e-01
6.850722794997896603e-01
7.537948371238798462e-01
8.330494471621896491e-01
9.242795204437574963e-01
1.028852843770510894e+00
1.147891019346744645e+00
1.282029942867624284e+00
1.431107073409323638e+00
1.593783567739566642e+00
1.767128437798116458e+00
1.946217078260553679e+00
2.123824621447063077e+00
2.290319286866199455e+00
2.433872944180676789e+00
2.541094827082282848e+00
2.598150641771098890e+00
2.592349822023407135e+00
2.514074761841057715e+00
2.358805939434845733e+00
2.128895222014269173e+00
1.834690705550438672e+00
1.494649930421082296e+00
1.134207934081872260e+00
7.833810197554516019e-01
4.733473983855033262e-01
2.324919734183726883e-01
8.256848160082014276e-02
3.566571735374791247e-02
9.254496755350485881e-02
2.426632364821164622e-01
4.658689810083836980e-01
7.354332928888003273e-01
1.021837847327595972e+00
1.296635679052895451e+00
1.535747740609845646e+00
1.721732712273953858e+00
1.844815287432068462e+00
1.902713256633018712e+00
1.899508182059109984e+00
1.843922469564251543e+00
1.747388967888008349e+00
1.622243753961363888e+00
1.480269074372365434e+00
1.331695456420568302e+00
1.184667756082666390e+00
1.045106194157088275e+00
9.168551910082962664e-01
8.020057212084292786e-01
7.012915123404064310e-01
6.144851137998136315e-01
5.407477642608913282e-01
4.789112255056909295e-01
4.276875639252630257e-01
3.858138916491229420e-01
3.521444077182732668e-01
3.257033530947715527e-01
3.057113211465025127e-01
2.915950062383581565e-01
2.829877478926068890e-01
2.797255677288231768e-01
2.818409484875623594e-01
2.895543472449957911e-01
3.032612803925446299e-01
3.235107013706667312e-01
3.509683559407053011e-01
3.863570752220162330e-01
4.303650444700630739e-01
4.835137467488007657e-01
5.459805405371254139e-01
6.173777376939317829e-01
6.965012996952597568e-01
7.810776535953394273e-01
8.675549074326569521e-01
9.510012073302378521e-01
1.025182482784642524e+00
1.082887642523090443e+00
1.116545387047083615e+00
1.119130417826295076e+00
1.085291040123264050e+00
1.012555598905271914e+00
9.024095596401204844e-01
7.609998512711576568e-01
5.992377059198188416e-01
4.321457485144318822e-01
2.774243076494924409e-01
1.533731570913878517e-01
7.646143807874941634e-02
5.894862359478114655e-02
1.069886389459045323e-01
2.195821485437886855e-01
3.885886188879900116e-01
5.998044723111972676e-01
8.349059847475874818e-01
1.073895879485944338e+00
1.297617327784649000e+00
1.489921003542377331e+00
1.639176748223366342e+00
1.738978056734173938e+00
1.788053068906556131e+00
1.789531936315394089e+00
1.749802629426999934e+00
1.677208290565312510e+00
1.580807867824666868e+00
1.469356901636762247e+00
1.350588855480025607e+00
1.230807914013563487e+00
1.114753444295492057e+00
1.005668388204230546e+00
9.054965833020028887e-01
8.151416269711270202e-01
7.347356164258453948e-01
6.638840208552482247e-01
6.018690389941012686e-01
5.478060293420435878e-01
5.007555343236503864e-01
4.597976157559300892e-01
4.240766731288513891e-01
3.928246551009202392e-01
3.653694365818889178e-01
3.411336980485490944e-01
3.196282509711231290e-01
3.004425655977990273e-01
2.832343234882178651e-01
2.677191245949984699e-01
2.536609888936844914e-01
2.408639612357564297e-01
2.291649146628507716e-01
2.184275184065347930e-01
2.085372661583562437e-01
1.993974283795972302e-01
1.909257851637237158e-01
1.830520033461590090e-01
1.757155362353644557e-01
1.688639419661329688e-01
1.624515342497699355e-01
1.564382956516744416e-01
1.507889977335357679e-01
1.454724842523037187e-01
1.404610832161430345e-01
1.357301212188066486e-01
1.312575194254534394e-01
1.270234551809510393e-01
1.230100767406710482e-01
1.192012613242279667e-01
1.155824087593796817e-01
1.121402645694562078e-01
1.088627675808912509e-01
1.057389180767645542e-01
1.027586632644925946e-01
9.991279741070177578e-02
9.719287446095473126e-02
9.459113133400612328e-02
9.210042038035504142e-02
8.971414973864473563e-02
8.742623052279308027e-02
8.523102993670997329e-02
8.312332954908477345e-02
8.109828807348262725e-02
7.915140809317022796e-02
7.727850624909948785e-02
7.547568647603150604e-02
7.373931592805516022e-02
7.206600328250416243e-02
7.045257915193360587e-02
6.889607836854358403e-02
6.739372393519124649e-02
6.594291246269569362e-02
6.454120093517086432e-02
6.318629466414092677e-02
6.187603630869463467e-02
6.060839585321835254e-02
5.938146144671768711e-02
5.819343101859451861e-02
5.704260459523471938e-02
5.592737725008273958e-02
5.484623262717390479e-02
5.379773698451514180e-02
5.278053370935896493e-02
5.179333826240542504e-02
5.083493351238296820e-02
4.990416542636470776e-02
4.899993908464743420e-02
4.812121499210188225e-02
4.726700566064465092e-02
4.643637243992937425e-02
4.562842257553662018e-02
4.484230647589260155e-02
4.407721517089574492e-02
4.333237794679481447e-02
4.260706014326854502e-02
4.190056109992132405e-02
4.121221224054537335e-02
4.054137528452528283e-02
3.988744057568609225e-02
3.924982551971920031e-02
3.862797312207708056e-02
3.802135061891118162e-02
3.742944819424531833e-02
3.685177777714066655e-02
3.628787191311826088e-02
3.573728270456788536e-02
3.519958081529560301e-02
3.467435453474611295e-02
3.416120889778804376e-02
3.365976485626630266e-02
3.316965849882468065e-02
3.269054031576239944e-02
3.222207450593604638e-02
3.176393832294298336e-02
3.131582145802528500e-02
3.087742545732380384e-02
3.044846317128251448e-02
3.002865823416515922e-02
2.961774457178905154e-02
2.921546593571793665e-02
2.882157546227860981e-02
2.843583525487880515e-02
2.805801598821326681e-02
2.768789653303493567e-02
2.732526360026720988e-02
2.696991140330722708e-02
2.662164133745240774e-02
2.628026167545218644e-02
2.594558727825133429e-02
2.561743932005375313e-02
2.529564502689148758e-02
2.498003742793537818e-02
2.467045511883432518e-02
2.436674203641383402e-02
2.406874724410523747e-02
2.377632472752187059e-02
2.348933319962534516e-02
2.320763591496854267e-02
2.293110049252753552e-02
2.265959874666559348e-02
2.239300652580068773e-02
2.213120355837229492e-02
2.187407330572850236e-02
2.162150282157482631e-02
2.137338261764903241e-02
2.112960653530515653e-02
2.089007162270632018e-02
2.065467801734632847e-02
2.042332883363449231e-02
2.019593005528846907e-02
1.997239043230669697e-02
1.975262138228801520e-02
1.953653689589315845e-02
1.932405344624536780e-02
1.911508990208310443e-02
1.890956744448519383e-02
1.870740948699995548e-02
1.850854159901798440e-02
1.831289143223769136e-02
1.812038865007959201e-02
1.793096485991346745e-02
1.774455354797018977e-02
