0.001845121160619
0.001820866607572
0.001808838197207
0.001809032308380
0.001821212218490
0.001844915398912
0.001879465738073
0.001923990291509
0.001977440068502
0.002038614292870
0.002106187521048
0.002178738963175
0.002254783331344
0.002332802531904
0.002411277524171
0.002488719684421
0.002563701040080
0.002634882773336
0.002701041435012
0.002761092357735
0.002814109811938
0.002859343508832
0.002896231121188
0.002924406565729
0.002943703869896
0.002954156530699
0.002955992363510
0.002949623933181
0.002935634757275
0.002914761569628
0.002887873029599
0.002855945355516
0.002820035447046
0.002781252137388
0.002740726279267
0.002699580415766
0.002658898815578
0.002619698660185
0.002582903156456
0.002549317311531
0.002519607047771
0.002494282255091
0.002473684277971
0.002457978217548
0.002447150298703
0.002441010411930
0.002439199794213
0.002441203666765
0.002446368504743
0.002453923479495
0.002463005491602
0.002472687106650
0.002482006618492
0.002489999399146
0.002495729652259
0.002498321669209
0.002496989693756
0.002491065532241
0.002480023100610
0.002463499175409
0.002441309711185
0.002413461198985
0.002380156667026
0.002341796062060
0.002298970895368
0.002252453187308
0.002203178895752
0.002152226163074
0.002100788860523
0.002050146044406
0.002001628062388
0.001956580157350
0.001916324507496
0.001882121712022
0.001855132778995
0.001836382693743
0.001826726640068
0.001826819911533
0.001837092484886
0.001857729132442
0.001888655825338
0.001929533026889
0.001979756297263
0.002038464431156
0.002104555133852
0.002176708013800
0.002253414438288
0.002333013570497
0.002413733688998
0.002493737692924
0.002571171525607
0.002644214114097
0.002711127328516
0.002770304419219
0.002820315395401
0.002859947868304
0.002888241995877
0.002904518331488
0.002908397593026
0.002899811623901
0.002879005105697
0.002846527893357
0.002803218166218
0.002750176909599
0.002688734549120
0.002620410840921
0.002546869363755
0.002469868152979
0.002391208153364
0.002312681241066
0.002236019571521
0.002162847948746
0.002094640784830
0.002032685031323
0.001978050224793
0.001931566506875
0.001893811167018
0.001865103926869
0.001845510853073
0.001834856464055
0.001832743299673
0.001838577962501
0.001851602426372
0.001870929249714
0.001895579233543
0.001924520029492
0.001956704231437
0.001991105572199
0.002026751988520
0.002062754505107
0.002098331111952
0.002132825057309
0.002165717239449
0.002196632641614
0.002225341004581
0.002251752159248
0.002275906638188
0.002297962342797
0.002318178156010
0.002336895456532
0.002354518508362
0.002371494670703
0.002388295301811
0.002405398121554
0.002423271658536
0.002442362246875
0.002463083863995
0.002485810923365
0.002510873963940
0.002538558019543
0.002569103313889
0.002602707816617
0.002639531116955
0.002679699027516
0.002723308322192
0.002770431038593
0.002821117834644
0.002875399976857
0.002933289649507
0.002994778403053
0.003059833700018
0.003128393659640
0.003200360241852
0.003275591239148
0.003353891555407
0.003435004337810
0.003518602587187
0.003604281900014
0.003691554989834
0.003779848596760
0.003868503321777
0.003956776820340
0.004043850661057
0.004128841005073
0.004210813096156
0.004288799377318
0.004361820874326
0.004428911317400
0.004489143317161
0.004541655776701
0.004585681615030
0.004620574803655
0.004645835682065
0.004661133522500
0.004666325360973
0.004661470199951
0.004646837816420
0.004622911573763
0.004590384831620
0.004550150768109
0.004503285665509
0.004451025954762
0.004394739556515
0.004335892286884
0.004276010305064
0.004216639758045
0.004159304916715
0.004105466190583
0.004056479449898
0.004013558070684
0.003977739049030
0.003949854406911
0.003930508936506
0.003920065109052
0.003918635715842
0.003926084522702
0.003942034916518
0.003965886215496
0.003996837016636
0.004033914677244
0.004076009784458
0.004121914268666
0.004170361672755
0.004220068006366
0.004269771597338
0.004318270402902
0.004364455359646
0.004407338529431
0.004446075031038
0.004479978024665
0.004508526326279
0.004531364557807
0.004548296072364
0.004559269216164
0.004564357785703
0.004563736796567
0.004557654886732
0.004546404822896
0.004530293656113
0.004509614079068
0.004484618471097
0.004455496981390
0.004422360801725
0.004385231526599
0.004344037202243
0.004298615340357
0.004248722832277
0.004194052360410
0.004134254581540
0.004068965065946
0.003997834730318
0.003920562312669
0.003836927312371
0.003746821764044
0.003650279232763
0.003547499509419
0.003438867645144
0.003324966185701
0.003206579741078
0.003084691340507
0.002960470365338
0.002835252206968
0.002710510149563
0.002587820312576
0.002468820792135
0.002355166400638
0.002248480609380
0.002150306441479
0.002062058135725
0.001984975403275
0.001920082028173
0.001868150422284
0.001829673540793
0.001804845304008
0.001793550364960
0.001795363722035
0.001809560314990
0.001835134374920
0.001870827938448
0.001915167597294
0.001966508249598
0.002023082360475
0.002083053036206
0.002144569076952
0.002205820102161
0.002265089843535
0.002320805772468
0.002371583369276
0.002416263544879
0.002453941983894
0.002483989481182
0.002506062680121
0.002520104976910
0.002526337717446
0.002525242167434
0.002517533068813
0.002504124893432
0.002486092156721
0.002464625350458
0.002440984187230
0.002416449915339
0.002392278459642
0.002369656072240
0.002349659040682
0.002333218806998
0.002321093607039
0.002313847457174
0.002311837006611
0.002315206451757
0.002323890387742
0.002337624164996
0.002355961038243
0.002378295152742
0.002403889217572
0.002431905575429
0.002461439297447
0.002491551911902
0.002521304416474
0.002549788321451
0.002576153619743
0.002599632770629
0.002619560007635
0.002635385525599
0.002646684355671
0.002653159987617
0.002654643034510
0.002651085445048
0.002642550944019
0.002629202514543
0.002611287821672
0.002589123512923
0.002563079317522
0.002533562804715
0.002501005557402
0.002465851377227
0.002428546969601
0.002389535371671
0.002349252193243
0.002308124550765
0.002266572397769
0.002225011800977
0.002183859587587
0.002143538702178
0.002104483565632
0.002067144725260
0.002031992124901
0.001999516403607
0.001970227747064
0.001944651960957
0.001923323602132
0.001906776182928
0.001895529646941
0.001890075491252
0.001890860071561
0.001898266764334
0.001912597766863
0.001934056386268
0.001962730698215
0.001998579443457
0.002041420975371
0.002090925976498
0.002146614530743
0.002207857975767
0.002273885774411
0.002343797442540
0.002416579362376
0.002491126104021
0.002566265682459
0.002640788001208
0.002713475584537
0.002783135584156
0.002848631968662
0.002908916768173
0.002963059254274
0.003010271986822
0.003049932752496
0.003081601552055
0.003105031959284
0.003120176368538
0.003127184862453
0.003126397658979
0.003118331328971
0.003103659203530
0.003083186605703
0.003057821735973
0.003028543207751
0.002996365361552
0.002962302579371
0.002927333870165
0.002892369001016
0.002858217405780
0.002825561014745
0.002794932017795
0.002766696403914
0.002741043917322
0.002717984842137
0.002697353781215
0.002678820339608
0.002661906368283
0.002646009178722
0.002630429913183
0.002614406057361
0.002597146919700
0.002577870781285
0.002555842347109
0.002530409106683
0.002501035241044
0.002467331793272
0.002429081948222
0.002386260439514
0.002339046311580
