4.193600906357425515e+02
4.264718578407637324e+02
4.337599002558597476e+02
4.412298845749537008e+02
4.488877004807105777e+02
4.567394710299296321e+02
4.647915635988418899e+02
4.730506014225726403e+02
4.815234757656145348e+02
4.902173587625406412e+02
4.991397169710544404e+02
5.082983256823932265e+02
5.177012840373120071e+02
5.273570309993689307e+02
5.372743622408702322e+02
5.474624480010286334e+02
5.579308519800356407e+02
5.686895513377534144e+02
5.797489578704708038e+02
5.911199404451006103e+02
6.028138487758722022e+02
6.148425386352441819e+02
6.272183985977981138e+02
6.399543784234886061e+02
6.530640191949868267e+02
6.665614853329636844e+02
6.804615986228753854e+02
6.947798743977006097e+02
7.095325600326933682e+02
7.247366759209683096e+02
7.404100591125773008e+02
7.565714098154027170e+02
7.732403409717575187e+02
7.904374311441458758e+02
8.081842809623672110e+02
8.265035734065686484e+02
8.454191382245750219e+02
8.649560208080839629e+02
8.851405558810936327e+02
9.060004463857280825e+02
9.275648479853581421e+02
9.498644596434501182e+02
9.729316207788433530e+02
9.968004155448702477e+02
1.021506784831534333e+03
1.047088646646745929e+03
1.073586025596128138e+03
1.101041192250695531e+03
1.129498813269495713e+03
1.159006113230554547e+03
1.189613049219334926e+03
1.221372499330709161e+03
1.254340466359372385e+03
1.288576298086409224e+03
1.324142925717885646e+03
1.361107122197458239e+03
1.399539782300350680e+03
1.439516226624893534e+03
1.481116531831414250e+03
1.524425889741713036e+03
1.569534998208669322e+03
1.616540486999975883e+03
1.665545382317771782e+03
1.716659614003463503e+03
1.770000569961567635e+03
1.825693702886511801e+03
1.883873195002121065e+03
1.944682687236285574e+03
2.008276080067117846e+03
2.074818414207677506e+03
2.144486840362705152e+03
2.217471688515687219e+03
2.293977648613836209e+03
2.374225076143975457e+03
2.458451437971281393e+03
2.546912915989884823e+03
2.639886188663250323e+03
2.737670413477428156e+03
2.840589436769470922e+03
2.948994261420797557e+03
3.063265807635731107e+03
3.183818007598699751e+03
3.311101281391597695e+03
3.445606449367091955e+03
3.587869145476836366e+03
3.738474807172364763e+03
3.898064330841340961e+03
4.067340497829894503e+03
4.247075295591725080e+03
4.438118282239433029e+03
4.641406171842820186e+03
4.857973853642341055e+03
5.088967102789491946e+03
5.335657295760149282e+03
5.599458513513918660e+03
5.881947504216429479e+03
6.184887090877458832e+03
6.510253755636194910e+03
6.860270322498495261e+03
7.237444908627099721e+03
7.644617640066839158e+03
8.085017056202219464e+03
8.562328690437707337e+03
9.080779052454130579e+03
9.645239197468083148e+03
1.026135330363933099e+04
1.093569924488861943e+04
1.167599008998392492e+04
1.249132780370099499e+04
1.339252314810278403e+04
1.439249877226674107e+04
1.550679548874467582e+04
1.675420430107866196e+04
1.815754808448157564e+04
1.974463568167684571e+04
2.154940564854675904e+04
2.361326414970061160e+04
2.598659753565091523e+04
2.873039941489932971e+04
3.191788744530278927e+04
3.563588825020828517e+04
3.998563159238338994e+04
4.508241224502192199e+04
5.105335382550793292e+04
5.803226466722424084e+04
6.615036149314709473e+04
7.552154106593457982e+04
8.622103550150388037e+04
9.825685977543296758e+04
1.115346168398825394e+05
1.258180705479124445e+05
1.406903799445671029e+05
1.555237098165703937e+05
1.694674719087540288e+05
1.814667846154844738e+05
1.903217843785228615e+05
1.947942397180469125e+05
1.937601257160730893e+05
1.863960038686021580e+05
1.723750320097123040e+05
1.520381309034658480e+05
1.265007385921274545e+05
9.765874060161216767e+04
6.807003603789633780e+04
4.070972529041412054e+04
1.862320934405476874e+04
4.526513828610606652e+03
4.201636670837886527e+02
7.286543395312516623e+03
2.492866573072215397e+04
5.198258016257565760e+04
8.610208904360976885e+04
1.242810976342911308e+05
1.632538499130592390e+05
1.999021545159590896e+05
2.316032379828032572e+05
2.564696757011830923e+05
2.734584247839722666e+05
2.823525402490647975e+05
2.836406633206645492e+05
2.783320303187653190e+05
2.677475953135894961e+05
2.533224339765033801e+05
2.364440034261930850e+05
2.183385767004739901e+05
2.000071801702132216e+05
1.822044391809985391e+05
1.654494605418822030e+05
1.500568597579394700e+05
1.361773342093750834e+05
1.238397095135009149e+05
1.129892208504641021e+05
1.035193117072438326e+05
9.529613290021070861e+04
8.817614754848454322e+04
8.201788816797558684e+04
7.668912950051063672e+04
7.207069608144897211e+04
6.805794664852067945e+04
6.456075692494116083e+04
6.150260951930336887e+04
5.881921871728291444e+04
5.645697566204974282e+04
5.437139361948172154e+04
5.252565775406130706e+04
5.088933241245059617e+04
4.943724527381431108e+04
4.814854692188995250e+04
4.700593256970770017e+04
4.599500691882288083e+04
4.510377132058078860e+04
4.432221298637370637e+04
4.364197788979085453e+04
4.305611149233749893e+04
4.255885404638184991e+04
4.214547971566679189e+04
4.181217096928347019e+04
4.155592160094928113e+04
4.137446330682509142e+04
4.126621205675788224e+04
4.123023156461542385e+04
4.126621205675775127e+04
4.137446330682484404e+04
4.155592160094890278e+04
4.181217096928296087e+04
4.214547971566616616e+04
4.255885404638107866e+04
4.305611149233657488e+04
4.364197788978977769e+04
4.432221298637246218e+04
4.510377132057936979e+04
4.599500691882126557e+04
4.700593256970585935e+04
4.814854692188787158e+04
4.943724527381195367e+04
5.088933241244792589e+04
5.252565775405828026e+04
5.437139361947828002e+04
5.645697566204579198e+04
5.881921871727837424e+04
6.150260951929808652e+04
6.456075692493499082e+04
6.805794664851343259e+04
7.207069608144043013e+04
7.668912950050059590e+04
8.201788816796382889e+04
8.817614754847093718e+04
9.529613290019525448e+04
1.035193117072267632e+05
1.129892208504459413e+05
1.238397095134825213e+05
1.361773342093577376e+05
1.500568597579249181e+05
1.654494605418724823e+05
1.822044391809956869e+05
2.000071801702192461e+05
2.183385767004904919e+05
2.364440034262209665e+05
2.533224339765427867e+05
2.677475953136398457e+05
2.783320303188253311e+05
2.836406633207327686e+05
2.823525402491395944e+05
2.734584247840523021e+05
2.564696757012668240e+05
2.316032379828888224e+05
1.999021545160439855e+05
1.632538499131402059e+05
1.242810976343642105e+05
8.610208904367101786e+04
5.198258016262161982e+04
2.492866573075047199e+04
7.286543395322133620e+03
4.201636670747157041e+02
4.526513828583444592e+03
1.862320934401026898e+04
4.070972529035309708e+04
6.807003603781992570e+04
9.765874060152246966e+04
1.265007385920280067e+05
1.520381309033617144e+05
1.723750320096097130e+05
1.863960038685076870e+05
1.937601257159924426e+05
1.947942397179841064e+05
1.903217843784796132e+05
1.814667846154603176e+05
1.694674719087466074e+05
1.555237098165762145e+05
1.406903799445822078e+05
1.258180705479330936e+05
1.115346168399055459e+05
9.825685977545593050e+04
8.622103550152527168e+04
7.552154106595351186e+04
6.615036149316327646e+04
5.803226466723773774e+04
5.105335382551900693e+04
4.508241224503092235e+04
3.998563159239070228e+04
3.563588825021426601e+04
3.191788744530772237e+04
2.873039941490345154e+04
2.598659753565440769e+04
2.361326414970360565e+04
2.154940564854936019e+04
1.974463568167913036e+04
1.815754808448359108e+04
1.675420430108044820e+04
1.550679548874627471e+04
1.439249877226817625e+04
1.339252314810407734e+04
1.249132780370216278e+04
1.167599008998498357e+04
1.093569924488958350e+04
1.026135330364020774e+04
9.645239197468885322e+03
9.080779052454865450e+03
8.562328690438382182e+03
8.085017056202837921e+03
7.644617640067410321e+03
7.237444908627626319e+03
6.860270322498981841e+03
6.510253755636646019e+03
6.184887090877877199e+03
5.881947504216818743e+03
5.599458513514279730e+03
5.335657295760485795e+03
5.088967102789806631e+03
4.857973853642635731e+03
4.641406171843095763e+03
4.438118282239690416e+03
4.247075295591967006e+03
4.067340497830120967e+03
3.898064330841553328e+03
3.738474807172564397e+03
3.587869145477024631e+03
3.445606449367268851e+03
3.311101281391764132e+03
3.183818007598857548e+03
3.063265807635879355e+03
2.948994261420937619e+03
2.840589436769603708e+03
2.737670413477554121e+03
2.639886188663369467e+03
2.546912915989997600e+03
2.458451437971388259e+03
2.374225076144076866e+03
2.293977648613932615e+03
2.217471688515778624e+03
2.144486840362792009e+03
2.074818414207759815e+03
2.008276080067196290e+03
1.944682687236360152e+03
1.883873195002192233e+03
1.825693702886580013e+03
1.770000569961632436e+03
1.716659614003525803e+03
1.665545382317831127e+03
1.616540487000032499e+03
1.569534998208723664e+03
1.524425889741765104e+03
1.481116531831464044e+03
1.439516226624941510e+03
1.399539782300396610e+03
1.361107122197502122e+03
1.324142925717927938e+03
1.288576298086449697e+03
1.254340466359411039e+03
1.221372499330746223e+03
1.189613049219370396e+03
1.159006113230589108e+03
1.129498813269528455e+03
1.101041192250727136e+03
1.073586025596158379e+03
1.047088646646774578e+03
1.021506784831562300e+03
9.968004155448968504e+02
9.729316207788691599e+02
9.498644596434751293e+02
9.275648479853821300e+02
9.060004463857511610e+02
8.851405558811156880e+02
8.649560208081052224e+02
8.454191382245953719e+02
8.265035734065884299e+02
8.081842809623863104e+02
7.904374311441640657e+02
7.732403409717751401e+02
7.565714098154197700e+02
7.404100591125937854e+02
7.247366759209842257e+02
7.095325600327087159e+02
6.947798743977153890e+02
6.804615986228895963e+02
6.665614853329775542e+02
6.530640191950001281e+02
6.399543784235014527e+02
6.272183985978106193e+02
6.148425386352562327e+02
6.028138487758840256e+02
5.911199404451119790e+02
5.797489578704817177e+02
5.686895513377638736e+02
5.579308519800458726e+02
5.474624480010384104e+02
5.372743622408796682e+02
5.273570309993781393e+02
5.177012840373208746e+02
5.082983256824018667e+02
4.991397169710627395e+02
4.902173587625487698e+02
4.815234757656222655e+02
4.730506014225801437e+02
4.647915635988492227e+02
4.567394710299367944e+02
4.488877004807176263e+02
4.412298845749604652e+02
4.337599002558663415e+02
4.264718578407700988e+02
