0.126668397993791
0.126662573443198
0.126605811226188
0.126501260692383
0.126355224437957
0.126176833007637
0.125977529415942
0.125770393096053
0.125569343703279
0.125388273561034
0.125240162879201
0.125136233826792
0.125085197944950
0.125092646310325
0.125160623591073
0.125287416170608
0.125467571513634
0.125692151712544
0.125949209560241
0.126224461455522
0.126502118838239
0.126765829468716
0.126999672371289
0.127189146143092
0.127322089868822
0.127389479139875
0.127386046484670
0.127310685490889
0.127166610460327
0.126961257843093
0.126705931094826
0.126415206068386
0.126106128661390
0.125797249310301
0.125507549267668
0.125255320784681
0.125057066894471
0.124926486212128
0.124873604021680
0.124904103122155
0.125018896884765
0.125213973351764
0.125480523761416
0.125805352498919
0.126171549095651
0.126559387478234
0.126947404103327
0.127313595699750
0.127636669723399
0.127897276773229
0.128079154365765
0.128170115641097
0.128162824565557
0.128055310578194
0.127851189778425
0.127559575890577
0.127194681471778
0.126775127191919
0.126322993536164
0.125862664032936
0.125419521259759
0.125018565734144
0.124683032845612
0.124433083925826
0.124284644310909
0.124248453977664
0.124329385410632
0.124526069358099
0.124830852810776
0.125230095764789
0.125704795069556
0.126231505899152
0.126783515086065
0.127332206604879
0.127848548651610
0.128304624627214
0.128675127298109
0.128938736650048
0.129079307423376
0.129086801740859
0.128957915126603
0.128696359894567
0.128312787537907
0.127824350451812
0.127253922093020
0.126629012536320
0.125980432397889
0.125340771420704
0.124742767963472
0.124217651683184
0.123793543538264
0.123493994768832
0.123336739860649
0.123332728013108
0.123485483848588
0.123790831727968
0.124236999911881
0.124805101852637
0.125469973078482
0.126201324389648
0.126965156313542
0.127725366749033
0.128445474107049
0.129090372491667
0.129628033829935
0.130031074408627
0.130278109860968
0.130354832915362
0.130254761640852
0.129979621818918
0.129539344641753
0.128951679313156
0.128241438410196
0.127439411168201
0.126580995353968
0.125704611367553
0.124849972069824
0.124056288139515
0.123360491266979
0.122795556126383
0.122388996955359
0.122161606009492
0.122126489606181
0.122288443518874
0.122643693820490
0.123180012661772
0.123877201691185
0.124707919652056
0.125638815855917
0.126631918373726
0.127646215444064
0.128639361173593
0.129569432357192
0.130396662276536
0.131085079596583
0.131603985773446
0.131929212388011
0.132044110089959
0.131940232853515
0.131617694428437
0.131085187608275
0.130359670624930
0.129465738035125
0.128434705366462
0.127303447089822
0.126113035824483
0.124907236810443
0.123730915454844
0.122628417142145
0.121641977560075
0.120810218698966
0.120166780674823
0.119739132914066
0.119547600373357
0.119604631730554
0.119914327259017
0.120472234763246
0.121265412858999
0.122272752336440
0.123465538612337
0.124808231563489
0.126259433486387
0.127773011637632
0.129299338810234
0.130786613677487
0.132182222130686
0.133434101457309
0.134492070834794
0.135309094117563
0.135842444128462
0.136054741486502
0.135914845270199
0.135398577398891
0.134489267391730
0.133178109026891
0.131464325274204
0.129355142625123
0.126865580515446
0.124018065854638
0.120841886670898
0.117372502485484
0.113650732176063
0.109721842711620
0.105634564177152
0.101440057896274
0.097190865152623
0.092939863966553
0.088739260577715
0.084639640711664
0.080689103388443
0.076932497007904
0.073410773793786
0.070160474498123
0.067213350688792
0.064596127119592
0.062330401787613
0.060432676503146
0.058914506324874
0.057782752236007
0.057039918130895
0.056684550700076
0.056711679267140
0.057113272127129
0.057878686502519
0.058995090859177
0.060447840950783
0.062220794475633
0.064296553478376
0.066656628414500
0.069281522889559
0.072150743239031
0.075242742070312
0.078534809391072
0.082002928760112
0.085621618809101
0.089363782327699
0.093200585761912
0.097101391384512
0.101033762556479
0.104963559472017
0.108855138689311
0.112671664773245
0.116375536740370
0.119928925963396
0.123294416049460
0.126435729251308
0.129318518497031
0.131911199407785
0.134185792957216
0.136118746910663
0.137691703012010
0.138892177145519
0.139714121407752
0.140158340133410
0.140232736316283
0.139952370382071
0.139339319681943
0.138422334122513
0.137236290739714
0.135821457456493
0.134222583432102
0.132487840022194
0.130667642157194
0.128813384682270
0.126976131702177
0.125205299107914
0.123547371156374
0.122044691214333
0.120734364607106
0.119647308026338
0.118807475295122
0.118231283645780
0.117927258251783
0.117895905806099
0.118129820701455
0.118614020091341
0.119326497034432
0.120238974272975
0.121317835168244
0.122525203085252
0.123820136224621
0.125159901647233
0.126501290097684
0.127801932242148
0.129021577098652
0.130123294726703
0.131074567605239
0.131848238485470
0.132423286760010
0.132785410425623
0.132927396402792
0.132849268166801
0.132558206187821
0.132068243407740
0.131399744728972
0.130578686079707
0.129635754872787
0.128605299413662
0.127524159861766
0.126430417542153
0.125362102585356
0.124355901906319
0.123445910304517
0.122662466894056
0.122031117107480
0.121571737155190
0.121297853105160
0.121216180766611
0.121326405459688
0.121621212725320
0.122086572318298
0.122702268717841
0.123442662204022
0.124277655630553
0.125173833730715
0.126095734477445
0.127007206015548
0.127872798293883
0.128659135997817
0.129336218901757
0.129878597434952
0.130266375100457
0.130485995332932
0.130530778256282
0.130401182344060
0.130104776845598
0.129655922595995
0.129075170997765
0.128388403026584
0.127625741538498
0.126820280414809
0.126006682681489
0.125219706249103
0.124492719984898
0.123856274201020
0.123336788188560
0.122955413141312
0.122727121822806
0.122660066893118
0.122755238308217
0.123006437121727
0.123400568931900
0.123918245761750
0.124534671006736
0.125220768901848
0.125944508386216
0.126672361852285
0.127370832538595
0.128007980621460
0.128554877603052
0.128986921449994
0.129284951016206
0.129436107336794
0.129434401007774
0.129280958539195
0.128983935648802
0.128558101234298
0.128024111465590
0.127407508309054
0.126737490100995
0.126045512862971
0.125363789336896
0.124723757784802
0.124154594174346
0.123681839355647
0.123326207304805
0.123102631717713
0.123019596602989
0.123078782608777
0.123275045307179
0.123596725318943
0.124026273803232
0.124541161281778
0.125115023795941
0.125718988715764
0.126323113725300
0.126897867047880
0.127415575130295
0.127851765874626
0.128186341000133
0.128404519959156
0.128497509572409
0.128462867592591
0.128304544033817
0.128032600518052
0.127662624246994
0.127214868668881
0.126713166680285
0.126183673575525
0.125653505347286
0.125149342922301
0.124696074233652
0.124315543625378
0.124025472088664
0.123838602562684
0.123762112488698
0.123797321620167
0.123939707513107
0.124179224970766
0.124500909845355
0.124885732841375
0.125311656094388
0.125754834989319
0.126190900469613
0.126596253343852
0.126949302005212
0.127231578531895
0.127428675129490
0.127530952921265
0.127533987639573
0.127438731137638
0.127251383046359
0.126982982512292
0.126648744927989
0.126267182098721
0.125859055654786
0.125446222110045
0.125050433331778
0.124692158047770
0.124389488289395
0.124157189466154
