0.003873462322217
0.003952021325195
0.004021907727991
0.004081313519493
0.004128584778109
0.004162257489678
0.004181090069492
0.004184091787904
0.004170546365432
0.004140030096327
0.004092423978686
0.004027919472182
0.003947017667729
0.003850521831352
0.003739523470546
0.003615382257775
0.003479700324076
0.003334291597801
0.003181147001594
0.003022396428148
0.002860268487087
0.002697049048534
0.002535039602631
0.002376516410085
0.002223691340278
0.002078675186224
0.001943444116746
0.001819809783653
0.001709393453877
0.001613604391608
0.001533622580827
0.001470385760423
0.001424580646636
0.001396638143666
0.001386732293459
0.001394782688867
0.001420460067926
0.001463194816803
0.001522188130433
0.001596425607682
0.001684693087112
0.001785594555305
0.001897571978576
0.002018926917747
0.002147843783045
0.002282414571377
0.002420664902062
0.002560581131023
0.002700138279893
0.002837328468486
0.002970189489850
0.003096833120288
0.003215472715622
0.003324449612980
0.003422257837373
0.003507566606810
0.003579240140789
0.003636354305891
0.003678209679737
0.003704340680629
0.003714520493774
0.003708761624419
0.003687312020594
0.003650646829912
0.003599455981457
0.003534627909945
0.003457229859352
0.003368485311160
0.003269749172302
0.003162481424603
0.003048219976492
0.002928553465846
0.002805094738596
0.002679455671272
0.002553223919554
0.002427942062994
0.002305089484641
0.002186067180405
0.002072185545216
0.001964655039853
0.001864579512394
0.001772951839142
0.001690651467968
0.001618443396609
0.001556978101948
0.001506791953441
0.001468307692473
0.001441834634882
0.001427568350251
0.001425589681405
0.001435863083008
0.001458234371401
0.001492428081459
0.001538044714226
0.001594558226630
0.001661314158629
0.001737528812619
0.001822289895036
0.001914559002880
0.002013176291211
0.002116867595172
0.002224254205848
0.002333865416969
0.002444153872804
0.002553513659256
0.002660300992567
0.002762857274609
0.002859534201656
0.002948720535386
0.003028870071536
0.003098530273765
0.003156370979274
0.003201212530229
0.003232052643412
0.003248091302513
0.003248752946252
0.003233705234152
0.003202873703226
0.003156451685296
0.003094904937384
0.003018970546702
0.002929649805704
0.002828194908504
0.002716089493307
0.002595023240425
0.002466860925254
0.002333606512691
0.002197363056184
0.002060289323431
0.001924554204773
0.001792290063832
0.001665546258293
0.001546244089022
0.001436134426409
0.001336759214069
0.001249417963310
0.001175140229811
0.001114664910448
0.001068427017687
0.001036552386353
0.001018860548422
0.001014875781269
0.001023846099438
0.001044769725413
0.001076428347202
0.001117426256046
0.001166234262609
0.001221237121183
0.001280783054930
0.001343233877390
0.001407014151659
0.001470657823681
0.001532850813130
0.001592468146098
0.001648604367818
0.001700596178116
0.001748036481981
0.001790779334897
0.001828935577289
0.001862859282737
0.001893125477167
0.001920499906982
0.001945901929084
0.001970361851901
0.001994974262416
0.002020849020747
0.002049061684997
0.002080605141946
0.002116344164413
0.002156974497582
0.002202987901174
0.002254644351389
0.002311952347057
0.002374657980395
0.002442243136403
0.002513932887720
0.002588711864016
0.002665349105451
0.002742430664788
0.002818399007317
0.002891598074262
0.002960322725213
0.003022871158204
0.003077598821929
0.003122972282345
0.003157621485327
0.003180388868007
0.003190373815015
0.003186971033206
0.003169901531648
0.003139235044231
0.003095402921458
0.003039200745857
0.002971780190285
0.002894629936371
0.002809545795258
0.002718590515813
0.002624044115482
0.002528345912930
0.002434029765016
0.002343654298755
0.002259730167110
0.002184646532743
0.002120599085454
0.002069521919339
0.002033025530721
0.002012343047849
0.002008286572386
0.002021215209055
0.002051015994867
0.002097098527611
0.002158403650667
0.002233426094995
0.002320250526401
0.002416600013355
0.002519895532496
0.002627324778526
0.002735918252782
0.002842630378567
0.002944423236613
0.003038350434154
0.003121638616845
0.003191764203295
0.003246523064659
0.003284091082292
0.003303073789356
0.003302543630286
0.003282063746730
0.003241697609783
0.003182004254609
0.003104019321782
0.003009222555690
0.002899492839048
0.002777052238485
0.002644400884169
0.002504244792549
0.002359418953338
0.002212808130719
0.002067267868514
0.001925548138108
0.001790221928912
0.001663620861108
0.001547779610451
0.001444390589365
0.001354769944540
0.001279835526726
0.001220097082028
0.001175658522659
0.001146231774048
0.001131161375975
0.001129458746436
0.001139844802106
0.001160799469354
0.001190616511631
0.001227462037706
0.001269435033761
0.001314628273755
0.001361188000244
0.001407370826936
0.001451596391830
0.001492494385128
0.001528944690843
0.001560109518356
0.001585456564358
0.001604772440685
0.001618165832558
0.001626060115418
0.001629175454758
0.001628500736221
0.001625256013348
0.001620846504618
0.001616809504063
0.001614755873096
0.001616308037360
0.001623036604184
0.001636397829320
0.001657674185301
0.001687920212309
0.001727915665839
0.001778127719336
0.001838683645635
0.001909355004535
0.001989553924799
0.002078341609349
0.002174448734953
0.002276306984005
0.002382090555604
0.002489766171734
0.002597149833790
0.002701968401719
0.002801923965009
0.002894758949530
0.002978319951228
0.003050618398551
0.003109886310215
0.003154625622790
0.003183649802946
0.003196116722202
0.003191552048921
0.003169862695628
0.003131340143218
0.003076653741859
0.003006834356456
0.002923248977761
0.002827567153571
0.002721720302727
0.002607855152181
0.002488282678500
0.002365424034372
0.002241754993247
0.002119750448015
0.002001830451174
0.001890309185350
0.001787348108183
0.001694914330769
0.001614745073092
0.001548318803925
0.001496833428616
0.001461191648207
0.001441993389108
0.001439535004058
0.001453814779872
0.001484544160179
0.001531164003342
0.001592865145404
0.001668612520603
0.001757172101351
0.001857139947726
0.001966972695596
0.002085018855236
0.002209550333028
0.002338793624137
0.002470960152921
0.002604275261716
0.002737005371250
0.002867482862198
0.002994128263196
0.003115469381160
0.003230157079287
0.003336977498527
0.003434860629060
0.003522885265811
0.003600280519897
0.003666424197472
0.003720838488363
0.003763183518331
0.003793249400472
0.003810947464584
0.003816301342466
0.003809438539663
0.003790583031860
0.003760049292380
0.003718237995366
0.003665633459348
0.003602802711806
0.003530395881819
0.003449147478509
0.003359877999906
0.003263495248599
0.003160994712370
0.003053458400503
0.002942051606248
0.002828017185702
0.002712667092688
0.002597371075755
0.002483542613739
0.002372622327589
0.002266059246853
0.002165290420376
0.002071719436499
0.001986694455950
0.001911486361660
0.001847267598031
0.001795092214212
0.001755877549790
0.001730387915765
0.001719220537234
0.001722793944164
0.001741338928686
0.001774892134745
0.001823292309941
0.001886179228595
0.001962995286679
0.002052989768649
0.002155225788432
0.002268589906726
0.002391804419617
0.002523442296137
0.002661944712377
0.002805641087036
0.002952771468705
0.003101511061450
0.003249996605802
0.003396354261379
0.003538728569344
0.003675312011911
0.003804374635709
0.003924293168747
0.004033579038742
0.004130904694692
0.004215127643688
