0.077172071040961
0.077448082940084
0.077686061630760
0.077874133261300
0.078002810556693
0.078065468582439
0.078058678241844
0.077982381364649
0.077839899305937
0.077637775360308
0.077385459573774
0.077094852284559
0.076779729559986
0.076455079290739
0.076136380797755
0.075838863224347
0.075576778639576
0.075362724671112
0.075207048707025
0.075117361426433
0.075098181877399
0.075150729810536
0.075272873830104
0.075459236493915
0.075701450135115
0.075988550235660
0.076307486966437
0.076643730293853
0.076981940054875
0.077306669778476
0.077603071871610
0.077857572114141
0.078058483175308
0.078196529966721
0.078265263919964
0.078261348509157
0.078184704281456
0.078038508036917
0.077829047324934
0.077565437808588
0.077259217012760
0.076923833261937
0.076574053008216
0.076225313070252
0.075893046421247
0.075592011003958
0.075335650596275
0.075135515042135
0.075000764294105
0.074937776830172
0.074949878294826
0.075037200893504
0.075196678382572
0.075422175698327
0.075704746611374
0.076033007518164
0.076393610807476
0.076771797351412
0.077152004713401
0.077518505739170
0.077856051352167
0.078150491614614
0.078389350395176
0.078562331217270
0.078661734925600
0.078682773551034
0.078623769004107
0.078486229802637
0.078274803754038
0.077997109188457
0.077663451807448
0.077286438325147
0.076880501707181
0.076461355853171
0.076045399943290
0.075649094323897
0.075288330711701
0.074977819641000
0.074730517475201
0.074557113979530
0.074465599450067
0.074460927772079
0.074544788608798
0.074715498283405
0.074968014908059
0.075294079042866
0.075682476755263
0.076119417528534
0.076589015178442
0.077073855927488
0.077555634207950
0.078015833765848
0.078436429357651
0.078800582893340
0.079093307383210
0.079302072560578
0.079417327610010
0.079432919019336
0.079346385136033
0.079159113438862
0.078876351682763
0.078507069745073
0.078063674966287
0.077561589785152
0.077018706249475
0.076454737273845
0.075890489061260
0.075347082682752
0.074845155234511
0.074404072134150
0.074041181906128
0.073771143235696
0.073605351203051
0.073551485571301
0.073613198978329
0.073789957107616
0.074077036656601
0.074465680475080
0.074943402908137
0.075494432435661
0.076100273415951
0.076740364337738
0.077392806636751
0.078035135956525
0.078645106782931
0.079201461651246
0.079684657547458
0.080077524584079
0.080365835364041
0.080538767461678
0.080589245935317
0.080514157523143
0.080314432949896
0.079994998390119
0.079564601423214
0.079035520637587
0.078423171292599
0.077745622062164
0.077023039832757
0.076277080813927
0.075530246871028
0.074805226059094
0.074124235888605
0.073508386961807
0.072977083356678
0.072547474576252
0.072233972088290
0.072047841509953
0.071996879390543
0.072085181350127
0.072313006074063
0.072676737370188
0.073168944192711
0.073778536252572
0.074491010600222
0.075288782421096
0.076151591270349
0.077056972140956
0.077980779160916
0.078897748404786
0.079782085333180
0.080608061785794
0.081350607283023
0.081985879658512
0.082491800753643
0.082848544039847
0.083038962562211
0.083048947466006
0.082867709509024
0.082487978296674
0.081906116415390
0.081122148091368
0.080139704376193
0.078965889075451
0.077611071619000
0.076088614764780
0.074414546391359
0.072607185645215
0.070686734361983
0.068674844987469
0.066594176208725
0.064467947202138
0.062319500855260
0.060171885565102
0.058047464299900
0.055967558572074
0.053952133839272
0.052019531653071
0.050186252629249
0.048466793031981
0.046873536455253
0.045416700755705
0.044104339050552
0.042942392255344
0.041934789318256
0.041083590037620
0.040389164162783
0.039850399417893
0.039464930202213
0.039229378059734
0.039139594624597
0.039190897680464
0.039378291254578
0.039696661318874
0.040140939690947
0.040706230095949
0.041387892023554
0.042181579928012
0.043083237391018
0.044089047998952
0.045195346770970
0.046398497902653
0.047694746255958
0.049080051336251
0.050549913375667
0.052099201537405
0.053721994144298
0.055411440224163
0.057159650591094
0.058957625211888
0.060795221829554
0.062661168839089
0.064543123352511
0.066427773370766
0.068300981113798
0.070147962946528
0.071953500056537
0.073702173140969
0.075378613868372
0.076967765787986
0.078455147627548
0.079827112489657
0.081071097244827
0.082175857334426
0.083131683142313
0.083930594979411
0.084566514472499
0.085035410699305
0.085335419733439
0.085466936349886
0.085432676518028
0.085237709024418
0.084889454193429
0.084397647297805
0.083774263967701
0.083033404809377
0.082191136616221
0.081265288059372
0.080275198621162
0.079241420789141
0.078185377135189
0.077128975802873
0.076094190025624
0.075102609481274
0.074174973419965
0.073330697437908
0.072587407366054
0.071960494868760
0.071462709893227
0.071103804995895
0.070890245753935
0.070824999946237
0.070907415998497
0.071133198411685
0.071494484648766
0.071980024387032
0.072575458319243
0.073263689982831
0.074025340589253
0.074839273681012
0.075683173807020
0.076534161394671
0.077369424691429
0.078166849094008
0.078905624384558
0.079566811318371
0.080133850590699
0.080592999357950
0.080933683086751
0.081148753426839
0.081234645919599
0.081191434535852
0.081022783166793
0.080735797168503
0.080340780799679
0.079850908831366
0.079281822703638
0.078651163333995
0.077978054037447
0.077282548003398
0.076585055401636
0.075905765475379
0.075264078940194
0.074678065658528
0.074163961911776
0.073735720652561
0.073404626894089
0.073178988884718
0.073063913930330
0.073061175676103
0.073169177362759
0.073383013062114
0.073694626218032
0.074093062032005
0.074564807412162
0.075094209438046
0.075663960678271
0.076255637336523
0.076850274195947
0.077428958779375
0.077973426127695
0.078466635188154
0.078893308042624
0.079240414111111
0.079497583026787
0.079657432055605
0.079715796657243
0.079671855960528
0.079528148440217
0.079290476801712
0.078967704865495
0.078571452950426
0.078115701745556
0.077616317804955
0.077090516486346
0.076556280289300
0.076031752062793
0.075534623400234
0.075081538703047
0.074687534876054
0.074365535446249
0.074125916117650
0.073976156452220
0.073920589577111
0.073960258649007
0.074092885352076
0.074312952066985
0.074611895628143
0.074978406889920
0.075398826755569
0.075857625989847
0.076337953140424
0.076822232333167
0.077292790675099
0.077732493581095
0.078125365608781
0.078457174398024
0.078715956104765
0.078892462307732
0.078980510737757
0.078977225289272
0.078883154545792
0.078702262376877
0.078441788902109
0.078111985098804
0.077725729361992
0.077298039199277
0.076845495744283
0.076385602688794
0.075936104368175
0.075514289915730
0.075136311494362
0.074816544528662
0.074567016561046
0.074396928862764
0.074312291324859
0.074315686573139
0.074406173885124
0.074579337569844
0.074827478270494
0.075139939452119
0.075503555433363
0.075903201994121
0.076322426095372
0.076744127799873
0.077151265248316
0.077527552630273
0.077858121533219
0.078130117828702
0.078333209270099
0.078459983078813
0.078506217781823
0.078471019189904
0.078356816402713
0.078169219812397
0.077916748971884
0.077610443634336
0.077263376022236
0.076890086253289
0.076505965688252
0.076126614677687
0.075767201729883
0.075441850513679
0.075163079410925
0.074941315651861
0.074784502547650
0.074697814151673
0.074683487027849
0.074740773883478
0.074866018840205
0.075052849266682
