0.040754455057613
0.040565574742487
0.040378190183011
0.040195500369221
0.040020560062466
0.039856241060866
0.039705198916081
0.039569844659681
0.039452320992743
0.039354482354939
0.039277878314585
0.039223739800623
0.039192967820559
0.039186124462209
0.039203426147908
0.039244739283159
0.039309578603712
0.039397108662699
0.039506149001475
0.039635183605120
0.039782375249784
0.039945585300763
0.040122399417119
0.040310159463811
0.040506001731625
0.040706901327560
0.040909722334759
0.041111273064599
0.041308365448190
0.041497877354663
0.041676816393550
0.041842383571221
0.041992035038197
0.042123540094187
0.042235033617213
0.042325061155327
0.042392615063946
0.042437160285454
0.042458648643648
0.042457520854408
0.042434695823833
0.042391547202025
0.042329867569943
0.042251821042537
0.042159885458593
0.042056785681854
0.041945419846299
0.041828780630290
0.041709873831551
0.041591636632274
0.041476857988697
0.041368103552436
0.041267647434221
0.041177412958989
0.041098924339997
0.041033270924938
0.040981085345078
0.040942536534640
0.040917338186978
0.040904772780482
0.040903730844526
0.040912764648255
0.040930154988221
0.040953989232984
0.040982248265700
0.041012899465935
0.041043992411591
0.041073753588002
0.041100676096118
0.041123600190088
0.041141780482101
0.041154935861902
0.041163278616261
0.041167519915310
0.041168849758961
0.041168890630016
0.041169625443317
0.041173301852835
0.041182316501837
0.041199084278546
0.041225898963446
0.041264792712527
0.041317402506451
0.041384851916284
0.041467656224436
0.041565658060148
0.041677999268359
0.041803132779831
0.041938875885048
0.042082503673051
0.042230878652030
0.042380609917807
0.042528232885108
0.042670398743084
0.042804061614626
0.042926651021174
0.043036217757773
0.043131542678571
0.043212200120625
0.043278570623550
0.043331801040218
0.043373713834619
0.043406671049856
0.043433401814026
0.043456805059494
0.043479741124150
0.043504826902433
0.043534249116261
0.043569609065586
0.043611809970434
0.043660994893435
0.043716539471812
0.043777099584795
0.043840709963326
0.043904925945174
0.043966997398329
0.044024061536632
0.044073340118965
0.044112326453031
0.044138948714923
0.044151698247117
0.044149714521988
0.044132822095037
0.044101518811789
0.044056918442565
0.044000654474280
0.043934754696779
0.043861498250453
0.043783267797584
0.043702409377276
0.043621111331639
0.043541311567464
0.043464639538144
0.043392395950328
0.043325569610195
0.043264887329493
0.043210889702603
0.043164023098690
0.043124736588343
0.043093571874768
0.043071234681344
0.043058637437737
0.043056905408262
0.043067341455153
0.043091348208669
0.043130310269613
0.043185442920597
0.043257617387687
0.043347175703400
0.043453750431689
0.043576105722593
0.043712016218706
0.043858199150342
0.044010312515373
0.044163028604282
0.044310187442383
0.044445029201129
0.044560498576924
0.044649607914520
0.044705839881846
0.044723565236457
0.044698447120502
0.044627800817824
0.044510877381574
0.044349041277300
0.044145816338545
0.043906780892892
0.043639301696289
0.043352106928660
0.043054710380039
0.042756711349405
0.042467006810831
0.042192963117769
0.041939602949247
0.041708868451376
0.041499022841484
0.041304249594273
0.041114500488011
0.040915631366575
0.040689847953997
0.040416464293737
0.040072954561317
0.039636256570274
0.039084263885975
0.038397424764906
0.037560351759278
0.036563337169021
0.035403667647837
0.034086636792709
0.032626167555927
0.031044976337820
0.029374236605890
0.027652730288595
0.025925508039130
0.024242112503064
0.022654449582170
0.021214419056482
0.019971435744593
0.018969984002478
0.018247350696087
0.017831674406347
0.017740431822127
0.017979457039732
0.018542557453557
0.019411753258576
0.020558128827742
0.021943246090881
0.023521035210930
0.025240048775898
0.027045944421819
0.028884048712488
0.030701852974518
0.032451299626666
0.034090734619141
0.035586426510286
0.036913583501406
0.038056834082580
0.039010172269478
0.039776402192154
0.040366146688778
0.040796508593001
0.041089490131186
0.041270284423590
0.041365553322267
0.041401798167897
0.041403915532932
0.041394010131412
0.041390513632848
0.041407633098627
0.041455128139446
0.041538393484427
0.041658804970811
0.041814273119671
0.041999940104112
0.042208953201490
0.042433250444674
0.042664301438225
0.042893757156528
0.043113975760433
0.043318405739538
0.043501821725053
0.043660420979477
0.043791798936049
0.043894829600675
0.043969480824067
0.044016595398651
0.044037666915494
0.044034634847408
0.044009717088579
0.043965290951256
0.043903826181567
0.043827866635385
0.043740051458490
0.043643162388601
0.043540181399174
0.043434342404100
0.043329162027511
0.043228437251333
0.043136201709180
0.043056637053577
0.042993940715414
0.042952156050139
0.042934974929399
0.042945525976952
0.042986163650094
0.043058274124819
0.043162113449681
0.043296691777049
0.043459714824428
0.043647590281623
0.043855502916114
0.044077557908304
0.044306987737324
0.044536413986548
0.044758151967937
0.044964543261973
0.045148299281212
0.045302837892855
0.045422595037401
0.045503294169361
0.045542158190078
0.045538051265222
0.045491541400140
0.045404878723377
0.045281888903442
0.045127785766414
0.044948911740323
0.044752418964299
0.044545907508106
0.044337039912886
0.044133152986053
0.043940888314886
0.043765862225135
0.043612393901990
0.043483307194100
0.043379817404061
0.043301509374266
0.043246407711967
0.043211134411832
0.043191143797934
0.043181019982270
0.043174818250930
0.043166429208953
0.043149943325157
0.043119993805361
0.043072057466416
0.043002696358418
0.042909727064661
0.042792309594070
0.042650953207209
0.042487441993241
0.042304688151227
0.042106525366003
0.041897458106298
0.041682384891977
0.041466314456265
0.041254093250017
0.041050160984299
0.040858348064530
0.040681725090804
0.040522510395825
0.040382037203028
0.040260777751444
0.040158417962210
0.040073973174523
0.040005933346675
0.039952425008496
0.039911377185773
0.039880679430591
0.039858321844133
0.039842509369988
0.039831745425457
0.039824882866430
0.039821143093002
0.039820106568919
0.039821679962745
0.039826046394696
0.039833605828272
0.039844912486010
0.039860615363410
0.039881406588859
0.039907980695561
0.039941006023972
0.039981107656337
0.040028859683196
0.040084783371852
0.040149347064216
0.040222963441112
0.040305980162008
0.040398660778675
0.040501154134495
0.040613452064252
0.040735336941115
0.040866322304671
0.041005591275980
0.041151938570561
0.041303722537656
0.041458833705430
0.041614685767295
0.041768233825890
0.041916023089516
0.042054269205914
0.042178969169391
0.042286039420846
0.042371475556088
0.042431526139776
0.042462871644626
0.042462798620440
0.042429358926443
0.042361504266979
0.042259187339192
0.042123422567706
0.041956301558314
0.041760960908313
0.041541502699115
0.041302870689357
0.041050687747095
0.040791062244942
0.040530372854095
0.040275042308297
0.040031311203427
0.039805022733042
0.039601428459114
0.039425023845612
0.039279420440733
0.039167259408966
0.039090168731852
0.039048763968585
0.039042690143875
0.039070700247415
0.039130764102545
0.039220200079585
0.039335821348316
0.039474088107029
0.039631257481832
0.039803523517888
0.039987140815740
0.040178526811606
0.040374339356899
0.040571528008504
0.040767359186623
