0.039224524293107
0.039390358963109
0.039555553796280
0.039716151408566
0.039868284238892
0.040008252624541
0.040132601262959
0.040238192848744
0.040322277515390
0.040382556577341
0.040417238978583
0.040425088826014
0.040405462431443
0.040358333412336
0.040284304609379
0.040184605864341
0.040061077054402
0.039916136185020
0.039752732784572
0.039574287300683
0.039384617649740
0.039187854497425
0.038988347231050
0.038790562908169
0.038598980718295
0.038417984666885
0.038251757278477
0.038104177117910
0.037978722847343
0.037878386377377
0.037805597440332
0.037762161621495
0.037749213539890
0.037767186483976
0.037815799390284
0.037894061614452
0.038000295494421
0.038132176254350
0.038286788354452
0.038460696965676
0.038650032848178
0.038850588547923
0.039057923505888
0.039267475408166
0.039474674901691
0.039675060667467
0.039864391788312
0.040038754376832
0.040194659545369
0.040329130004183
0.040439772865484
0.040524836603998
0.040583250571372
0.040614645969824
0.040619357745054
0.040598407441522
0.040553467654556
0.040486809291633
0.040401233397325
0.040299989781028
0.040186685093495
0.040065183309853
0.039939501779253
0.039813706085276
0.039691806922450
0.039577662034059
0.039474885981929
0.039386770142516
0.039316214862907
0.039265675186860
0.039237120999509
0.039232011866350
0.039251286284495
0.039295364547965
0.039364163977200
0.039457124895855
0.039573245470013
0.039711123365319
0.039869002129277
0.040044820265699
0.040236261126906
0.040440801992074
0.040655761008167
0.040878341021091
0.041105669695128
0.041334835684312
0.041562920957345
0.041787029667772
0.042004314187130
0.042211999069172
0.042407403781896
0.042587965030443
0.042751259402946
0.042895026912860
0.043017195799343
0.043115908698711
0.043189550033910
0.043236774204464
0.043256533915190
0.043248107774480
0.043211126135740
0.043145594058408
0.043051910233270
0.042930880751846
0.042783726698229
0.042612084697142
0.042417999754228
0.042203909961449
0.041972622898551
0.041727283827092
0.041471336033344
0.041208473918833
0.040942589652731
0.040677714381635
0.040417955135088
0.040167428667731
0.039930193541928
0.039710181780776
0.039511131414741
0.039336521210697
0.039189508815230
0.039072873469453
0.038988964364404
0.038939655607265
0.038926308660798
0.038949743001828
0.039010215618705
0.039107409830833
0.039240433763934
0.039407828651130
0.039607586951390
0.039837180083933
0.040093595371836
0.040373381574281
0.040672702170516
0.040987395347256
0.041313039444035
0.041645022437990
0.041978613911078
0.042309037848602
0.042631544576969
0.042941480167276
0.043234351713703
0.043505887042300
0.043752087613707
0.043969273645900
0.044154120789801
0.044303688028050
0.044415436819114
0.044487241857430
0.044517394146561
0.044504597368381
0.044447958760095
0.044346975868588
0.044201520627484
0.044011822190644
0.043778449855366
0.043502297223781
0.043184568491225
0.042826767430201
0.042430689276452
0.041998415341502
0.041532309797583
0.041035017730813
0.040509463260403
0.039958846297240
0.039386636382289
0.038796562016918
0.038192593980859
0.037578921329825
0.036959919067889
0.036340106886907
0.035724098837682
0.035116544320909
0.034522061331942
0.033945163430911
0.033390182406892
0.032861189030650
0.032361914616665
0.031895676318206
0.031465309141470
0.031073107576162
0.030720779498444
0.030409414614482
0.030139469194204
0.029910768218260
0.029722525356390
0.029573380447522
0.029461453399003
0.029384412704040
0.029339556130653
0.029323900597208
0.029334277848084
0.029367432300362
0.029420117361977
0.029489186627576
0.029571676634683
0.029664878294540
0.029766394675719
0.029874183483669
0.029986583310011
0.030102323482854
0.030220518094041
0.030340645473049
0.030462514985937
0.030586223532410
0.030712104473036
0.030840671928208
0.030972563445289
0.031108483933874
0.031249153532212
0.031395261708793
0.031547429445278
0.031706180818125
0.031871924726091
0.032044946929784
0.032225412006826
0.032413374308892
0.032608796557942
0.032811574357134
0.033021564630555
0.033238615853318
0.033462597892430
0.033693429346971
0.033931100446610
0.034175689829244
0.034427373857518
0.034686427532884
0.034953216506105
0.035228180144427
0.035511806077776
0.035804597088962
0.036107031616896
0.036419519489678
0.036742354780930
0.037075667875495
0.037419378931012
0.037773154924672
0.038136372379280
0.038508087673131
0.038887016562366
0.039271524194692
0.039659626485467
0.040049003280141
0.040437023261714
0.040820780100208
0.041197138904635
0.041562791646945
0.041914319899425
0.042248262976073
0.042561189404218
0.042849769579624
0.043110847476259
0.043341509385288
0.043539147836769
0.043701519098567
0.043826792933648
0.043913593611744
0.043961031496051
0.043968724843354
0.043936811751582
0.043865952450104
0.043757322346571
0.043612596414763
0.043433925629659
0.043223906231340
0.042985542633502
0.042722204793067
0.042437580833477
0.042135625675374
0.041820506383575
0.041496544896942
0.041168158774409
0.040839800570859
0.040515896453315
0.040200784681329
0.039898654604077
0.039613486867095
0.039348995569251
0.039108573159736
0.038895238909538
0.038711591825675
0.038559768893428
0.038441409526350
0.038357627071380
0.038308988153273
0.038295500546570
0.038316610133615
0.038371207344568
0.038457643282567
0.038573755518703
0.038716903303565
0.038884011693003
0.039071623835103
0.039275960424052
0.039492985106266
0.039718474436446
0.039948090837159
0.040177456924611
0.040402229532513
0.040618171799578
0.040821221784433
0.041007556231003
0.041173648319881
0.041316318495021
0.041432777735455
0.041520662931088
0.041578064301662
0.041603545050532
0.041596153653468
0.041555429334480
0.041481401366802
0.041374582854771
0.041235959604158
0.041066974583369
0.040869508330069
0.040645855485787
0.040398697466226
0.040131071119750
0.039846333112110
0.039548119719916
0.039240301732042
0.038926934253628
0.038612201381119
0.038300355960532
0.037995654939325
0.037702291153122
0.037424322725845
0.037165601576994
0.036929702794317
0.036719856818108
0.036538886474076
0.036389150871105
0.036272498042999
0.036190227963091
0.036143067210099
0.036131156133849
0.036154048887908
0.036210726194662
0.036299620220591
0.036418650497983
0.036565269462997
0.036736515911344
0.036929074516698
0.037139339518371
0.037363480759829
0.037597510434572
0.037837349149766
0.038078890223354
0.038318061456632
0.038550883939922
0.038773527724792
0.038982364407198
0.039174016794371
0.039345405864172
0.039493795168696
0.039616832692434
0.039712589966137
0.039779597984107
0.039816879203157
0.039823974646095
0.039800964921275
0.039748483829073
0.039667723177645
0.039560427488105
0.039428877439314
0.039275861181580
0.039104633025338
0.038918859465615
0.038722553010419
0.038519994811074
0.038315647613147
0.038114061026363
0.037919771521804
0.037737199880246
0.037570549018298
0.037423705197879
0.037300145575761
0.037202854877413
0.037134253693742
0.037096140517352
0.037089649177266
0.037115222821616
0.037172605061184
0.037260848347358
0.037378339138145
0.037522838924917
0.037691539765809
0.037881132610436
0.038087886411756
0.038307735807314
0.038536375013163
0.038769355505994
0.039002185067126
0.039230425819261
0.039449788996302
0.039656224341075
0.039846002218936
0.040015786761214
0.040162698606018
0.040284366080525
