0.055248010276465
0.055257175397441
0.055270686094545
0.055288234742105
0.055309548347594
0.055334392550956
0.055362570997371
0.055393920537003
0.055428302927112
0.055465593880782
0.055505670415528
0.055548397501798
0.055593614997163
0.055641125781949
0.055690685894235
0.055741997306938
0.055794703808914
0.055848390258024
0.055902585278877
0.055956767292683
0.056010373600403
0.056062812100640
0.056113475115189
0.056161754720380
0.056207058941502
0.056248828158759
0.056286551093041
0.056319779783551
0.056348143031972
0.056371357863800
0.056389238641922
0.056401703555847
0.056408778298929
0.056410596832926
0.056407399222771
0.056399526604174
0.056387413422276
0.056371577151845
0.056352605778424
0.056331143385748
0.056307874256901
0.056283505953943
0.056258751890773
0.056234313954093
0.056210865753777
0.056189037093130
0.056169400237631
0.056152458524787
0.056138637795610
0.056128281039273
0.056121646528034
0.056118909582504
0.056120167952988
0.056125450637956
0.056134729793966
0.056147935232251
0.056164970855134
0.056185732270114
0.056210124738864
0.056238080579081
0.056269575143002
0.056304640548772
0.056343376437772
0.056385957167719
0.056432635020350
0.056483739193947
0.056539670553692
0.056600892314759
0.056667917022384
0.056741290359039
0.056821572442212
0.056909317370588
0.057005051827788
0.057109253560541
0.057222330514404
0.057344601339904
0.057476277882181
0.057617450146702
0.057768074101628
0.057927962543534
0.058096779126080
0.058274035538308
0.058459091726048
0.058651158979830
0.058849305666818
0.059052465361575
0.059259447127826
0.059468947716332
0.059679565466839
0.059889815728757
0.060098147639680
0.060302962117740
0.060502630928596
0.060695516677777
0.060879993552712
0.061054468596643
0.061217403240833
0.061367334755950
0.061502897213375
0.061622841478584
0.061726053698660
0.061811571701268
0.061878598699922
0.061926513705890
0.061954878085388
0.061963437774696
0.061952120776494
0.061921029706591
0.061870429337419
0.061800729286918
0.061712462219866
0.061606258152709
0.061482815670236
0.061342871059841
0.061187166533530
0.061016418826758
0.060831289526100
0.060632358476390
0.060420101547834
0.060194873903748
0.059956899703727
0.059706268913055
0.059442941579060
0.059166759594455
0.058877465614624
0.058574728449863
0.058258173934549
0.057927420001670
0.057582114478991
0.057221973984681
0.056846822243163
0.056456626168632
0.056051528171342
0.055631873322322
0.055198230253293
0.054751404954448
0.054292446945355
0.053822647614972
0.053343530837561
0.052856836256131
0.052364495871125
0.051868604770290
0.051371386981359
0.050875157521786
0.050382281762733
0.049895133224281
0.049416050884061
0.048947297021951
0.048491016548663
0.048049198684568
0.047623641773471
0.047215921938373
0.046827366213939
0.046459030722155
0.046111684390260
0.045785798638299
0.045481543382311
0.045198789602461
0.044937118609336
0.044695838003396
0.044474004162161
0.044270450909577
0.044083823827340
0.043912619466297
0.043755228517059
0.043609981813417
0.043475197881496
0.043349230622718
0.043230515639623
0.043117613688314
0.043009249775416
0.042904346513600
0.042802050507551
0.042701750758143
0.042603088339788
0.042505956915105
0.042410493990204
0.042317063169306
0.042226228023978
0.042138718534212
0.042055391370097
0.041977185548987
0.041905075210178
0.041840021385879
0.041782924705081
0.041734580940693
0.041695641198823
0.041666578355321
0.041647661076026
0.041638936425004
0.041640221684900
0.041651105603457
0.041670958861288
0.041698953149325
0.041734087871859
0.041775223172226
0.041821117730134
0.041870469615163
0.041921958407968
0.041974286821439
0.042026220164994
0.042076622187058
0.042124486089558
0.042168959815809
0.042209365048733
0.042245209698129
0.042276193982345
0.042302210501737
0.042323338942914
0.042339836232110
0.042352123066894
0.042360767796352
0.042366468594944
0.042370034792962
0.042372368098774
0.042374444289503
0.042377295772963
0.042381995249840
0.042389640545437
0.042401340546039
0.042418202074760
0.042441317480186
0.042471752689653
0.042510535495215
0.042558643889422
0.042616994342506
0.042686430003973
0.042767708910640
0.042861492380862
0.042968333862937
0.043088668577645
0.043222804345478
0.043370914015046
0.043533029908802
0.043709040675843
0.043898690890404
0.044101583661492
0.044317186427173
0.044544840000370
0.044783770815848
0.045033106205086
0.045291892401419
0.045559114857233
0.045833720342788
0.046114640197381
0.046400814022923
0.046691213052066
0.046984862392179
0.047280861346113
0.047578401043576
0.047876778684281
0.048175407795724
0.048473824042446
0.048771686286020
0.049068772780008
0.049364972583991
0.049660272486473
0.049954739927619
0.050248502598827
0.050541725556277
0.050834586810270
0.051127252432984
0.051419852258400
0.051712457225988
0.052005059344344
0.052297555124925
0.052589733165773
0.052881266359391
0.053171708969305
0.053460498579307
0.053746962682081
0.054030329453767
0.054309742071286
0.054584275781148
0.054852956830789
0.055114782331756
0.055368740140102
0.055613827911329
0.055849070609320
0.056073535911977
0.056286347148674
0.056486693612295
0.056673838296397
0.056847123300814
0.057005973312725
0.057149897692606
0.057278491766551
0.057391437942506
0.057488507226603
0.057569561619859
0.057634557731990
0.057683551768630
0.057716705844747
0.057734295366106
0.057736717019131
0.057724496733887
0.057698296849998
0.057658921633579
0.057607320273159
0.057544586528513
0.057471954317792
0.057390788699956
0.057302571931580
0.057208884535725
0.057111381599174
0.057011764794579
0.056911750886925
0.056813037711541
0.056717268787892
0.056625997847501
0.056540654597530
0.056462513011048
0.056392663332635
0.056331988820961
0.056281148029574
0.056240563168256
0.056210414807125
0.056190642902519
0.056180953855613
0.056180833077945
0.056189562346405
0.056206241093445
0.056229810702075
0.056259080860310
0.056292757072691
0.056329468519338
0.056367795584572
0.056406296533763
0.056443532983685
0.056478093973311
0.056508618584526
0.056533817174097
0.056552491350450
0.056563552856638
0.056566041503254
0.056559142235103
0.056542201320305
0.056514741529994
0.056476476043755
0.056427320683930
0.056367403965324
0.056297074358712
0.056216904118420
0.056127689024442
0.056030443443313
0.055926390220010
0.055816945072665
0.055703695365491
0.055588373372660
0.055472824403100
0.055358970418211
0.055248770024636
0.055144175946489
0.055047091260917
0.054959325804996
0.054882554221374
0.054818277099210
0.054767786584422
0.054732137682017
0.054712126260229
0.054708274502124
0.054720824248739
0.054749738354474
0.054794709847192
0.054855178369195
0.054930353087048
0.055019241012335
0.055120679483538
0.055233371429922
0.055355921976580
0.055486874957056
0.055624747973972
0.055768064783288
0.055915383965795
0.056065323079217
0.056216577743561
0.056367935387256
0.056518283658468
0.056666613771032
0.056812019295188
0.056953691108432
0.057090909382329
0.057223033589944
0.057349491571581
0.057469768691928
0.057583398060960
0.057689952677712
0.057789040196868
0.057880300821707
0.057963408603730
0.058038076191320
0.058104062829650
0.058161185184621
0.058209330357323
0.058248470283401
0.058278676583265
0.058300134851225
0.058313157348678
0.058318193099574
0.058315834473685
0.058306819479760
