0.034296279608244
0.034302542345508
0.034310012284077
0.034318497989960
0.034327845417937
0.034337931505397
0.034348658096788
0.034359946704895
0.034371734473709
0.034383971544902
0.034396619858454
0.034409653250855
0.034423058564712
0.034436837363327
0.034451007762780
0.034465605858985
0.034480686241539
0.034496321149054
0.034512597927659
0.034529614596908
0.034547473494188
0.034566273146247
0.034586098689987
0.034607011319785
0.034629037362096
0.034652157659441
0.034676297977733
0.034701321130003
0.034727021437005
0.034753122025907
0.034779275311195
0.034805066818702
0.034830022317833
0.034853618033072
0.034875293527450
0.034894466700294
0.034910550229118
0.034922968717588
0.034931175791369
0.034934670410586
0.034933011737934
0.034925832007958
0.034912846976770
0.034893863681872
0.034868785397721
0.034837613823625
0.034800448676903
0.034757484978127
0.034709008401123
0.034655389114918
0.034597074567002
0.034534581648613
0.034468488646180
0.034399427323483
0.034328075401927
0.034255149617988
0.034181399443464
0.034107601461846
0.034034554308230
0.033963074005539
0.033893989470232
0.033828137918964
0.033766359886045
0.033709493560932
0.033658368175789
0.033613796214870
0.033576564278652
0.033547422514360
0.033527072617780
0.033516154515401
0.033515231946533
0.033524777276922
0.033545155982781
0.033576611340872
0.033619249939955
0.033673028685441
0.033737743996707
0.033813023890753
0.033898323603340
0.033992925318040
0.034095942455396
0.034206328821632
0.034322892734352
0.034444316038978
0.034569177713997
0.034695981546153
0.034823187150770
0.034949243429090
0.035072623405577
0.035191859283084
0.035305576500679
0.035412525582313
0.035511610626225
0.035601913403083
0.035682712200111
0.035753494760477
0.035813964910942
0.035864042733437
0.035903858403725
0.035933740078699
0.035954196449809
0.035965894782000
0.035969635415985
0.035966323820242
0.035956941334262
0.035942515746019
0.035924092796933
0.035902709611921
0.035879370917464
0.035855028745722
0.035830566136610
0.035806785152104
0.035784399316739
0.035764030403759
0.035746209304829
0.035731380558754
0.035719909976069
0.035712094685409
0.035708174846882
0.035708346228980
0.035712772829815
0.035721598740959
0.035734958502199
0.035752985277011
0.035775816289181
0.035803595097690
0.035836470445498
0.035874591592732
0.035918100229651
0.035967119251829
0.036021738861182
0.036082000622701
0.036147880249350
0.036219269998039
0.036295961630611
0.036377630919366
0.036463824653143
0.036553951025774
0.036647274165081
0.036742913391545
0.036839847587798
0.036936924822546
0.037032877116358
0.037126339974902
0.037215876061203
0.037300002146214
0.037377218279870
0.037446037974714
0.037505018101423
0.037552787167497
0.037588070691405
0.037609712495587
0.037616690919965
0.037608129196558
0.037583299515204
0.037541620636975
0.037482649259482
0.037406065689012
0.037311654709191
0.037199282835657
0.037068873392963
0.036920381027717
0.036753767368199
0.036568979546425
0.036365933210207
0.036144501471003
0.035904510965068
0.035645745861806
0.035367960250566
0.035070898895069
0.034754325885604
0.034418060266852
0.034062017297428
0.033686253628368
0.033291014391654
0.032876779982504
0.032444310212233
0.031994683508452
0.031529328947508
0.031050049116501
0.030559032110117
0.030058851358094
0.029552452435961
0.029043126515886
0.028534470645542
0.028030335579419
0.027534762407802
0.027051909712928
0.026585973410568
0.026141101790817
0.025721308539227
0.025330386685943
0.024971826486922
0.024648740181432
0.024363796391874
0.024119166637261
0.023916486027213
0.023756829700040
0.023640705982629
0.023568066602052
0.023538333594135
0.023550441861198
0.023602895660909
0.023693836692963
0.023821120921782
0.023982400861286
0.024175209777138
0.024397044152249
0.024645440824308
0.024918045442652
0.025212669299137
0.025527332147258
0.025860289309829
0.026210042154034
0.026575331843420
0.026955117114939
0.027348537629947
0.027754865166945
0.028173445521181
0.028603634419442
0.029044731024125
0.029495912676536
0.029956174414419
0.030424276503760
0.030898702771357
0.031377631943097
0.031858923520569
0.032340119006901
0.032818458563943
0.033290912487296
0.033754226259010
0.034204977408551
0.034639642000992
0.035054668287914
0.035446554902451
0.035811930947820
0.036147635403917
0.036450793439377
0.036718887444186
0.036949820867484
0.037141973235174
0.037294245014853
0.037406091278649
0.037477543380796
0.037509218114896
0.037502314049189
0.037458594963958
0.037380360542419
0.037270404704088
0.037131962224785
0.036968644563735
0.036784366114471
0.036583262405904
0.036369602091056
0.036147694857005
0.035921797650535
0.035696021818177
0.035474243885695
0.035260022731797
0.035056525830066
0.034866467033829
0.034692058060544
0.034534975402698
0.034396343866316
0.034276737338119
0.034176196735661
0.034094264432713
0.034030033807450
0.033982211965788
0.033949193175782
0.033929140136203
0.033920069912022
0.033919941213701
0.033926739680802
0.033938557951443
0.033953667549202
0.033970579984442
0.033988094929625
0.034005333867082
0.034021758200075
0.034037171440311
0.034051705714089
0.034065793442446
0.034080125626957
0.034095598692819
0.034113252286894
0.034134200785156
0.034159561518224
0.034190382865002
0.034227575385137
0.034271849057222
0.034323659461138
0.034383165394212
0.034450199951241
0.034524256542406
0.034604490690353
0.034689737762549
0.034778546085988
0.034869224189848
0.034959900260732
0.035048591307688
0.035133279051016
0.035211989197190
0.035282870563244
0.035344270481973
0.035394803059928
0.035433407170016
0.035459391526844
0.035472464793978
0.035472749378485
0.035460778343344
0.035437475672149
0.035404120910227
0.035362299939634
0.035313844283078
0.035260761839423
0.035205162304420
0.035149180706887
0.035094902485273
0.035044293345556
0.034999136792327
0.034960981734093
0.034931101962680
0.034910468632675
0.034899736161456
0.034899241275624
0.034909014286150
0.034928801118264
0.034958094182357
0.034996169869693
0.035042130302493
0.035094946962616
0.035153503957301
0.035216638935944
0.035283180022996
0.035351977548055
0.035421929801747
0.035492002491780
0.035561241987100
0.035628782793765
0.035693849984954
0.035755757498492
0.035813903315222
0.035867762545502
0.035916879390369
0.035960858825249
0.035999358696941
0.036032082749508
0.036058774920719
0.036079215093784
0.036093216360594
0.036100623758656
0.036101314384736
0.036095198759517
0.036082223311051
0.036062373849569
0.036035679911321
0.036002219844256
0.035962126486379
0.035915593245100
0.035862880324097
0.035804320768794
0.035740325922329
0.035671389813165
0.035598091946971
0.035521097961790
0.035441157637393
0.035359099833078
0.035275824064081
0.035192288610098
0.035109495269208
0.035028471110785
0.034950247821888
0.034875839461445
0.034806219613878
0.034742299049622
0.034684905039867
0.034634763428506
0.034592484434586
0.034558552950240
0.034533323825624
0.034517022314033
0.034509749511025
0.034511492288028
0.034522136919683
0.034541485359459
0.034569272949194
0.034605186268580
0.034648879846279
0.034699990563590
0.034758148775443
0.034822985436345
0.034894134830382
0.034971232840685
0.035053911030233
0.035141787118495
0.035234452706026
0.035331459304672
0.035432303862648
0.035536415025344
0.035643141343913
