0.035533825988969
0.035485162965932
0.035430641905414
0.035370592676895
0.035305515637626
0.035236075064554
0.035163086566999
0.035087498865154
0.035010370528513
0.034932842449640
0.034856106976878
0.034781374741010
0.034709840283388
0.034642647625795
0.034580856915846
0.034525413237386
0.034477118595574
0.034436607974193
0.034404330222236
0.034380534362548
0.034365261732670
0.034358344173060
0.034359408277153
0.034367885518273
0.034383027877500
0.034403928421184
0.034429546123704
0.034458734106029
0.034490270368312
0.034522890038452
0.034555318139624
0.034586301898030
0.034614641665284
0.034639219614172
0.034659025476742
0.034673178723517
0.034680946725172
0.034681758586302
0.034675214488210
0.034661090518047
0.034639339090294
0.034610085179819
0.034573618681490
0.034530383288496
0.034480962340550
0.034426062135025
0.034366493220755
0.034303150207572
0.034236990626869
0.034169013371137
0.034100237224869
0.034031679976155
0.033964338567794
0.033899170708635
0.033837078319576
0.033778893133648
0.033725364705823
0.033677151015670
0.033634811766036
0.033598804395274
0.033569482732086
0.033547098134402
0.033531802871192
0.033523655433325
0.033522627401166
0.033528611456802
0.033541430110927
0.033560844720630
0.033586564405226
0.033618254521621
0.033655544435498
0.033698034415096
0.033745301574172
0.033796904892600
0.033852389438872
0.033911290000659
0.033973134390257
0.034037446725252
0.034103750987095
0.034171575129811
0.034240455948761
0.034309944829054
0.034379614381011
0.034449065844800
0.034517937017924
0.034585910338893
0.034652720659252
0.034718162164291
0.034782093868955
0.034844443125447
0.034905206635829
0.034964448565750
0.035022295499969
0.035078928158883
0.035134569996852
0.035189473014641
0.035243901325204
0.035298113199266
0.035352342470530
0.035406780287394
0.035461558249043
0.035516733952641
0.035572279902935
0.035628076598175
0.035683910413295
0.035739476663164
0.035794387958885
0.035848187684370
0.035900368135883
0.035950392600970
0.035997720421257
0.036041833900024
0.036082265791049
0.036118626047339
0.036150626519949
0.036178102377196
0.036201029157772
0.036219534568950
0.036233904381264
0.036244582040021
0.036252161896639
0.036257376244048
0.036261076605816
0.036264209965668
0.036267790822258
0.036272870105957
0.036280502095470
0.036291710521023
0.036307455038906
0.036328599213424
0.036355881052390
0.036389887018546
0.036431030289280
0.036479533868846
0.036535418978203
0.036598498964492
0.036668378790422
0.036744459988267
0.036825950797059
0.036911881047926
0.037001121223340
0.037092404993568
0.037184354429908
0.037275507011816
0.037364343486777
0.037449315610945
0.037528872798914
0.037601486745692
0.037665673156186
0.037720009828911
0.037763150491586
0.037793833974839
0.037810888532072
0.037813231361627
0.037799863651934
0.037769861739077
0.037722365225060
0.037656563138337
0.037571679410291
0.037466959077045
0.037341656682075
0.037195028341247
0.037026328831605
0.036834814876835
0.036619755529106
0.036380450197823
0.036116254464564
0.035826613368849
0.035511101373675
0.035169467748118
0.034801685663072
0.034408002911479
0.033988991860750
0.033545596043625
0.033079170711343
0.032591514720762
0.032084891309929
0.031562035632436
0.031026147360903
0.030480867218532
0.029930236933332
0.029378642805727
0.028830743806205
0.028291385842445
0.027765504520785
0.027258019341449
0.026773722779233
0.026317168083543
0.025892559861150
0.025503651565237
0.025153653896112
0.024845157821007
0.024580075449691
0.024359601374526
0.024184196321314
0.024053594091310
0.023966831841597
0.023922302791729
0.023917829502872
0.023950754996202
0.024018048202853
0.024116419607412
0.024242442493829
0.024392674951753
0.024563777767958
0.024752623516341
0.024956392563865
0.025172652310537
0.025399416749997
0.025635184335231
0.025878953115906
0.026130213129549
0.026388917026379
0.026655430836369
0.026930467600706
0.027215007249132
0.027510206579981
0.027817303472746
0.028137519527378
0.028471965186619
0.028821551075041
0.029186908809318
0.029568323934229
0.029965682959342
0.030378435755384
0.030805573859736
0.031245624575837
0.031696660164360
0.032156320939062
0.032621850712432
0.033090142791014
0.033557794593651
0.034021168945757
0.034476460170560
0.034919763231292
0.035347144351809
0.035754711732974
0.036138685166868
0.036495463513378
0.036821689132680
0.037114308457316
0.037370627940042
0.037588364635000
0.037765690670700
0.037901270867627
0.037994292755399
0.038044488268377
0.038052146455876
0.038018116641643
0.037943801610712
0.037831140588787
0.037682582004358
0.037501046277127
0.037289879145445
0.037052796316316
0.036793820479441
0.036517211958501
0.036227394466947
0.035928877583667
0.035626177660961
0.035323738921755
0.035025856496432
0.034736603096201
0.034459760925276
0.034198760304939
0.033956626325265
0.033735934660584
0.033538777487021
0.033366740227545
0.033220889623312
0.033101773390204
0.033009431466432
0.032943418591339
0.032902837678836
0.032886383164717
0.032892393221375
0.032918909454627
0.032963742436427
0.033024541197041
0.033098864614881
0.033184252515767
0.033278294238862
0.033378692454588
0.033483320137355
0.033590268805404
0.033697886438592
0.033804803864146
0.033909948846592
0.034012547612538
0.034112114061499
0.034208427435430
0.034301499716067
0.034391534465165
0.034478879194677
0.034563973632156
0.034647296415852
0.034729312804649
0.034810425916655
0.034890933819744
0.034970994496481
0.035050600309211
0.035129563117482
0.035207510672522
0.035283894357303
0.035358007782491
0.035429015215077
0.035495988333060
0.035557949389518
0.035613918552658
0.035662962980539
0.035704245101037
0.035737067604317
0.035760912816249
0.035775474400180
0.035780679719039
0.035776701662060
0.035763959277946
0.035743107132506
0.035715013894514
0.035680731218143
0.035641454503359
0.035598477548606
0.035553143437661
0.035506794204738
0.035460721884843
0.035416123473955
0.035374062097546
0.035335436326755
0.035300959107524
0.035271147205074
0.035246321446178
0.035226617400917
0.035212005522537
0.035202319197039
0.035197288679064
0.035196578538460
0.035199826036702
0.035206677809067
0.035216822352478
0.035230016104496
0.035246101330062
0.035265014583175
0.035286785146459
0.035311523531896
0.035339400806539
0.035370620142758
0.035405382540737
0.035443849094000
0.035486102437374
0.035532110111587
0.035581692492284
0.035634497668480
0.035689985233632
0.035747420400049
0.035805879201919
0.035864264858137
0.035921334671005
0.035975736188310
0.036026050798126
0.036070842494852
0.036108709278784
0.036138334545356
0.036158535886795
0.036168308958355
0.036166864431301
0.036153656533796
0.036128402229696
0.036091090661075
0.036041983040142
0.035981603680081
0.035910723268997
0.035830335792097
0.035741630680879
0.035645961812072
0.035544814902200
0.035439774664316
0.035332492837849
0.035224657901501
0.035117966965142
0.035014100041119
0.034914696644867
0.034821334489672
0.034735509932790
0.034658619803083
0.034591944288426
0.034536630671146
0.034493677852837
0.034463921783407
0.034448022079727
0.034446450264627
0.034459480158813
0.034487181003743
0.034529413876026
0.034585831874146
0.034655884423040
0.034738825863907
0.034833728291908
0.034939498391584
0.035054897817589
0.035178566493461
0.035309048067266
