0.034185130723503
0.034115436335407
0.034056982937571
0.034010318153451
0.033975915619128
0.033954157967794
0.033945319329816
0.033949548335255
0.033966852589793
0.033997085526649
0.034039936423109
0.034094924219818
0.034161395604489
0.034238527630466
0.034325334945588
0.034420681518391
0.034523296575614
0.034631794314322
0.034744696828688
0.034860459598593
0.034977498825568
0.035094219870508
0.035209046044842
0.035320447029125
0.035426966236525
0.035527246499095
0.035620053527799
0.035704296679058
0.035779046647380
0.035843549792279
0.035897238895725
0.035939740231458
0.035970876908323
0.035990668525018
0.035999327242626
0.035997250443606
0.035985010201377
0.035963339833376
0.035933117852688
0.035895349669462
0.035851147423615
0.035801708355217
0.035748292138452
0.035692197619290
0.035634739405407
0.035577224759063
0.035520931238338
0.035467085518365
0.035416843800568
0.035371274183208
0.035331341319826
0.035297893633059
0.035271653280140
0.035253208984488
0.035243011757546
0.035241373439933
0.035248467895489
0.035264334601245
0.035288884296405
0.035321906289784
0.035363076983108
0.035411969151192
0.035468061532074
0.035530748321325
0.035599348233628
0.035673112887587
0.035751234380664
0.035832852042574
0.035917058478247
0.036002905125913
0.036089407652511
0.036175551578534
0.036260298560854
0.036342593760028
0.036421374676408
0.036495581757941
0.036564170966354
0.036626128344157
0.036680486462317
0.036726342458265
0.036762877208242
0.036789375028644
0.036805243179015
0.036810030353890
0.036803443308930
0.036785360772658
0.036755843849963
0.036715142225284
0.036663695617401
0.036602130116835
0.036531249241810
0.036452019769319
0.036365552622837
0.036273079316762
0.036175924659105
0.036075476588896
0.035973154165122
0.035870374823390
0.035768522070209
0.035668914790175
0.035572779297417
0.035481225170436
0.035395225771554
0.035315604172946
0.035243024996564
0.035177992432546
0.035120854438616
0.035071812851489
0.035030938871102
0.034998193121213
0.034973449257099
0.034956519894502
0.034947183484173
0.034945210663113
0.034950388584319
0.034962541766844
0.034981548119434
0.035007348972955
0.035039952204618
0.035079427842729
0.035125895892764
0.035179506509786
0.035240413041675
0.035308738864088
0.035384539302237
0.035467760267547
0.035558195511127
0.035655444595007
0.035758873793285
0.035867582149496
0.035980374828468
0.036095745710097
0.036211870882953
0.036326614316189
0.036437546531953
0.036541976584579
0.036636997097731
0.036719541539471
0.036786452352744
0.036834558030558
0.036860756756277
0.036862103843608
0.036835899928993
0.036779776708375
0.036691776983057
0.036570425892255
0.036414790463154
0.036224524996309
0.035999900311424
0.035741815485897
0.035451791399711
0.035131946124347
0.034784952925755
0.034413982355868
0.034022630547761
0.033614836372893
0.033194790535908
0.032766839951015
0.032335390849470
0.031904814005376
0.031479355241579
0.031063054003658
0.030659672291505
0.030272635646073
0.029904987240495
0.029559355459884
0.029237934713289
0.028942478642347
0.028674304407145
0.028434306366175
0.028222977240181
0.028040434765417
0.027886451895706
0.027760488790503
0.027661725104757
0.027589091446382
0.027541299254848
0.027516868745079
0.027514154921338
0.027531371967145
0.027566616537398
0.027617890603400
0.027683124525656
0.027760200956924
0.027846980021839
0.027941325998797
0.028041135469291
0.028144366626506
0.028249069175995
0.028353414041270
0.028455721926690
0.028554489703080
0.028648413575321
0.028736408065264
0.028817619990358
0.028891436825058
0.028957489080385
0.029015646606638
0.029066008994036
0.029108890496386
0.029144800116992
0.029174417661812
0.029198566675006
0.029218185225007
0.029234295508176
0.029247973189819
0.029260317319348
0.029272421550248
0.029285347278695
0.029300099198785
0.029317603666372
0.029338690173630
0.029364076165085
0.029394355372190
0.029429989803599
0.029471305496027
0.029518492098743
0.029571606325888
0.029630579258683
0.029695227409786
0.029765267372836
0.029840333772878
0.029920000112099
0.030003801977139
0.030091261947991
0.030181915434254
0.030275336572475
0.030371163257678
0.030469120360500
0.030569040203303
0.030670879436220
0.030774731565489
0.030880834537126
0.030989572961292
0.031101474766842
0.031217202290395
0.031337538018004
0.031463365398808
0.031595645328663
0.031735389049220
0.031883628318203
0.032041383776152
0.032209632462806
0.032389275424169
0.032581106302986
0.032785781726416
0.033003794201911
0.033235448113204
0.033480839280657
0.033739838421270
0.034012078720155
0.034296947612901
0.034593582781233
0.034900872285776
0.035217458700934
0.035541747077948
0.035871916541667
0.036205935321853
0.036541579027148
0.036876451984719
0.037208011485921
0.037533594792799
0.037850448766785
0.038155761974955
0.038446699106993
0.038720437495233
0.038974205469990
0.039205322203869
0.039411238604727
0.039589578712189
0.039738180943558
0.039855138429113
0.039938837582950
0.039987993982083
0.040001684582012
0.039979375288326
0.039920942936579
0.039826690809571
0.039697356942728
0.039534114631780
0.039338564757094
0.039112719767729
0.038858979415462
0.038580098583080
0.038279147799898
0.037959467268531
0.037624615429369
0.037278313253336
0.036924385572297
0.036566700825346
0.036209110616647
0.035855390447684
0.035509182907806
0.035173944487806
0.034852897029940
0.034548984652977
0.034264836802154
0.034002737880021
0.033764603723887
0.033551965015834
0.033365957548126
0.033207319124475
0.033076392758828
0.032973135739303
0.032897134055691
0.032847621643223
0.032823503871270
0.032823384700443
0.032845596942186
0.032888235077908
0.032949190126432
0.033026186085433
0.033116817510942
0.033218587835594
0.033328948057849
0.033445335458296
0.033565212013121
0.033686102177527
0.033805629702837
0.033921553130574
0.034031799576770
0.034134496382684
0.034228000167742
0.034310922781611
0.034382153619845
0.034440877747230
0.034486589269979
0.034519099417249
0.034538538837922
0.034545353692888
0.034540295227186
0.034524402639670
0.034498979227852
0.034465561967939
0.034425884889049
0.034381836808924
0.034335414208061
0.034288670221340
0.034243660911958
0.034202390153233
0.034166754571363
0.034138490089517
0.034119121654606
0.034109917718307
0.034111850980427
0.034125566784432
0.034151360382704
0.034189164065491
0.034238544877511
0.034298713336436
0.034368543226836
0.034446602182310
0.034531192399594
0.034620400464983
0.034712154929813
0.034804289962438
0.034894613143343
0.034980975270584
0.035061339915681
0.035133850423579
0.035196892089426
0.035249147370672
0.035289642202579
0.035317781771510
0.035333374452453
0.035336643020916
0.035328222687764
0.035309145960274
0.035280814784656
0.035244960856033
0.035203595374380
0.035158949864919
0.035113409957454
0.035069444223702
0.035029530300715
0.034996080581783
0.034971369736563
0.034957466235052
0.034956169902592
0.034968957333758
0.034996936750294
0.035040813610650
0.035100867973804
0.035176944294789
0.035268453989678
0.035374390759096
0.035493358306946
0.035623609740310
0.035763097593720
0.035909533093499
0.036060452974231
0.036213291889572
0.036365458234633
0.036514411028287
0.036657735402531
0.036793214222307
0.036918893421134
0.037033138790380
0.037134682203953
0.037222655592197
0.037296611390174
