0.012866380512467
0.012853843591812
0.012844155208731
0.012837694662042
0.012834750641463
0.012835511389975
0.012840057665281
0.012848358759459
0.012860271750637
0.012875544067065
0.012893819344978
0.012914646460423
0.012937491515046
0.012961752460438
0.012986775958347
0.013011875998369
0.013036353733349
0.013059517948197
0.013080705551792
0.013099301475170
0.013114757372522
0.013126608554182
0.013134488631494
0.013138141420524
0.013137429732424
0.013132340770341
0.013122987952789
0.013109609088348
0.013092560933005
0.013072310266364
0.013049421723249
0.013024542710119
0.012998385818849
0.012971709221584
0.012945295587842
0.012919930107493
0.012896378229706
0.012875363737869
0.012857547773773
0.012843509401224
0.012833728260344
0.012828569810267
0.012828273590965
0.012832944856365
0.012842549842645
0.012856914839853
0.012875729134183
0.012898551784826
0.012924822095977
0.012953873543760
0.012984950822276
0.013017229584904
0.013049838378874
0.013081882204959
0.013112467081797
0.013140724957430
0.013165838290359
0.013187063619715
0.013203753459530
0.013215375885603
0.013221531234857
0.013221965405398
0.013216579329479
0.013205434289401
0.013188752855690
0.013166915345005
0.013140451818913
0.013110029770578
0.013076437770750
0.013040565463588
0.013003380413030
0.012965902398087
0.012929175837489
0.012894241087714
0.012862105401399
0.012833714354026
0.012809924544643
0.012791478351210
0.012778981473538
0.012772883928053
0.012773465070645
0.012780823119250
0.012794869529285
0.012815328446069
0.012841741322232
0.012873476648539
0.012909744607132
0.012949616320548
0.012992047241479
0.013035904110346
0.013079994803520
0.013123100307101
0.013164007982049
0.013201545238179
0.013234612708621
0.013262216014015
0.013283495227329
0.013297751195978
0.013304467946927
0.013303330491697
0.013294237459486
0.013277308115594
0.013252883465809
0.013221521301814
0.013183985203967
0.013141227681777
0.013094367794460
0.013044663749818
0.012993481124763
0.012942257481179
0.012892464262586
0.012845566947040
0.012802984497143
0.012766049186843
0.012735967895595
0.012713785942609
0.012700354487584
0.012696302450138
0.012702013799730
0.012717610943299
0.012742944792011
0.012777591924670
0.012820859087489
0.012871795082209
0.012929209901703
0.012991700778948
0.013057684626600
0.013125436165215
0.013193130873229
0.013258891745606
0.013320838724693
0.013377139569842
0.013426060864667
0.013466017824751
0.013495621565482
0.013513722520314
0.013519448763761
0.013512238089961
0.013491862824807
0.013458446504935
0.013412471737058
0.013354778752398
0.013286554388978
0.013209311464510
0.013124858739415
0.013035261907807
0.012942796288522
0.012849892112945
0.012759073515896
0.012672892524965
0.012593859507216
0.012524371665617
0.012466641276668
0.012422625422121
0.012393958988719
0.012381892688816
0.012387237790757
0.012410319141442
0.012450937915805
0.012508345341775
0.012581228428071
0.012667708470638
0.012765352837218
0.012871200234559
0.012981799356172
0.013093260497386
0.013201319416226
0.013301412420803
0.013388761383463
0.013458467125895
0.013505609393772
0.013525351449909
0.013513047165993
0.013464348388443
0.013375310296633
0.013242492463329
0.013063053368406
0.012834836207283
0.012556443973745
0.012227301980319
0.011847706204780
0.011418856114424
0.010942870915163
0.010422788494551
0.009862546669934
0.009266946708105
0.008641599443776
0.007992854683372
0.007327714930470
0.006653734802339
0.005978907816220
0.005311542502643
0.004660130045074
0.004033205845085
0.003439207565694
0.002886332308673
0.002382395632116
0.001934695110666
0.001549881082178
0.001233837111832
0.000991572539587
0.000827129262223
0.000743504640909
0.000742592124200
0.000825140840323
0.000990735048309
0.001237793952189
0.001563591984150
0.001964299259489
0.002435041507091
0.002969978392536
0.003562398785361
0.004204831185483
0.004889167223812
0.005606795895371
0.006348745975368
0.007105833914270
0.007868814410147
0.008628530817368
0.009376062570573
0.010102866880833
0.010800912094867
0.011462800294522
0.012081876947999
0.012652325700739
0.013169246706306
0.013628717238801
0.014027833690941
0.014364734438168
0.014638603431073
0.014849654758332
0.014999098792446
0.015089090883693
0.015122663896920
0.015103646184710
0.015036566853665
0.014926550402804
0.014779202990713
0.014600492717648
0.014396626388314
0.014173925249340
0.013938702172404
0.013697142680617
0.013455192094026
0.013218450903159
0.012992080271165
0.012780719320332
0.012588415583000
0.012418569696437
0.012273895102748
0.012156393185311
0.012067343939913
0.012007311948695
0.011976167105505
0.011973119238976
0.011996765500974
0.012045149138904
0.012115828055737
0.012205951385992
0.012312342182614
0.012431584221298
0.012560110886688
0.012694294109411
0.012830531373354
0.012965328907031
0.013095379308534
0.013217632026396
0.013329355324037
0.013428188587728
0.013512184091080
0.013579837596395
0.013630107448028
0.013662422088381
0.013676676196689
0.013673215908014
0.013652813809136
0.013616634624125
0.013566192691057
0.013503302488932
0.013430023597904
0.013348601564537
0.013261406196213
0.013170868824924
0.013079420061276
0.012989429506060
0.012903148801345
0.012822659288353
0.012749825398663
0.012686254742131
0.012633265673312
0.012591862922501
0.012562721672213
0.012546180249861
0.012542241397140
0.012550581871261
0.012570569937059
0.012601290126912
0.012641574481274
0.012690039340329
0.012745126639980
0.012805148575688
0.012868334437504
0.012932878390087
0.012996986973003
0.013058925128657
0.013117059626583
0.013169898841590
0.013216127956744
0.013254638797026
0.013284553652095
0.013305242612626
0.013316334119720
0.013317718606362
0.013309545289003
0.013292212341649
0.013266350849713
0.013232803092483
0.013192595837398
0.013146909443472
0.013097043662282
0.013044381091225
0.012990349273761
0.012936382454726
0.012883883985644
0.012834190336253
0.012788537605800
0.012748031343378
0.012713620383295
0.012686075282668
0.012665971817405
0.012653679853452
0.012649357766313
0.012652952437291
0.012664204713209
0.012682660080988
0.012707684182447
0.012738482680791
0.012774124890748
0.012813570501151
0.012855698653409
0.012899338592864
0.012943301083216
0.012986409767235
0.013027531669924
0.013065606072595
0.013099671037265
0.013128886929037
0.013152556368326
0.013170140142744
0.013181268718004
0.013185749105604
0.013183566969251
0.013174883978900
0.013160030547304
0.013139494205831
0.013113903990403
0.013084011311596
0.013050667872211
0.013014801268412
0.012977388964788
0.012939431368026
0.012901924737382
0.012865834662823
0.012832070814022
0.012801463616565
0.012774743447565
0.012752522863611
0.012735282282259
0.012723359437087
0.012716942818781
0.012716069203947
0.012720625262533
0.012730353126883
0.012744859703278
0.012763629412921
0.012786039965830
0.012811380699850
0.012838872959412
0.012867691945824
0.012896989443376
0.012925916813638
0.012953647653991
0.012979399534973
0.013002454263924
0.013022176168274
0.013038027949513
0.013049583726698
0.013056538964551
0.013058717063941
0.013056072479790
0.013048690321164
0.013036782478471
0.013020680411248
0.013000824814934
0.012977752464424
0.012952080604166
0.012924489317428
0.012895702359485
0.012866466979413
0.012837533281811
0.012809633691985
