0.014740162864177
0.014757412538032
0.014774749284831
0.014792407275466
0.014810606194107
0.014829543177206
0.014849385662015
0.014870265394553
0.014892273797488
0.014915458842812
0.014939823514772
0.014965325887795
0.014991880784553
0.015019362922958
0.015047611409975
0.015076435396172
0.015105620669414
0.015134936939816
0.015164145551646
0.015193007351331
0.015221290443902
0.015248777582448
0.015275272955622
0.015300608165809
0.015324647224006
0.015347290425286
0.015368477009629
0.015388186555228
0.015406439093882
0.015423293979239
0.015438847577283
0.015453229883396
0.015466600200585
0.015479142038352
0.015491057410468
0.015502560722428
0.015513872445297
0.015525212772223
0.015536795447298
0.015548821944246
0.015561476155198
0.015574919728384
0.015589288168795
0.015604687788641
0.015621193565760
0.015638847938841
0.015657660539394
0.015677608832597
0.015698639613193
0.015720671279249
0.015743596786263
0.015767287167361
0.015791595492535
0.015816361131292
0.015841414178831
0.015866579906184
0.015891683099332
0.015916552161227
0.015941022863419
0.015964941650258
0.015988168417856
0.016010578711392
0.016032065307285
0.016052539170255
0.016071929798589
0.016090184993075
0.016107270105259
0.016123166838182
0.016137871686884
0.016151394116249
0.016163754579884
0.016174982485421
0.016185114208989
0.016194191254734
0.016202258644438
0.016209363608047
0.016215554628707
0.016220880876521
0.016225392044280
0.016229138576869
0.016232172264555
0.016234547150017
0.016236320680402
0.016237555019900
0.016238318425968
0.016238686584018
0.016238743791751
0.016238583885526
0.016238310807496
0.016238038723552
0.016237891618091
0.016238002311826
0.016238510872461
0.016239562414191
0.016241304309685
0.016243882866230
0.016247439544986
0.016252106827636
0.016258003857040
0.016265231996846
0.016273870468557
0.016283972232688
0.016295560282834
0.016308624517592
0.016323119345181
0.016338962159520
0.016356032804774
0.016374174118565
0.016393193612737
0.016412866315843
0.016432938764175
0.016453134089437
0.016473158112225
0.016492706312595
0.016511471513444
0.016529152080514
0.016545460415661
0.016560131498816
0.016572931219634
0.016583664232969
0.016592181073505
0.016598384274346
0.016602233252123
0.016603747746832
0.016603009637679
0.016600162995773
0.016595412279600
0.016589018628528
0.016581294261822
0.016572595044275
0.016563311333037
0.016553857271998
0.016544658748547
0.016536140271271
0.016528711064648
0.016522750706875
0.016518594658469
0.016516520041371
0.016516732030341
0.016519351210161
0.016524402233587
0.016531804086509
0.016541362229155
0.016552762836458
0.016565569308459
0.016579221164393
0.016593035374015
0.016606210118717
0.016617830915218
0.016626878978244
0.016632241647428
0.016632724659486
0.016627066010915
0.016613951129974
0.016592029060233
0.016559929351633
0.016516279358536
0.016459721656957
0.016388931314077
0.016302632770772
0.016199616130730
0.016078752685913
0.015939009545779
0.015779463274940
0.015599312478945
0.015397889309004
0.015174669882278
0.014929283633720
0.014661521627645
0.014371343861818
0.014058885593973
0.013724462710853
0.013368576143903
0.012991915315026
0.012595360571884
0.012179984546862
0.011747052349040
0.011298020476171
0.010834534315750
0.010358424092295
0.009871699113445
0.009376540171319
0.008875289968383
0.008370441458952
0.007864624027995
0.007360587467437
0.006861183755338
0.006369346693795
0.005888069515267
0.005420380622498
0.004969317682130
0.004537900344656
0.004129101911520
0.003745820312303
0.003390848789435
0.003066846713608
0.002776310968972
0.002521548352750
0.002304649428805
0.002127464258967
0.001991580410048
0.001898303599129
0.001848641295906
0.001843289549960
0.001882623254173
0.001966689994861
0.002095207576251
0.002267565243344
0.002482828564830
0.002739747878044
0.003036770142398
0.003372053997554
0.003743487778764
0.004148710204924
0.004585133425503
0.005049968090679
0.005540250094682
0.006052868635265
0.006584595231811
0.007132113350293
0.007692048294379
0.008260997037559
0.008835557690450
0.009412358319477
0.009988084857099
0.010559507868698
0.011123507966465
0.011677099685273
0.012217453659027
0.012741916957770
0.013248031465551
0.013733550196549
0.014196451462108
0.014634950814448
0.015047510704185
0.015432847798981
0.015789937920311
0.016118018565262
0.016416588991282
0.016685407854574
0.016924488408163
0.017134091284027
0.017314714905371
0.017467083600331
0.017592133516804
0.017690996469376
0.017764981882686
0.017815557030043
0.017844325800664
0.017853006262068
0.017843407314729
0.017817404762552
0.017776917143761
0.017723881681185
0.017660230717514
0.017587868999167
0.017508652161273
0.017424366745773
0.017336712054821
0.017247284103110
0.017157561886154
0.017068896128349
0.016982500616229
0.016899446160655
0.016820657168794
0.016746910744899
0.016678838180242
0.016616928639445
0.016561534804678
0.016512880202641
0.016471067913137
0.016436090343245
0.016407839747995
0.016386119186837
0.016370653624292
0.016361100911854
0.016357062424818
0.016358093170203
0.016363711228256
0.016373406437779
0.016386648282425
0.016402892979101
0.016421589808624
0.016442186761319
0.016464135594963
0.016486896418627
0.016509941923127
0.016532761377039
0.016554864497014
0.016575785283397
0.016595085888032
0.016612360552189
0.016627239620448
0.016639393602977
0.016648537225786
0.016654433378143
0.016656896840033
0.016655797651951
0.016651063975569
0.016642684287935
0.016630708754302
0.016615249635612
0.016596480605758
0.016574634880406
0.016550002092285
0.016522923886145
0.016493788248476
0.016463022630853
0.016431085969639
0.016398459746932
0.016365638276443
0.016333118431799
0.016301389062337
0.016270920361613
0.016242153465746
0.016215490561894
0.016191285781209
0.016169837135719
0.016151379734891
0.016136080485865
0.016124034442268
0.016115262921232
0.016109713458099
0.016107261614823
0.016107714602888
0.016110816626597
0.016116255799581
0.016123672438352
0.016132668493322
0.016142817841786
0.016153677140163
0.016164796915571
0.016175732570312
0.016186054977452
0.016195360361290
0.016203279182720
0.016209483785303
0.016213694601992
0.016215684773284
0.016215283083196
0.016212375177721
0.016206903089273
0.016198863147714
0.016188302411857
0.016175313802878
0.016160030161005
0.016142617477955
0.016123267578474
0.016102190534601
0.016079607095373
0.016055741403011
0.016030814244525
0.016005037056400
0.015978606860754
0.015951702265999
0.015924480615416
0.015897076315479
0.015869600324386
0.015842140732300
0.015814764320440
0.015787518948153
0.015760436587027
0.015733536800159
0.015706830453466
0.015680323444805
0.015654020245267
0.015627927064757
0.015602054479750
0.015576419393579
0.015551046236998
0.015525967357461
0.015501222587506
0.015476858024101
0.015452924089931
0.015429472982896
0.015406555649932
0.015384218444765
0.015362499645264
0.015341426014244
0.015321009587570
0.015301244865320
0.015282106565953
0.015263548080543
0.015245500735228
0.015227873936157
0.015210556233939
0.015193417305353
0.015176310810580
0.015159078046105
0.015141552278326
0.015123563612289
0.015104944225130
0.015085533775820
0.015065184792349
0.015043767835047
0.015021176240316
0.014997330262374
0.014972180451145
0.014945710131178
0.014917936878441
0.014888912927640
