0.010994282167176
0.010993576658781
0.010993249953424
0.010993328634635
0.010993820989554
0.010994716561189
0.010995986548991
0.010997585041420
0.010999451025823
0.011001511085132
0.011003682659307
0.011005877723738
0.011008006718092
0.011009982548176
0.011011724480786
0.011013161757034
0.011014236763042
0.011014907617306
0.011015150060397
0.011014958563857
0.011014346609564
0.011013346127182
0.011012006114019
0.011010390497121
0.011008575330537
0.011006645449824
0.011004690730063
0.011002802111703
0.011001067569760
0.010999568205521
0.010998374635752
0.010997543842374
0.010997116626058
0.010997115780919
0.010997545075458
0.010998389088646
0.010999613911092
0.011001168681554
0.011002987890515
0.011004994347081
0.011007102674847
0.011009223178032
0.011011265902404
0.011013144706898
0.011014781161819
0.011016108097899
0.011017072646810
0.011017638637026
0.011017788238146
0.011017522780428
0.011016862712934
0.011015846701668
0.011014529906938
0.011012981515210
0.011011281633611
0.011009517683579
0.011007780452780
0.011006159980367
0.011004741459101
0.011003601338399
0.011002803804733
0.011002397800178
0.011002414716836
0.011002866875164
0.011003746859236
0.011005027743182
0.011006664202284
0.011008594461448
0.011010742994991
0.011013023856830
0.011015344490924
0.011017609849691
0.011019726634107
0.011021607463874
0.011023174789692
0.011024364371795
0.011025128169012
0.011025436509481
0.011025279446500
0.011024667239396
0.011023629937962
0.011022216088457
0.011020490617612
0.011018531987089
0.011016428742868
0.011014275610868
0.011012169310587
0.011010204271767
0.011008468444442
0.011007039389785
0.011005980827926
0.011005339799637
0.011005144572179
0.011005403386684
0.011006104106642
0.011007214786081
0.011008685133706
0.011010448807828
0.011012426438202
0.011014529237071
0.011016663034305
0.011018732552006
0.011020645723207
0.011022317857811
0.011023675466595
0.011024659570570
0.011025228347151
0.011025358995300
0.011025048737475
0.011024314915154
0.011023194175147
0.011021740784094
0.011020024146774
0.011018125638609
0.011016134892579
0.011014145704535
0.011012251737637
0.011010542215608
0.011009097795253
0.011007986801136
0.011007261989545
0.011006957985489
0.011007089506325
0.011007650449861
0.011008613885027
0.011009932941195
0.011011542549844
0.011013361951692
0.011015297845427
0.011017248022813
0.011019105310589
0.011020761623540
0.011022111926075
0.011023057901940
0.011023511143020
0.011023395688070
0.011022649769362
0.011021226658591
0.011019094541097
0.011016235388019
0.011012642837590
0.011008319137679
0.011003271240333
0.010997506174013
0.010991025849083
0.010983821475957
0.010975867792178
0.010967117304056
0.010957494749949
0.010946891985851
0.010935163479848
0.010922122580907
0.010907538700201
0.010891135511096
0.010872590238446
0.010851534070800
0.010827553692255
0.010800193896002
0.010768961210700
0.010733328445438
0.010692740040217
0.010646618097543
0.010594368967133
0.010535390259722
0.010469078176853
0.010394835060257
0.010312077085523
0.010220242048471
0.010118797217232
0.010007247246513
0.009885142171186
0.009752085512443
0.009607742540019
0.009451848737146
0.009284218510226
0.009104754172179
0.008913455206937
0.008710427792777
0.008495894524802
0.008270204232791
0.008033841741294
0.007787437365894
0.007531775885297
0.007267804675592
0.006996640643575
0.006719575553304
0.006438079307036
0.006153800721442
0.005868565335160
0.005584369796880
0.005303372415988
0.005027879511861
0.004760327273535
0.004503258938567
0.004259297217310
0.004031112024572
0.003821383731832
0.003632762316292
0.003467822953477
0.003329018772828
0.003218631664916
0.003138722188293
0.003091079766896
0.003077174488332
0.003098111902440
0.003154592271264
0.003246875729863
0.003374754776546
0.003537535416974
0.003734028136328
0.003962549666775
0.004220936255281
0.004506568823974
0.004816410058610
0.005147053070655
0.005494780867689
0.005855635450794
0.006225494953641
0.006600156864878
0.006975425052206
0.007347198052010
0.007711555919350
0.008064842864055
0.008403742939880
0.008725346211098
0.009027203094717
0.009307364961021
0.009564409558496
0.009797450393427
0.010006129816286
0.010190596218473
0.010351466393042
0.010489774728915
0.010606911457305
0.010704552621260
0.010784584768203
0.010849027550823
0.010899957450925
0.010939435709883
0.010969443263333
0.010991825051476
0.011008245533186
0.011020156603021
0.011028778431932
0.011035093065098
0.011039849954725
0.011043582020818
0.011046630353128
0.011049175319705
0.011051271649944
0.011052885020347
0.011053927786224
0.011054291758632
0.011053876299622
0.011052610469766
0.011050468473818
0.011047478175139
0.011043722949433
0.011039337589328
0.011034499325360
0.011029415275771
0.011024307766662
0.011019398974092
0.011014896239267
0.011010979213241
0.011007789721725
0.011005424930465
0.011003934066166
0.011003318634733
0.011003535802390
0.011004504385540
0.011006112745110
0.011008227806505
0.011010704426041
0.011013394391176
0.011016154462002
0.011018853018750
0.011021375056014
0.011023625440532
0.011025530509114
0.011027038213126
0.011028117106791
0.011028754523882
0.011028954291759
0.011028734297794
0.011028124159437
0.011027163166192
0.011025898571300
0.011024384224586
0.011022679465713
0.011020848146715
0.011018957628682
0.011017077601120
0.011015278601683
0.011013630163770
0.011012198582793
0.011011044360461
0.011010219451430
0.011009764490304
0.011009706212733
0.011010055297887
0.011010804849214
0.011011929696849
0.011013386651645
0.011015115772793
0.011017042634906
0.011019081503679
0.011021139258665
0.011023119843773
0.011024928985538
0.011026478899004
0.011027692702258
0.011028508282203
0.011028881393352
0.011028787824171
0.011028224526865
0.011027209671297
0.011025781646883
0.011023997093619
0.011021928091382
0.011019658673351
0.011017280853688
0.011014890371848
0.011012582356981
0.011010447107547
0.011008566165453
0.011007008842652
0.011005829333044
0.011005064514974
0.011004732520742
0.011004832119847
0.011005342932562
0.011006226460185
0.011007427888067
0.011008878587968
0.011010499217924
0.011012203291943
0.011013901069494
0.011015503597640
0.011016926727945
0.011018094927415
0.011018944708388
0.011019427516888
0.011019511942188
0.011019185141165
0.011018453408076
0.011017341861410
0.011015893262335
0.011014166021275
0.011012231488107
0.011010170655107
0.011008070428497
0.011006019642938
0.011004105003098
0.011002407137272
0.011000996940381
0.010999932368328
0.010999255823623
0.010998992244695
0.010999147979688
0.010999710491085
0.011000648901667
0.011001915356242
0.011003447138731
0.011005169451643
0.011006998736104
0.011008846386517
0.011010622695725
0.011012240855217
0.011013620831188
0.011014692941545
0.011015400971372
0.011015704684540
0.011015581616303
0.011015028064633
0.011014059235171
0.011012708534044
0.011011026042549
0.011009076245607
0.011006935120191
0.011004686718800
0.011002419405246
0.011000221914552
0.010998179415136
0.010996369749660
0.010994860021237
0.010993703674816
0.010992938200446
0.010992583556866
0.010992641381781
0.010993095020600
0.010993910369662
0.010995037494570
0.010996412950446
0.010997962700125
0.010999605499786
0.011001256600444
0.011002831599078
0.011004250265824
0.011005440173993
0.011006339968060
