0.011003801375904
0.011003727773150
0.011003891501923
0.011004294281252
0.011004927009681
0.011005770088299
0.011006794222038
0.011007961666064
0.011009227863069
0.011010543399000
0.011011856189991
0.011013113802788
0.011014265804995
0.011015266040347
0.011016074727659
0.011016660289919
0.011017000831730
0.011017085198312
0.011016913567001
0.011016497541886
0.011015859743175
0.011015032904367
0.011014058511544
0.011012985039244
0.011011865855772
0.011010756886502
0.011009714136021
0.011008791178243
0.011008036727145
0.011007492399319
0.011007190772782
0.011007153834658
0.011007391893723
0.011007903013139
0.011008672994965
0.011009675922302
0.011010875238655
0.011012225318576
0.011013673460276
0.011015162210871
0.011016631919292
0.011018023401347
0.011019280596482
0.011020353096460
0.011021198432400
0.011021784017854
0.011022088661221
0.011022103580006
0.011021832871258
0.011021293416100
0.011020514220503
0.011019535218551
0.011018405587446
0.011017181644503
0.011015924414745
0.011014696972592
0.011013561671949
0.011012577385239
0.011011796873099
0.011011264402452
0.011011013721317
0.011011066484343
0.011011431204027
0.011012102779697
0.011013062630548
0.011014279431540
0.011015710423084
0.011017303238673
0.011018998170211
0.011020730770178
0.011022434673891
0.011024044514890
0.011025498802262
0.011026742630807
0.011027730102946
0.011028426354850
0.011028809097505
0.011028869605491
0.011028613110876
0.011028058585885
0.011027237924508
0.011026194559104
0.011024981572104
0.011023659384442
0.011022293120347
0.011020949762127
0.011019695217924
0.011018591429774
0.011017693648401
0.011017047994939
0.011016689418298
0.011016640140543
0.011016908661905
0.011017489372755
0.011018362792993
0.011019496431049
0.011020846226361
0.011022358512223
0.011023972411629
0.011025622558439
0.011027242020966
0.011028765295737
0.011030131236127
0.011031285784029
0.011032184382366
0.011032793961523
0.011033094412867
0.011033079486179
0.011032757074048
0.011032148873513
0.011031289442469
0.011030224694187
0.011029009896784
0.011027707264693
0.011026383245431
0.011025105616616
0.011023940515050
0.011022949521369
0.011022186920404
0.011021697248995
0.011021513229899
0.011021654173062
0.011022124904456
0.011022915258766
0.011024000146326
0.011025340177968
0.011026882805059
0.011028563907149
0.011030309737694
0.011032039120194
0.011033665774006
0.011035100641634
0.011036254087925
0.011037037846567
0.011037366600153
0.011037159096488
0.011036338724802
0.011034833500067
0.011032575430524
0.011029499271428
0.011025540695764
0.011020633938956
0.011014708998514
0.011007688490092
0.010999484278071
0.010989994010943
0.010979097699266
0.010966654476604
0.010952499681788
0.010936442394077
0.010918263541729
0.010897714689507
0.010874517592102
0.010848364579149
0.010818919813964
0.010785821443280
0.010748684629954
0.010707105435788
0.010660665498270
0.010608937424057
0.010551490804300
0.010487898742983
0.010417744779865
0.010340630084524
0.010256180797262
0.010164055395934
0.010063951974476
0.009955615328227
0.009838843752074
0.009713495469150
0.009579494619199
0.009436836745993
0.009285593731771
0.009125918132918
0.008958046874988
0.008782304266582
0.008599104290773
0.008408952130138
0.008212444877536
0.008010271380223
0.007803211160361
0.007592132351231
0.007377988586198
0.007161814777362
0.006944721723570
0.006727889493663
0.006512559541011
0.006300025520033
0.006091622794859
0.005888716654733
0.005692689280128
0.005504925537626
0.005326797719798
0.005159649387682
0.005004778516849
0.004863420191858
0.004736729136367
0.004625762405274
0.004531462598833
0.004454641984763
0.004395967930691
0.004355950054386
0.004334929491465
0.004333070658772
0.004350355855948
0.004386582997796
0.004441366706685
0.004514142918450
0.004604177068829
0.004710575832480
0.004832302285725
0.004968194260082
0.005116985549743
0.005277329535620
0.005447824694993
0.005627041382690
0.005813549200485
0.006005944219454
0.006202875288340
0.006403068652120
0.006605350121166
0.006808664073747
0.007012088643924
0.007214846542391
0.007416311078262
0.007616007092333
0.007813606673386
0.008008919703730
0.008201879462783
0.008392523701495
0.008580971778867
0.008767398617532
0.008952006380964
0.009134994893807
0.009316531912700
0.009496724402861
0.009675591981621
0.009853043651737
0.010028858863962
0.010202673821107
0.010373973767625
0.010542091804385
0.010706214534253
0.010865394588441
0.011018569815730
0.011164588647044
0.011302240887420
0.011430292947512
0.011547526318211
0.011652777924950
0.011744980881565
0.011823204104114
0.011886689247582
0.011934883494909
0.011967466857483
0.011984372835265
0.011985801526241
0.011972224559408
0.011944381540936
0.011903268035787
0.011850115441729
0.011786363434022
0.011713625951808
0.011633651947582
0.011548282317008
0.011459404558536
0.011368906774718
0.011278632617254
0.011190338697071
0.011105655834098
0.011026055317443
0.010952821096893
0.010887028545011
0.010829530130951
0.010780948048587
0.010741673558441
0.010711872549691
0.010691496617706
0.010680298793585
0.010677852961164
0.010683575956290
0.010696751360979
0.010716554076221
0.010742074872627
0.010772344266359
0.010806355235357
0.010843084463307
0.010881511961807
0.010920639061789
0.010959504872517
0.010997201372819
0.011032887320555
0.011065801142953
0.011095272906554
0.011120735369403
0.011141734001159
0.011157935732785
0.011169136081351
0.011175264202079
0.011176385362587
0.011172700324016
0.011164541157418
0.011152363123862
0.011136732400707
0.011118309636662
0.011097829552651
0.011076077057835
0.011053860601934
0.011031983716245
0.011011215886908
0.010992264037546
0.010975745960312
0.010962167015388
0.010951901315509
0.010945178426852
0.010942076359432
0.010942521303568
0.010946294213286
0.010953043965450
0.010962306459196
0.010973528688272
0.010986096541492
0.010999364882269
0.011012688340977
0.011025451231073
0.011037095072574
0.011047142368847
0.011055215522820
0.011061050079533
0.011064501822481
0.011065547608189
0.011064280173392
0.011060897469774
0.011055687353192
0.011049008662850
0.011041269861155
0.011032906463267
0.011024358468217
0.011016048918118
0.011008364569562
0.011001639476231
0.010996142070160
0.010992066106965
0.010989525622994
0.010988553852156
0.010989105876864
0.010991064646736
0.010994249892860
0.010998429393262
0.011003332003310
0.011008661847606
0.011014113071784
0.011019384567806
0.011024194110661
0.011028291375264
0.011031469339471
0.011033573623850
0.011034509374384
0.011034245364144
0.011032815077815
0.011030314651043
0.011026897665081
0.011022766943622
0.011018163657285
0.011013354203181
0.011008615481063
0.011004219320789
0.011000416914837
0.010997424162145
0.010995408825833
0.010994480341522
0.010994682984010
0.010995992912643
0.010998319379874
0.011001510118549
0.011005360640530
0.011009626903937
0.011014040560797
0.011018325801733
0.011022216686849
0.011025473803999
0.011027899133017
0.011029348115549
0.011029738126491
0.011029052799784
0.011027341958241
0.011024717211056
0.011021343588672
0.011017427859231
0.011013204392824
0.011008919593103
0.011004815990379
0.011001117082380
0.010998013921885
0.010995654293654
0.010994135111245
0.010993498415656
0.010993731092478
0.010994768163012
0.010996499266407
0.010998777750635
