0.042648746810644
0.042523850062794
0.042396989638717
0.042269219965138
0.042141772735013
0.042016022983094
0.041893450033726
0.041775594821895
0.041664015150816
0.041560240440164
0.041465727445193
0.041381818298658
0.041309702056710
0.041250380730453
0.041204640570160
0.041173029152144
0.041155838610218
0.041153095163522
0.041164554926540
0.041189705849004
0.041227775523729
0.041277744517656
0.041338364821761
0.041408182973947
0.041485567379648
0.041568739331612
0.041655807207772
0.041744803299590
0.041833722689943
0.041920563558033
0.042003368239605
0.042080264316222
0.042149504951605
0.042209507641337
0.042258890500928
0.042296505193049
0.042321465594254
0.042333171330752
0.042331325376489
0.042315945008098
0.042287365551123
0.042246236529116
0.042193510037676
0.042130421403053
0.042058462440645
0.041979347892005
0.041894975877280
0.041807383440468
0.041718698473846
0.041631089473092
0.041546714684659
0.041467672253302
0.041395952954632
0.041333397003158
0.041281656262604
0.041242162958472
0.041216105713129
0.041204413404835
0.041207747010791
0.041226499248960
0.041260801503485
0.041310537222894
0.041375360736152
0.041454720253147
0.041547883713859
0.041653966129467
0.041771957119440
0.041900747485719
0.042039153868110
0.042185940778786
0.042339839599741
0.042499564424177
0.042663824909185
0.042831336561806
0.043000829084513
0.043171053544541
0.043340789193716
0.043508850747258
0.043674096832701
0.043835440151441
0.043991859668427
0.044142414878037
0.044286261907294
0.044422670934007
0.044551044140199
0.044670933211382
0.044782055247853
0.044884305888447
0.044977768467812
0.045062718136571
0.045139620064880
0.045209121112960
0.045272034671118
0.045329318726586
0.045382047582744
0.045431378014437
0.045478510968617
0.045524650192100
0.045570959371119
0.045618519488638
0.045668288138389
0.045721062478321
0.045777447364890
0.045837829992750
0.045902362085317
0.045970950356629
0.046043255612355
0.046118700496244
0.046196485536178
0.046275612817822
0.046354916327651
0.046433097772209
0.046508766504159
0.046580482072474
0.046646797864463
0.046706304319281
0.046757670260917
0.046799681016759
0.046831272147105
0.046851557802299
0.046859852937934
0.046855688845339
0.046838821685649
0.046809233943156
0.046767128930596
0.046712918680038
0.046647205733776
0.046570759507195
0.046484488028123
0.046389405963835
0.046286599927785
0.046177192113700
0.046062303335937
0.045943016562898
0.045820342015724
0.045695184868035
0.045568316524382
0.045440350375093
0.045311722822955
0.045182680251908
0.045053272459478
0.044923352902823
0.044792585914384
0.044660460829243
0.044526312736636
0.044389349328362
0.044248683075010
0.044103367726713
0.043952437919771
0.043794950486347
0.043630025924073
0.043456888397792
0.043274902627253
0.043083606070078
0.042882734943033
0.042672242836419
0.042452310961399
0.042223349418260
0.041985989270393
0.041741065634911
0.041489592434306
0.041232729869946
0.040971746053039
0.040707974538513
0.040442769731807
0.040177462262028
0.039913316427410
0.039651491717461
0.039393010204735
0.039138731289244
0.038889334887908
0.038645313713597
0.038406974810298
0.038174450031907
0.037947714701040
0.037726613287981
0.037510890630971
0.037300226994665
0.037094275143657
0.036892697595339
0.036695202305993
0.036501575224351
0.036311708400212
0.036125622640532
0.035943484037490
0.035765614028235
0.035592492961496
0.035424757423012
0.035263191795367
0.035108714690025
0.034962360987701
0.034825260261720
0.034698612346480
0.034583660762774
0.034481664638997
0.034393869688322
0.034321478731944
0.034265622209805
0.034227329101104
0.034207498690887
0.034206873664133
0.034226015078038
0.034265279845481
0.034324801443272
0.034404474621784
0.034503944921927
0.034622603786904
0.034759589979302
0.034913797872756
0.035083892981590
0.035268334827272
0.035465406929006
0.035673253364156
0.035889920993425
0.036113406109035
0.036341703965605
0.036572859415577
0.036805016713615
0.037036466492227
0.037265687953130
0.037491384467803
0.037712511031780
0.037928292359078
0.038138230818352
0.038342103878708
0.038539951224750
0.038732052189951
0.038918894617408
0.039101136661564
0.039279563371290
0.039455040125827
0.039628465118433
0.039800723092159
0.039972642428532
0.040144957479991
0.040318277733343
0.040493065011963
0.040669619490489
0.040848074831557
0.041028402284914
0.041210423140332
0.041393828520564
0.041578205159803
0.041763065553583
0.041947880699551
0.042132113581650
0.042315251583774
0.042496836148061
0.042676488207534
0.042853928207997
0.043028989871543
0.043201627222587
0.043371914774763
0.043540041141165
0.043706296660564
0.043871055910519
0.044034756190701
0.044197873197022
0.044360895165101
0.044524296741721
0.044688513751523
0.044853919874451
0.045020806052060
0.045189363214968
0.045359668687840
0.045531676400311
0.045705210828710
0.045879964427654
0.046055498192100
0.046231244924349
0.046406514766596
0.046580502593521
0.046752296931883
0.046920890173107
0.047085189955714
0.047244031701979
0.047396192382584
0.047540405641568
0.047675378431960
0.047799809284674
0.047912408258923
0.048011918505677
0.048097139225404
0.048166949630384
0.048220333345707
0.048256402519305
0.048274420776914
0.048273824069002
0.048254238425903
0.048215493673747
0.048157632270410
0.048080912595816
0.047985806266375
0.047872989326092
0.047743327479130
0.047597855849649
0.047437754061880
0.047264317704319
0.047078927455990
0.046883017292802
0.046678043245900
0.046465454145418
0.046246665652453
0.046023038666477
0.045795862908226
0.045566346138037
0.045335609099668
0.045104685905239
0.044874529224080
0.044646019331901
0.044419975838520
0.044197170759424
0.043978341539981
0.043764202685246
0.043555454790328
0.043352789996262
0.043156893197988
0.042968438682966
0.042788082255989
0.042616449280668
0.042454119413798
0.042301609100040
0.042159353109513
0.042027686523738
0.041906828596084
0.041796869828729
0.041697763424196
0.041609321997614
0.041531220094550
0.041463002672166
0.041404099295676
0.041353843406484
0.041311495661389
0.041276270049797
0.041247361289762
0.041223971899478
0.041205337347321
0.041190747801206
0.041179565219801
0.041171234838836
0.041165290484137
0.041161353562308
0.041159126010440
0.041158377897204
0.041158930729439
0.041160637805179
0.041163363145274
0.041166960618059
0.041171254839587
0.041176025289075
0.041180994836900
0.041185823559811
0.041190108339728
0.041193388337376
0.041195156030385
0.041194873136906
0.041191990436448
0.041185970270713
0.041176310372640
0.041162567637927
0.041144380517820
0.041121488864901
0.041093750288062
0.041061152346747
0.041023820212503
0.040982019722064
0.040936156015794
0.040886768177831
0.040834520454210
0.040780190714225
0.040724656837068
0.040668881656457
0.040613896992952
0.040560787164433
0.040510672210289
0.040464690915733
0.040423983599485
0.040389674547587
0.040362853950025
0.040344559230425
0.040335755750640
0.040337317013211
0.040350004660838
0.040374448763952
0.040411129073327
0.040460358071569
0.040522266764340
0.040596794191766
0.040683681600714
0.040782472094386
0.040892516369242
0.041012984870470
0.041142886362816
0.041281092545957
0.041426367968873
0.041577404143972
0.041732856456460
0.041891382232428
0.042051678190322
0.042212515468445
0.042372770501973
