0.102253715760516
0.102272532764288
0.102290391757839
0.102307136366406
0.102322637449743
0.102336809999812
0.102349631154849
0.102361158254466
0.102371545602687
0.102381058392395
0.102390082102152
0.102399125631330
0.102408816516120
0.102419886786918
0.102433148398983
0.102449457695676
0.102469669037827
0.102494578531096
0.102524859669389
0.102560993635996
0.102603197903538
0.102651357577448
0.102704964559731
0.102763069993838
0.102824255517916
0.102886628545262
0.102947846069347
0.103005170343392
0.103055558227887
0.103095784083311
0.103122593892969
0.103132885947628
0.103123911052121
0.103093482987144
0.103040188050003
0.102963581077521
0.102864354579149
0.102744467606848
0.102607221847676
0.102457274180495
0.102300577564869
0.102144245539514
0.101996339647216
0.101865583562950
0.101761012324429
0.101691569560102
0.101665669675305
0.101690745297792
0.101772802633955
0.101916008532404
0.102122332848383
0.102391268090414
0.102719645342674
0.103101561220214
0.103528425345983
0.103989131832394
0.104470351857440
0.104956938032340
0.105432425257435
0.105879607528223
0.106281166008586
0.106620320886795
0.106881478235631
0.107050843374182
0.107116974034462
0.107071249830796
0.106908238886385
0.106625947694017
0.106225946036379
0.105713364707339
0.105096769508677
0.104387920230341
0.103601427793314
0.102754326248941
0.101865578771499
0.100955538115910
0.100045382278634
0.099156545400427
0.098310162437004
0.097526543982657
0.096824695060530
0.096221888886590
0.095733303749420
0.095371728372909
0.095147338557023
0.095067545598418
0.095136915018286
0.095357152478927
0.095727152440228
0.096243104064091
0.096898648084049
0.097685077783793
0.098591576842090
0.099605486580338
0.100712595078717
0.101897440700586
0.103143622779423
0.104434112576263
0.105751558103503
0.107078577023400
0.108398032549740
0.109693288085323
0.110948437186252
0.112148506322967
0.113279628772791
0.114329188797302
0.115285936002382
0.116140070429513
0.116883299471559
0.117508868142160
0.118011564558918
0.118387702737496
0.118635084950460
0.118752945996540
0.118741881767706
0.118603764504990
0.118341647108191
0.117959658814493
0.117462894488712
0.116857299673036
0.116149553425890
0.115346950837061
0.114457286940206
0.113488743556927
0.112449780403662
0.111349031579947
0.110195208342306
0.108997008859495
0.107763035449512
0.106501719622063
0.105221255095391
0.103929538824891
0.102634119971567
0.101342156648747
0.100060380211963
0.098795066795945
0.097552015750932
0.096336534585722
0.095153429985932
0.094007004442678
0.092901058000236
0.091838894612320
0.090823332586704
0.089856718597746
0.088940944755987
0.088077468242605
0.087267333042523
0.086511193341279
0.085809338185037
0.085161717038121
0.084567965906462
0.084027433727131
0.083539208753317
0.083102144690912
0.082714886367799
0.082375894741081
0.082083471071414
0.081835780118092
0.081630872233611
0.081466704261871
0.081341159169482
0.081252064363757
0.081197208673373
0.081174357987245
0.081181269563849
0.081215705036530
0.081275442150838
0.081358285277777
0.081462074752905
0.081584695095988
0.081724082169862
0.081878229340673
0.082045192704794
0.082223095450292
0.082410131422658
0.082604567965262
0.082804748104515
0.083009092147785
0.083216098758962
0.083424345572312
0.083632489400371
0.083839266086442
0.084043490047252
0.084244053546812
0.084439925738586
0.084630151509953
0.084813850160287
0.084990213941888
0.085158506491062
0.085318061174795
0.085468279376565
0.085608628742874
0.085738641410047
0.085857912228926
0.085966097003316
0.086062910756577
0.086148126039582
0.086221571292368
0.086283129271144
0.086332735551662
0.086370377119204
0.086396091054488
0.086409963323444
0.086412127677165
0.086402764666328
0.086382100772080
0.086350407653072
0.086308001505790
0.086255242533064
0.086192534513363
0.086120324461406
0.086039102368730
0.085949401011015
0.085851795807262
0.085746904714314
0.085635388138641
0.085517948845919
0.085395331847675
0.085268324243264
0.085137754994770
0.085004494611972
0.084869454724528
0.084733587518750
0.084597885016891
0.084463378177620
0.084331135797256
0.084202263192326
0.084077900645113
0.083959221594946
0.083847430559177
0.083743760769005
0.083649471506589
0.083565845131287
0.083494183784264
0.083435805762255
0.083392041552838
0.083364229525143
0.083353711271605
0.083361826598037
0.083389908161006
0.083439275753352
0.083511230240592
0.083607047153119
0.083727969941386
0.083875202903944
0.084049903800986
0.084253176169368
0.084486061358494
0.084749530310367
0.085044475111174
0.085371700346342
0.085731914295623
0.086125720009912
0.086553606316683
0.087015938806507
0.087512950858705
0.088044734770024
0.088611233055937
0.089212229999942
0.089847343531712
0.090516017520204
0.091217514572614
0.091950909434361
0.092715083088925
0.093508717659179
0.094330292213933
0.095178079584396
0.096050144295299
0.096944341714254
0.097858318520563
0.098789514591072
0.099735166395627
0.100692311988415
0.101657797673605
0.102628286414673
0.103600268046122
0.104570071334448
0.105533877921970
0.106487738172521
0.107427588922307
0.108349273122261
0.109248561340216
0.110121175072164
0.110962811791942
0.111769171647919
0.112535985693832
0.113259045518939
0.113934234120306
0.114557557837471
0.115125179147167
0.115633450093410
0.116078946106290
0.116458499941654
0.116769235453501
0.117008600892017
0.117174401402768
0.117264830387155
0.117278499371133
0.117214466018787
0.117072259920010
0.116851905777630
0.116553943619302
0.116179445663543
0.115730029478001
0.115207867081413
0.114615689659329
0.113956787587433
0.113235005485626
0.112454732060807
0.111620884536701
0.110738887514955
0.109814646162925
0.108854513679932
0.107865253054825
0.106853993193120
0.105828179561097
0.104795519566612
0.103763922970948
0.102741437702332
0.101736181518489
0.100756270042026
0.099809741767394
0.098904480710423
0.098048137439893
0.097248049293985
0.096511160641525
0.095843944097415
0.095252323642273
0.094741600627022
0.094316383662578
0.093980523402100
0.093737053217367
0.093588136750968
0.093535023291471
0.093578011869025
0.093716424903753
0.093948592158607
0.094271845652257
0.094682526076573
0.095176001137817
0.095746696101855
0.096388136672721
0.097093004172152
0.097853202817097
0.098659938714721
0.099503810012349
0.100374907455702
0.101262924425369
0.102157275341745
0.103047221155610
0.103922000478446
0.104770964756585
0.105583715759698
0.106350243540114
0.107061062928032
0.107707346561846
0.108281052415068
0.108775043774080
0.109183199646228
0.109500513636815
0.109723179427690
0.109848661119558
0.109875746864771
0.109804584416371
0.109636697451115
0.109374981786763
0.109023680904268
0.108588340500161
0.108075742128731
0.107493816343155
0.106851536103527
0.106158791582012
0.105426247854617
0.104665187318401
0.103887339005371
0.103104697272794
0.102329332626970
0.101573197676877
0.100847931408999
0.100164665118983
0.099533833424230
0.098964993809589
0.098466658122359
0.098046139330397
0.097709416686946
0.097461022208137
0.097303951065127
0.097239598125850
0.097267722455575
0.097386441106929
0.097592253006067
0.097880093181144
0.098243416991899
0.098674313416365
0.099163645844314
0.099701218229772
0.100275963879978
0.100876153618870
0.101489619572683
0.102103990396447
0.102706933404995
