0.022574444888569
0.022552592500317
0.022549574413725
0.022565560046864
0.022600204307429
0.022652657824868
0.022721590742618
0.022805229265991
0.022901403830387
0.023007607466005
0.023121062695327
0.023238795112342
0.023357711659922
0.023474681544160
0.023586617700400
0.023690556752620
0.023783735481902
0.023863661936766
0.023928179473317
0.023975522201563
0.024004360531110
0.024013835749746
0.024003582827800
0.023973740914877
0.023924951279280
0.023858342729529
0.023775504847226
0.023678449646038
0.023569562547538
0.023451543825356
0.023327341908583
0.023200080147497
0.023072978823328
0.022949274323010
0.022832137494272
0.022724593241593
0.022629443415898
0.022549194988604
0.022485995383378
0.022441576668283
0.022417210090366
0.022413672169554
0.022431223266122
0.022469599204719
0.022528016187928
0.022605188874477
0.022699361142668
0.022808348719640
0.022929592542259
0.023060221435578
0.023197122458038
0.023337017075745
0.023476541195770
0.023612327013263
0.023741084609833
0.023859681279725
0.023965216652561
0.024055091822185
0.024127070874192
0.024179333423170
0.024210517016909
0.024219748530921
0.024206663954876
0.024171416255366
0.024114671279958
0.024037591939400
0.023941811162692
0.023829394358786
0.023702792335110
0.023564785813722
0.023418422848318
0.023266950577616
0.023113742851487
0.022962225334723
0.022815799729024
0.022677768756440
0.022551263517514
0.022439174775250
0.022344089622983
0.022268234871756
0.022213428343190
0.022181039079620
0.022171957287988
0.022186574621362
0.022224775176649
0.022285937353855
0.022368946486508
0.022472217920084
0.022593729990895
0.022731066147412
0.022881465264306
0.023041879031207
0.023209035157071
0.023379505020151
0.023549774314999
0.023716315202868
0.023875658460484
0.024024464143757
0.024159589336010
0.024278151632361
0.024377587120220
0.024455701746912
0.024510715115682
0.024541295916824
0.024546588377533
0.024526229298504
0.024480355433533
0.024409601157034
0.024315086550066
0.024198396215294
0.024061549302389
0.023906961385166
0.023737398977848
0.023555927608100
0.023365854476709
0.023170666826318
0.022973967212669
0.022779406920026
0.022590618786803
0.022411150707098
0.022244401048666
0.022093557178043
0.021961538209939
0.021850943001972
0.021764004299469
0.021702549800956
0.021667970766292
0.021661198629867
0.021682689914743
0.021732419574392
0.021809882720976
0.021914104537070
0.022043658015305
0.022196689031033
0.022370948129814
0.022563828306583
0.022772407968385
0.022993498208533
0.023223693477021
0.023459424709621
0.023697013975130
0.023932729715211
0.024162841682138
0.024383674724454
0.024591660626678
0.024783387274492
0.024955644489243
0.025105465952958
0.025230166725870
0.025327375941157
0.025395064345083
0.025431566434137
0.025435597023397
0.025406262161704
0.025343064388864
0.025245902407665
0.025115065318478
0.024951221636220
0.024755403377760
0.024528985571823
0.024273661602169
0.023991414847455
0.023684487126682
0.023355344496629
0.023006640976256
0.022641180791988
0.022261879746560
0.021871726312391
0.021473743038189
0.021070948835033
0.020666322675990
0.020262769202284
0.019863086680240
0.019469937697918
0.019085822930011
0.018713058235694
0.018353755288220
0.018009805868744
0.017682869891459
0.017374367164043
0.017085472827687
0.016817116365727
0.016569984019702
0.016344524407276
0.016140957098188
0.015959283872499
0.015799302359971
0.015660621740391
0.015542680171951
0.015444763608041
0.015366025661899
0.015305508182923
0.015262162217782
0.015234869043250
0.015222460975409
0.015223741680940
0.015237505740111
0.015262557237044
0.015297727180353
0.015341889585525
0.015393976078937
0.015452988911419
0.015518012296318
0.015588222012586
0.015662893237027
0.015741406591365
0.015823252408947
0.015908033242668
0.015995464650336
0.016085374306112
0.016177699497552
0.016272483077116
0.016369867945593
0.016470090152864
0.016573470709306
0.016680406209274
0.016791358376649
0.016906842651569
0.017027415947145
0.017153663715079
0.017286186469296
0.017425585926709
0.017572450933462
0.017727343352943
0.017890784098076
0.018063239494169
0.018245108159683
0.018436708590132
0.018638267624866
0.018849909967492
0.019071648918420
0.019303378462488
0.019544866836497
0.019795751681005
0.020055536858734
0.020323590998964
0.020599147804054
0.020881308131396
0.021169043842234
0.021461203388382
0.021756519089209
0.022053616034637
0.022351022535233
0.022647182027721
0.022940466333121
0.023229190154853
0.023511626695167
0.023786024259621
0.024050623710650
0.024303676622216
0.024543463977641
0.024768315242167
0.024976627630217
0.025166885375257
0.025337678797748
0.025487722954518
0.025615875641644
0.025721154513321
0.025802753072119
0.025860055282151
0.025892648556953
0.025900334878836
0.025883139816699
0.025841319225210
0.025775363429851
0.025685998729639
0.025574186082002
0.025441116871708
0.025288205707280
0.025117080232916
0.024929567990676
0.024727680415330
0.024513594091735
0.024289629450725
0.024058227123244
0.023821922212841
0.023583316782925
0.023345050886703
0.023109772494037
0.022880106690313
0.022658624537737
0.022447811999272
0.022250039329923
0.022067531339465
0.021902338925405
0.021756312265074
0.021631076041843
0.021528007062477
0.021448214600998
0.021392523779105
0.021361462264212
0.021355250533573
0.021373795916587
0.021416690587234
0.021483213634551
0.021572337291224
0.021682737348774
0.021812807732797
0.021960679153590
0.022124241687016
0.022301171078261
0.022488958498286
0.022684943420445
0.022886349224141
0.023090321075013
0.023293965578367
0.023494391655928
0.023688752056799
0.023874284883196
0.024048354491109
0.024208491116496
0.024352428579619
0.024478139434105
0.024583866953257
0.024668153383986
0.024729863947912
0.024768206128911
0.024782743855703
0.024773406265757
0.024740490821365
0.024684660638873
0.024606935985896
0.024508679997574
0.024391578759617
0.024257616001634
0.024109042737417
0.023948342277928
0.023778191126379
0.023601416341629
0.023420950024861
0.023239781644043
0.023060908959896
0.022887288354939
0.022721785392837
0.022567126447838
0.022425852242921
0.022300274119832
0.022192433834139
0.022104067623605
0.022036575238751
0.021990994550841
0.021967982265383
0.021967801169723
0.021990314232814
0.022034985755532
0.022100889643079
0.022186724739510
0.022290837030719
0.022411248389330
0.022545691405543
0.022691649725127
0.022846403202201
0.023007077072856
0.023170694268453
0.023334229916654
0.023494667025617
0.023649052313545
0.023794551132734
0.023928500444742
0.024048458831234
0.024152252572773
0.024238016894539
0.024304231562191
0.024349750111405
0.024373822109074
0.024376107970700
0.024356685995037
0.024316051421140
0.024255107462220
0.024175148422773
0.024077835157526
0.023965163280537
0.023839424677441
0.023703163010790
0.023559124035061
0.023410201651521
0.023259380731157
0.023109677813954
0.022964080852576
0.022825489206034
0.022696655102583
0.022580127779603
0.022478201471017
0.022392868349604
0.022325777443150
0.022278200430738
0.022251005090741
0.022244637017706
0.022259110054580
0.022294005703464
0.022348481586338
0.022421288831729
0.022510798068574
0.022615033519440
0.022731714506295
0.022858303517501
0.022992059838484
0.023130097624014
0.023269447189920
0.023407118228487
0.023540163606089
