0.002647846237567
0.002646169300020
0.002644303653720
0.002642311625729
0.002640266654603
0.002638251092210
0.002636353658662
0.002634666624681
0.002633282805574
0.002632292458565
0.002631780180166
0.002631821902372
0.002632482085488
0.002633811201337
0.002635843593405
0.002638595790309
0.002642065336070
0.002646230185351
0.002651048694520
0.002656460220739
0.002662386321729
0.002668732529218
0.002675390649941
0.002682241530124
0.002689158203350
0.002696009328075
0.002702662810439
0.002708989500731
0.002714866848265
0.002720182399576
0.002724837028854
0.002728747797207
0.002731850348435
0.002734100763175
0.002735476809989
0.002735978550732
0.002735628277649
0.002734469780551
0.002732566963291
0.002730001849131
0.002726872033593
0.002723287660682
0.002719368013220
0.002715237820156
0.002711023392690
0.002706848706680
0.002702831550845
0.002699079858861
0.002695688338432
0.002692735502141
0.002690281193443
0.002688364687001
0.002687003425991
0.002686192440536
0.002685904471527
0.002686090803337
0.002686682787870
0.002687594021579
0.002688723117175
0.002689956993188
0.002691174587988
0.002692250890732
0.002693061170476
0.002693485276729
0.002693411880341
0.002692742523059
0.002691395347367
0.002689308385516
0.002686442297652
0.002682782463587
0.002678340350620
0.002673154100377
0.002667288300513
0.002660832931408
0.002653901503190
0.002646628423582
0.002639165661492
0.002631678794120
0.002624342545837
0.002617335944595
0.002610837235394
0.002605018700051
0.002600041537625
0.002596050960295
0.002593171655092
0.002591503752854
0.002591119432208
0.002592060268891
0.002594335419601
0.002597920705654
0.002602758635610
0.002608759378599
0.002615802672036
0.002623740619785
0.002632401310197
0.002641593158824
0.002651109858522
0.002660735800870
0.002670251817844
0.002679441081886
0.002688094996287
0.002696018906301
0.002703037464671
0.002708999493219
0.002713782194671
0.002717294585566
0.002719480041557
0.002720317870134
0.002719823852134
0.002718049721678
0.002715081583709
0.002711037298205
0.002706062889744
0.002700328069505
0.002694020983296
0.002687342323000
0.002680498959338
0.002673697270309
0.002667136351753
0.002661001303566
0.002655456787067
0.002650641045605
0.002646660571663
0.002643585589663
0.002641446504587
0.002640231442817
0.002639884983870
0.002640308150532
0.002641359691186
0.002642858652634
0.002644588205528
0.002646300648500
0.002647723482398
0.002648566413529
0.002648529115588
0.002647309554802
0.002644612662548
0.002640159124986
0.002633694050557
0.002624995273822
0.002613881058358
0.002600216972033
0.002583921724954
0.002564971783193
0.002543404599565
0.002519320335528
0.002492881984930
0.002464313849842
0.002433898360186
0.002401971271190
0.002368915314810
0.002335152422161
0.002301134672577
0.002267334160260
0.002234232000688
0.002202306725191
0.002172022332750
0.002143816282503
0.002118087718322
0.002095186217844
0.002075401352370
0.002058953331261
0.002045984984902
0.002036555314499
0.002030634805313
0.002028102663211
0.002028746093188
0.002032261693969
0.002038258995586
0.002046266118268
0.002055737481997
0.002066063447831
0.002076581725769
0.002086590340465
0.002095361906683
0.002102158931904
0.002106249834781
0.002106925346037
0.002103514943378
0.002095402964631
0.002082044043728
0.002062977522602
0.002037840508273
0.002006379268226
0.001968458688082
0.001924069552914
0.001873333456547
0.001816505190938
0.001753972519086
0.001686253288853
0.001613989900295
0.001537941194473
0.001458971885879
0.001378039712549
0.001296180526372
0.001214491590068
0.001134113385879
0.001056210273371
0.000981950359209
0.000912484959931
0.000848928049147
0.000792336083171
0.000743688593778
0.000703869923737
0.000673652460294
0.000653681694354
0.000644463399190
0.000646353182970
0.000659548624803
0.000684084155453
0.000719828792136
0.000766486783007
0.000823601162061
0.000890560160239
0.000966606364664
0.001050848466097
0.001142275385948
0.001239772529367
0.001342139871023
0.001448111545828
0.001556376588777
0.001665600446852
0.001774446871799
0.001881599796084
0.001985784795265
0.002085789748617
0.002180484325803
0.002268837950374
0.002349935920502
0.002422993402950
0.002487367057197
0.002542564091954
0.002588248605285
0.002624245111006
0.002650539207155
0.002667275395894
0.002674752117295
0.002673414110964
0.002663842268434
0.002646741184754
0.002622924658875
0.002593299428570
0.002558847456013
0.002520607104347
0.002479653563147
0.002437078891362
0.002393972050038
0.002351399293800
0.002310385279895
0.002271895236791
0.002236818511284
0.002205953784183
0.002179996210602
0.002159526702229
0.002145003526446
0.002136756351661
0.002134982820468
0.002139747683180
0.002150984474886
0.002168499670241
0.002191979202790
0.002220997190588
0.002255026668097
0.002293452086696
0.002335583313301
0.002380670829342
0.002427921811162
0.002476516758276
0.002525626328199
0.002574428035810
0.002622122481609
0.002667948786498
0.002711198930693
0.002751230720512
0.002787479138667
0.002819465870403
0.002846806838816
0.002869217626767
0.002886516709258
0.002898626467721
0.002905572005464
0.002907477830405
0.002904562516152
0.002897131494547
0.002885568170991
0.002870323587406
0.002851904885931
0.002830862848682
0.002807778804827
0.002783251205458
0.002757882169155
0.002732264296848
0.002706968043590
0.002682529917652
0.002659441754322
0.002638141283444
0.002619004176940
0.002602337725898
0.002588376257317
0.002577278359042
0.002569125938885
0.002563925101246
0.002561608782793
0.002562041048797
0.002565022914465
0.002570299521920
0.002577568474074
0.002586489102183
0.002596692424962
0.002607791544103
0.002619392214306
0.002631103325487
0.002642547040805
0.002653368346315
0.002663243786089
0.002671889180120
0.002679066150628
0.002684587314753
0.002688320037255
0.002690188674775
0.002690175282510
0.002688318793703
0.002684712721206
0.002679501467478
0.002672875363766
0.002665064590043
0.002656332153727
0.002646966126665
0.002637271355816
0.002627560873138
0.002618147234241
0.002609334013363
0.002601407674280
0.002594630023261
0.002589231431497
0.002585404991155
0.002583301742127
0.002583027076264
0.002584638393434
0.002588144049888
0.002593503605098
0.002600629339381
0.002609388982044
0.002619609559325
0.002631082243868
0.002643568063314
0.002656804305678
0.002670511443606
0.002684400388970
0.002698179883598
0.002711563831336
0.002724278381122
0.002736068580009
0.002746704428962
0.002755986192199
0.002763748832543
0.002769865469928
0.002774249787353
0.002776857337423
0.002777685732398
0.002776773730639
0.002774199261738
0.002770076460557
0.002764551806339
0.002757799486057
0.002750016120852
0.002741415010055
0.002732220058583
0.002722659560074
0.002712960009828
0.002703340118398
0.002694005188673
0.002685142006669
0.002676914379547
0.002669459433907
0.002662884764043
0.002657266494058
0.002652648290516
0.002649041334396
0.002646425233296
0.002644749828121
0.002643937823445
0.002643888148253
0.002644479934395
0.002645576984341
0.002647032588109
0.002648694541849
0.002650410217533
0.002652031534629
0.002653419690270
0.002654449514081
0.002655013327085
0.002655024200519
0.002654418529421
0.002653157856888
0.002651229907340
0.002648648810325
0.002645454519652
0.002641711455390
0.002637506417898
0.002632945842964
