0.004256347893287
0.004159439823985
0.004043360707704
0.003910534023269
0.003763932354495
0.003606991118849
0.003443502041029
0.003277490550334
0.003113082051321
0.002954362527561
0.002805239165266
0.002669306622741
0.002549724236737
0.002449108878762
0.002369447398059
0.002312031668690
0.002277418256716
0.002265413700964
0.002275085413875
0.002304797304392
0.002352268437214
0.002414652391585
0.002488634472656
0.002570543550374
0.002656475035589
0.002742421325341
0.002824405933260
0.002898617445038
0.002961539390645
0.003010072103717
0.003041642657493
0.003054299050858
0.003046785002066
0.003018592029947
0.002969985998539
0.002902005997447
0.002816434336229
0.002715737534762
0.002602979455752
0.002481709088285
0.002355826868707
0.002229434717406
0.002106676071053
0.001991572996876
0.001887867901435
0.001798877329318
0.001727364859897
0.001675439164453
0.001644481934375
0.001635108723709
0.001647163886456
0.001679748870207
0.001731281298567
0.001799580672575
0.001881975261480
0.001975423917874
0.002076646182666
0.002182254138671
0.002288879982282
0.002393294129267
0.002492509745991
0.002583870781422
0.002665121749822
0.002734458575644
0.002790560683671
0.002832605155155
0.002860264167772
0.002873687120990
0.002873468874911
0.002860605473282
0.002836438659794
0.002802590502885
0.002760889571309
0.002713290375703
0.002661788202731
0.002608331977355
0.002554738326432
0.002502610494999
0.002453266089675
0.002407677702674
0.002366430235881
0.002329698159432
0.002297245004851
0.002268446152491
0.002242334510798
0.002217667117333
0.002193009156468
0.002166830530561
0.002137609075258
0.002103933885410
0.002064602088473
0.002018702792980
0.001965682826365
0.001905390186252
0.001838092748230
0.001764471557880
0.001685589827710
0.001602840405224
0.001517875839280
0.001432526142629
0.001348709865351
0.001268344139848
0.001193258962709
0.001125120212799
0.001065364870639
0.001015150722192
0.000975321625821
0.000946388309889
0.000928523743882
0.000921571451145
0.000925064733647
0.000938254650567
0.000960144692953
0.000989530362507
0.001025042216282
0.001065191300836
0.001108416198147
0.001153131087981
0.001197774268524
0.001240856467332
0.001281008042637
0.001317023867657
0.001347904369404
0.001372890926061
0.001391493677196
0.001403509819899
0.001409030682715
0.001408436294769
0.001402376780626
0.001391740669194
0.001377611044819
0.001361211315897
0.001343843152194
0.001326819772579
0.001311398188797
0.001298714186044
0.001289723728213
0.001285154120141
0.001285467669364
0.001290839813882
0.001301152782213
0.001316004897313
0.001334734697203
0.001356458187584
0.001380116820002
0.001404533244154
0.001428471540014
0.001450698504174
0.001470042640824
0.001485447774499
0.001496018633987
0.001501056322718
0.001500082255349
0.001492849865541
0.001479344137878
0.001459769748944
0.001434529280215
0.001404193550723
0.001369466573751
0.001331147935453
0.001290095495852
0.001247191204083
0.001203312491814
0.001159311168416
0.001116001013638
0.001074154392336
0.001034507264249
0.000997771008544
0.000964648617365
0.000935852127336
0.000912117739343
0.000894214995269
0.000882946680525
0.000879136814022
0.000883605144572
0.000897127925525
0.000920386280503
0.000953905064389
0.000997986607388
0.001052644943476
0.001117546916883
0.001191966809008
0.001274760754645
0.001364366197581
0.001458830010809
0.001555866778401
0.001652946264448
0.001747406484939
0.001836586284148
0.001917969137945
0.001989328285712
0.002048862414154
0.002095311105478
0.002128040170431
0.002147088783211
0.002153172907722
0.002147642665750
0.002132394800471
0.002109744947245
0.002082267738351
0.002052615552187
0.002023328722547
0.001996651063310
0.001974364530286
0.001957655716129
0.001947024728256
0.001942243991344
0.001942370874997
0.001945814056516
0.001950449500223
0.001953778183927
0.001953114522694
0.001945792077015
0.001929371768424
0.001901837563353
0.001861765442329
0.001808453377334
0.001742002846617
0.001663345908106
0.001574215765089
0.001477062797645
0.001374921900962
0.001271240383963
0.001169678392371
0.001073895638233
0.000987339019655
0.000913045453619
0.000853472953554
0.000810370770543
0.000784696458431
0.000776584248464
0.000785365394404
0.000809637456433
0.000847376108244
0.000896080226450
0.000952938959110
0.001015008313127
0.001079384618367
0.001143363011287
0.001204570747415
0.001261067545126
0.001311408071422
0.001354664853789
0.001390413073613
0.001418681604704
0.001439877072286
0.001454689438113
0.001463988545053
0.001468721131362
0.001469817079202
0.001468112194087
0.001464292783670
0.001458864922187
0.001452148782606
0.001444296025806
0.001435326169320
0.001425176292544
0.001413757491671
0.001401011232976
0.001386959157895
0.001371740894884
0.001355635905759
0.001339067173934
0.001322586444212
0.001306842562410
0.001292536068950
0.001280364436524
0.001270963114793
0.001264847811267
0.001262363204276
0.001263642604574
0.001268582047514
0.001276831023931
0.001287800673303
0.001300688893838
0.001314520583992
0.001328200208541
0.001340573140580
0.001350491798523
0.001356882473849
0.001358808905078
0.001355529050799
0.001346542092377
0.001331623393705
0.001310845901797
0.001284587236277
0.001253522446446
0.001218603081535
0.001181023803656
0.001142178263213
0.001103606348353
0.001066935211895
0.001033816670413
0.001005863659689
0.000984588417016
0.000971344942343
0.000967278067425
0.000973281139439
0.000989963912671
0.001017631756084
0.001056276749556
0.001105580687657
0.001164929470824
0.001233437874414
0.001309983277781
0.001393246633021
0.001481758770781
0.001573950081180
0.001668201661208
0.001762896164484
0.001856466794782
0.001947443116938
0.002034492583707
0.002116456866843
0.002192382217201
0.002261543157384
0.002323458841240
0.002377901420591
0.002424895774672
0.002464710020553
0.002497836371127
0.002524962170920
0.002546931334784
0.002564696937409
0.002579266327933
0.002591640827992
0.002602752749605
0.002613403065455
0.002624203498997
0.002635527001488
0.002647470489365
0.002659833294296
0.002672114026399
0.002683527499439
0.002693042079634
0.002699436391092
0.002701372855915
0.002697484191634
0.002686467856544
0.002667182633519
0.002638741156947
0.002600592261347
0.002552587568187
0.002495027690450
0.002428684744233
0.002354799402792
0.002275052380082
0.002191511849940
0.002106559762559
0.002022801201106
0.001942961748507
0.001869778266073
0.001805888521162
0.001753724778265
0.001715415857102
0.001692701354356
0.001686860824458
0.001698659817570
0.001728313862391
0.001775470815446
0.001839211503908
0.001918068260254
0.002010060749495
0.002112748366494
0.002223298363776
0.002338568690958
0.002455204230036
0.002569744663323
0.002678741610309
0.002778881946757
0.002867113436477
0.002940768051363
0.002997677731702
0.003036276952095
0.003055686402365
0.003055772436357
0.003037177717002
0.003001319682869
0.002950355023477
0.002887110179754
0.002814979849929
0.002737797426514
0.002659683057239
0.002584876462999
0.002517562636004
0.002461698997356
0.002420852478782
0.002398054322920
0.002395679234131
0.002415353962879
0.002457898606866
0.002523302012455
0.002610730811209
0.002718569964021
0.002844491316417
0.002985545663284
0.003138273208177
0.003298827069517
0.003463104586078
0.003626881533795
0.003785944896795
