0.024378533610657
0.024379226931911
0.024379139719317
0.024378357933295
0.024377049739285
0.024375448721314
0.024373829119084
0.024372475704608
0.024371651590760
0.024371567579973
0.024372356573791
0.024374056075213
0.024376600973354
0.024379827692182
0.024383489531536
0.024387281767184
0.024390873948285
0.024393945963971
0.024396223947238
0.024397512007268
0.024397716147593
0.024396857505791
0.024395073163346
0.024392604106467
0.024389771328551
0.024386942399711
0.024384491940692
0.024382760201078
0.024382014263394
0.024382416230002
0.024384002104239
0.024386674008939
0.024390206999159
0.024394270163205
0.024398460131466
0.024402343696149
0.024405505144638
0.024407593253475
0.024408362763235
0.024407705587274
0.024405667970528
0.024402451221480
0.024398395353648
0.024393946817651
0.024389613285825
0.024385909973458
0.024383303069727
0.024382156373584
0.024382687107582
0.024384936105139
0.024388756193867
0.024393820755714
0.024399652316164
0.024405668820130
0.024411243227846
0.024415770437170
0.024418734502290
0.024419768809105
0.024418702347009
0.024415586464238
0.024410698403454
0.024404520303297
0.024397694978074
0.024390962373816
0.024385082860442
0.024380755196858
0.024378537892644
0.024378782659279
0.024381587664034
0.024386776441813
0.024393905754434
0.024402302666834
0.024411127948233
0.024419459943112
0.024426390621770
0.024431123897268
0.024433065689680
0.024431895730729
0.024427612714632
0.024420546976215
0.024411338167890
0.024400879080039
0.024390230419935
0.024380514636283
0.024372799384767
0.024367982681578
0.024366691999333
0.024369208464591
0.024375424998377
0.024384843914387
0.024396615481232
0.024409614673857
0.024422549233109
0.024434088661468
0.024443001291943
0.024448285363835
0.024449280280628
0.024445745919989
0.024437900868596
0.024426414479862
0.024412352302200
0.024397079228274
0.024382129175956
0.024369053761130
0.024359264868571
0.024353886996240
0.024353634614408
0.024358727581641
0.024368854093066
0.024383186043409
0.024400446517810
0.024419023891079
0.024437122246900
0.024452934007415
0.024464818185194
0.024471466797741
0.024472042825236
0.024466275581938
0.024454503283295
0.024437657555661
0.024417190178698
0.024394947938400
0.024373006559941
0.024353478789072
0.024338314396849
0.024329110926094
0.024326953268136
0.024332297712887
0.024344912174085
0.024363879216147
0.024387662767194
0.024414233524533
0.024441242586578
0.024466228283299
0.024486837946059
0.024501044755195
0.024507339979617
0.024504882866192
0.024493593978507
0.024474182613987
0.024448104621832
0.024417453004264
0.024384789582829
0.024352931239131
0.024324708344631
0.024302715624655
0.024289076631736
0.024285242151312
0.024291840296219
0.024308591974244
0.024334300166647
0.024366915459959
0.024403674011592
0.024441298103538
0.024476244128103
0.024504978676824
0.024524260699679
0.024531406682775
0.024524516545966
0.024502640439895
0.024465870649148
0.024415348094496
0.024353179092115
0.024282264628158
0.024206050970908
0.024128216502338
0.024052314775909
0.023981397634956
0.023917644484134
0.023862024332105
0.023814015972336
0.023771408715468
0.023730201619114
0.023684613465784
0.023627209181378
0.023549141382734
0.023440498734591
0.023290746220675
0.023089236693579
0.022825768508047
0.022491160926752
0.022077817486309
0.021580247690594
0.020995519220437
0.020323616176954
0.019567683487130
0.018734143203049
0.017832674681239
0.016876057173174
0.015879879829666
0.014862130181825
0.013842677513339
0.012842671946020
0.011883883354575
0.010988006313002
0.010175958132394
0.009467196723195
0.008879083605885
0.008426315047258
0.008120441187912
0.007969489336775
0.007977703526282
0.008145408121921
0.008468998917147
0.008941060850547
0.009550607363464
0.010283432558199
0.011122563787745
0.012048799165465
0.013041311781072
0.014078300202789
0.015137663194722
0.016197675548774
0.017237641590259
0.018238503331643
0.019183381474438
0.020058029529505
0.020851184243741
0.021554799248332
0.022164153294013
0.022677829472933
0.023097567253514
0.023427994735957
0.023676253996917
0.023851537436222
0.023964557367471
0.024026974427547
0.024050812477556
0.024047888350484
0.024029283968272
0.024004885993993
0.023983014391452
0.023970156220681
0.023970814977821
0.023987479140465
0.024020706705771
0.024069315835601
0.024130665675264
0.024201006381311
0.024275873709857
0.024350501424227
0.024420224419226
0.024480846852290
0.024528952622638
0.024562140037600
0.024579168138854
0.024580008539135
0.024565803298648
0.024538735885078
0.024501828159023
0.024458681199486
0.024413181297117
0.024369194359968
0.024330272176853
0.024299392470872
0.024278751579056
0.024269624157533
0.024272298877559
0.024286093061204
0.024309443064168
0.024340061412706
0.024375146681132
0.024411628234526
0.024446425547761
0.024476701024004
0.024500086124587
0.024514863106995
0.024520088542423
0.024515649731847
0.024502250756385
0.024481330725782
0.024454922351540
0.024425463812579
0.024395580602975
0.024367856346679
0.024344612244277
0.024327713828043
0.024318421131005
0.024317294445788
0.024324162899549
0.024338157531676
0.024357804913554
0.024381172088506
0.024406049197027
0.024430152976364
0.024451332664666
0.024467759843585
0.024478085415658
0.024481550079962
0.024478039050045
0.024468076948804
0.024452764337269
0.024433662678046
0.024412639205283
0.024391686739637
0.024372735620166
0.024357475431988
0.024347203049278
0.024342710806646
0.024344224624427
0.024351397033574
0.024363354747039
0.024378795219305
0.024396122025612
0.024413605318957
0.024429551424443
0.024442465008619
0.024451188261723
0.024455004038279
0.024453693653372
0.024447544643376
0.024437308804167
0.024424115714844
0.024409351254691
0.024394513903935
0.024381063570565
0.024370278129313
0.024363131773268
0.024360206796917
0.024361646825404
0.024367155162547
0.024376037303527
0.024387282222957
0.024399673254030
0.024411916594879
0.024422773978737
0.024431185952540
0.024436373504448
0.024437908301244
0.024435745255145
0.024430215158225
0.024421979273334
0.024411951620648
0.024401197857328
0.024390821804080
0.024381851628217
0.024375137380109
0.024371270064910
0.024370529904300
0.024372868195071
0.024377923561541
0.024385069814043
0.024393489439621
0.024402264284558
0.024410473477449
0.024417288215029
0.024422053701566
0.024424350191841
0.024424027532217
0.024421210542517
0.024416275708242
0.024409802624637
0.024402506145091
0.024395156989171
0.024388499495391
0.024383175193608
0.024379659955228
0.024378220784081
0.024378896041603
0.024381500314762
0.024385652515585
0.024390823422589
0.024396396976880
0.024401738410570
0.024406261817779
0.024409490100475
0.024411101270994
0.024410956734997
0.024409109220572
0.024405790234191
0.024401379075070
0.024396357304211
0.024391253958275
0.024386587592127
0.024382811364699
0.024380266859048
0.024379151225006
0.024379500685136
0.024381191627313
0.024383958617996
0.024387426908546
0.024391155552873
0.024394686251190
0.024397592573695
0.024399524332728
0.024400242534397
0.024399641466938
0.024397755942594
0.024394753340692
0.024390911725743
0.024386586764402
0.024382171289752
0.024378052049068
0.024374568358617
0.024371977067317
0.024370427445051
0.024369948454943
0.024370449473193
0.024371734039690
0.024373524818687
0.024375496771270
