0.000617554793581
0.000640511086321
0.000663739417463
0.000687230618698
0.000710975031685
0.000734962486784
0.000759182316756
0.000783623411385
0.000808274317259
0.000833123384683
0.000858158960924
0.000883369625832
0.000908744462538
0.000934273352543
0.000959947281276
0.000985758637472
0.001011701487518
0.001037771804690
0.001063967632931
0.001090289165822
0.001116738723576
0.001143320614442
0.001170040871612
0.001196906862562
0.001223926774425
0.001251108986260
0.001278461346575
0.001305990381759
0.001333700467851
0.001361593003763
0.001389665628468
0.001417911527191
0.001446318872221
0.001474870442242
0.001503543460070
0.001532309682332
0.001561135766139
0.001589983927385
0.001618812893400
0.001647579139723
0.001676238387328
0.001704747323331
0.001733065495732
0.001761157321643
0.001788994139469
0.001816556229068
0.001843834720571
0.001870833312545
0.001897569723827
0.001924076810607
0.001950403291139
0.001976614034501
0.002002789886775
0.002029027027184
0.002055435867576
0.002082139530364
0.002109271961773
0.002136975758264
0.002165399803347
0.002194696829005
0.002225021029798
0.002256525867876
0.002289362213060
0.002323676963562
0.002359612289600
0.002397305634110
0.002436890592124
0.002478498773474
0.002522262732738
0.002568320026332
0.002616818430066
0.002667922322052
0.002721820206349
0.002778733323036
0.002838925261245
0.002902712463845
0.002970475486691
0.003042670852172
0.003119843316810
0.003202638356203
0.003291814658006
0.003388256405059
0.003492985126162
0.003607170891437
0.003732142632341
0.003869397373102
0.004020608170179
0.004187630568962
0.004372507401858
0.004577471768733
0.004804948058938
0.005057550893346
0.005338081884723
0.005649524134757
0.005995034406156
0.006377932927893
0.006801690810974
0.007269915070768
0.007786331270040
0.008354763814293
0.008979113948030
0.009663335517045
0.010411408578185
0.011227310954118
0.012114987846897
0.013078319640458
0.014121088038937
0.015246940704837
0.016459354578755
0.017761598080541
0.019156692410444
0.020647372187859
0.022236045684589
0.023924754928854
0.025715135975410
0.027608379655651
0.029605193139204
0.031705762654852
0.033909717733157
0.036216097345573
0.038623318324547
0.041129146455775
0.043730670636959
0.046424280496603
0.049205647861412
0.052069712451242
0.055010672166125
0.058021978310504
0.061096336075248
0.064225710568368
0.067401338650602
0.070613746792329
0.073852775123836
0.077107607802159
0.080366809764791
0.083618369884158
0.086849750477263
0.090047943062986
0.093199530195840
0.096290753140188
0.099307585083767
0.102235809524676
0.105061103402387
0.107769124481798
0.110345602440502
0.112776433054124
0.115047774823497
0.117146147341336
0.119058530655479
0.120772464851478
0.122276149049646
0.123558538991276
0.124609442375901
0.125419611106510
0.125980829602816
0.126285998354094
0.126329211902833
0.126105830478442
0.125612544536317
0.124847431501599
0.123810004068492
0.122501249464772
0.120923659156527
0.119081248539774
0.116979566242682
0.114625692744025
0.112028228099515
0.109197268656942
0.106144372732737
0.102882515315973
0.099426031959728
0.095790552113634
0.091992922244052
0.088051119179040
0.083984154203025
0.079811968510113
0.075555320704392
0.071235667109613
0.066875035718540
0.062495894673389
0.058121016222453
0.053773337143725
0.049475816663634
0.045251292927440
0.041122339097182
0.037111120163007
0.033239251554260
0.029527660627650
0.025996452091393
0.022664778396461
0.019550716089249
0.016671149074437
0.014041659682981
0.011676428378446
0.009588142866008
0.007787917292858
0.006285222147270
0.005087825376976
0.004201745156447
0.003631214638191
0.003378658925976
0.003444684408959
0.003828080495953
0.004525833689325
0.005533153839293
0.006843512322550
0.008448691794974
0.010338847077663
0.012502576649339
0.014927004137143
0.017597869122573
0.020499626510634
0.023615553648464
0.026927864325576
0.030417828741581
0.034065898489350
0.037851835572173
0.041754844452855
0.045753706120871
0.049826913160733
0.053952804810503
0.058109701013774
0.062276034491170
0.066430479888219
0.070552079094860
0.074620361877487
0.078615461016715
0.082518221202456
0.086310301001728
0.089974267283298
0.093493681555944
0.096853177753270
0.100038531076599
0.103036717588053
0.105835964327375
0.108425789807926
0.110797034828555
0.112941883618141
0.114853875407710
0.116527906600494
0.117960223782475
0.119148407884222
0.120091349868629
0.120789218378027
0.121243419827566
0.121456551479469
0.121432348074282
0.121175622630546
0.120692202052970
0.119988858211349
0.119073235167851
0.117953773239153
0.116639630582160
0.115140602987971
0.113467042558518
0.111629775924235
0.109640022639498
0.107509314365866
0.105249415421693
0.102872245241065
0.100389803245581
0.097814096589982
0.095157071197360
0.092430546452402
0.089646153872330
0.086815280025416
0.083949013916849
0.081058099011773
0.078152890016071
0.075243314487434
0.072338839302914
0.069448441964939
0.066580586686070
0.063743205153989
0.060943681842559
0.058188843702645
0.055484954037858
0.052837710345631
0.050252245883254
0.047733134701541
0.045284399875895
0.042909524655357
0.040611466244895
0.038392671934385
0.036255097289286
0.034200226122755
0.032229091976465
0.030342300847490
0.028540054910903
0.026822177001883
0.025188135636741
0.023637070369036
0.022167817294445
0.020778934535943
0.019468727558792
0.018235274182479
0.017076449173830
0.015989948321730
0.014973311908996
0.014023947510795
0.013139152061344
0.012316133141482
0.011552029448859
0.010843930420021
0.010188894979594
0.009583969396082
0.009026204226704
0.008512670335292
0.008040473967708
0.007606770868849
0.007208779424153
0.006843792807004
0.006509190111769
0.006202446450559
0.005921141990646
0.005662969908806
0.005425743239134
0.005207400592101
0.005006010725112
0.004819775948627
0.004647034357070
0.004486260880439
0.004336067160543
0.004195200265231
0.004062540264563
0.003937096704556
0.003818004026611
0.003704515993719
0.003595999197834
0.003491925735923
0.003391865154901
0.003295475777534
0.003202495532019
0.003112732417070
0.003026054741496
0.002942381282248
0.002861671507389
0.002783916010254
0.002709127298016
0.002637331071956
0.002568558127832
0.002502836993083
0.002440187403192
0.002380614702759
0.002324105237857
0.002270622785658
0.002220106045327
0.002172467191538
0.002127591469031
0.002085337784099
0.002045540227250
0.002008010441197
0.001972540730274
0.001938907791889
0.001906876938152
0.001876206666738
0.001846653434629
0.001817976486808
0.001789942594376
0.001762330562809
0.001734935381096
0.001707571895973
0.001680077912044
0.001652316637772
0.001624178418598
0.001595581721078
0.001566473355403
0.001536827947063
0.001506646691201
0.001475955444563
0.001444802229222
0.001413254238963
0.001381394452617
0.001349317968616
0.001317128181001
0.001284932919147
0.001252840671402
0.001220957006831
0.001189381299546
0.001158203847107
0.001127503458646
0.001097345570288
0.001067780925833
0.001038844840200
0.001010557042565
0.000982922076225
0.000955930213653
0.000929558828677
0.000903774153774
0.000878533339541
0.000853786725919
0.000829480230855
0.000805557761813
0.000781963558951
0.000758644385474
0.000735551490430
0.000712642281503
0.000689881659638
0.000667242982989
0.000644708643959
0.000622270259474
