0.095870055957612
0.095879206992888
0.095886611511372
0.095892360308512
0.095896672801412
0.095899912570494
0.095902596444630
0.095905395094933
0.095909123289456
0.095914718321162
0.095923205660407
0.095935651594613
0.095953103480206
0.095976519209092
0.096006688531889
0.096044149917702
0.096089107588921
0.096141354166855
0.096200204915640
0.096264449799291
0.096332329402992
0.096401540167129
0.096469273318912
0.096532290370040
0.096587036122705
0.096629787868722
0.096656836990517
0.096664696621128
0.096650326559234
0.096611364443763
0.096546350451538
0.096454931659104
0.096338031849252
0.096197973047185
0.096038536493648
0.095864953096194
0.095683816574004
0.095502916390929
0.095330991959949
0.095177414254065
0.095051805591528
0.094963612676878
0.094921651675734
0.094933646907073
0.095005786423834
0.095142318157298
0.095345209338426
0.095613889584082
0.095945094444072
0.096332821529632
0.096768405846712
0.097240714959434
0.097736458470221
0.098240600396449
0.098736857708712
0.099208263893448
0.099637773171570
0.100008879123403
0.100306221025990
0.100516152192610
0.100627246914285
0.100630726054383
0.100520785689001
0.100294818121131
0.099953519807218
0.099500885904897
0.098944095989600
0.098293299749380
0.097561314964243
0.096763252688904
0.095916086235982
0.095038181316395
0.094148804608432
0.093267627214506
0.092414238072266
0.091607680575605
0.090866023590827
0.090205975869750
0.089642550687717
0.089188785464155
0.088855519220235
0.088651229027174
0.088581925110825
0.088651102996456
0.088859749984881
0.089206402325860
0.089687248677642
0.090296274798604
0.091025443901694
0.091864906715335
0.092803235041623
0.093827672492098
0.094924396120309
0.096078782861213
0.097275675025875
0.098499639573065
0.099735216466099
0.100967152095350
0.102180614471328
0.103361387635435
0.104496043462394
0.105572089711207
0.106578093798639
0.107503782306569
0.108340116686687
0.109079345994498
0.109715037777037
0.110242088466093
0.110656714803342
0.110956427957387
0.111139992094023
0.111207369236514
0.111159652304194
0.110998988245326
0.110728493181298
0.110352161451076
0.109874770385263
0.109301782547543
0.108639247059770
0.107893701479770
0.107072075534835
0.106181597836694
0.105229706524073
0.104223964604450
0.103171980603878
0.102081334986768
0.100959512678469
0.099813841912000
0.098651439524371
0.097479162744576
0.096303567441314
0.095130872730770
0.093966931781551
0.092817208594316
0.091686760478245
0.090580225896695
0.089501817311955
0.088455318626024
0.087444086792054
0.086471057160141
0.085538752121239
0.084649292622622
0.083804412145544
0.083005472758094
0.082253482881165
0.081549116431003
0.080892733026289
0.080284398970631
0.079723908742510
0.079210806744753
0.078744409085420
0.078323825182295
0.077947979004779
0.077615629790094
0.077325392095013
0.077075755069316
0.076865100861747
0.076691722092463
0.076553838346782
0.076449611662854
0.076377161000319
0.076334575688284
0.076319927859429
0.076331283883477
0.076366714818389
0.076424305902164
0.076502165112462
0.076598430825779
0.076711278612319
0.076838927207019
0.076979643700812
0.077131747998957
0.077293616594716
0.077463685706925
0.077640453828993
0.077822483735051
0.078008403986617
0.078196909980794
0.078386764578859
0.078576798352641
0.078765909485055
0.078953063360811
0.079137291883140
0.079317692552373
0.079493427341833
0.079663721405826
0.079827861653197
0.079985195218157
0.080135127857877
0.080277122303965
0.080410696592437
0.080535422394571
0.080650923368813
0.080756873552118
0.080852995807289
0.080939060341235
0.081014883307209
0.081080325502073
0.081135291167380
0.081179726900468
0.081213620679101
0.081237001000384
0.081249936132062
0.081252533471878
0.081244939008625
0.081227336876806
0.081199948995610
0.081163034781880
0.081116890926179
0.081061851220455
0.080998286425524
0.080926604166252
0.080847248842122
0.080760701540771
0.080667479942094
0.080568138200726
0.080463266795051
0.080353492331388
0.080239477292673
0.080121919721503
0.080001552828059
0.079879144513825
0.079755496802295
0.079631445167828
0.079507857753646
0.079385634469500
0.079265705958988
0.079149032425792
0.079036602307431
0.078929430784345
0.078828558111519
0.078735047759223
0.078649984348933
0.078574471370160
0.078509628663635
0.078456589656351
0.078416498334119
0.078390505937895
0.078379767371051
0.078385437306052
0.078408665980845
0.078450594677446
0.078512350877918
0.078595043096018
0.078699755386233
0.078827541535698
0.078979418948504
0.079156362236090
0.079359296531834
0.079589090552335
0.079846549432477
0.080132407365796
0.080447320086240
0.080791857231718
0.081166494634149
0.081571606584710
0.082007458126895
0.082474197433462
0.082971848326697
0.083500303004358
0.084059315036339
0.084648492699477
0.085267292719985
0.085915014494784
0.086590794864486
0.087293603511925
0.088022239061008
0.088775325951037
0.089551312161798
0.090348467864191
0.091164885070355
0.091998478355688
0.092846986723054
0.093707976676698
0.094578846569734
0.095456832284704
0.096339014301332
0.097222326199223
0.098103564635910
0.098979400831996
0.099846393585521
0.100701003826667
0.101539610711799
0.102358529242479
0.103154029380568
0.103922356614903
0.104659753918393
0.105362485016833
0.106026858872396
0.106649255265828
0.107226151341981
0.107754148963723
0.108230002699653
0.108650648251694
0.109013231109790
0.109315135202911
0.109554011298615
0.109727804887871
0.109834783277961
0.109873561604446
0.109843127463562
0.109742863859405
0.109572570156137
0.109332480724300
0.109023280972710
0.108646120463173
0.108202622814930
0.107694892119254
0.107125515602166
0.106497562295003
0.105814577498405
0.105080572855347
0.104300011883007
0.103477790851461
0.102619214939170
0.101729969640960
0.100816087453130
0.099883909912476
0.098940045120577
0.097991320941611
0.097044734120376
0.096107395626692
0.095186472592269
0.094289127265641
0.093422453469231
0.092593411099156
0.091808759262125
0.091074988693910
0.090398254149376
0.089784307494065
0.089238432260953
0.088765380462155
0.088369312463410
0.088053740737987
0.087821478315753
0.087674592731491
0.087614366253879
0.087641263142056
0.087754904630320
0.087954052282794
0.088236600289016
0.088599577188466
0.089039157417291
0.089550682964708
0.090128695310338
0.090766977688217
0.091458607589521
0.092196019275866
0.092971075929618
0.093775150919439
0.094599217509765
0.095433946194811
0.096269808692958
0.097097187498847
0.097906489760387
0.098688264129093
0.099433319126891
0.100132841483713
0.100778512829788
0.101362623077218
0.101878178798844
0.102319004910709
0.102679837988796
0.102956409602485
0.103145518126983
0.103245087605068
0.103254212364797
0.103173186263527
0.103003515618539
0.102747915098986
0.102410286090438
0.101995677299245
0.101510227635826
0.100961091700035
0.100356348483703
0.099704894200480
0.099016320446382
0.098300779180505
0.097568836288870
0.096831315749693
0.096099136650038
0.095383145506350
0.094693946509695
0.094041732445731
0.093436119125273
0.092885986199957
0.092399327225951
0.091983111774596
0.091643162271050
0.091384048069913
0.091208999051314
0.091119840743620
0.091116952652881
0.091199251108299
0.091364197522537
0.091607832522058
0.091924835932826
0.092308612119167
0.092751399677076
0.093244403987593
0.093777950651122
