0.094842889737388
0.094858707624231
0.094874425300379
0.094890042808702
0.094905560199020
0.094920977527981
0.094936294858945
0.094951512261873
0.094966629813204
0.094981647595754
0.094996565698590
0.095011384216926
0.095026103252004
0.095040722910990
0.095055243306856
0.095069664558273
0.095083986789505
0.095098210130293
0.095112334715751
0.095126360686260
0.095140288187354
0.095154117369624
0.095167848388606
0.095181481404673
0.095195016582937
0.095208454093149
0.095221794109583
0.095235036810946
0.095248182380271
0.095261231004819
0.095274182875976
0.095287038189158
0.095299797143707
0.095312459942797
0.095325026793340
0.095337497905881
0.095349873494508
0.095362153776761
0.095374338973529
0.095386429308959
0.095398425010370
0.095410326308155
0.095422133435690
0.095433846629245
0.095445466127894
0.095456992173428
0.095468425010261
0.095479764885348
0.095491012048099
0.095502166750288
0.095513229245971
0.095524199791401
0.095535078644943
0.095545866066997
0.095556562319904
0.095567167667876
0.095577682376908
0.095588106714703
0.095598440950591
0.095608685355446
0.095618840201614
0.095628905762834
0.095638882314162
0.095648770131895
0.095658569493496
0.095668280677517
0.095677903963535
0.095687439632066
0.095696887964505
0.095706249243048
0.095715523750622
0.095724711770819
0.095733813587824
0.095742829486345
0.095751759751551
0.095760604668997
0.095769364524568
0.095778039604404
0.095786630194841
0.095795136582345
0.095803559053448
0.095811897894688
0.095820153392543
0.095828325833374
0.095836415503360
0.095844422688443
0.095852347674263
0.095860190746109
0.095867952188848
0.095875632286878
0.095883231324069
0.095890749583705
0.095898187348433
0.095905544900204
0.095912822520222
0.095920020488895
0.095927139085772
0.095934178589502
0.095941139277776
0.095948021427282
0.095954825313651
0.095961551211403
0.095968199393899
0.095974770133288
0.095981263700443
0.095987680364895
0.095994020394762
0.096000284056644
0.096006471615501
0.096012583334482
0.096018619474692
0.096024580294852
0.096030466050821
0.096036276994896
0.096042013374814
0.096047675432290
0.096053263400937
0.096058777503263
0.096064217946404
0.096069584916059
0.096074878567949
0.096080099015824
0.096085246314752
0.096090320437940
0.096095321244791
0.096100248437123
0.096105101499513
0.096109879618460
0.096114581573487
0.096119205591262
0.096123749151299
0.096128208728628
0.096132579454947
0.096136854674970
0.096141025368948
0.096145079405319
0.096149000579223
0.096152767382886
0.096156351442521
0.096159715543464
0.096162811150516
0.096165575314170
0.096167926835497
0.096169761543421
0.096170946518276
0.096171313075714
0.096170648306001
0.096168684946986
0.096165089355911
0.096159447337919
0.096151247589774
0.096139862528857
0.096124526302883
0.096104309818434
0.096078092690041
0.096044532099491
0.096002028671198
0.095948689616558
0.095882289580784
0.095800229841090
0.095699496754805
0.095576620638262
0.095427636567134
0.095248048919302
0.095032801821297
0.094776257995174
0.094472188816124
0.094113778661259
0.093693646831848
0.093203890437743
0.092636151614587
0.091981712272267
0.091231619218596
0.090376841940462
0.089408464536027
0.088317912264638
0.087097211914944
0.085739283698435
0.084238260682463
0.082589829928067
0.080791587555164
0.078843398000686
0.076747745859556
0.074510067013834
0.072139044381045
0.069646852672156
0.067049336164003
0.064366103770467
0.061620526733247
0.058839626110195
0.056053839944610
0.053296663536599
0.050604160542223
0.048014347580158
0.045566460458363
0.043300115825394
0.041254387740358
0.039466824049145
0.037972432242182
0.036802668340950
0.035984465026884
0.035539336436877
0.035482596614027
0.035822726407030
0.036560919634814
0.037690833652992
0.039198562257830
0.041062840424000
0.043255481066236
0.045742034285974
0.048482649904208
0.051433115003212
0.054546030203280
0.057772081943550
0.061061363501450
0.064364695155850
0.067634893934940
0.070827945816819
0.073904037954903
0.076828415233423
0.079572033852642
0.082111994233783
0.084431745787282
0.086521066438528
0.088375829689024
0.089997580883040
0.091392951796390
0.092572948310051
0.093552149540541
0.094347858265022
0.094979241828347
0.095466500103603
0.095830092759687
0.096090052420263
0.096265403690945
0.096373700930174
0.096430690489672
0.096450096370067
0.096443522190502
0.096420457347838
0.096388371443758
0.096352878593787
0.096317952113109
0.096286170223792
0.096258974694307
0.096236926494154
0.096219945373532
0.096207523493016
0.096198906566629
0.096193239201559
0.096189674015308
0.096187446531444
0.096185919699842
0.096184603114194
0.096183152620859
0.096181356086042
0.096179110706001
0.096176396522758
0.096173249870578
0.096169739448189
0.096165946696864
0.096161951252159
0.096157821488440
0.096153609623724
0.096149350505448
0.096145063040917
0.096140753238456
0.096136417945802
0.096132048566600
0.096127634261899
0.096123164365387
0.096118629932672
0.096114024489916
0.096109344139756
0.096104587225023
0.096099753751660
0.096094844743441
0.096089861655397
0.096084805921935
0.096079678668903
0.096074480582137
0.096069211901233
0.096063872496244
0.096058461984758
0.096052979853890
0.096047425562837
0.096041798613453
0.096036098586543
0.096030325148894
0.096024478039964
0.096018557048127
0.096012561985024
0.096006492663999
0.096000348885716
0.095994130431452
0.095987837062793
0.095981468525507
0.095975024555249
0.095968504883172
0.095961909240205
0.095955237359511
0.095948488977208
0.095941663831834
0.095934761663138
0.095927782210760
0.095920725213157
0.095913590406986
0.095906377526923
0.095899086305833
0.095891716475128
0.095884267765163
0.095876739905568
0.095869132625464
0.095861445653567
0.095853678718202
0.095845831547269
0.095837903868216
0.095829895408027
0.095821805893237
0.095813635049999
0.095805382604142
0.095797048281269
0.095788631806830
0.095780132906198
0.095771551304739
0.095762886727864
0.095754138901091
0.095745307550101
0.095736392400791
0.095727393179340
0.095718309612270
0.095709141426524
0.095699888349516
0.095690550109215
0.095681126434208
0.095671617053765
0.095662021697915
0.095652340097511
0.095642571984293
0.095632717090972
0.095622775151297
0.095612745900119
0.095602629073476
0.095592424408660
0.095582131644297
0.095571750520415
0.095561280778529
0.095550722161707
0.095540074414659
0.095529337283809
0.095518510517369
0.095507593865429
0.095496587080029
0.095485489915248
0.095474302127277
0.095463023474506
0.095451653717609
0.095440192619620
0.095428639946032
0.095416995464867
0.095405258946769
0.095393430165093
0.095381508895990
0.095369494918490
0.095357388014603
0.095345187969396
0.095332894571092
0.095320507611158
0.095308026884394
0.095295452189030
0.095282783326819
0.095270020103126
0.095257162327029
0.095244209811406
0.095231162373042
0.095218019832717
0.095204782015303
0.095191448749871
0.095178019869779
0.095164495212779
0.095150874621110
0.095137157941609
0.095123345025801
0.095109435730008
0.095095429915452
0.095081327448355
0.095067128200044
0.095052832047055
0.095038438871244
0.095023948559883
0.095009361005777
0.094994676107363
0.094979893768822
0.094965013900186
0.094950036417450
0.094934961242675
0.094919788304107
0.094904517536277
0.094889148880128
0.094873682283108
0.094858117699297
