0.056823284408268
0.056852629196855
0.056880186773848
0.056905411317900
0.056927833730906
0.056947076445486
0.056962864140848
0.056975029998569
0.056983517379834
0.056988377059963
0.056989760397171
0.056987909023273
0.056983141809951
0.056975839973593
0.056966431227700
0.056955373872196
0.056943141626788
0.056930209878645
0.056917043835508
0.056904088869178
0.056891763119033
0.056880452218782
0.056870505829694
0.056862235525326
0.056855913488153
0.056851771455310
0.056849999391474
0.056850743469258
0.056854103093904
0.056860126907031
0.056868807927593
0.056880078217830
0.056893803676984
0.056909779744721
0.056927728919692
0.056947301049108
0.056968077309519
0.056989578669397
0.057011279399206
0.057032625880353
0.057053060573834
0.057072050563433
0.057089119614106
0.057103882216753
0.057116077662559
0.057125601841760
0.057132534230233
0.057137157446144
0.057139966854300
0.057141667984736
0.057143160019017
0.057145504273417
0.057149877448578
0.057157510381367
0.057169614074097
0.057187295825430
0.057211469274985
0.057242763025692
0.057281433152170
0.057327285275341
0.057379611931814
0.057437150657818
0.057498067530332
0.057559969875544
0.057619950505603
0.057674664241743
0.057720435709962
0.057753395556091
0.057769640432449
0.057765410473794
0.057737276616682
0.057682329121559
0.057598358108711
0.057484016869023
0.057338959179026
0.057163942824336
0.056960892970934
0.056732920843470
0.056484295272079
0.056220366932809
0.055947447399544
0.055672647313077
0.055403679928517
0.055148637914092
0.054915752454148
0.054713144397068
0.054548577357375
0.054429222336345
0.054361442604842
0.054350606362141
0.054400933134571
0.054515378113131
0.054695556763331
0.054941710186771
0.055252709978319
0.055626099796152
0.056058169615945
0.056544057722517
0.057077874924691
0.057652845259296
0.058261457552057
0.058895622581702
0.059546831188964
0.060206309415661
0.060865167578902
0.061514541012269
0.062145720977975
0.062750274921302
0.063320155765559
0.063847800312752
0.064326217018726
0.064749063463380
0.065110713760982
0.065406315986842
0.065631839474772
0.065784111607170
0.065860843517116
0.065860643984967
0.065783020768654
0.065628368674734
0.065397943863023
0.065093824176592
0.064718855685471
0.064276586102001
0.063771186236335
0.063207361175938
0.062590253354830
0.061925340090154
0.061218328472737
0.060475050678473
0.059701362801023
0.058903050185500
0.058085741969962
0.057254837129358
0.056415443786926
0.055572332940825
0.054729907084525
0.053892183517093
0.053062791483684
0.052244981694946
0.051441646279954
0.050655346857311
0.049888348181599
0.049142654746359
0.048420047799383
0.047722120441053
0.047050308812643
0.046405917813053
0.045790140278034
0.045204069081639
0.044648702140980
0.044124940789826
0.043633582405711
0.043175308506465
0.042750669760085
0.042360069468766
0.042003747094368
0.041681763296008
0.041393987765277
0.041140090889712
0.040919539973191
0.040731600416502
0.040575341936003
0.040449649594208
0.040353239151317
0.040284676034466
0.040242397070370
0.040224734040484
0.040229938094519
0.040256204092654
0.040301694030696
0.040364558825015
0.040442957883735
0.040535076055756
0.040639137718982
0.040753417934190
0.040876250743832
0.041006034830033
0.041141236859203
0.041280392929575
0.041422108601357
0.041565058026238
0.041707982703679
0.041849690375525
0.041989054528284
0.042125014904325
0.042256579330287
0.042382827055300
0.042502913656486
0.042616077419765
0.042721646947264
0.042819049587345
0.042907820139909
0.042987609169578
0.043058190174121
0.043119464815970
0.043171465439433
0.043214354171194
0.043248418038378
0.043274059733786
0.043291783903690
0.043302179116466
0.043305895972838
0.043303622119544
0.043296055205131
0.043283875046498
0.043267716436888
0.043248144103291
0.043225631302082
0.043200543421653
0.043173127742649
0.043143510201056
0.043111699624489
0.043077599491755
0.043041026827974
0.043001737422586
0.042959456175068
0.042913911060147
0.042864868982673
0.042812171677156
0.042755769805377
0.042695753516096
0.042632377943720
0.042566082421034
0.042497502541607
0.042427474603727
0.042357032371635
0.042287396474191
0.042219957101888
0.042156250941151
0.042097933487204
0.042046747997254
0.042004492385105
0.041972985323464
0.041954032723122
0.041949395614242
0.041960760281404
0.041989711317873
0.042037708081158
0.042106064863820
0.042195934949168
0.042308298605352
0.042443954983741
0.042603517825007
0.042787414833251
0.042995890547276
0.043229012511140
0.043486680516368
0.043768638650570
0.044074489838691
0.044403712503634
0.044755678904702
0.045129674639917
0.045524918727738
0.045940583622117
0.046375814468999
0.046829746888678
0.047301522571560
0.047790302008058
0.048295273737645
0.048815659596700
0.049350715567198
0.049899727974510
0.050462004947794
0.051036863234921
0.051623610649926
0.052221524618427
0.052829827469484
0.053447659294829
0.054074049352189
0.054707887122315
0.055347894232617
0.055992598527517
0.056640311590081
0.057289110995174
0.057936828496430
0.058581045214417
0.059219094700906
0.059848074506580
0.060464866582825
0.061066166512510
0.061648521203623
0.062208374310296
0.062742118287682
0.063246151661039
0.063716939815568
0.064151077410745
0.064545350405910
0.064896795663097
0.065202756172447
0.065460930122759
0.065669412305582
0.065826726680595
0.065931849322408
0.065984221390586
0.065983752190098
0.065930812793159
0.065826221052857
0.065671219134755
0.065467444911461
0.065216898699253
0.064921906863988
0.064585083790532
0.064209293605424
0.063797612879964
0.063353295336093
0.062879739346493
0.062380458778678
0.061859057493812
0.061319207584864
0.060764631232822
0.060199085877987
0.059626352247565
0.059050224650545
0.058474502845414
0.057902984704829
0.057339458844301
0.056787696351015
0.056251440747496
0.055734395357510
0.055240207313547
0.054772447561039
0.054334586377184
0.053929964131932
0.053561757271896
0.053232939796446
0.052946240806765
0.052704099026328
0.052508615495458
0.052361505911885
0.052264054302125
0.052217069845925
0.052220848722694
0.052275142795404
0.052379136791388
0.052531435385956
0.052730061256351
0.052972464769840
0.053255545525012
0.053575685507803
0.053928793181964
0.054310357435176
0.054715509970103
0.055139094482435
0.055575740815987
0.056019942231267
0.056466133963913
0.056908771371365
0.057342406152970
0.057761759359560
0.058161790161057
0.058537759593004
0.058885288735789
0.059200410978662
0.059479618174233
0.059719900593743
0.059918780649997
0.060074340369262
0.060185242575354
0.060250745710155
0.060270712167839
0.060245609976993
0.060176507636033
0.060065061900527
0.059913498340832
0.059724584536631
0.059501595850143
0.059248273818895
0.058968777327219
0.058667626847867
0.058349642186089
0.058019874303796
0.057683531947222
0.057345903945180
0.057012278184454
0.056687858402190
0.056377680060372
0.056086526681690
0.055818848125512
0.055578682362069
0.055369582356135
0.055194549691266
0.055055976544865
0.054955597556274
0.054894453009517
0.054872864576408
0.054890424634498
0.054945999891379
0.055037749719231
0.055163159241699
0.055319086832396
0.055501825295660
0.055707175621636
0.055930531854797
0.056166975301804
0.056411376042706
0.056658499507335
0.056903115741242
0.057140108913917
0.057364584614591
0.057571972533050
