0.005560560562392
0.005562021520016
0.005568172462946
0.005578704418448
0.005593047749989
0.005610402778240
0.005629784216735
0.005650076962005
0.005670100085896
0.005688675363164
0.005704696362675
0.005717194055869
0.005725395058454
0.005728769013805
0.005727062228404
0.005720315447792
0.005708864571800
0.005693324097941
0.005674554094150
0.005653612477015
0.005631695251269
0.005610068097771
0.005589993235826
0.005572655798048
0.005559094021371
0.005550137370597
0.005546356279702
0.005548026544826
0.005555110568032
0.005567256680652
0.005583816725677
0.005603881011514
0.005626328727645
0.005649890996576
0.005673222980820
0.005694980913761
0.005713899612600
0.005728865979520
0.005738984207866
0.005743628872112
0.005742482767373
0.005735557236517
0.005723193729812
0.005706046424784
0.005685046829249
0.005661352334232
0.005636281614710
0.005611240540325
0.005587642810929
0.005566829840966
0.005549994464503
0.005538112816896
0.005531888282556
0.005531710708844
0.005537633214202
0.005549367915209
0.005566300820802
0.005587525054507
0.005611890529857
0.005638067279204
0.005664618874173
0.005690081819431
0.005713046480568
0.005732235038129
0.005746572144996
0.005755244390832
0.005757745318738
0.005753903557567
0.005743892580617
0.005728221623347
0.005707708331413
0.005683434707655
0.005656688827964
0.005628895552530
0.005601540031153
0.005576088160205
0.005553908277983
0.005536198280978
0.005523922015356
0.005517758267051
0.005518064972268
0.005524860438511
0.005537822451109
0.005556305191814
0.005579372965198
0.005605848863881
0.005634375749177
0.005663486316629
0.005691678584619
0.005717492907472
0.005739586580281
0.005756802268601
0.005768226849542
0.005773237769904
0.005771534682301
0.005763154876304
0.005748471838994
0.005728177116700
0.005703246465801
0.005674892036502
0.005644502994326
0.005613577520223
0.005583649518884
0.005556213590615
0.005532651877614
0.005514166281189
0.005501719270568
0.005495986081731
0.005497320557590
0.005505736235190
0.005520903571798
0.005542163452192
0.005568556367884
0.005598865938570
0.005631674788042
0.005665430219759
0.005698516685343
0.005729331721896
0.005756361864749
0.005778255028416
0.005793885990987
0.005802411910286
0.005803315231804
0.005796431900739
0.005781963440336
0.005760472178505
0.005732859663576
0.005700329075132
0.005664333173298
0.005626510006732
0.005588609184723
0.005552411984735
0.005519648890656
0.005491918321903
0.005470610309325
0.005456838697819
0.005451385112735
0.005454657430470
0.005466664863212
0.005487011030533
0.005514905578876
0.005549194060378
0.005588404934208
0.005630811746243
0.005674507815175
0.005717490140447
0.005757748780233
0.005793357650071
0.005822562580929
0.005843862556750
0.005856080324150
0.005858419019707
0.005850502073138
0.005832394389683
0.005804603657514
0.005768061526443
0.005724085320030
0.005674321831083
0.005620675568353
0.005565224531511
0.005510127158954
0.005457524492699
0.005409441818662
0.005367694060575
0.005333799032512
0.005308902298801
0.005293716870016
0.005288480306305
0.005292931037246
0.005306304877667
0.005327351860892
0.005354372664188
0.005385273103929
0.005417634464407
0.005448796823786
0.005475952076072
0.005496243034863
0.005506864850803
0.005505164980137
0.005488738099190
0.005455512655048
0.005403826156638
0.005332486819137
0.005240819751552
0.005128696494705
0.004996547346996
0.004845356532174
0.004676640843333
0.004492412920709
0.004295130771696
0.004087635508749
0.003873079557754
0.003654847773767
0.003436473994371
0.003221555568249
0.003013668325462
0.002816284315964
0.002632694444537
0.002465937884957
0.002318739874608
0.002193459183700
0.002092046230321
0.002016012482579
0.001966411459866
0.001943831323728
0.001948398741095
0.001979793414305
0.002037272408752
0.002119703175025
0.002225603962944
0.002353190164589
0.002500425006634
0.002665072942844
0.002844754078606
0.003036997992832
0.003239295408966
0.003449146305008
0.003664103239147
0.003881808897309
0.004100027134106
0.004316667069511
0.004529800108527
0.004737670057306
0.004938696802798
0.005131474290272
0.005314763760836
0.005487483387534
0.005648695564324
0.005797593150446
0.005933485950100
0.006055788614432
0.006164010993792
0.006257751751117
0.006336695783596
0.006400615703706
0.006449377318671
0.006482948737014
0.006501412439763
0.006504979399035
0.006494004123160
0.006468999367414
0.006430649181718
0.006379818975881
0.006317561369632
0.006245116754719
0.006163907721672
0.006075526782601
0.005981717138965
0.005884346582720
0.005785374962783
0.005686815978427
0.005590694360069
0.005498999750851
0.005413638797296
0.005336387084979
0.005268842610494
0.005212382462627
0.005168124295897
0.005136894024586
0.005119200953683
0.005115221306155
0.005124790816282
0.005147406749776
0.005182239396639
0.005228152774574
0.005283733990621
0.005347330445828
0.005417093839477
0.005491029740586
0.005567051348054
0.005643035957617
0.005716882593113
0.005786569239336
0.005850208131292
0.005906097606859
0.005952769113582
0.005989028072933
0.006013987444492
0.006027092996456
0.006028139476255
0.006017277084765
0.005995007888366
0.005962172053110
0.005919924052091
0.005869699276730
0.005813171770014
0.005752204087658
0.005688790573253
0.005624995595521
0.005562888528691
0.005504477448863
0.005451643658111
0.005406079222975
0.005369229715280
0.005342244263763
0.005325934860672
0.005320746618034
0.005326740337413
0.005343588352933
0.005370584142645
0.005406665694436
0.005450452079610
0.005500292152460
0.005554323781635
0.005610541553193
0.005666870489240
0.005721243021014
0.005771676258682
0.005816346524860
0.005853658172332
0.005882303890006
0.005901314009775
0.005910092749477
0.005908439846438
0.005896556630215
0.005875036225787
0.005844838241055
0.005807248944767
0.005763828553218
0.005716347788126
0.005666716319089
0.005616906041495
0.005568872349702
0.005524476636753
0.005485413183529
0.005453143396237
0.005428840021858
0.005413343532755
0.005407132344766
0.005410307942241
0.005422595355320
0.005443358797193
0.005471631649458
0.005506159408175
0.005545453694844
0.005587855015170
0.005631601629205
0.005674901690016
0.005716005719626
0.005753276521254
0.005785253771360
0.005810710785087
0.005828701291888
0.005838594478991
0.005840097040963
0.005833261494802
0.005818480561413
0.005796467956042
0.005768226452557
0.005735004571107
0.005698243669016
0.005659517576091
0.005620467195868
0.005582732684026
0.005547885907954
0.005517365883470
0.005492419775888
0.005474051845623
0.005462982419578
0.005459618587796
0.005464037872628
0.005475985610139
0.005494886238127
0.005519868121941
0.005549800989296
0.005583344510770
0.005619006075847
0.005655205396627
0.005690343242385
0.005722871385099
0.005751360732163
0.005774564646722
0.005791474612110
0.005801365682645
0.005803829570505
0.005798793733513
0.005786525431545
0.005767620385119
0.005742976369505
0.005713752779429
0.005681317869851
0.005647185984097
0.005612947590530
0.005580195335299
0.005550449558922
0.005525086802741
0.005505274739357
0.005491916699310
0.005485608543486
0.005486610064544
0.005494832416507
0.005509842301830
0.005530882827223
0.005556910114173
0.005586643959716
0.005618630128691
0.005651311258530
0.005683102904260
0.005712470970183
0.005738006682457
0.005758495360334
