0.114751062948672
0.114534403904717
0.114307731708309
0.114073303062863
0.113833608111821
0.113591369311226
0.113349533709214
0.113111258651491
0.112879891094227
0.112658940805468
0.112452047780865
0.112262944204403
0.112095411269925
0.111953231167384
0.111840134550950
0.111759743862930
0.111715513000632
0.111710663987339
0.111748121539112
0.111830446692833
0.111959770956158
0.112137732729402
0.112365418001614
0.112643307507004
0.112971232614936
0.113348342194744
0.113773082532020
0.114243192072581
0.114755712342359
0.115307015854827
0.115892851201184
0.116508404858298
0.117148378585630
0.117807080656265
0.118478528617328
0.119156560834004
0.119834953763477
0.120507541743756
0.121168336070315
0.121811640261915
0.122432158667388
0.123025095911323
0.123586245086777
0.124112063044132
0.124599731564426
0.125047203614763
0.125453234240882
0.125817395944128
0.126140078612243
0.126422474230193
0.126666546701082
0.126874987176856
0.127051155356950
0.127199007284236
0.127323010274432
0.127428045775852
0.127519301183271
0.127602151926278
0.127682035513846
0.127764319627791
0.127854166795340
0.127956398604115
0.128075362816071
0.128214807051867
0.128377762916777
0.128566444489813
0.128782164972892
0.129025274980056
0.129295125432690
0.129590057324175
0.129907419748178
0.130243616584027
0.130594181147065
0.130953876996956
0.131316822014026
0.131676631865292
0.132026578148224
0.132359755873927
0.132669254574106
0.132948327214840
0.133190551284263
0.133389976882525
0.133541257353345
0.133639758913457
0.133681646801343
0.133663946611585
0.133584580633316
0.133442380097750
0.133237075193696
0.132969265475774
0.132640373826998
0.132252587423415
0.131808789181425
0.131312482965879
0.130767715434984
0.130178996847006
0.129551222514834
0.128889595933198
0.128199553984839
0.127486694113972
0.126756702984690
0.126015285948910
0.125268096645899
0.124520666236536
0.123778332115808
0.123046166406386
0.122328905062474
0.121630878948131
0.120955948738013
0.120307445865678
0.119688121969245
0.119100109323937
0.118544894589919
0.118023307843665
0.117535528321234
0.117081107617200
0.116659010301061
0.116267671089258
0.115905066904747
0.115568801424360
0.115256199108321
0.114964405266470
0.114690488469152
0.114431541569087
0.114184777760029
0.113947618440106
0.113717770141444
0.113493288392434
0.113272627049094
0.113054672319485
0.112838761365223
0.112624685957491
0.112412682161203
0.112203407400538
0.111997906513582
0.111797568536537
0.111604075981901
0.111419348311333
0.111245481179091
0.111084682864567
0.110939209150830
0.110811297764535
0.110703103389839
0.110616634216313
0.110553690980891
0.110515809511225
0.110504207859112
0.110519739208686
0.110562851831707
0.110633557416585
0.110731409095318
0.110855490413068
0.111004416314498
0.111176346952431
0.111369014759611
0.111579764774165
0.111805607692724
0.112043284568704
0.112289341508973
0.112540212185417
0.112792305505093
0.113042095408040
0.113286209515438
0.113521513256087
0.113745186170868
0.113954787338092
0.114148307272111
0.114324204207625
0.114481423367484
0.114619398589017
0.114738036513061
0.114837684376918
0.114919083251782
0.114983309281946
0.115031706076326
0.115065811837096
0.115087285058280
0.115097832671381
0.115099144348434
0.115092836299998
0.115080407342180
0.115063209279807
0.115042432798761
0.115019109123991
0.114994126731458
0.114968261456492
0.114942217472486
0.114916675875238
0.114892347046669
0.114870022626279
0.114850622817604
0.114835234915494
0.114825139358698
0.114821820276379
0.114826958376715
0.114842405076186
0.114870137932659
0.114912198657475
0.114970616168962
0.115047318237732
0.115144036191496
0.115262207829688
0.115402884094141
0.115566645115017
0.115753530983987
0.115962992003163
0.116193862243380
0.116444359065734
0.116712109880093
0.116994205913628
0.117287281231385
0.117587613784196
0.117891243950366
0.118194104972257
0.118492158939121
0.118781531586890
0.119058639204499
0.119320301360019
0.119563833967434
0.119787118359760
0.119988643447530
0.120167519635483
0.120323464844448
0.120456764632621
0.120568209924719
0.120659017140319
0.120730736480172
0.120785154717809
0.120824199014400
0.120849848016256
0.120864055823695
0.120868693381980
0.120865510509061
0.120856120230473
0.120842005442808
0.120824546284653
0.120805065068696
0.120784884323921
0.120765392500843
0.120748111273201
0.120734758168729
0.120727298493460
0.120727981163242
0.120739354079274
0.120764256012826
0.120805783508722
0.120867232974302
0.120952019779730
0.121063577746738
0.121205243743972
0.121380133151154
0.121591012634919
0.121840176955696
0.122129336383952
0.122459520760642
0.122831005332641
0.123243262294395
0.123694940555497
0.124183874726014
0.124707122767876
0.125261030299802
0.125841318254768
0.126443189547173
0.127061449666167
0.127690635703565
0.128325148256709
0.128959380901876
0.129587842474390
0.130205268161962
0.130806716349534
0.131387649172238
0.131943995761885
0.132472198140849
0.132969240564249
0.133432663790003
0.133860566236384
0.134251594255555
0.134604923814540
0.134920235752840
0.135197686512586
0.135437875855701
0.135641812640927
0.135810879280837
0.135946795079810
0.136051578306795
0.136127506609995
0.136177075251445
0.136202952632935
0.136207932694716
0.136194883978260
0.136166695429862
0.136126219353124
0.136076212263317
0.136019274723305
0.135957791520666
0.135893873754761
0.135829304524645
0.135765489934001
0.135703417057045
0.135643620345214
0.135586157711460
0.135530597224379
0.135476014999334
0.135421004510569
0.135363697189049
0.135301793835644
0.135232606084915
0.135153106913770
0.135059989008861
0.134949729689330
0.134818661024476
0.134663043782299
0.134479143884179
0.134263310110132
0.134012051884544
0.133722116059922
0.133390561693837
0.133014831871938
0.132592821661201
0.132122941279803
0.131604173544973
0.131036124613458
0.130419066970455
0.129753973564256
0.129042541939895
0.128287207210739
0.127491142736922
0.126658247466328
0.125793119047471
0.124901012049598
0.123987780924870
0.123059807716387
0.122123914944852
0.121187264581942
0.120257244521457
0.119341344468771
0.118447023661390
0.117581573283935
0.116751976825755
0.115964771926356
0.115225917443383
0.114540669544550
0.113913470557722
0.113347854106530
0.112846369712360
0.112410529562731
0.112040779542291
0.111736495912623
0.111496008232697
0.111316648259711
0.111194823690941
0.111126114734924
0.111105390670720
0.111126942804262
0.111184629596996
0.111272029258206
0.111382594788378
0.111509806360172
0.111647316041514
0.111789080207627
0.111929475549519
0.112063395347943
0.112186323613445
0.112294385752988
0.112384375559187
0.112453759469107
0.112500660140759
0.112523822381043
0.112522565266340
0.112496724871899
0.112446592326244
0.112372851905676
0.112276523573953
0.112158913766176
0.112021577347088
0.111866292595046
0.111695049843003
0.111510053128266
0.111313732951983
0.111108767116491
0.110898105677637
0.110684995391935
0.110472998709810
0.110266002399273
0.110068211287505
0.109884123363678
0.109718483552287
0.109576214777150
0.109462326408602
0.109381801724270
0.109339467515054
0.109339850331759
0.109387025001677
0.109484461870553
0.109634879686279
0.109840111103004
0.110100987441464
0.110417248612909
0.110787483045340
0.111209101108629
0.111678344003271
