0.026448973400910
0.026464463053936
0.026479457172387
0.026493704288273
0.026506969960765
0.026519044775196
0.026529751329620
0.026538949920110
0.026546542693054
0.026552476101347
0.026556741578220
0.026559374424017
0.026560450983212
0.026560084267219
0.026558418248760
0.026555621112024
0.026551877786212
0.026547382116119
0.026542329030746
0.026536907059383
0.026531291515243
0.026525638621492
0.026520080796600
0.026514723248992
0.026509641959276
0.026504883056268
0.026500463524769
0.026496373122366
0.026492577332479
0.026489021143549
0.026485633420844
0.026482331628006
0.026479026659236
0.026475627558461
0.026472045926555
0.026468199849196
0.026464017213506
0.026459438318631
0.026454417721707
0.026448925294425
0.026442946495525
0.026436481890457
0.026429545971152
0.026422165346795
0.026414376391360
0.026406222446418
0.026397750688984
0.026389008784609
0.026380041455622
0.026370887103241
0.026361574629380
0.026352120608504
0.026342526960274
0.026332779268631
0.026322845881054
0.026312677901719
0.026302210163757
0.026291363228624
0.026280046415593
0.026268161813096
0.026255609168406
0.026242291495976
0.026228121191116
0.026213026388367
0.026196957266608
0.026179891979094
0.026161841879003
0.026142855721630
0.026123022553930
0.026102473050272
0.026081379118356
0.026059951678303
0.026038436606977
0.026017108933683
0.025996265467126
0.025976216121101
0.025957274282524
0.025939746624960
0.025923922809906
0.025910065533882
0.025898401370505
0.025889112823332
0.025882331949157
0.025878135835679
0.025876544126584
0.025877518686331
0.025880965392313
0.025886737939695
0.025894643449936
0.025904449593190
0.025915892871626
0.025928687668448
0.025942535647728
0.025957135093283
0.025972189799775
0.025987417173319
0.026002555258859
0.026017368482962
0.026031651978802
0.026045234439975
0.026057979526696
0.026069785917668
0.026080586159844
0.026090344513869
0.026099054023540
0.026106733052488
0.026113421530908
0.026119177140749
0.026124071641399
0.026128187501988
0.026131614964023
0.026134449612127
0.026136790484182
0.026138738708010
0.026140396612176
0.026141867225669
0.026143254056297
0.026144661021651
0.026146192399571
0.026147952666956
0.026150046105697
0.026152576071337
0.026155643842294
0.026159346993455
0.026163777265853
0.026169017932381
0.026175140686268
0.026182202103169
0.026190239747930
0.026199268012796
0.026209273784576
0.026220212044137
0.026232001503062
0.026244520379936
0.026257602413713
0.026271033204927
0.026284546968402
0.026297823774747
0.026310487353086
0.026322103524947
0.026332179339183
0.026340162980193
0.026345444525767
0.026347357635894
0.026345182258173
0.026338148437745
0.026325441318012
0.026306207411303
0.026279562204508
0.026244599142554
0.026200400001812
0.026146046626149
0.026080633951260
0.026003284189485
0.025913161989897
0.025809490329748
0.025691566836656
0.025558780189839
0.025410626206561
0.025246723190405
0.025066826103493
0.024870839127821
0.024658826202371
0.024431019163017
0.024187823170307
0.023929819184007
0.023657763329656
0.023372583097318
0.023075370411582
0.022767371709653
0.022449975256088
0.022124696003620
0.021793158375505
0.021457077392813
0.021118238597885
0.020778477232333
0.020439657114799
0.020103649632392
0.019772313213224
0.019447473589871
0.019130905099513
0.018824313200950
0.018529318326396
0.018247441131430
0.017980089163212
0.017728544937605
0.017493955401535
0.017277322757527
0.017079496641685
0.016901167671682
0.016742862414115
0.016604939856517
0.016487589503837
0.016390831247665
0.016314517174644
0.016258335484987
0.016221816680174
0.016204342149500
0.016205155238225
0.016223374816828
0.016258011293909
0.016307984928150
0.016372146201885
0.016449297925064
0.016538218648984
0.016637686889028
0.016746505589497
0.016863526215395
0.016987671828803
0.017117958503421
0.017253514450895
0.017393596276599
0.017537601849425
0.017685079357629
0.017835732227900
0.017989419703761
0.018146153007885
0.018306087146318
0.018469508546029
0.018636818845904
0.018808515280573
0.018985168202018
0.019167396371960
0.019355840725335
0.019551137349450
0.019753890442978
0.019964646013346
0.020183867040579
0.020411910781710
0.020649008814824
0.020895250328707
0.021150569057017
0.021414734139167
0.021687345068532
0.021967830767009
0.022255452707957
0.022549311901422
0.022848359459838
0.023151410381867
0.023457160128501
0.023764203519871
0.024071055453171
0.024376172930798
0.024677977891391
0.024974880352775
0.025265301402234
0.025547695603561
0.025820572429435
0.026082516369845
0.026332205410910
0.026568427622435
0.026790095636399
0.026996258842270
0.027186113168778
0.027359008366074
0.027514452747492
0.027652115396595
0.027771825892849
0.027873571657472
0.027957493068811
0.028023876542459
0.028073145813429
0.028105851693826
0.028122660607662
0.028124342222613
0.028111756505194
0.028085840520016
0.028047595275324
0.027998072886502
0.027938364288111
0.027869587675610
0.027792877802978
0.027709376205374
0.027620222360229
0.027526545749112
0.027429458739472
0.027330050172370
0.027229379521302
0.027128471478978
0.027028310833361
0.026929837510352
0.026833941686390
0.026741458907499
0.026653165189094
0.026569772110036
0.026491921952182
0.026420182970129
0.026355044903009
0.026296914859294
0.026246113715831
0.026202873173561
0.026167333604964
0.026139542813429
0.026119455803759
0.026106935637730
0.026101755420886
0.026103601438191
0.026112077428552
0.026126709962594
0.026146954865534
0.026172204607800
0.026201796570520
0.026235022080647
0.026271136101093
0.026309367453867
0.026348929448368
0.026389030781836
0.026428886574096
0.026467729393701
0.026504820127390
0.026539458539524
0.026570993363366
0.026598831762294
0.026622447997177
0.026641391137095
0.026655291655208
0.026663866760848
0.026666924333340
0.026664365343224
0.026656184672473
0.026642470276832
0.026623400669884
0.026599240748924
0.026570336025917
0.026537105371039
0.026500032419820
0.026459655835668
0.026416558655725
0.026371356977554
0.026324688265616
0.026277199568402
0.026229535938615
0.026182329339562
0.026136188300984
0.026091688557754
0.026049364866270
0.026009704147871
0.025973140058126
0.025940049027917
0.025910747769257
0.025885492188304
0.025864477602435
0.025847840119429
0.025835659006631
0.025827959857319
0.025824718351092
0.025825864404845
0.025831286520257
0.025840836151536
0.025854331941954
0.025871563707748
0.025892296081028
0.025916271757660
0.025943214329487
0.025972830711050
0.026004813197716
0.026038841213586
0.026074582823162
0.026111696090028
0.026149830368971
0.026188627615323
0.026227723787676
0.026266750408322
0.026305336330933
0.026343109748258
0.026379700454952
0.026414742363267
0.026447876252975
0.026478752722381
0.026507035295125
0.026532403628090
0.026554556759282
0.026573216331074
0.026588129723636
0.026599073035476
0.026605853852498
0.026608313753503
0.026606330508220
0.026599819933286
0.026588737381766
0.026573078852179
0.026552881713304
0.026528225050641
0.026499229648932
0.026466057632083
0.026428911786735
0.026388034598293
0.026343707028002
0.026296247056669
0.026246008014597
0.026193376708668
0.026138771346449
0.026082639244461
0.026025454294217
0.025967714146385
0.025909937061706
0.025852658368630
0.025796426463231
0.025741798288287
0.025689334236443
0.025639592437886
