0.026250704105820
0.026259055677597
0.026268567221283
0.026279304040887
0.026291295064305
0.026304531705535
0.026318968021252
0.026334522103132
0.026351078597974
0.026368492205238
0.026386591967926
0.026405186149454
0.026424067477130
0.026443018532221
0.026461817077043
0.026480241129839
0.026498073626915
0.026515106546457
0.026531144407392
0.026546007097056
0.026559532020923
0.026571575603901
0.026582014203792
0.026590744521853
0.026597683611958
0.026602768597988
0.026605956208916
0.026607222232839
0.026606560976134
0.026603984793057
0.026599523726243
0.026593225271376
0.026585154251750
0.026575392762416
0.026564040120897
0.026551212743634
0.026537043855879
0.026521682938472
0.026505294818720
0.026488058324365
0.026470164439266
0.026451813926081
0.026433214413594
0.026414576982784
0.026396112324037
0.026378026575659
0.026360516988469
0.026343767590023
0.026327945042409
0.026313194897381
0.026299638450122
0.026287370377122
0.026276457314417
0.026266937490369
0.026258821474196
0.026252094040124
0.026246717080993
0.026242633438506
0.026239771454771
0.026238049995955
0.026237383658198
0.026237687842185
0.026238883378793
0.026240900405434
0.026243681231266
0.026247181987719
0.026251372935733
0.026256237388096
0.026261769298821
0.026267969664968
0.026274841973154
0.026282386996662
0.026290597303721
0.026299451868825
0.026308911183829
0.026318913243073
0.026329370727950
0.026340169644144
0.026351169574090
0.026362205604235
0.026373091878772
0.026383626626286
0.026393598410701
0.026402793279841
0.026411002429230
0.026418029969149
0.026423700381311
0.026427865277223
0.026430409121155
0.026431253652151
0.026430360826072
0.026427734193466
0.026423418724961
0.026417499185833
0.026410097239084
0.026401367516689
0.026391492937891
0.026380679569886
0.026369151319837
0.026357144719853
0.026344904021636
0.026332676759744
0.026320709877209
0.026309246440493
0.026298522908136
0.026288766864131
0.026280195087185
0.026273011803547
0.026267406965418
0.026263554409162
0.026261609775926
0.026261708119289
0.026263961176071
0.026268454333094
0.026275243379405
0.026284351185468
0.026295764493426
0.026309431032152
0.026325257184388
0.026343106429462
0.026362798763267
0.026384111258630
0.026406779875803
0.026430502568117
0.026454943655710
0.026479739365475
0.026504504362817
0.026528839035220
0.026552337233449
0.026574594137038
0.026595213889348
0.026613816645454
0.026630044693850
0.026643567349603
0.026654084370112
0.026661327712022
0.026665061525274
0.026665080363412
0.026661205673424
0.026653280709154
0.026641164085321
0.026624722251000
0.026603821209034
0.026578317839616
0.026548051201100
0.026512834179248
0.026472445838534
0.026426624797533
0.026375063907383
0.026317406460359
0.026253244097955
0.026182116527263
0.026103513093827
0.026016876200885
0.025921606511068
0.025817069818839
0.025702605441302
0.025577535942183
0.025441177979131
0.025292854047873
0.025131904887948
0.024957702313231
0.024769662235485
0.024567257660069
0.024350031448695
0.024117608663806
0.023869708331643
0.023606154485268
0.023326886373369
0.023031967744441
0.022721595137556
0.022396105129244
0.022055980499922
0.021701855292032
0.021334518735021
0.020954918009404
0.020564159813694
0.020163510684744
0.019754396005249
0.019338397613455
0.018917249911557
0.018492834352952
0.018067172176819
0.017642415253592
0.017220834908678
0.016804808605869
0.016396804397220
0.015999363083116
0.015615078074465
0.015246573007352
0.014896477227319
0.014567399333338
0.014261899047654
0.013982457753772
0.013731448117651
0.013511103273175
0.013323486109094
0.013170459237968
0.013053656255866
0.012974454912839
0.012933952807397
0.012932946192944
0.012971912440613
0.013050996642103
0.013170002759590
0.013328389639563
0.013525272106133
0.013759427239869
0.014029305833628
0.014333048900516
0.014668508994322
0.015033275992749
0.015424706891733
0.015839959067826
0.016276026387791
0.016729777482175
0.017197995454677
0.017677418272677
0.018164779077137
0.018656845662309
0.019150458406859
0.019642565986963
0.020130258267147
0.020610795843730
0.021081635806298
0.021540453381376
0.021985159226370
0.022413912247375
0.022825127918301
0.023217482177857
0.023589911072346
0.023941606393689
0.024272007631764
0.024580790616883
0.024867853271481
0.025133298919963
0.025377417622823
0.025600666006709
0.025803646057458
0.025987083329998
0.026151805008847
0.026298718227455
0.026428789024896
0.026543022285520
0.026642442971607
0.026728078921115
0.026800945442215
0.026862031893223
0.026912290390532
0.026952626738006
0.026983893619084
0.027006886038056
0.027022338940404
0.027030926885262
0.027033265587708
0.027029915097084
0.027021384332326
0.027008136658970
0.026990596167527
0.026969154301267
0.026944176484682
0.026916008422468
0.026884981772721
0.026851418945724
0.026815636839060
0.026777949387747
0.026738668880785
0.026698106068725
0.026656569156302
0.026614361835465
0.026571780563759
0.026529111327795
0.026486626149773
0.026444579595717
0.026403205527827
0.026362714311707
0.026323290644973
0.026285092120382
0.026248248578404
0.026212862245441
0.026179008599102
0.026146737854919
0.026116076933029
0.026087031740800
0.026059589599427
0.026033721649270
0.026009385088880
0.025986525134297
0.025965076625249
0.025944965249734
0.025926108404405
0.025908415751137
0.025891789566849
0.025876125010849
0.025861310449717
0.025847227982638
0.025833754299976
0.025820761985538
0.025808121340054
0.025795702762434
0.025783379679345
0.025771031966076
0.025758549755904
0.025745837494648
0.025732818064716
0.025719436780979
0.025705665050967
0.025691503494831
0.025676984336172
0.025662172902330
0.025647168110264
0.025632101859480
0.025617137303806
0.025602466026120
0.025588304191313
0.025574887799901
0.025562467205092
0.025551301087695
0.025541650104357
0.025533770434500
0.025527907449693
0.025524289716622
0.025523123522532
0.025524588081551
0.025528831544001
0.025535967890890
0.025546074754821
0.025559192169046
0.025575322210473
0.025594429472097
0.025616442276947
0.025641254530131
0.025668728098201
0.025698695605653
0.025730963545978
0.025765315618048
0.025801516216037
0.025839314020611
0.025878445658636
0.025918639416254
0.025959619003950
0.026001107380713
0.026042830646604
0.026084522008383
0.026125925811546
0.026166801614753
0.026206928260582
0.026246107871485
0.026284169673996
0.026320973530030
0.026356413033923
0.026390418020156
0.026422956321521
0.026454034622368
0.026483698267609
0.026512029915517
0.026539146960570
0.026565197700253
0.026590356274730
0.026614816467850
0.026638784518716
0.026662471151349
0.026686083082150
0.026709814307274
0.026733837501478
0.026758295874098
0.026783295824716
0.026808900720290
0.026835126077358
0.026861936378964
0.026889243688806
0.026916908148144
0.026944740358519
0.026972505569820
0.026999929513483
0.027026705649121
0.027052503533694
0.027076977978758
0.027099778635566
0.027120559641003
0.027138988969404
0.027154757164895
0.027167585173592
0.027177231051533
0.027183495388546
0.027186225356095
0.027185317354111
0.027180718293845
0.027172425607326
0.027160486116398
0.027144993923834
0.027126087504972
0.027103946181105
0.027078786146863
0.027050856205185
0.027020433337963
0.026987818211162
0.026953330683234
0.026917305357965
0.026880087199884
0.026842027213881
