0.023516577487511
0.023499213516100
0.023483113890829
0.023468483452541
0.023455496842155
0.023444294420192
0.023434978716372
0.023427611508059
0.023422211626666
0.023418753586245
0.023417167117795
0.023417337676369
0.023419107966087
0.023422280501548
0.023426621194005
0.023431863918441
0.023437715984959
0.023443864406414
0.023449982825395
0.023455738939204
0.023460802242363
0.023464851893505
0.023467584507668
0.023468721676362
0.023468017026013
0.023465262640028
0.023460294690043
0.023452998146632
0.023443310467885
0.023431224194216
0.023416788408288
0.023400109048662
0.023381348093371
0.023360721654195
0.023338497042985
0.023314988887538
0.023290554386010
0.023265587795746
0.023240514255208
0.023215783037105
0.023191860327743
0.023169221623363
0.023148343829803
0.023129697148648
0.023113736831998
0.023100894890106
0.023091571841830
0.023086128607261
0.023084878654749
0.023088080529920
0.023095930911032
0.023108558351430
0.023126017883993
0.023148286672290
0.023175260896526
0.023206754057418
0.023242496866336
0.023282138864421
0.023325251876514
0.023371335358115
0.023419823636440
0.023470094981905
0.023521482376916
0.023573285777868
0.023624785597587
0.023675257072983
0.023723985130184
0.023770279320544
0.023813488378430
0.023853013947884
0.023888323041143
0.023918958827777
0.023944549407744
0.023964814292835
0.023979568405622
0.023988723499201
0.023992287000075
0.023990358375658
0.023983123222086
0.023970845352600
0.023953857237694
0.023932549201912
0.023907357816523
0.023878753940653
0.023847230856009
0.023813292912745
0.023777445058597
0.023740183562883
0.023701988175081
0.023663315878460
0.023624596317099
0.023586228893580
0.023548581459005
0.023511990449854
0.023476762270689
0.023443175679542
0.023411484905378
0.023381923214388
0.023354706643594
0.023330037635032
0.023308108329766
0.023289103315758
0.023273201664758
0.023260578138008
0.023251403486186
0.023245843813236
0.023244059014474
0.023246200335123
0.023252407125055
0.023262802888568
0.023277490744432
0.023296548421721
0.023320022921906
0.023347924978625
0.023380223444690
0.023416839732731
0.023457642432755
0.023502442227863
0.023550987229353
0.023602958854724
0.023657968376718
0.023715554277867
0.023775180552039
0.023836236100748
0.023898035375611
0.023959820417462
0.024020764435037
0.024079977050107
0.024136511309805
0.024189372529772
0.024237528983260
0.024279924392095
0.024315492106933
0.024343170788884
0.024361921325718
0.024370744637630
0.024368699954360
0.024354923082548
0.024328644134076
0.024289204157596
0.024236070109915
0.024168847624222
0.024087291079457
0.023991310549131
0.023880975306687
0.023756513684204
0.023618309216867
0.023466893150466
0.023302933535852
0.023127221274866
0.022940653608691
0.022744215644622
0.022538960594435
0.022325989442103
0.022106430767589
0.021881421425993
0.021652088718907
0.021419534600943
0.021184822344641
0.020948965948468
0.020712922423672
0.020477586945311
0.020243790709657
0.020012301212717
0.019783824560019
0.019559009341461
0.019338451560762
0.019122700097970
0.018912262205178
0.018707608586812
0.018509177692253
0.018317378943669
0.018132594728873
0.017955181100044
0.017785467226836
0.017623753749839
0.017470310261615
0.017325372203222
0.017189137501324
0.017061763283552
0.016943362998248
0.016834004231292
0.016733707460664
0.016642445923301
0.016560146693612
0.016486692994093
0.016421927681013
0.016365657776873
0.016317659860367
0.016277686077011
0.016245470501640
0.016220735568663
0.016203198287396
0.016192575977082
0.016188591287707
0.016190976316131
0.016199475679579
0.016213848467191
0.016233869051891
0.016259326806135
0.016290024823205
0.016325777797727
0.016366409262730
0.016411748413566
0.016461626770014
0.016515874935575
0.016574319706936
0.016636781766810
0.016703074160452
0.016773001711509
0.016846361478246
0.016922944289170
0.017002537330673
0.017084927691834
0.017169906706822
0.017257274876994
0.017346847106607
0.017438457951191
0.017531966558930
0.017627260984597
0.017724261573857
0.017822923152709
0.017923235811345
0.018025224141184
0.018128944864830
0.018234482886750
0.018341945882575
0.018451457631656
0.018563150375545
0.018677156549289
0.018793600278621
0.018912589060860
0.019034206048602
0.019158503332344
0.019285496571970
0.019415161259709
0.019547430812452
0.019682196593909
0.019819309862618
0.019958585536254
0.020099807562396
0.020242735596539
0.020387112615233
0.020532673039816
0.020679150917551
0.020826287703650
0.020973839209815
0.021121581331325
0.021269314232517
0.021416864755887
0.021564086917997
0.021710860460405
0.021857087529915
0.022002687663809
0.022147591346636
0.022291732480917
0.022435040170692
0.022577430251505
0.022718797011618
0.022859005536991
0.022997885077858
0.023135223780244
0.023270765054891
0.023404205773157
0.023535196389592
0.023663342999053
0.023788211247684
0.023909331936535
0.024026208088052
0.024138323192450
0.024245150315088
0.024346161728437
0.024440838732849
0.024528681347750
0.024609217586807
0.024682012074028
0.024746673808970
0.024802862944560
0.024850296496517
0.024888752955712
0.024918075820945
0.024938176107413
0.024949033914140
0.024950699151397
0.024943291536795
0.024926999967389
0.024902081366278
0.024868859087685
0.024827720946391
0.024779116917717
0.024723556534608
0.024661605990298
0.024593884939351
0.024521062977206
0.024443855768680
0.024363020789086
0.024279352637292
0.024193677877744
0.024106849367836
0.024019740028042
0.023933236014911
0.023848229262046
0.023765609362096
0.023686254774659
0.023611023361659
0.023540742274121
0.023476197242732
0.023418121359253
0.023367183476002
0.023323976395062
0.023289005065455
0.023262675052620
0.023245281587038
0.023236999534144
0.023237874652468
0.023247816517858
0.023266593486185
0.023293830043161
0.023329006847142
0.023371463709441
0.023420405678397
0.023474912301081
0.023533950033912
0.023596387665406
0.023661014505766
0.023726560994563
0.023791721284387
0.023855177279660
0.023915623549628
0.023971792495491
0.024022479135310
0.024066564876895
0.024103039677511
0.024131022037831
0.024149776343350
0.024158727145881
0.024157470066996
0.024145779100417
0.024123610187654
0.024091101037201
0.024048567249477
0.023996494895167
0.023935529771837
0.023866463631753
0.023790217731886
0.023707824104992
0.023620404988406
0.023529150874849
0.023435297667465
0.023340103429462
0.023244825217469
0.023150696476945
0.023058905457888
0.022970575079809
0.022886744636646
0.022808353685632
0.022736228409712
0.022671070682031
0.022613449994777
0.022563798344765
0.022522408096797
0.022489432774883
0.022464890663244
0.022448671035626
0.022440542774794
0.022440165095748
0.022447100047449
0.022460826439437
0.022480754821903
0.022506243140425
0.022536612689044
0.022571163996689
0.022609192300944
0.022650002288461
0.022692921811534
0.022737314324207
0.022782589817623
0.022828214072212
0.022873716083126
0.022918693554587
0.022962816398387
0.023005828211547
0.023047545748204
0.023087856441165
0.023126714069169
0.023164132706506
0.023200179131858
0.023234963912197
0.023268631414467
0.023301349031209
0.023333295934940
0.023364651698356
0.023395585131834
0.023426243694770
0.023456743831896
0.023487162568888
0.023517530673126
0.023547827645176
0.023577978755458
0.023607854279455
0.023637271015804
