0.025076766647563
0.025112498631694
0.025129807033778
0.025127498183561
0.025105516134197
0.025064954128593
0.025007998702313
0.024937809413048
0.024858340989529
0.024774118100186
0.024689975751331
0.024610780369624
0.024541147783440
0.024485174524600
0.024446198114947
0.024426600327548
0.024427664920578
0.024449498181464
0.024491016977123
0.024550005097745
0.024623234736034
0.024706646191179
0.024795575544630
0.024885017314909
0.024969907116633
0.025045408234724
0.025107185837311
0.025151653294510
0.025176176696009
0.025179226068390
0.025160464839898
0.025120772607282
0.025062200023320
0.024987858429586
0.024901750491793
0.024808551352222
0.024713352516516
0.024621382695445
0.024537721022169
0.024467018404414
0.024413242239978
0.024379458362579
0.024367661977843
0.024378666620555
0.024412056970479
0.024466207884128
0.024538368425571
0.024624806204002
0.024721004134396
0.024821898996394
0.024922149015229
0.025016416232817
0.025099648744336
0.025167347971713
0.025215807014907
0.025242307709101
0.025245266229471
0.025224319802746
0.025180350160746
0.025115442643809
0.025032783162927
0.024936498391143
0.024831447419794
0.024722975543173
0.024616642709672
0.024517940411130
0.024432011320126
0.024363385807555
0.024315748595062
0.024291747267782
0.024292852272132
0.024319275457642
0.024369951318638
0.024442581993792
0.024533743939810
0.024639051161763
0.024753367102356
0.024871054898698
0.024986253821894
0.025093168411866
0.025186356168981
0.025260999696264
0.025313149899552
0.025339928214529
0.025339677774598
0.025312055870318
0.025258062864007
0.025180005778679
0.025081397933232
0.024966799094994
0.024841603517824
0.024711785789003
0.024583616497232
0.024463361254620
0.024356977482001
0.024269823554081
0.024206394386487
0.024170096352376
0.024163072596289
0.024186087452337
0.024238475884299
0.024318160779552
0.024421737694926
0.024544623426091
0.024681261708835
0.024825376608766
0.024970261849129
0.025109092576506
0.025235244956143
0.025342608576210
0.025425876943220
0.025480802353976
0.025504403083566
0.025495113053392
0.025452866829796
0.025379115822503
0.025276774757378
0.025150100736447
0.025004510315805
0.024846342882331
0.024682581060529
0.024520540819660
0.024367545292639
0.024230597005609
0.024116063226252
0.024029388477740
0.023974846973234
0.023955345871331
0.023972287929077
0.024025499449283
0.024113226509978
0.024232199460601
0.024377762707749
0.024544064023252
0.024724295108338
0.024910973042313
0.025096250615036
0.025272242448352
0.025431353286253
0.025566594884984
0.025671878545667
0.025742271463188
0.025774206655733
0.025765638212144
0.025716135859147
0.025626915308925
0.025500803397120
0.025342139559836
0.025156617628063
0.024951074149288
0.024733231400274
0.024511404866724
0.024294186184693
0.024090113331059
0.023907340198854
0.023753317596439
0.023634497182217
0.023556068917486
0.023521741331156
0.023533572294070
0.023591856159272
0.023695071106176
0.023839888403742
0.024021243155228
0.024232463978890
0.024465457086829
0.024710938414432
0.024958705885269
0.025197942621601
0.025417540969178
0.025606436625347
0.025753941957418
0.025850067776321
0.025885823377751
0.025853485555199
0.025746828489896
0.025561307884286
0.025294194371137
0.024944653035794
0.024513767765364
0.024004511015000
0.023421661387821
0.022771673095006
0.022062502836240
0.021303400866927
0.020504673957298
0.019677428572222
0.018833302895169
0.017984196285556
0.017142004409207
0.016318367643619
0.015524439470871
0.014770680478530
0.014066682346786
0.013421024866355
0.012841167665903
0.012333376987841
0.011902686591149
0.011552890726828
0.011286566164887
0.011105119480727
0.011008855252407
0.010997060486700
0.011068100478667
0.011219521404903
0.011448155234216
0.011750222984314
0.012121432927015
0.012557071012536
0.013052081509367
0.013601136604408
0.014198694445161
0.014839045801665
0.015516350155119
0.016224662561878
0.016957953080527
0.017710120875725
0.018475005320129
0.019246396504261
0.020018047536561
0.020783690878431
0.021537060720741
0.022271923079987
0.022982114886782
0.023661592870542
0.024304492527161
0.024905196907220
0.025458414397710
0.025959264108204
0.026403366931381
0.026786939846904
0.027106890596336
0.027360909494324
0.027547554876227
0.027666328531881
0.027717737454008
0.027703338349480
0.027625761629501
0.027488712013011
0.027296943442657
0.027056206714331
0.026773169042946
0.026455305705382
0.026110764886879
0.025748207874809
0.025376627754592
0.025005150725042
0.024642825022129
0.024298403179713
0.023980123925101
0.023695500373441
0.023451121321924
0.023252472335307
0.023103782950890
0.023007905716656
0.022966231924975
0.022978647840180
0.023043533975905
0.023157808599776
0.023317015178383
0.023515451978467
0.023746340567516
0.024002028564891
0.024274220737488
0.024554231461021
0.024833250722269
0.025102615253118
0.025354076088573
0.025580053841893
0.025773873293321
0.025929969486102
0.026044058395723
0.026113266356653
0.026136213758115
0.026113050011937
0.026045438401521
0.025936491087522
0.025790656217453
0.025613560707216
0.025411813778318
0.025192777694214
0.024964313296524
0.024734508856490
0.024511401395923
0.024302699970188
0.024115520427684
0.023956140859727
0.023829786335593
0.023740450594090
0.023690761159783
0.023681892903266
0.023713533414346
0.023783901756574
0.023889820280255
0.024026837253414
0.024189396194114
0.024371046022321
0.024564684563363
0.024762826592298
0.024957886567060
0.025142465507065
0.025309631170166
0.025453180788106
0.025567876147054
0.025649641736905
0.025695718015129
0.025704763495716
0.025676901322638
0.025613708147975
0.025518145423466
0.025394435538616
0.025247887502067
0.025084678968807
0.024911603271210
0.024735791632603
0.024564421856273
0.024404425435125
0.024262205181448
0.024143375117622
0.024052533505005
0.023993078550449
0.023967074570289
0.023975174282621
0.024016600529225
0.024089188200645
0.024189484561812
0.024312903664872
0.024453928202034
0.024606350098734
0.024763539468612
0.024918730322660
0.025065310701419
0.025197104714693
0.025308634337011
0.025395349703567
0.025453818041126
0.025481863189944
0.025478649845235
0.025444709073783
0.025381904235521
0.025293339047338
0.025183212052272
0.025056624090478
0.024919347406951
0.024777566686043
0.024637603502827
0.024505636374693
0.024387428754247
0.024288076920629
0.024211788818744
0.024161703504988
0.024139759045094
0.024146614554258
0.024181629665733
0.024242902166567
0.024327361959017
0.024430917006197
0.024548644609965
0.024675019349593
0.024804167370874
0.024930135530316
0.025047163222342
0.025149944581406
0.025233869164924
0.025295230172351
0.025331390702146
0.025340900431350
0.025323557341355
0.025280411610689
0.025213711441063
0.025126793257862
0.025023921309052
0.024910084057684
0.024790756811093
0.024671641655657
0.024558396888726
0.024456368699936
0.024370337818821
0.024304293208067
0.024261243663961
0.024243076437628
0.024250469789037
0.024282863830232
0.024338491223486
0.024414466406724
0.024506929162367
0.024611235667409
0.024722187796479
0.024834289516933
0.024942017817349
0.025040094824652
0.025123747637314
0.025188942946905
0.025232584718139
0.025252664995003
0.025248360212719
0.025220068109817
0.025169383316461
0.025099012794222
0.025012635360245
0.024914712387254
