0.025198237915196
0.025201712317260
0.025204955599415
0.025207861760665
0.025210360924118
0.025212433034073
0.025214116375973
0.025215509187863
0.025216763384208
0.025218070379579
0.025219640069361
0.025221675060295
0.025224343099417
0.025227751190746
0.025231925010512
0.025236796877382
0.025242204707853
0.025247903157443
0.025253586645440
0.025258922363029
0.025263589877903
0.025267322781558
0.025269947160729
0.025271411641518
0.025271804408996
0.025271353914278
0.025270411823748
0.025269418939898
0.025268857070575
0.025269191855393
0.025270813095228
0.025273979938862
0.025278778205121
0.025285096108873
0.025292622781975
0.025300871418736
0.025309225911813
0.025317006829246
0.025323549894699
0.025328288129493
0.025330827789180
0.025331008364843
0.025328938269853
0.025325000297220
0.025319824267671
0.025314228130306
0.025309132681132
0.025305458555356
0.025304016779915
0.025305405580347
0.025309926089463
0.025317528039344
0.025327793548485
0.025339963032171
0.025353002502355
0.025365706618762
0.025376827380145
0.025385214850250
0.025389954249733
0.025390483414968
0.025386676137498
0.025378880152761
0.025367903236044
0.025354946502480
0.025341489984174
0.025329141199511
0.025319462080608
0.025313792719527
0.025313091525537
0.025317810357133
0.025327820044311
0.025342396729067
0.025360273120599
0.025379751746428
0.025398870337476
0.025415603383916
0.025428079337869
0.025434790467586
0.025434772319914
0.025427732202437
0.025414110861626
0.025395068161044
0.025372391393206
0.025348333082997
0.025325392889689
0.025306064648178
0.025292573987408
0.025286633803642
0.025289243885433
0.025300557214612
0.025319829226535
0.025345458192517
0.025375115686740
0.025405956747922
0.025434890807620
0.025458887633493
0.025475288171010
0.025482088767060
0.025478169037085
0.025463438486310
0.025438884493714
0.025406513715445
0.025369189452671
0.025330378025220
0.025293826644124
0.025263202715906
0.025241729154542
0.025231851603239
0.025234971277037
0.025251271572789
0.025279658134555
0.025317821481846
0.025362419598617
0.025409366162168
0.025454199502458
0.025492498971131
0.025520310019419
0.025534537508833
0.025533268844158
0.025515994295664
0.025483700880596
0.025438827602466
0.025385082657982
0.025327136228017
0.025270214448306
0.025219629966192
0.025180291178731
0.025156235142141
0.025150227916113
0.025163470810893
0.025195442070474
0.025243891722468
0.025304993697522
0.025373645090223
0.025443888888283
0.025509424876541
0.025564164802713
0.025602783086447
0.025621213838858
0.025617048830948
0.025589799009172
0.025540993540856
0.025474104208584
0.025394298065349
0.025308036297957
0.025222550909968
0.025145241926180
0.025083045356540
0.025041825461110
0.025025843615612
0.025037350364940
0.025076337528239
0.025140474283577
0.025225236085049
0.025324219301924
0.025429618942754
0.025532833022402
0.025625146185824
0.025698438018042
0.025745858632441
0.025762415869662
0.025745424616327
0.025694778871465
0.025613020444500
0.025505193518491
0.025378490560965
0.025241710963434
0.025104568136805
0.024976892519827
0.024867786226123
0.024784789294611
0.024733117463580
0.024715027128176
0.024729355038792
0.024771268995220
0.024832252138944
0.024900328431531
0.024960521578113
0.024995525038915
0.024986547803965
0.024914290067437
0.024759995409331
0.024506521925232
0.024139374053604
0.023647639518831
0.023024781516578
0.022269244528401
0.021384842356177
0.020380908434483
0.019272200511090
0.018078563709080
0.016824367191291
0.015537739627161
0.014249637017038
0.012992782887206
0.011800525281029
0.010705657302012
0.009739248276503
0.008929531039143
0.008300887604101
0.007872970808979
0.007659993666621
0.007670211400149
0.007905613732575
0.008361837208597
0.009028299385226
0.009888548869336
0.010920817622807
0.012098754908394
0.013392315911501
0.014768772634438
0.016193810297070
0.017632669349823
0.019051291445150
0.020417427421985
0.021701666592332
0.022878349387531
0.023926329674411
0.024829558677511
0.025577469269414
0.026165147183281
0.026593284172263
0.026867916957926
0.026999964610933
0.027004585413640
0.026900381888728
0.026708489183556
0.026451587056818
0.026152879057448
0.025835083919893
0.025519483610878
0.025225069827153
0.024967826133465
0.024760176513630
0.024610623146251
0.024523587056734
0.024499455356882
0.024534828536881
0.024622951230676
0.024754300554856
0.024917298028227
0.025099104676485
0.025286454605886
0.025466480387072
0.025627484201757
0.025759611910193
0.025855392887469
0.025910116391803
0.025922024963174
0.025892316371927
0.025824957307484
0.025726323611401
0.025604692684977
0.025469623028276
0.025331263053323
0.025199635835363
0.025083947958128
0.024991968901262
0.024929522554724
0.024900124692588
0.024904790076852
0.024942020957460
0.025007975901022
0.025096805022241
0.025201125740801
0.025312603032053
0.025422590560484
0.025522784683629
0.025605842466552
0.025665917665351
0.025699074954210
0.025703552041634
0.025679851057778
0.025630653808438
0.025560569162581
0.025475733897048
0.025383299725277
0.025290848065857
0.025205779636785
0.025134727726823
0.025083041832508
0.025054382414698
0.025050458290470
0.025070926380616
0.025113460144043
0.025173979152225
0.025247019041783
0.025326209634781
0.025404820294463
0.025476326322889
0.025534948848667
0.025576123309418
0.025596858073116
0.025595954408494
0.025574071072458
0.025533630189682
0.025478574697207
0.025414000239493
0.025345694938453
0.025279628022460
0.025221432234984
0.025175924933608
0.025146708858741
0.025135886069251
0.025143908193643
0.025169573865610
0.025210171104880
0.025261749639397
0.025319496877081
0.025378182419694
0.025432630434266
0.025478177328789
0.025511074150258
0.025528798717726
0.025530251177300
0.025515817600635
0.025487298425439
0.025447710833088
0.025400985451362
0.025351587038816
0.025304095226727
0.025262784410828
0.025231241264045
0.025212054187841
0.025206601764806
0.025214957633048
0.025235918102509
0.025267147328080
0.025305424023713
0.025346964548364
0.025387790551601
0.025424105820626
0.025452646808071
0.025470974504981
0.025477681502936
0.025472496631086
0.025456279609863
0.025430908752319
0.025399074848663
0.025364003032128
0.025329130839608
0.025297774270732
0.025272814116762
0.025256432184293
0.025249921587295
0.025253587600895
0.025266746445342
0.025287819711078
0.025314512895873
0.025344058596788
0.025373499035021
0.025399979327429
0.025421022527462
0.025434759925235
0.025440095124423
0.025436787456810
0.025425448617049
0.025407455149070
0.025384787712282
0.025359815080829
0.025335045905196
0.025312873921812
0.025295342314583
0.025283950363527
0.025279520671799
0.025282138679935
0.025291168558739
0.025305341715835
0.025322906861245
0.025341824587477
0.025359985315270
0.025375427618656
0.025386534512632
0.025392188152677
0.025391868211105
0.025385685418707
0.025374348713491
0.025359071380842
0.025341427776542
0.025323177062592
0.025306073379505
0.025291682755116
0.025281225766147
0.025275461711099
0.025274625213587
0.025278420306023
0.025286070794481
0.025296419753083
0.025308065970163
0.025319521584973
0.025329373362129
0.025336430198905
0.025339841482356
0.025339174541264
0.025334444235874
0.025326093142728
0.025314926214839
0.025302008634987
0.025288539317134
0.025275714766885
0.025264598579048
