0.029500194711218
0.029570330111509
0.029641165297208
0.029708401650185
0.029767950981089
0.029816180699927
0.029850130454778
0.029867687835979
0.029867713291125
0.029850107445731
0.029815817393238
0.029766782014751
0.029705819821988
0.029636466005275
0.029562768148811
0.029489052310031
0.029419672741228
0.029358759386811
0.029309977382205
0.029276312111525
0.029259891988631
0.029261859082528
0.029282295117254
0.029320207369604
0.029373575717558
0.029439458725575
0.029514153364827
0.029593399931171
0.029672621106456
0.029747182057492
0.029812657103614
0.029865087897558
0.029901218305247
0.029918692244644
0.029916202612825
0.029893582008939
0.029851829121105
0.029793068222376
0.029720443020253
0.029637949912139
0.029550219294702
0.029462256743094
0.029379158419947
0.029305816829382
0.029246633875552
0.029205258048206
0.029184361426254
0.029185470111483
0.029208858784133
0.029253516469480
0.029317186524160
0.029396479530187
0.029487053479887
0.029583851605659
0.029681384701215
0.029774042013340
0.029856412930259
0.029923600875347
0.029971511091533
0.029997095364651
0.029998539108918
0.029975379488511
0.029928547185854
0.029860328817731
0.029774251584859
0.029674896247543
0.029567648682992
0.029458403853312
0.029353238787991
0.029258072999890
0.029178335506307
0.029118657277127
0.029082606505602
0.029072481682429
0.029089174195268
0.029132108266190
0.029199261706322
0.029287266459541
0.029391583481341
0.029506742402799
0.029626632888543
0.029744831802897
0.029854948396279
0.029950968809036
0.030027581300594
0.030080464729463
0.030106524861088
0.030104065943073
0.030072888496694
0.030014308233808
0.029931095202666
0.029827336469758
0.029708229636115
0.029579818059291
0.029448681625763
0.029321599146578
0.029205199826539
0.029105621724728
0.029028194669841
0.028977163753191
0.028955467375079
0.028964580985836
0.029004434292998
0.029073405976937
0.029168396060000
0.029284972205118
0.029417582570713
0.029559824597218
0.029704756401728
0.029845235436846
0.029974267817594
0.030085351287660
0.030172795193474
0.030232002031689
0.030259697064153
0.030254095052244
0.030214996218472
0.030143806945365
0.030043484303595
0.029918407091602
0.029774179498724
0.029617376615099
0.029455243664210
0.029295362912046
0.029145303623236
0.029012271134530
0.028902771078485
0.028822304028215
0.028775104392904
0.028763935348013
0.028789949033878
0.028852618321468
0.028949743258745
0.029077532017384
0.029230752901381
0.029402950895431
0.029586719450931
0.029774015844713
0.029956506594252
0.030125928144538
0.030274447402120
0.030395006701118
0.030481638437478
0.030529735869117
0.030536268394670
0.030499931914387
0.030421227547623
0.030302464922077
0.030147689340445
0.029962535245084
0.029754011414983
0.029530226120284
0.029300062915871
0.029072819778202
0.028857825797703
0.028664050572169
0.028499721767771
0.028371966011609
0.028286487366824
0.028247296157302
0.028256498916808
0.028314157821015
0.028418225222518
0.028564555963671
0.028746997113831
0.028957551792878
0.029186610925502
0.029423244236038
0.029655539643475
0.029870978533993
0.030056833235771
0.030200572434945
0.030290260263555
0.030314935345642
0.030264957166608
0.030132308672127
0.029910845925717
0.029596487864037
0.029187341582084
0.028683761048939
0.028088339592155
0.027405838795412
0.026643058540785
0.025808654719773
0.024912912579340
0.023967484723218
0.022985103436731
0.021979277246958
0.020963981488383
0.019953352152092
0.018961391501331
0.018001692894578
0.017087191031452
0.016229942491469
0.015440940034584
0.014729962735420
0.014105462683843
0.013574487749086
0.013142638809625
0.012814058924174
0.012591451178197
0.012476121394389
0.012468041545449
0.012565929546879
0.012767341124547
0.013068769629357
0.013465749989476
0.013952963426162
0.014524340088029
0.015173157354982
0.015892132201392
0.016673506662547
0.017509126093692
0.018390510522508
0.019308919950321
0.020255414932848
0.021220914148183
0.022196250921103
0.023172230805066
0.024139692317111
0.025089572771786
0.026012980869261
0.026901277267074
0.027746163817981
0.028539781508161
0.029274816406571
0.029944612169349
0.030543286868928
0.031065851175438
0.031508324249060
0.031867843146826
0.032142761144236
0.032332730154666
0.032438762424946
0.032463266912367
0.032410056215251
0.032284320633412
0.032092566861968
0.031842519945442
0.031542988401277
0.031203693814763
0.030835067654728
0.030448019498802
0.030053682223100
0.029663140938155
0.029287153478111
0.028935871017420
0.028618567851510
0.028343389500204
0.028117128054401
0.027945033082521
0.027830665454908
0.027775800159556
0.027780382614346
0.027842541186554
0.027958656678048
0.028123487501247
0.028330347238068
0.028571329324885
0.028837571821040
0.029119553670940
0.029407412624647
0.029691274091247
0.029961579700736
0.030209404264967
0.030426750161167
0.030606808900428
0.030744180760681
0.030835044816506
0.030877273432429
0.030870487237465
0.030816048695449
0.030716994552283
0.030577909600787
0.030404746280698
0.030204596553660
0.029985424195033
0.029755767067937
0.029524420041578
0.029300109947202
0.029091174304390
0.028905255482744
0.028749021487047
0.028627923677635
0.028546000484679
0.028505734580406
0.028507969083820
0.028551886246577
0.028635049774517
0.028753509554325
0.028901965162727
0.029073982225198
0.029262253552501
0.029458895105115
0.029655765301113
0.029844795066640
0.030018315391031
0.030169369035665
0.030291993481408
0.030381463186304
0.030434480740776
0.030449308505173
0.030425834722621
0.030365570825441
0.030271579583314
0.030148336749019
0.030001531807478
0.029837816187874
0.029664509723808
0.029489278121072
0.029319795613598
0.029163407776755
0.029026809573867
0.028915753119813
0.028834798372362
0.028787118059274
0.028774365701135
0.028796612708735
0.028852357354831
0.028938605094785
0.029051016398677
0.029184115119234
0.029331547607241
0.029486380435456
0.029641422816631
0.029789558686228
0.029924073017991
0.030038957267909
0.030129179880959
0.030190909492464
0.030221680727867
0.030220495240107
0.030187853690416
0.030125717629585
0.030037403518579
0.029927414285960
0.029801216708233
0.029664975385350
0.029525256054219
0.029388712350082
0.029261770829045
0.029150329075754
0.029059481040498
0.028993282413693
0.028954566915890
0.028944821948133
0.028964129223298
0.029011172914236
0.029083314651738
0.029176731532831
0.029286610305576
0.029407388221058
0.029533028813759
0.029657319195770
0.029774174411334
0.029877934050140
0.029963636682832
0.030027258748586
0.030065906247068
0.030077949887552
0.030063097119179
0.030022397576143
0.029958181769112
0.029873936176776
0.029774121072952
0.029663940303542
0.029549074655627
0.029435392310838
0.029328651047848
0.029234207289318
0.029156746749582
0.029100050343424
0.029066807215952
0.029058484338577
0.029075259209383
0.029116018947335
0.029178425647160
0.029259044443870
0.029353527501253
0.029456844256803
0.029563545877292
0.029668050128996
0.029764931835599
0.029849203838239
0.029916573898435
0.029963664267068
0.029988182612850
0.029989035558063
0.029966379073677
0.029921603283883
0.029857252650013
0.029776885869148
0.029684882959803
0.029586209754670
0.029486152237501
0.029390034733893
0.029302936812856
0.029229423833151
0.029173305369636
0.029137434313605
0.029123557328081
