0.027624914906589
0.027658923141208
0.027716412090318
0.027796008847269
0.027895747294421
0.028013118129276
0.028145133374601
0.028288403689927
0.028439226455638
0.028593682308204
0.028747737574798
0.028897349894422
0.029038574225862
0.029167666432991
0.029281181705620
0.029376065217243
0.029449732635381
0.029500138379226
0.029525829854563
0.029525986277247
0.029500441112650
0.029449687597052
0.029374867255346
0.029277741775079
0.029160649027388
0.029026444429565
0.028878429211379
0.028720267469165
0.028555894160507
0.028389416402752
0.028225010586425
0.028066817897864
0.027918840863503
0.027784843482104
0.027668257403479
0.027572096446404
0.027498881529352
0.027450577821219
0.027428545611879
0.027433506061606
0.027465522622014
0.027523998537624
0.027607690445205
0.027714737696693
0.027842706649902
0.027988648808412
0.028149171356885
0.028320518338843
0.028498660468521
0.028679391363378
0.028858427834979
0.029031511787301
0.029194511245773
0.029343518078334
0.029474940070339
0.029585585175475
0.029672735979954
0.029734212680751
0.029768423182397
0.029774399251543
0.029751818024154
0.029701008526007
0.029622943232664
0.029519215049918
0.029392000430443
0.029244009648637
0.029078425526539
0.028898832133839
0.028709135170802
0.028513475882480
0.028316140445510
0.028121466816312
0.027933751033861
0.027757154934713
0.027595617166349
0.027452769281421
0.027331858564183
0.027235679085255
0.027166512305525
0.027126078357503
0.027115498925533
0.027135272427258
0.027185261969633
0.027264696315617
0.027372183854463
0.027505739321865
0.027662822768836
0.027840390033886
0.028034953735916
0.028242653580342
0.028459334563773
0.028680631478988
0.028902057968116
0.029119098253528
0.029327299598460
0.029522363516965
0.029700233768745
0.029857179240069
0.029989869927283
0.030095444401988
0.030171567342888
0.030216475962545
0.030229014430349
0.030208655687183
0.030155510352684
0.030070322732927
0.029954454234475
0.029809854771021
0.029639023002764
0.029444956469477
0.029231092860741
0.029001243807875
0.028759522680333
0.028510267925526
0.028257963507312
0.028007157978758
0.027762383673771
0.027528077425552
0.027308504122977
0.027107684304734
0.026929326870132
0.026776767859365
0.026652916127777
0.026560206610535
0.026500561747354
0.026475361511601
0.026485422363964
0.026530985326871
0.026611713251107
0.026726697219568
0.026874471904517
0.027053039564219
0.027259902233441
0.027492101531936
0.027746265388376
0.028018660857673
0.028305252101163
0.028601762505826
0.028903739844645
0.029206623328971
0.029505811378222
0.029796728934366
0.030074893178978
0.030335976568757
0.030575866189124
0.030790718531841
0.030977008927147
0.031131574998666
0.031251653654846
0.031334911278148
0.031379466917380
0.031383908424548
0.031347301601475
0.031269192530376
0.031149603354994
0.030989021854295
0.030788385210031
0.030549058414310
0.030272807796265
0.029961770170908
0.029618418131298
0.029245522020085
0.028846109130648
0.028423420702890
0.027980867294962
0.027521983129384
0.027050380028898
0.026569701571752
0.026083578105337
0.025595583257990
0.025109192578417
0.024627744907781
0.024154407049068
0.023692142240755
0.023243682867096
0.022811507746823
0.022397824238202
0.022004555284893
0.021633331408497
0.021285487535233
0.020962064431405
0.020663814420516
0.020391210968914
0.020144461660700
0.019923524038997
0.019728123770975
0.019557774597969
0.019411799558034
0.019289353013034
0.019189443071786
0.019110954069462
0.019052668836058
0.019013290557366
0.018991464095488
0.018985796688002
0.018994877982131
0.019017299380788
0.019051672680827
0.019096647971245
0.019150930733175
0.019213298047840
0.019282613777962
0.019357842547389
0.019438062308118
0.019522475258096
0.019610416861088
0.019701362724409
0.019794933112658
0.019890894915825
0.019989160946651
0.020089786511831
0.020192963280571
0.020299010557080
0.020408364145435
0.020521563070539
0.020639234482619
0.020762077120751
0.020890843740339
0.021026322918699
0.021169320641838
0.021320642045758
0.021481073639824
0.021651366282095
0.021832219111747
0.022024264577109
0.022228054634667
0.022444048139409
0.022672599404236
0.022913947878526
0.023168208885011
0.023435365359826
0.023715260561493
0.024007591748012
0.024311904863216
0.024627590319558
0.024953880009466
0.025289845716475
0.025634399125955
0.025986293649815
0.026344128277475
0.026706353645638
0.027071280481995
0.027437090524891
0.027801849954893
0.028163525299287
0.028520001691310
0.028869103287577
0.029208615574397
0.029536309231154
0.029849965170064
0.030147400339086
0.030426493859702
0.030685213073581
0.030921639090431
0.031133991460951
0.031320651640349
0.031480184955161
0.031611360835053
0.031713171117553
0.031784846273874
0.031825869435345
0.031835988120833
0.031815223575568
0.031763877631702
0.031682536992855
0.031572074831745
0.031433649575396
0.031268700740523
0.031078941676387
0.030866349077388
0.030633149145822
0.030381800318332
0.030114972518336
0.029835522960377
0.029546468608859
0.029250955479853
0.028952225066313
0.028653578259397
0.028358337226414
0.028069805784265
0.027791228871548
0.027525751769050
0.027276379744625
0.027045938803088
0.026837038204992
0.026652035381354
0.026493003817315
0.026361704410033
0.026259560729097
0.026187638526082
0.026146629758052
0.026136841311888
0.026158188545576
0.026210193701223
0.026291989193574
0.026402325737033
0.026539585242066
0.026701798386145
0.026886666741765
0.027091589321029
0.027313693369252
0.027549869205714
0.027796808865641
0.028051048242144
0.028309012360072
0.028567063336525
0.028821550497783
0.029068862033136
0.029305477477549
0.029528020232458
0.029733309263119
0.029918409057404
0.030080676899753
0.030217806509237
0.030327867115165
0.030409337098616
0.030461131413246
0.030482622111636
0.030473651440662
0.030434537125800
0.030366069634027
0.030269501381303
0.030146528026770
0.029999262165198
0.029830199885936
0.029642180805839
0.029438342301696
0.029222068762435
0.028996936752058
0.028766657021616
0.028535014334375
0.028305806075431
0.028082780608872
0.027869576325609
0.027669662296724
0.027486281413511
0.027322396858346
0.027180642711471
0.027063279457593
0.026972155112138
0.026908672638102
0.026873764268282
0.026867873281313
0.026890943700540
0.026942418289812
0.027021245107927
0.027125892753016
0.027254374280096
0.027404279611287
0.027572816082137
0.027756856583887
0.027952994576163
0.028157605064204
0.028366910466524
0.028577050150020
0.028784152286687
0.028984406595310
0.029174136477284
0.029349869041316
0.029508401538484
0.029646862796576
0.029762768348532
0.029854068090361
0.029919185473747
0.029957047431595
0.029967104443864
0.029949340369264
0.029904271888668
0.029832937622083
0.029736877187238
0.029618100659788
0.029479049069618
0.029322546722704
0.029151746272526
0.028970067579160
0.028781131488659
0.028588689741244
0.028396552275432
0.028208513237706
0.028028277034223
0.027859385772638
0.027705149437845
0.027568580124153
0.027452331606454
0.027358645472373
0.027289304954063
0.027245597490326
0.027228286915882
0.027237596014213
0.027273199984174
0.027334231160372
0.027419295096379
0.027526497873025
0.027653484237194
0.027797485916950
0.027955379204431
0.028123750657031
0.028298969548534
0.028477265512947
0.028654809671986
0.028827797428429
