0.028856984360473
0.028968044982995
0.029053008496817
0.029109622250050
0.029136351321485
0.029132416245138
0.029097811056117
0.029033301368092
0.028940402726988
0.028821340004330
0.028678989082909
0.028516802533946
0.028338721377231
0.028149075344251
0.027952474321347
0.027753693830382
0.027557557505039
0.027368819541365
0.027192050042985
0.027031526048622
0.026891130827891
0.026774263768438
0.026683762862460
0.026621841443501
0.026590040436230
0.026589196973928
0.026619429822086
0.026680141632928
0.026770037655402
0.026887160147835
0.027028937394657
0.027192245921541
0.027373484240878
0.027568656246057
0.027773462211243
0.027983395244624
0.028193840987202
0.028400178344592
0.028597879083342
0.028782604212215
0.028950295198101
0.029097258230669
0.029220239943790
0.029316493219433
0.029383831935161
0.029420673763854
0.029426070388340
0.029399724748946
0.029341995194196
0.029253886649503
0.029137029152356
0.028993644322022
0.028826500534651
0.028638857758832
0.028434403170546
0.028217178808810
0.027991502653223
0.027761884601441
0.027532938897844
0.027309294613995
0.027095505806726
0.026895962980674
0.026714807458832
0.026555850217278
0.026422496668822
0.026317678785379
0.026243795830981
0.026202664837318
0.026195481792930
0.026222794337083
0.026284486552154
0.026379776236411
0.026507224815439
0.026664759818607
0.026849709610726
0.027058849832749
0.027288460773677
0.027534394673507
0.027792151749133
0.028056963546528
0.028323882058060
0.028587872907852
0.028843910804868
0.029087075396022
0.029312645622985
0.029516190698042
0.029693655867333
0.029841441223668
0.029956471964678
0.030036258662859
0.030078946318639
0.030083351201533
0.030048984742353
0.029976064015352
0.029865508636244
0.029718924193403
0.029538572617734
0.029327330174680
0.029088634022379
0.028826418516729
0.028545042651042
0.028249210190061
0.027943884191274
0.027634197697762
0.027325362434471
0.027022577343320
0.026730938752752
0.026455353896061
0.026200459373408
0.025970545998830
0.025769491290982
0.025600700660476
0.025467058123870
0.025370887141071
0.025313921935997
0.025297289426143
0.025321501661510
0.025386458462876
0.025491459758415
0.025635226950517
0.025815932504350
0.026031236838424
0.026278331516299
0.026553987687674
0.026854608705460
0.027176285851234
0.027514856132162
0.027865961164615
0.028225106229685
0.028587718669358
0.028949204885140
0.029305005299055
0.029650646736286
0.029981791785488
0.030294284783885
0.030584194157017
0.030847850915441
0.031081883171718
0.031283246589976
0.031449250717520
0.031577581174149
0.031666317691524
0.031713948003855
0.031719377594697
0.031681935305120
0.031601374808415
0.031477871958315
0.031312018023618
0.031104808833941
0.030857629880646
0.030572237444645
0.030250735859113
0.029895551060059
0.029509400630125
0.029095260599814
0.028656329333371
0.028195988891720
0.027717764329326
0.027225281442928
0.026722223544791
0.026212287878658
0.025699142330368
0.025186383104831
0.024677494044906
0.024175808254511
0.023684472657286
0.023206416073460
0.022744321331864
0.022300601852867
0.021877383043248
0.021476488738474
0.021099432814510
0.020747415973727
0.020421327591305
0.020121752393685
0.019848981632704
0.019603028321736
0.019383646016539
0.019190350556353
0.019022444132218
0.018879041020943
0.018759094315389
0.018661422994689
0.018584738710946
0.018527671720207
0.018488795453073
0.018466649301156
0.018459759286707
0.018466656380294
0.018485892331802
0.018516052979194
0.018555769093865
0.018603724907379
0.018658664538899
0.018719396603053
0.018784797322360
0.018853812495396
0.018925458680970
0.018998823950007
0.019073068531400
0.019147425637469
0.019221202701079
0.019293783192585
0.019364629113856
0.019433284191894
0.019499377719766
0.019562628920913
0.019622851647985
0.019679959171898
0.019733968773597
0.019785005821867
0.019833307006954
0.019879222402370
0.019923216046065
0.019965864766457
0.020007855027163
0.020049977624749
0.020093120143856
0.020138257150698
0.020186438186016
0.020238773698705
0.020296419138129
0.020360557493400
0.020432380628660
0.020513069812077
0.020603775870916
0.020705599424043
0.020819571645977
0.020946636002833
0.021087631370923
0.021243276904524
0.021414158962349
0.021600720334866
0.021803251939647
0.022021887072523
0.022256598221693
0.022507196373522
0.022773332665586
0.023054502177773
0.023350049598284
0.023659176460476
0.023980949620081
0.024314310631331
0.024658085685166
0.025010995792503
0.025371666929350
0.025738639906666
0.026110379783915
0.026485284708662
0.026861694132005
0.027237896418192
0.027612135932831
0.027982619754645
0.028347524207715
0.028705001451885
0.029053186396431
0.029390204214573
0.029714178732975
0.030023241950813
0.030315544907707
0.030589270069979
0.030842645342046
0.031073959736699
0.031281580657355
0.031463972660398
0.031619717479764
0.031747535012730
0.031846304888782
0.031915088175869
0.031953148723363
0.031959973601009
0.031935292070338
0.031879092520488
0.031791636815086
0.031673471530520
0.031525435617878
0.031348664089640
0.031144587415570
0.030914926407754
0.030661682478976
0.030387123268432
0.030093763740266
0.029784342970081
0.029461796938717
0.029129227747880
0.028789869755646
0.028447053198919
0.028104165922673
0.027764613870837
0.027431781010472
0.027108989359368
0.026799459768162
0.026506274072801
0.026232339183690
0.025980353616403
0.025752776898284
0.025551802208499
0.025379332529266
0.025236960506176
0.025125952138491
0.025047234348892
0.025001386418366
0.024988635217694
0.025008854123354
0.025061565473412
0.025145946397897
0.025260837847879
0.025404756646737
0.025575910394299
0.025772215067722
0.025991315179773
0.026230606373096
0.026487260345686
0.026758252015561
0.027040388839425
0.027330342199029
0.027624680758548
0.027919905675626
0.028212487517566
0.028498904692712
0.028775683156264
0.029039437091280
0.029286910201388
0.029515017184465
0.029720884889221
0.029901892592415
0.030055710776835
0.030180337742493
0.030274133348962
0.030335849168304
0.030364654328170
0.030360156345129
0.030322416290595
0.030251957696048
0.030149768690669
0.030017296971500
0.029856437332260
0.029669511619010
0.029459241135770
0.029228711686922
0.028981331611319
0.028720783330794
0.028450969098260
0.028175951782904
0.027899891667466
0.027626980350786
0.027361372943896
0.027107119816668
0.026868099191903
0.026647951893184
0.026450019530978
0.026277287358663
0.026132332947413
0.026017281718250
0.025933770233892
0.025882917995785
0.025865308317171
0.025880978655706
0.025929420594006
0.026009589458600
0.026119923372136
0.026258371345240
0.026422429837621
0.026609187056996
0.026815374122591
0.027037422100253
0.027271523820561
0.027513699321227
0.027759863710890
0.028005896233104
0.028247709315882
0.028481316422109
0.028702897567457
0.028908861442562
0.029095903162460
0.029261056765640
0.029401741694459
0.029515802605290
0.029601541977600
0.029657745113827
0.029683697244089
0.029679192569589
0.029644535194606
0.029580532008075
0.029488477681358
0.029370132048400
0.029227690228127
0.029063745936714
0.028881248519561
0.028683454309780
0.028473872991953
0.028256209717114
0.028034303777211
0.027812064704506
0.027593406712896
0.027382182443060
0.027182117010554
0.026996743384025
0.026829340137826
0.026682872627857
0.026559938629295
