0.008806516873127
0.008812287809983
0.008817472744842
0.008821996451687
0.008825792393916
0.008828803798078
0.008830984592481
0.008832300197493
0.008832728156546
0.008832258598959
0.008830894527841
0.008828651928383
0.008825559693945
0.008821659369302
0.008817004712452
0.008811661078361
0.008805704630063
0.008799221384557
0.008792306103073
0.008785061037386
0.008777594546071
0.008770019596741
0.008762452172510
0.008755009603009
0.008747808842246
0.008740964717410
0.008734588174215
0.008728784545570
0.008723651871132
0.008719279295584
0.008715745573231
0.008713117705712
0.008711449738156
0.008710781737131
0.008711138971113
0.008712531311043
0.008714952864963
0.008718381856702
0.008722780754330
0.008728096649648
0.008734261885531
0.008741194923531
0.008748801439942
0.008756975634644
0.008765601733494
0.008774555661993
0.008783706865342
0.008792920247961
0.008802058203987
0.008810982709209
0.008819557444322
0.008827649919212
0.008835133568173
0.008841889786524
0.008847809879839
0.008852796898116
0.008856767328364
0.008859652620626
0.008861400523972
0.008861976210885
0.008861363170419
0.008859563852760
0.008856600050295
0.008852513003055
0.008847363219412
0.008841230006274
0.008834210706653
0.008826419646407
0.008817986796158
0.008809056158769
0.008799783897325
0.008790336223189
0.008780887068276
0.008771615570184
0.008762703403007
0.008754331990545
0.008746679641973
0.008739918652828
0.008734212416248
0.008729712590700
0.008726556370894
0.008724863908138
0.008724735925060
0.008726251567416
0.008729466532596
0.008734411510648
0.008741090969069
0.008749482307513
0.008759535403029
0.008771172560505
0.008784288876960
0.008798753022151
0.008814408431845
0.008831074904184
0.008848550583796
0.008866614312928
0.008885028323745
0.008903541241254
0.008921891361991
0.008939810169686
0.008957026045598
0.008973268128092
0.008988270273318
0.009001775066513
0.009013537831572
0.009023330585061
0.009030945879888
0.009036200483366
0.009038938834540
0.009039036226351
0.009036401659634
0.009030980318062
0.009022755616036
0.009011750775209
0.008998029889838
0.008981698446436
0.008962903269318
0.008941831870456
0.008918711189552
0.008893805718348
0.008867415011741
0.008839870597150
0.008811532302699
0.008782784033842
0.008754029037044
0.008725684697770
0.008698176928139
0.008671934207146
0.008647381342986
0.008624933032779
0.008604987299684
0.008587918890975
0.008574072723015
0.008563757460270
0.008557239315471
0.008554736156845
0.008556412006012
0.008562372006789
0.008572657940763
0.008587244360298
0.008606035403602
0.008628862349736
0.008655481964111
0.008685575677128
0.008718749630227
0.008754535614837
0.008792392920589
0.008831711099655
0.008871813644412
0.008911962565657
0.008951363848539
0.008989173753218
0.009024505917059
0.009056439205113
0.009084026245741
0.009106302578634
0.009122296333377
0.009131038348137
0.009131572630251
0.009122967053542
0.009104324181291
0.009074792099055
0.009033575138067
0.008979944367891
0.008913247736470
0.008832919736654
0.008738490480904
0.008629594069992
0.008505976147256
0.008367500537193
0.008214154875778
0.008046055149887
0.007863449074223
0.007666718246281
0.007456379032740
0.007233082154200
0.006997610949116
0.006750878311936
0.006493922314670
0.006227900535167
0.005954083129138
0.005673844696281
0.005388655003565
0.005100068640778
0.004809713694700
0.004519279538615
0.004230503843395
0.003945158924825
0.003665037549363
0.003391938326881
0.003127650824282
0.002873940537998
0.002632533866351
0.002405103224442
0.002193252444675
0.001998502605039
0.001822278425013
0.001665895365173
0.001530547561404
0.001417296718006
0.001327062075879
0.001260611562500
0.001218554219593
0.001201333992292
0.001209224950369
0.001242327997861
0.001300569112353
0.001383699139388
0.001491295151310
0.001622763363336
0.001777343583212
0.001954115154496
0.002152004337702
0.002369793058326
0.002606128936464
0.002859536499461
0.003128429466982
0.003411123987229
0.003705852693829
0.004010779445306
0.004324014603061
0.004643630699453
0.004967678344881
0.005294202221732
0.005621257013552
0.005946923119866
0.006269322010501
0.006586631078110
0.006897097853656
0.007199053456841
0.007490925161802
0.007771247967700
0.008038675074061
0.008291987171794
0.008530100472649
0.008752073412397
0.008957111976143
0.009144573607823
0.009313969679996
0.009464966514433
0.009597384958510
0.009711198537055
0.009806530213709
0.009883647810097
0.009942958144803
0.009984999967231
0.010010435773700
0.010020042604368
0.010014701929682
0.009995388743802
0.009963159989775
0.009919142446971
0.009864520215400
0.009800521933941
0.009728407870202
0.009649457018705
0.009564954341431
0.009476178280491
0.009384388666927
0.009290815142542
0.009196646203349
0.009103018963800
0.009011009730721
0.008921625464893
0.008835796196696
0.008754368450366
0.008678099719345
0.008607654023077
0.008543598563558
0.008486401488111
0.008436430753323
0.008393954073899
0.008359139929506
0.008332059592468
0.008312690129526
0.008300918321870
0.008296545439220
0.008299292796084
0.008308808011331
0.008324671886101
0.008346405809754
0.008373479599236
0.008405319673845
0.008441317465095
0.008480837960203
0.008523228277712
0.008567826174990
0.008613968389780
0.008660998721665
0.008708275764176
0.008755180204287
0.008801121613161
0.008845544659988
0.008887934689709
0.008927822614878
0.008964789082043
0.008998467883380
0.009028548594854
0.009054778432734
0.009076963330547
0.009094968248558
0.009108716737218
0.009118189784853
0.009123423987822
0.009124509088548
0.009121584933070
0.009114837905025
0.009104496897329
0.009090828886150
0.009074134174225
0.009054741372084
0.009033002186464
0.009009286085093
0.008983974906241
0.008957457479977
0.008930124326015
0.008902362490462
0.008874550580666
0.008847054053804
0.008820220810852
0.008794377143139
0.008769824073816
0.008746834131359
0.008725648586540
0.008706475178313
0.008689486347714
0.008674817992235
0.008662568746275
0.008652799786252
0.008645535151918
0.008640762568389
0.008638434746582
0.008638471133246
0.008640760075673
0.008645161360664
0.008651509082526
0.008659614790802
0.008669270865323
0.008680254063942
0.008692329187086
0.008705252803026
0.008718776978517
0.008732652961105
0.008746634761935
0.008760482591212
0.008773966102398
0.008786867405761
0.008798983816787
0.008810130310216
0.008820141655779
0.008828874217170
0.008836207401095
0.008842044748446
0.008846314664568
0.008848970790269
0.008849992019528
0.008849382173836
0.008847169346741
0.008843404935454
0.008838162379335
0.008831535627782
0.008823637362469
0.008814597001069
0.008804558511587
0.008793678068221
0.008782121581223
0.008770062134600
0.008757677366574
0.008745146828503
0.008732649358416
0.008720360505304
0.008708450039859
0.008697079586376
0.008686400408942
0.008676551382928
0.008667657179988
0.008659826691474
0.008653151711280
0.008647705894761
0.008643544005677
0.008640701458076
0.008639194154910
0.008639018620033
0.008640152415186
0.008642554828856
0.008646167819508
0.008650917191834
0.008656713981364
0.008663456020186
0.008671029654509
0.008679311583602
0.008688170789012
0.008697470523051
0.008707070326135
0.008716828043734
0.008726601815202
0.008736252008634
0.008745643078019
0.008754645321157
0.008763136519154
0.008771003440577
