0.061119762043347
0.061124285629351
0.061128778303176
0.061133240147395
0.061137671243791
0.061142071673264
0.061146441515689
0.061150780849734
0.061155089752637
0.061159368299921
0.061163616565098
0.061167834619373
0.061172022531423
0.061176180367305
0.061180308190612
0.061184406062986
0.061188474045119
0.061192512198409
0.061196520587428
0.061200499283348
0.061204448368501
0.061208367942154
0.061212258127607
0.061216119080576
0.061219950998765
0.061223754132405
0.061227528795328
0.061231275376000
0.061234994347655
0.061238686276445
0.061242351826210
0.061245991758204
0.061249606923787
0.061253198247866
0.061256766700662
0.061260313255229
0.061263838828261
0.061267344201817
0.061270829924150
0.061274296188440
0.061277742689368
0.061281168458833
0.061284571684013
0.061287949513193
0.061291297857491
0.061294611199698
0.061297882424791
0.061301102690289
0.061304261358154
0.061307346013353
0.061310342597037
0.061313235684363
0.061316008937772
0.061318645765741
0.061321130214049
0.061323448111161
0.061325588480843
0.061327545223374
0.061329319051357
0.061330919647167
0.061332367986507
0.061333698746837
0.061334962691212
0.061336228888290
0.061337586599345
0.061339146634741
0.061341041957577
0.061343427293470
0.061346477495395
0.061350384413908
0.061355352038692
0.061361589709938
0.061369303249730
0.061378683936154
0.061389895337056
0.061403058136094
0.061418233219370
0.061435403443497
0.061454454670828
0.061475156828175
0.061497145913763
0.061519908033443
0.061542766680411
0.061564874570674
0.061585211396874
0.061602588853422
0.061615664205027
0.061622963509024
0.061622915352806
0.061613895628009
0.061594283434363
0.061562527695026
0.061517223484238
0.061457196435807
0.061381592941886
0.061289973195850
0.061182403515803
0.061059543844702
0.060922725899540
0.060774017175366
0.060616265937477
0.060453122488953
0.060289032405027
0.060129198094504
0.059979505982666
0.059846417796655
0.059736825844293
0.059657873765838
0.059616745945144
0.059620430517957
0.059675462625655
0.059787656139982
0.059961833432745
0.060201563791019
0.060508921698158
0.060884276342683
0.061326123329664
0.061830968625266
0.062393273266379
0.063005465345876
0.063658023304365
0.064339631715980
0.065037407671240
0.065737192678880
0.066423901890953
0.067081919568316
0.067695527211017
0.068249348831464
0.068728796575950
0.069120499398785
0.069412697819522
0.069595588959283
0.069661608020432
0.069605635060158
0.069425119183919
0.069120115981361
0.068693237949035
0.068149521576689
0.067496218499035
0.066742521423913
0.065899238255407
0.064978429787148
0.063993027443242
0.062956447741940
0.061882219457169
0.060783637919021
0.059673458642357
0.058563639662982
0.057465138786609
0.056387768629110
0.055340109063224
0.054329473691355
0.053361924414392
0.052442326202497
0.051574432887558
0.050760994227757
0.050003874627280
0.049304174662688
0.048662347862151
0.048078306861576
0.047551514959430
0.047081061040517
0.046665717676963
0.046303983802361
0.045994114584446
0.045734141924139
0.045521889358630
0.045354985060403
0.045230876157911
0.045146846843217
0.045100041784090
0.045087495338914
0.045106166095684
0.045152975421376
0.045224848092367
0.045318752729079
0.045431739695250
0.045560974329678
0.045703763813442
0.045857576574540
0.046020053817482
0.046189013456419
0.046362447350636
0.046538513227751
0.046715522988590
0.046891929197711
0.047066311477439
0.047237364265785
0.047403887012115
0.047564777422859
0.047719027891688
0.047865724810682
0.048004050108305
0.048133284130137
0.048252808885651
0.048362110727612
0.048460781692370
0.048548518978447
0.048625122338217
0.048690489460979
0.048744609695463
0.048787556663469
0.048819480432509
0.048840599935237
0.048851196252010
0.048851607225986
0.048842223682932
0.048823487309889
0.048795890038499
0.048759974606698
0.048716335856824
0.048665622279466
0.048608537331859
0.048545840138661
0.048478345305661
0.048406921722598
0.048332490377420
0.048256021330303
0.048178530085288
0.048101073640757
0.048024746494538
0.047950676830245
0.047880023029045
0.047813970550516
0.047753729123782
0.047700530101413
0.047655623765817
0.047620276348778
0.047595766531379
0.047583381230422
0.047584410540629
0.047600141778463
0.047631852651073
0.047680803641467
0.047748229749572
0.047835331753200
0.047943267152171
0.048073140936015
0.048225996277142
0.048402805205623
0.048604459277665
0.048831760215636
0.049085410478859
0.049366003724519
0.049674015136290
0.050009791631840
0.050373542003246
0.050765327090266
0.051185050128400
0.051632447446071
0.052107079704566
0.052608323878926
0.053135366169072
0.053687196011086
0.054262601333191
0.054860165174561
0.055478263762094
0.056115066124016
0.056768535311290
0.057436431298029
0.058116315638397
0.058805557966800
0.059501344436379
0.060200688194482
0.060900441989651
0.061597312991025
0.062287879877670
0.062968612223140
0.063635892161942
0.064286038282316
0.064915331647021
0.065520043803132
0.066096466605239
0.066640943644573
0.067149903049271
0.067619891397254
0.068047608461188
0.068429942483342
0.068764005655074
0.069047169450815
0.069277099439611
0.069451789169582
0.069569592693870
0.069629255282801
0.069629941848454
0.069571262596695
0.069453295419527
0.069276604548245
0.069042255005556
0.068751822422029
0.068407397818194
0.068011586997083
0.067567504242143
0.067078760071283
0.066549442859217
0.065984094206785
0.065387678008263
0.064765543245693
0.064123380623524
0.063467173246968
0.062803141643061
0.062137683523165
0.061477308787927
0.060828570378476
0.060197991678173
0.059591991265416
0.059016805906897
0.058478412760487
0.057982451825256
0.057534149731714
0.057138246006482
0.056798922971352
0.056519740445864
0.056303576414103
0.056152574789360
0.056068101363672
0.056050708961994
0.056100112732315
0.056215176392954
0.056393910126702
0.056633480659159
0.056930233886863
0.057279730231634
0.057676792693680
0.058115567360462
0.058589595904867
0.059091899378697
0.059615072380066
0.060151386450359
0.060692901342226
0.061231582599303
0.061759423705302
0.062268570899414
0.062751448621002
0.063200883443704
0.063610224291274
0.063973456698606
0.064285308894398
0.064541347539325
0.064738061056970
0.064872928644673
0.064944473247432
0.064952297018434
0.064897098071990
0.064780667654701
0.064605867213843
0.064376585222195
0.064097674019194
0.063774867341732
0.063414679635824
0.063024288653824
0.062611403241588
0.062184118596227
0.061750761618191
0.061319729281906
0.060899323197701
0.060497583726114
0.060122127126249
0.059779989266431
0.059477479393434
0.059220047342829
0.059012167376572
0.058857241555660
0.058757525198529
0.058714076545021
0.058726732248400
0.058794109763386
0.058913637097586
0.059081609760126
0.059293274089060
0.059542935484000
0.059824089428971
0.060129572579776
0.060451730627321
0.060782599150058
0.061114093250707
0.061438201449080
0.061747179086425
0.062033736397447
0.062291216430992
0.062513758153628
0.062696440352530
0.062835402362290
0.062927938167921
0.062972561073083
0.062969036854586
0.062918384134308
0.062822841567584
0.062685802350208
0.062511717459562
0.062305969943113
0.062074723422735
0.061824748769673
0.061563233596762
0.061297579788312
0.061035194722719
0.060783282120984
0.060548638562621
0.060337461640246
0.060155175472379
0.060006278862856
