0.060777233869015
0.060781706024320
0.060786149684874
0.060790564911282
0.060794951764667
0.060799310306655
0.060803640599370
0.060807942705411
0.060812216687843
0.060816462610181
0.060820680536379
0.060824870530817
0.060829032658283
0.060833166983968
0.060837273573447
0.060841352492663
0.060845403807927
0.060849427585888
0.060853423893538
0.060857392798184
0.060861334367445
0.060865248669239
0.060869135771765
0.060872995743496
0.060876828653167
0.060880634569759
0.060884413562493
0.060888165700810
0.060891891054369
0.060895589693027
0.060899261686832
0.060902907106013
0.060906526020961
0.060910118502229
0.060913684620510
0.060917224446633
0.060920738051549
0.060924225506322
0.060927686882116
0.060931122250185
0.060934531681865
0.060937915248558
0.060941273021727
0.060944605072884
0.060947911473577
0.060951192295384
0.060954447609900
0.060957677488728
0.060960882003470
0.060964061225715
0.060967215227031
0.060970344078955
0.060973447852983
0.060976526620562
0.060979580453079
0.060982609421850
0.060985613598116
0.060988593053030
0.060991547857648
0.060994478082922
0.060997383799688
0.061000265078661
0.061003121990425
0.061005954605422
0.061008762993946
0.061011547226135
0.061014307371960
0.061017043501218
0.061019755683527
0.061022443988310
0.061025108484795
0.061027749242005
0.061030366328746
0.061032959813604
0.061035529764933
0.061038076250854
0.061040599339240
0.061043099097712
0.061045575593633
0.061048028894097
0.061050459065924
0.061052866175654
0.061055250289537
0.061057611473528
0.061059949793279
0.061062265314132
0.061064558101116
0.061066828218933
0.061069075731957
0.061071300704227
0.061073503199435
0.061075683280931
0.061077841011703
0.061079976454380
0.061082089671223
0.061084180724118
0.061086249674572
0.061088296583705
0.061090321512245
0.061092324520523
0.061094305668462
0.061096265015582
0.061098202620983
0.061100118543346
0.061102012840926
0.061103885571544
0.061105736792586
0.061107566560993
0.061109374933257
0.061111161965416
0.061112927713044
0.061114672231244
0.061116395574640
0.061118097797360
0.061119778953014
0.061121439094672
0.061123078274811
0.061124696545249
0.061126293957031
0.061127870560258
0.061129426403807
0.061130961534901
0.061132475998431
0.061133969835901
0.061135443083797
0.061136895771088
0.061138327915401
0.061139739517233
0.061141130551232
0.061142500953187
0.061143850600704
0.061145179284769
0.061146486668166
0.061147772225156
0.061149035154609
0.061150274255874
0.061151487752756
0.061152673045871
0.061153826366969
0.061154942300300
0.061156013125274
0.061157027921127
0.061157971357697
0.061158822076233
0.061159550540123
0.061160116207480
0.061160463845477
0.061160518770843
0.061160180762690
0.061159316354380
0.061157749172676
0.061155247958025
0.061151511873692
0.061146152698801
0.061138673507530
0.061128443471277
0.061114668490654
0.061096357478725
0.061072284284470
0.061040945474027
0.061000514483027
0.060948793019318
0.060883161030762
0.060800527050780
0.060697281281563
0.060569254349738
0.060411685241460
0.060219202454079
0.059985822841766
0.059704972927919
0.059369537548194
0.058971940514204
0.058504261492346
0.057958392427306
0.057326235573359
0.056599943518353
0.055772199512633
0.054836533998628
0.053787670562452
0.052621891720049
0.051337412164465
0.049934744524183
0.048417040520654
0.046790388878345
0.045064050635612
0.043250612805720
0.041366042775350
0.039429628472000
0.037463793174074
0.035493778784093
0.033547197251940
0.031653456349859
0.029843072817126
0.028146892605551
0.026595244132215
0.025217055647052
0.024038971647703
0.023084505386571
0.022373264676962
0.021920286300213
0.021735510365148
0.021823420139609
0.022182865462141
0.022807079269887
0.023683887555984
0.024796103759577
0.026122089768744
0.027636457924473
0.029310882123201
0.031114981689560
0.033017239360145
0.034985914565397
0.036989915152314
0.038999594547632
0.040987446792251
0.042928678466716
0.044801643804109
0.046588136764883
0.048273541062555
0.049846845668349
0.051300538854527
0.052630398125311
0.053835196300605
0.054916345535744
0.055877501249209
0.056724146938724
0.057463178902416
0.058102507191020
0.058650685959044
0.059116583010810
0.059509094981521
0.059836911447490
0.060108328472643
0.060331109771365
0.060512391854919
0.060658628241133
0.060775567020393
0.060868255733174
0.060941067554778
0.060997743121399
0.061041442885201
0.061074805576399
0.061100009107163
0.061118831017236
0.061132706289043
0.061142781018476
0.061149960996474
0.061154954726482
0.061158310773035
0.061160449612721
0.061161690350559
0.061162272784885
0.061162375365720
0.061162129608494
0.061161631509141
0.061160950468683
0.061160136184126
0.061159223904969
0.061158238395788
0.061157196889041
0.061156111260568
0.061154989614643
0.061153837426193
0.061152658355061
0.061151454820279
0.061150228400832
0.061148980112418
0.061147710596607
0.061146420248787
0.061145109303843
0.061143777892942
0.061142426080793
0.061141053889852
0.061139661315886
0.061138248337896
0.061136814924357
0.061135361037132
0.061133886633877
0.061132391669529
0.061130876097201
0.061129339868720
0.061127782934955
0.061126205246005
0.061124606751315
0.061122987399742
0.061121347139599
0.061119685918674
0.061118003684252
0.061116300383123
0.061114575961588
0.061112830365472
0.061111063540123
0.061109275430424
0.061107465980791
0.061105635135185
0.061103782837112
0.061101909029632
0.061100013655361
0.061098096656481
0.061096157974740
0.061094197551460
0.061092215327542
0.061090211243474
0.061088185239333
0.061086137254791
0.061084067229123
0.061081975101215
0.061079860809563
0.061077724292283
0.061075565487120
0.061073384331447
0.061071180762278
0.061068954716271
0.061066706129734
0.061064434938634
0.061062141078601
0.061059824484935
0.061057485092613
0.061055122836297
0.061052737650338
0.061050329468786
0.061047898225395
0.061045443853629
0.061042966286673
0.061040465457436
0.061037941298560
0.061035393742429
0.061032822721174
0.061030228166680
0.061027610010595
0.061024968184341
0.061022302619112
0.061019613245895
0.061016899995465
0.061014162798401
0.061011401585094
0.061008616285750
0.061005806830403
0.061002973148921
0.061000115171014
0.060997232826246
0.060994326044038
0.060991394753682
0.060988438884344
0.060985458365080
0.060982453124839
0.060979423092473
0.060976368196748
0.060973288366352
0.060970183529904
0.060967053615963
0.060963898553040
0.060960718269603
0.060957512694090
0.060954281754917
0.060951025380490
0.060947743499210
0.060944436039490
0.060941102929758
0.060937744098472
0.060934359474126
0.060930948985265
0.060927512560491
0.060924050128476
0.060920561617973
0.060917046957824
0.060913506076972
0.060909938904473
0.060906345369505
0.060902725401380
0.060899078929555
0.060895405883644
0.060891706193426
0.060887979788860
0.060884226600097
0.060880446557484
0.060876639591588
0.060872805633195
0.060868944613331
0.060865056463271
0.060861141114548
0.060857198498969
0.060853228548626
0.060849231195909
0.060845206373514
0.060841154014463
0.060837074052110
0.060832966420156
0.060828831052663
0.060824667884064
0.060820476849180
0.060816257883228
0.060812010921838
0.060807735901064
0.060803432757398
0.060799101427785
0.060794741849634
0.060790353960832
0.060785937699759
0.060781493005301
0.060777019816863
