0.020237159339184
0.020237406237101
0.020237651712083
0.020237895766719
0.020238138403589
0.020238379625267
0.020238619434317
0.020238857833294
0.020239094824748
0.020239330411217
0.020239564595233
0.020239797379318
0.020240028765987
0.020240258757745
0.020240487357088
0.020240714566504
0.020240940388473
0.020241164825463
0.020241387879936
0.020241609554344
0.020241829851129
0.020242048772723
0.020242266321552
0.020242482500029
0.020242697310559
0.020242910755537
0.020243122837350
0.020243333558373
0.020243542920971
0.020243750927503
0.020243957580313
0.020244162881738
0.020244366834105
0.020244569439730
0.020244770700918
0.020244970619966
0.020245169199159
0.020245366440771
0.020245562347068
0.020245756920303
0.020245950162720
0.020246142076552
0.020246332664020
0.020246521927336
0.020246709868701
0.020246896490303
0.020247081794322
0.020247265782925
0.020247448458269
0.020247629822498
0.020247809877747
0.020247988626139
0.020248166069785
0.020248342210786
0.020248517051230
0.020248690593194
0.020248862838744
0.020249033789934
0.020249203448807
0.020249371817393
0.020249538897711
0.020249704691768
0.020249869201560
0.020250032429069
0.020250194376267
0.020250355045114
0.020250514437556
0.020250672555528
0.020250829400953
0.020250984975742
0.020251139281793
0.020251292320993
0.020251444095214
0.020251594606317
0.020251743856152
0.020251891846554
0.020252038579347
0.020252184056341
0.020252328279336
0.020252471250116
0.020252612970454
0.020252753442110
0.020252892666830
0.020253030646350
0.020253167382389
0.020253302876657
0.020253437130848
0.020253570146644
0.020253701925715
0.020253832469715
0.020253961780287
0.020254089859061
0.020254216707651
0.020254342327660
0.020254466720677
0.020254589888275
0.020254711832016
0.020254832553446
0.020254952054094
0.020255070335477
0.020255187399092
0.020255303246417
0.020255417878909
0.020255531298000
0.020255643505086
0.020255754501529
0.020255864288631
0.020255972867625
0.020256080239644
0.020256186405681
0.020256291366531
0.020256395122711
0.020256497674341
0.020256599020973
0.020256699161353
0.020256798093082
0.020256895812131
0.020256992312174
0.020257087583641
0.020257181612406
0.020257274377960
0.020257365850899
0.020257455989453
0.020257544734743
0.020257632004308
0.020257717683317
0.020257801612689
0.020257883573117
0.020257963263657
0.020258040273200
0.020258114042619
0.020258183814781
0.020258248568877
0.020258306934557
0.020258357080234
0.020258396568535
0.020258422170194
0.020258429625741
0.020258413341981
0.020258366007573
0.020258278108910
0.020258137323990
0.020257927768061
0.020257629060553
0.020257215178256
0.020256653054963
0.020255900883079
0.020254906068184
0.020253602783586
0.020251909068892
0.020249723415044
0.020246920778723
0.020243347972219
0.020238818381513
0.020233105976434
0.020225938593071
0.020216990491236
0.020205874219477
0.020192131857797
0.020175225754372
0.020154528927607
0.020129315368601
0.020098750551022
0.020061882534220
0.020017634129058
0.019964796681622
0.019902026113725
0.019827841936092
0.019740630014590
0.019638649914920
0.019520047669567
0.019382874794516
0.019225114324364
0.019044714525551
0.018839630781869
0.018607875919520
0.018347578948303
0.018057051841813
0.017734863567426
0.017379920115520
0.016991548780666
0.016569584434755
0.016114455027073
0.015627263077962
0.015109859532945
0.014564906047523
0.013995921613943
0.013407309453157
0.012804360306635
0.012193228695334
0.011580879379189
0.010975002149866
0.010383894208209
0.009816310686087
0.009281285324805
0.008787924857771
0.008345182189492
0.007961614931185
0.007645137154340
0.007402773265767
0.007240423604268
0.007162651635656
0.007172502422922
0.007271361339730
0.007458860774901
0.007732840871780
0.008089368221181
0.008522813973344
0.009025990174255
0.009590340407375
0.010206178189081
0.010862964183302
0.011549611318640
0.012254805440581
0.012967328314093
0.013676369671188
0.014371815593377
0.015044501802429
0.015686422330547
0.016290886437048
0.016852619382839
0.017367805593241
0.017834075649950
0.018250441273364
0.018617184822728
0.018935711717958
0.019208375476167
0.019438285705324
0.019629109401737
0.019784875297878
0.019909789883877
0.020008072193476
0.020083812638897
0.020140859243835
0.020182732702113
0.020212569910115
0.020233094089631
0.020246608410357
0.020255009181365
0.020259814218394
0.020262201888801
0.020263056542933
0.020263016496084
0.020262521355058
0.020261856210900
0.020261190972561
0.020260613832699
0.020260158488616
0.020259825256101
0.020259596595947
0.020259447820664
0.020259353873272
0.020259293090430
0.020259248802939
0.020259209513828
0.020259168252546
0.020259121554313
0.020259068372791
0.020259009112954
0.020258944875229
0.020258876933083
0.020258806422447
0.020258734198574
0.020258660808990
0.020258586534839
0.020258511462466
0.020258435558637
0.020258358733900
0.020258280887527
0.020258201933770
0.020258121812796
0.020258040491094
0.020257957956093
0.020257874208757
0.020257789256661
0.020257703108830
0.020257615772651
0.020257527252621
0.020257437550352
0.020257346665257
0.020257254595451
0.020257161338536
0.020257066892151
0.020256971254243
0.020256874423131
0.020256776397440
0.020256677175979
0.020256576757627
0.020256475141247
0.020256372325639
0.020256268309536
0.020256163091608
0.020256056670485
0.020255949044773
0.020255840213066
0.020255730173954
0.020255618926019
0.020255506467839
0.020255392797979
0.020255277914991
0.020255161817415
0.020255044503770
0.020254925972566
0.020254806222296
0.020254685251437
0.020254563058457
0.020254439641807
0.020254314999927
0.020254189131243
0.020254062034167
0.020253933707099
0.020253804148424
0.020253673356515
0.020253541329731
0.020253408066419
0.020253273564910
0.020253137823526
0.020253000840571
0.020252862614341
0.020252723143115
0.020252582425162
0.020252440458735
0.020252297242078
0.020252152773419
0.020252007050974
0.020251860072946
0.020251711837528
0.020251562342897
0.020251411587219
0.020251259568647
0.020251106285321
0.020250951735370
0.020250795916910
0.020250638828044
0.020250480466863
0.020250320831446
0.020250159919861
0.020249997730161
0.020249834260389
0.020249669508575
0.020249503472739
0.020249336150886
0.020249167541012
0.020248997641098
0.020248826449117
0.020248653963027
0.020248480180777
0.020248305100302
0.020248128719526
0.020247951036364
0.020247772048716
0.020247591754473
0.020247410151514
0.020247227237706
0.020247043010905
0.020246857468958
0.020246670609698
0.020246482430949
0.020246292930522
0.020246102106219
0.020245909955831
0.020245716477136
0.020245521667905
0.020245325525896
0.020245128048856
0.020244929234522
0.020244729080622
0.020244527584871
0.020244324744976
0.020244120558632
0.020243915023525
0.020243708137331
0.020243499897715
0.020243290302332
0.020243079348828
0.020242867034838
0.020242653357988
0.020242438315895
0.020242221906164
0.020242004126393
0.020241784974168
0.020241564447069
0.020241342542664
0.020241119258511
0.020240894592161
0.020240668541155
0.020240441103024
0.020240212275293
0.020239982055474
0.020239750441073
0.020239517429586
0.020239283018500
0.020239047205296
0.020238809987444
0.020238571362405
0.020238331327633
0.020238089880575
0.020237847018666
0.020237602739337
0.020237357040009
0.020237109918094
