0.003705417978403
0.003705423834218
0.003705429372239
0.003705434685126
0.003705439869904
0.003705445024990
0.003705450247208
0.003705455628879
0.003705461255066
0.003705467201069
0.003705473530234
0.003705480292139
0.003705487521221
0.003705495235875
0.003705503438059
0.003705512113403
0.003705521231830
0.003705530748653
0.003705540606116
0.003705550735321
0.003705561058474
0.003705571491382
0.003705581946107
0.003705592333711
0.003705602566982
0.003705612563090
0.003705622246061
0.003705631549032
0.003705640416192
0.003705648804378
0.003705656684269
0.003705664041145
0.003705670875196
0.003705677201368
0.003705683048750
0.003705688459532
0.003705693487556
0.003705698196524
0.003705702657905
0.003705706948631
0.003705711148636
0.003705715338346
0.003705719596169
0.003705723996087
0.003705728605416
0.003705733482793
0.003705738676454
0.003705744222845
0.003705750145617
0.003705756455009
0.003705763147659
0.003705770206832
0.003705777603072
0.003705785295239
0.003705793231922
0.003705801353171
0.003705809592488
0.003705817879020
0.003705826139879
0.003705834302495
0.003705842296943
0.003705850058148
0.003705857527906
0.003705864656647
0.003705871404904
0.003705877744424
0.003705883658923
0.003705889144439
0.003705894209302
0.003705898873723
0.003705903169010
0.003705907136454
0.003705910825904
0.003705914294087
0.003705917602722
0.003705920816482
0.003705924000883
0.003705927220153
0.003705930535164
0.003705934001503
0.003705937667726
0.003705941573875
0.003705945750285
0.003705950216731
0.003705954981910
0.003705960043288
0.003705965387284
0.003705970989774
0.003705976816895
0.003705982826100
0.003705988967431
0.003705995184954
0.003706001418318
0.003706007604364
0.003706013678744
0.003706019577458
0.003706025238272
0.003706030601906
0.003706035612951
0.003706040220414
0.003706044377835
0.003706048042908
0.003706051176548
0.003706053741352
0.003706055699431
0.003706057009557
0.003706057623618
0.003706057482337
0.003706056510224
0.003706054609720
0.003706051654475
0.003706047481675
0.003706041883345
0.003706034596490
0.003706025291963
0.003706013561868
0.003705998905332
0.003705980712418
0.003705958245910
0.003705930620692
0.003705896780358
0.003705855470676
0.003705805209436
0.003705744252196
0.003705670553349
0.003705581721886
0.003705474971203
0.003705347062216
0.003705194239030
0.003705012156376
0.003704795798002
0.003704539385172
0.003704236274454
0.003703878843937
0.003703458367071
0.003702964873302
0.003702386994785
0.003701711798441
0.003700924602795
0.003700008779101
0.003698945536441
0.003697713690684
0.003696289417421
0.003694645989297
0.003692753498480
0.003690578565402
0.003688084035353
0.003685228664989
0.003681966801370
0.003678248056763
0.003674016983089
0.003669212750639
0.003663768836448
0.003657612728558
0.003650665653282
0.003642842333484
0.003634050786835
0.003624192173937
0.003613160707127
0.003600843631653
0.003587121291735
0.003571867294712
0.003554948787085
0.003536226856661
0.003515557075232
0.003492790196191
0.003467773021186
0.003440349449286
0.003410361721121
0.003377651869092
0.003342063382869
0.003303443097060
0.003261643305106
0.003216524100034
0.003167955938766
0.003115822422181
0.003060023278049
0.003000477528429
0.002937126817042
0.002869938865710
0.002798911022191
0.002724073854721
0.002645494741554
0.002563281396711
0.002477585266407
0.002388604724189
0.002296587987096
0.002201835670156
0.002104702892739
0.002005600847661
0.001904997743005
0.001803419027366
0.001701446812101
0.001599718409176
0.001498923910702
0.001399802746201
0.001303139166317
0.001209756616926
0.001120510985513
0.001036282722051
0.000957967859330
0.000886467982387
0.000822679223047
0.000767480383162
0.000721720318318
0.000686204742030
0.000661682637932
0.000648832493592
0.000648248593297
0.000660427627867
0.000685755896131
0.000724497384538
0.000776783017472
0.000842601370599
0.000921791132309
0.001014035583517
0.001118859343499
0.001235627598892
0.001363547994545
0.001501675318975
0.001648919064288
0.001804053881426
0.001965732887621
0.002132503715289
0.002302827121915
0.002475097910489
0.002647667841728
0.002818870154733
0.002987045253911
0.003150567069166
0.003307869555421
0.003457472768427
0.003598007938138
0.003728240959980
0.003847093739130
0.003953662853835
0.004047235050974
0.004127299149808
0.004193554007274
0.004245912288445
0.004284499886864
0.004309650948651
0.004321898568492
0.004321961341475
0.004310726068546
0.004289227021402
0.004258622271147
0.004220167670489
0.004175189148338
0.004125054025677
0.004071142090168
0.004014817172778
0.003957399951895
0.003900142669232
0.003844206378272
0.003790641262008
0.003740370455159
0.003694177690349
0.003652698962209
0.003616418272596
0.003585667389232
0.003560629423978
0.003541345920736
0.003527727041130
0.003519564352674
0.003516545662312
0.003518271300279
0.003524271246380
0.003534022503037
0.003546966155683
0.003562523618965
0.003580111643428
0.003599155747606
0.003619101839882
0.003639425897568
0.003659641672040
0.003679306482900
0.003698025246121
0.003715452946813
0.003731295813261
0.003745311473382
0.003757308376880
0.003767144747023
0.003774727287127
0.003780009812030
0.003782991908545
0.003783717656483
0.003782274369211
0.003778791245889
0.003773437772245
0.003766421668103
0.003757986161857
0.003748406377437
0.003737984648987
0.003727044631797
0.003715924152418
0.003704966832114
0.003694512619987
0.003684887478307
0.003676392564940
0.003669293348247
0.003663809160580
0.003660103740530
0.003658277325818
0.003658360834366
0.003660312609098
0.003664018103455
0.003669292752930
0.003675888119319
0.003683501217106
0.003691786745691
0.003700371768522
0.003708872212499
0.003716910420196
0.003724132884226
0.003730227236266
0.003734937559446
0.003738077145045
0.003739537922591
0.003739295952520
0.003737412574932
0.003734031045798
0.003729368749603
0.003723705339301
0.003717367404039
0.003710710485969
0.003704099444366
0.003697888285291
0.003692400628567
0.003687911965308
0.003684634767742
0.003682707352491
0.003682187177523
0.003683048984636
0.003685187900203
0.003688427296074
0.003692530910396
0.003697218455037
0.003702183710999
0.003707113951637
0.003711709447492
0.003715701802845
0.003718869954052
0.003721052818524
0.003722157810794
0.003722164723147
0.003721124783613
0.003719155031831
0.003716428470466
0.003713160733995
0.003709594247620
0.003705981010277
0.003702565215652
0.003699566918270
0.003697167858688
0.003695500389864
0.003694640208704
0.003694603310702
0.003695347272759
0.003696776653261
0.003698752002944
0.003701101726759
0.003703635844703
0.003706160582021
0.003708492684416
0.003710472403308
0.003711974224814
0.003712914612675
0.003713256283546
0.003713008812560
0.003712225655486
0.003710997948146
0.003709445682807
0.003707707046601
0.003705926825190
0.003704244817899
0.003702785176676
0.003701647475212
0.003700900146777
0.003700576715075
0.003700675000667
0.003701159236761
0.003701964793363
0.003703005006960
0.003704179459903
0.003705382960847
0.003706514450808
0.003707485098766
0.003708224950665
0.003708687645558
0.003708852897916
0.003708726648483
0.003708338989420
0.003707740155056
0.003706995022006
0.003706176669658
0.003705359606469
0.003704613266586
0.003703996327318
0.003703552298059
0.003703306696250
