0.187639216672422
0.187605584360705
0.187664429955858
0.187805821393791
0.188016644653696
0.188281269146467
0.188582302984318
0.188901404367094
0.189220113608500
0.189520670204430
0.189786780782546
0.190004306662143
0.190161843927287
0.190251174151496
0.190267569944564
0.190209946030718
0.190080853307847
0.189886319979331
0.189635550107224
0.189340495551886
0.189015322020978
0.188675793679407
0.188338603353589
0.188020676735395
0.187738479145891
0.187507352401626
0.187340907229794
0.187250493637324
0.187244767820228
0.187329369794671
0.187506721146094
0.187775947337689
0.188132924100532
0.188570442737986
0.189078484888766
0.189644593552955
0.190254324108542
0.190891756714734
0.191540049959545
0.192182014876151
0.192800688506047
0.193379886979284
0.193904719540189
0.194362046979320
0.194740870432387
0.195032639360363
0.195231470614376
0.195334273698703
0.195340780566052
0.195253481411739
0.195077470889537
0.194820211877800
0.194491226319783
0.194101724699545
0.193664187360926
0.193191912107620
0.192698543324188
0.192197598224380
0.191702005765036
0.191223673267027
0.190773094870815
0.190359014639870
0.189988155434362
0.189665022640759
0.189391789500498
0.189168268183211
0.188991967958397
0.188858238907878
0.188760496674242
0.188690520852736
0.188638816907678
0.188595029035327
0.188548389308166
0.188488186819763
0.188404239491521
0.188287350772043
0.188129733702870
0.187925385759567
0.187670399492669
0.187363196244671
0.187004673030703
0.186598255935710
0.186149856968397
0.185667735070529
0.185162265745916
0.184645627379296
0.184131415599059
0.183634199850783
0.183169038564800
0.182750970822576
0.182394503190914
0.182113110373960
0.181918767543937
0.181821530703263
0.181829179287639
0.181946932556120
0.182177248265503
0.182519708843124
0.182970996910031
0.183524958718748
0.184172750999078
0.184903063976083
0.185702411037837
0.186555473760363
0.187445489786747
0.188354670419971
0.189264634708312
0.190156847235154
0.191013047706743
0.191815661678615
0.192548183279836
0.193195522482846
0.193744311225634
0.194183164426631
0.194502893556943
0.194696671879060
0.194760151672924
0.194691534716409
0.194491597953852
0.194163676680197
0.193713607714042
0.193149634971092
0.192482279633880
0.191724176806068
0.190889880207560
0.189995636176886
0.189059128062443
0.188099192058315
0.187135505714415
0.186188250750340
0.185277752434635
0.184424098644037
0.183646742759007
0.182964095732161
0.182393113918579
0.181948890502525
0.181644259505643
0.181489422327037
0.181491607456859
0.181654774342176
0.181979372300388
0.182462164823895
0.183096128575068
0.183870434834321
0.184770519164523
0.185778242647611
0.186872145315481
0.188027789439703
0.189218187284163
0.190414304892969
0.191585630619232
0.192700794532900
0.193728222701344
0.194636808722703
0.195396583894488
0.195979367076121
0.196359375682016
0.196513780316627
0.196423187298206
0.196072035646953
0.195448897942372
0.194546677667763
0.193362699125011
0.191898689577485
0.190160656817660
0.188158668717034
0.185906544366983
0.183421469044356
0.180723547338930
0.177835310290149
0.174781193252805
0.171587001429016
0.168279379577551
0.164885301379340
0.161431592361082
0.157944498240590
0.154449308157101
0.150970039599802
0.147529189067548
0.144147549704206
0.140844094476301
0.137635921003881
0.134538252020607
0.131564483707400
0.128726272877842
0.126033653232748
0.123495170661198
0.121118027836479
0.118908229103246
0.116870717819789
0.115009499828610
0.113327748485207
0.111827888572716
0.110511658355626
0.109380150865821
0.108433837160536
0.107672575648182
0.107095612565426
0.106701579250612
0.106488491963683
0.106453759648483
0.106594204245984
0.106906097000316
0.107385212732756
0.108026902391156
0.108826182427974
0.109777837840556
0.110876534144323
0.112116932256528
0.113493799343599
0.115002108204555
0.116637117775177
0.118394427859654
0.120270002212648
0.122260155556948
0.124361501952356
0.126570864026976
0.128885144820986
0.131301166242330
0.133815480258007
0.136424160814369
0.139122585979675
0.141905220838719
0.144765412176481
0.147695205930910
0.150685197773105
0.153724426018453
0.156800314447313
0.159898670607866
0.163003742895906
0.166098337279019
0.169163992083246
0.172181206913779
0.175129719651842
0.177988823655755
0.180737715870772
0.183355865570570
0.185823392936062
0.188121446621549
0.190232569835004
0.192141045218563
0.193833209889635
0.195297733313652
0.196525852141212
0.197511557670992
0.198251733114927
0.198746239274580
0.198997948530557
0.199012728159802
0.198799374904930
0.198369503418563
0.197737391702847
0.196919786982416
0.195935675620839
0.194806020756366
0.193553471336442
0.192202046215066
0.190776796983228
0.189303453262873
0.187808054333803
0.186316571193101
0.184854523469351
0.183446596017416
0.182116260480683
0.180885407592469
0.179773996454401
0.178799727428269
0.177977745558148
0.177320381549950
0.176836937229982
0.176533522042572
0.176412946502205
0.176474677572976
0.176714859710462
0.177126403787792
0.177699144377117
0.178420063925438
0.179273580321246
0.180241892279525
0.181305374970322
0.182443016476534
0.183632884084648
0.184852608175186
0.186079870661630
0.187292884583463
0.188470851624033
0.189594385005076
0.190645886387609
0.191609867037784
0.192473205525214
0.193225336518821
0.193858367723105
0.194367124539074
0.194749124518392
0.195004485991470
0.195135777286250
0.195147814628418
0.195047418062029
0.194843135514811
0.194544945444289
0.194163948356360
0.193712056927986
0.193201693552480
0.192645502936309
0.192056085997114
0.191445759833321
0.190826347042274
0.190208996234222
0.189604034288227
0.189020849772046
0.188467806032480
0.187952181770196
0.187480136441758
0.187056697567391
0.186685766941480
0.186370142814158
0.186111555303711
0.185910712579846
0.185767355698109
0.185680320342157
0.185647604123808
0.185666438485452
0.185733364633099
0.185844313289008
0.185994688377781
0.186179455032871
0.186393232512576
0.186630392722450
0.186885165029435
0.187151747896318
0.187424427541464
0.187697703323545
0.187966418861313
0.188225897037580
0.188472076036226
0.188701642474423
0.188912156592147
0.189102163439602
0.189271283164913
0.189420272961268
0.189551053093865
0.189666689789373
0.189771328708273
0.189870074274229
0.189968812303449
0.190073976111679
0.190192259476596
0.190330283347724
0.190494226828751
0.190689436475539
0.190920031103066
0.191188521814986
0.191495468613277
0.191839195497720
0.192215585263068
0.192617973152218
0.193037155115014
0.193461521734559
0.193877323088016
0.194269063169126
0.194620015353594
0.194912843135919
0.195130303443793
0.195256003690578
0.195275178785254
0.195175450960610
0.194947533805000
0.194585842489896
0.194088974953484
0.193460033677514
0.192706764494523
0.191841497271851
0.190880882912456
0.189845431375790
0.188758865782457
0.187647317527142
0.186538396102610
0.185460174501691
0.184440136167909
0.183504132179236
0.182675397481473
0.181973672499010
0.181414471458858
0.181008531536120
0.180761467868159
0.180673649101878
0.180740297022861
0.180951802596902
0.181294240064048
0.181750051156275
0.182298863580870
0.182918402036171
0.183585446488843
0.184276791383330
0.184970160865654
0.185645038832260
0.186283378376016
0.186870162602487
0.187393797356220
0.187846325606243
0.188223462555884
