2.795011165911078521e+01
2.795702256339966851e+01
2.796059188231470571e+01
2.796067543044340198e+01
2.795730604201358815e+01
2.795070188724085369e+01
2.794126658837053157e+01
2.792957957250506240e+01
2.791637544075390309e+01
2.790251177210794964e+01
2.788892569991149983e+01
2.787658073399892800e+01
2.786640654013771723e+01
2.785923557974750508e+01
2.785574148447273402e+01
2.785638462001958970e+01
2.786137033566002685e+01
2.787062480541260712e+01
2.788379212275025765e+01
2.790025447853764717e+01
2.791917498786057195e+01
2.793956027222681016e+01
2.796033754386694170e+01
2.798043899650873101e+01
2.799888508089751582e+01
2.801485796790757021e+01
2.802775730554255773e+01
2.803723224895751542e+01
2.804318652253972388e+01
2.804575665067519807e+01
2.804526704112233304e+01
2.804216882524543308e+01
2.803697175392645846e+01
2.803017959104056089e+01
2.802223905870107501e+01
2.801351039731229875e+01
2.800426417809266866e+01
2.799470455962564586e+01
2.798501433485763101e+01
2.797541262713556165e+01
2.796621274974970817e+01
2.795786623632179158e+01
2.795097985500306237e+01
2.794629569011184245e+01
2.794462987178127378e+01
2.794677261466806328e+01
2.795335989568900459e+01
2.796473412748561671e+01
2.798081627491954038e+01
2.800101386616618271e+01
2.802418747407325128e+01
2.804869223364151054e+01
2.807250122395820568e+01
2.809340517039673557e+01
2.810926960979329081e+01
2.811831850515059728e+01
2.811940450223419674e+01
2.811222254352622940e+01
2.809742673342447006e+01
2.807662058594073784e+01
2.805220734629492796e+01
2.802710804273035450e+01
2.800437734764793873e+01
2.798676758268594966e+01
2.797630550596210952e+01
2.797395154992546296e+01
2.797940471365331305e+01
2.799109777654430076e+01
2.800639830326209534e+01
2.802199451297063604e+01
2.803440671906035320e+01
2.804053108843553588e+01
2.803809954850898123e+01
2.802593358272365620e+01
2.800388427772662681e+01
2.797238734345062028e+01
2.793161750971452406e+01
2.788029575578645236e+01
2.781427621679549134e+01
2.772510623665597507e+01
2.759880123193812196e+01
2.741509532118104175e+01
2.714741157958211915e+01
2.676373935595488973e+01
2.622851294106877162e+01
2.550546441799476582e+01
2.456128737448808153e+01
2.336981467182838301e+01
2.191630155920660172e+01
2.020133294953984660e+01
1.824385472273943165e+01
1.608287146114430399e+01
1.377745724082011236e+01
1.140488379244751194e+01
9.056865451999913219e+00
6.834130673985484350e+00
4.839729905105198959e+00
3.171653680789524365e+00
1.915440729280398768e+00
1.137488083849650611e+00
8.797271143348895928e-01
1.156204518158078898e+00
1.951919074471694104e+00
3.224035057014972949e+00
4.905348806321499389e+00
6.909655184656929627e+00
9.138472655966603853e+00
1.148846123004004838e+01
1.385881988364012685e+01
1.615798282304190536e+01
1.830904045731847418e+01
2.025347561743087965e+01
2.195300617097919371e+01
2.338953608362844250e+01
2.456341256385422867e+01
2.549034500197698350e+01
2.619744590163847775e+01
2.671889667675630164e+01
2.709172223174623184e+01
2.735208562005814770e+01
2.753240188188841842e+01
2.765943626041289605e+01
2.775341532164031833e+01
2.782805743872344806e+01
2.789133529668528055e+01
2.794672597654754753e+01
2.799468642897841164e+01
2.803411083941244186e+01
2.806357407363255163e+01
2.808223163169532555e+01
2.809031968388246270e+01
2.808926773562072654e+01
2.808149224117447673e+01
2.806997610304556900e+01
2.805775403242900623e+01
2.804741821112668987e+01
2.804073643373800806e+01
2.803844168183245600e+01
2.804021447441662573e+01
2.804484368723791121e+01
2.805052302319159452e+01
2.805522236669091996e+01
2.805706724253355944e+01
2.805466491885706404e+01
2.804733010392556025e+01
2.803518335826040087e+01
2.801911749568625964e+01
2.800064776882835105e+01
2.798167760476830423e+01
2.796422119127254291e+01
2.795012661838942236e+01
2.794083900366997142e+01
2.793723345725490503e+01
2.793953487701251959e+01
2.794732765079681513e+01
2.795964551546105525e+01
2.797512180122310355e+01
2.799217418390597345e+01
2.800919628713494447e+01
2.802473076095538573e+01
2.803760400067742253e+01
2.804701028207095703e+01
2.805254144670357164e+01
2.805416610232717289e+01
2.805216856837622430e+01
2.804706180851759356e+01
2.803949006983516057e+01
2.803013600659573257e+01
2.801964415099723027e+01
2.800856837533292065e+01
2.799734624380599257e+01
2.798629863198409495e+01
2.797564932699756568e+01
2.796555694234853462e+01
2.795615058154653454e+01
2.794756122281388144e+01
2.793994252862712457e+01
2.793347732033788589e+01
2.792836883794188196e+01
2.792481866674872037e+01
2.792299545961905594e+01
2.792300003221281557e+01
2.792483291655812394e+01
2.792837002802362178e+01
2.793335086542800028e+01
2.793938185525826512e+01
2.794595535789149210e+01
2.795248277825125882e+01
2.795833843873453617e+01
2.796290958988200970e+01
2.796564728208705830e+01
2.796611283590487673e+01
2.796401527832617262e+01
2.795923623494581634e+01
2.795184021149779596e+01
2.794206976853270064e+01
2.793032659991783717e+01
2.791714080619057370e+01
2.790313158838964469e+01
2.788896311103043146e+01
