0.013518860291963
0.013550225054240
0.013584160337065
0.013620665256376
0.013659735463912
0.013701363123676
0.013745536892042
0.013792241901566
0.013841459748533
0.013893168484265
0.013947342610244
0.014003953077068
0.014062967287257
0.014124349101958
0.014188058851546
0.014254053350142
0.014322285914076
0.014392706384285
0.014465261152661
0.014539893192358
0.014616542092040
0.014695144094079
0.014775632136691
0.014857935899990
0.014941981855950
0.015027693322251
0.015114990519989
0.015203790635206
0.015294007884224
0.015385553582738
0.015478336218621
0.015572261528402
0.015667232577364
0.015763149843207
0.015859911303215
0.015957412524869
0.016055546759829
0.016154205041226
0.016253276284173
0.016352647389424
0.016452203350100
0.016551827361375
0.016651400933048
0.016750804004896
0.016849915064705
0.016948611268873
0.017046768565484
0.017144261819725
0.017240964941547
0.017336751015431
0.017431492432150
0.017525061022389
0.017617328192097
0.017708165059432
0.017797442593171
0.017885031752426
0.017970803627546
0.018054629582038
0.018136381395367
0.018215931406489
0.018293152657947
0.018367919040391
0.018440105437359
0.018509587870147
0.018576243642626
0.018639951485830
0.018700591702158
0.018758046309017
0.018812199181748
0.018862936195666
0.018910145367039
0.018953716992858
0.018993543789203
0.019029521028065
0.019061546672441
0.019089521509531
0.019113349281899
0.019132936816392
0.019148194150698
0.019159034657338
0.019165375164977
0.019167136076851
0.019164241486190
0.019156619288463
0.019144201290301
0.019126923314948
0.019104725304102
0.019077551415983
0.019045350119524
0.019008074284510
0.018965681267573
0.018918132993880
0.018865396034423
0.018807441678770
0.018744246003170
0.018675789933916
0.018602059305834
0.018523044915833
0.018438742571395
0.018349153133930
0.018254282556915
0.018154141918733
0.018048747450149
0.017938120556355
0.017822287833522
0.017701281079817
0.017575137300827
0.017443898709366
0.017307612719612
0.017166331935572
0.017020114133837
0.016869022240623
0.016713124303093
0.016552493454961
0.016387207876381
0.016217350748149
0.016043010200223
0.015864279254613
0.015681255762654
0.015494042336721
0.015302746276434
0.015107479489409
0.014908358406614
0.014705503892416
0.014499041149380
0.014289099617915
0.014075812870860
0.013859318503102
0.013639758016332
0.013417276699053
0.013192023501956
0.012964150908786
0.012733814802828
0.012501174329146
0.012266391752725
0.012029632312650
0.011791064072477
0.011550857766963
0.011309186645306
0.011066226311059
0.010822154558906
0.010577151208455
0.010331397935246
0.010085078099146
0.009838376570322
0.009591479552986
0.009344574407100
0.009097849468253
0.008851493865885
0.008605697340088
0.008360650057171
0.008116542424203
0.007873564902743
0.007631907821964
0.007391761191386
0.007153314513427
0.006916756595995
0.006682275365313
0.006450057679220
0.006220289141134
0.005993153914913
0.005768834540806
0.005547511752723
0.005329364297023
0.005114568753035
0.004903299355516
0.004695727819248
0.004492023165987
0.004292351553954
0.004096876110064
0.003905756765100
0.003719150092008
0.003537209147512
0.003360083317221
0.003187918164416
0.003020855282693
0.002859032152620
0.002702582002593
0.002551633674032
0.002406311491083
0.002266735134984
0.002133019523214
0.002005274693595
0.001883605693459
0.001768112474008
0.001658889790004
0.001556027104878
0.001459608501389
0.001369712597919
0.001286412470506
0.001209775580694
0.001139863709286
0.001076732896079
0.001020433385629
0.000971009579119
0.000928499992381
0.000892937220103
0.000864347906267
0.000842752720855
0.000828166342814
0.000820597449334
0.000820048711405
0.000826516795685
0.000839992372644
0.000860460130982
0.000887898798290
0.000922281167930
0.000963574132080
0.001011738720912
0.001066730147844
0.001128497860800
0.001196985599420
0.001272131458131
0.001353867955015
0.001442122106361
0.001536815506839
0.001637864415150
0.001745179845093
0.001858667661891
0.001978228683680
0.002103758788032
0.002235149023375
0.002372285725165
0.002515050636687
0.002663321034323
0.002816969857129
0.002975865840577
0.003139873654297
0.003308854043637
0.003482663974895
0.003661156784027
0.003844182328668
0.004031587143272
0.004223214597200
0.004418905055558
0.004618496042601
0.004821822407505
0.005028716492320
0.005239008301905
0.005452525675642
0.005669094460740
0.005888538686916
0.006110680742265
0.006335341550112
0.006562340746635
0.006791496859077
0.007022627484326
0.007255549467673
0.007490079081543
0.007726032203998
0.007963224496826
0.008201471582996
0.008440589223303
0.008680393492012
0.008920700951286
0.009161328824237
0.009402095166401
0.009642819035448
0.009883320658965
0.010123421600113
0.010362944921005
0.010601715343621
0.010839559408102
0.011076305628261
0.011311784644147
0.011545829371514
0.011778275148058
0.012008959876247
0.012237724162642
0.012464411453553
0.012688868166904
0.012910943820190
0.013130491154409
0.013347366253843
0.013561428661604
0.013772541490823
0.013980571531398
0.014185389352214
0.014386869398745
0.014584890085963
0.014779333886485
0.014970087413897
0.015157041501187
0.015340091274242
0.015519136220361
0.015694080251740
0.015864831763911
0.016031303689079
0.016193413544371
0.016351083474947
0.016504240291996
0.016652815505593
0.016796745352422
0.016935970818393
0.017070437656141
0.017200096397451
0.017324902360626
0.017444815652831
0.017559801167450
0.017669828576510
0.017774872318209
0.017874911579606
0.017969930274540
0.018059917016836
0.018144865088866
0.018224772405549
0.018299641473859
0.018369479347932
0.018434297579856
0.018494112166244
0.018548943490669
0.018598816262084
0.018643759449315
0.018683806211741
0.018718993826269
0.018749363610721
0.018774960843750
0.018795834681399
0.018812038070438
0.018823627658590
0.018830663701782
0.018833209968550
0.018831333641728
0.018825105217547
0.018814598402296
0.018799890006666
0.018781059837910
0.018758190589982
0.018731367731764
0.018700679393540
0.018666216251847
0.018628071412852
0.018586340294384
0.018541120506771
0.018492511732618
0.018440615605661
0.018385535588842
0.018327376851743
0.018266246147509
0.018202251689401
0.018135503027117
0.018066110923002
0.017994187228295
0.017919844759528
0.017843197175211
0.017764358852934
0.017683444767002
0.017600570366730
0.017515851455510
0.017429404070779
0.017341344364996
0.017251788487733
0.017160852469001
0.017068652103917
0.016975302838797
0.016880919658805
0.016785616977228
0.016689508526487
0.016592707250973
0.016495325201794
0.016397473433509
0.016299261902955
0.016200799370210
0.016102193301805
0.016003549776221
0.015904973391765
0.015806567176874
0.015708432502916
0.015610668999541
0.015513374472639
0.015416644824956
0.015320573979409
0.015225253805155
0.015130774046444
0.015037222254300
0.014944683721060
0.014853241417801
0.014762975934691
0.014673965424273
0.014586285547714
0.014500009424041
0.014415207582361
0.014331947917092
0.014250295646215
0.014170313272540
0.014092060548000
0.014015594440969
0.013940969106605
0.013868235860208
0.013797443153591
0.013728636554447
0.013661858728712
0.013597149425891
0.013534545467352
0.013474080737546
0.013415786178151
0.013359689785105
0.013305816608508
0.013254188755366
0.013204825395140
0.013157742768082
