0.001685918690228
0.001737682706377
0.001789958294588
0.001842739924670
0.001896023486986
0.001949806442659
0.002004087989532
0.002058869245402
0.002114153450183
0.002169946188782
0.002226255636601
0.002283092829723
0.002340471962017
0.002398410711504
0.002456930598537
0.002516057378487
0.002575821471807
0.002636258434520
0.002697409472347
0.002759322001882
0.002822050262373
0.002885655981854
0.002950209101538
0.003015788562519
0.003082483158997
0.003150392462340
0.003219627820424
0.003290313436764
0.003362587533992
0.003436603606271
0.003512531765178
0.003590560183548
0.003670896641601
0.003753770179498
0.003839432860195
0.003928161646102
0.004020260392606
0.004116061960982
0.004215930452513
0.004320263564897
0.004429495071031
0.004544097419244
0.004664584452753
0.004791514244737
0.004925492043817
0.005067173322923
0.005217266922538
0.005376538277086
0.005545812710787
0.005725978786635
0.005917991689240
0.006122876619148
0.006341732172856
0.006575733679152
0.006826136458571
0.007094278968738
0.007381585794137
0.007689570434464
0.008019837841205
0.008374086647483
0.008754111031533
0.009161802149535
0.009599149068965
0.010068239129148
0.010571257651551
0.011110486918444
0.011688304335114
0.012307179687942
0.012969671408420
0.013678421751781
0.014436150798460
0.015245649187241
0.016109769490825
0.017031416147807
0.018013533869826
0.019059094449012
0.020171081898986
0.021352475872493
0.022606233310460
0.023935268290709
0.025342430059766
0.026830479248111
0.028402062287630
0.030059684069902
0.031805678905145
0.033642179864031
0.035571086608132
0.037594031839565
0.039712346526559
0.041927024089608
0.044238683763056
0.046647533380173
0.049153331866950
0.051755351772162
0.054452342209965
0.057242492647724
0.060123398037247
0.063092025862992
0.066144685766716
0.069277002504129
0.072483893094236
0.075759549133557
0.079097425361263
0.082490235671465
0.085929957867714
0.089407848532292
0.092914469427641
0.096439726846045
0.099972925262517
0.103502836510363
0.107017785475738
0.110505752985048
0.113954496129165
0.117351685727702
0.120685059987679
0.123942592664302
0.127112673205864
0.130184295488369
0.133147250855720
0.135992320324779
0.138711460045451
0.141297973483755
0.143746663383230
0.146053956418235
0.148217993637977
0.150238680358605
0.152117690123513
0.153858418730727
0.155465886108499
0.156946585966482
0.158308285591644
0.159559780797660
0.160710613748628
0.161770764014069
0.162750325606141
0.163659184726944
0.164506714339603
0.165301502310092
0.166051129610587
0.166762013829633
0.167439330947746
0.168087025015162
0.168707911082035
0.169303871619146
0.169876140935792
0.170425666019992
0.170953526116734
0.171461387583742
0.171951965502992
0.172429459561123
0.172899929200234
0.173371572291033
0.173854872829996
0.174362586554773
0.174909538940912
0.175512217698518
0.176188151411928
0.176955077014250
0.177829910899653
0.178827551087254
0.179959550322985
0.181232711655940
0.182647668158905
0.184197516412528
0.185866578538530
0.187629369453429
0.189449844261880
0.191280995125028
0.193064857516810
0.194732972709145
0.196207336991670
0.197401849106491
0.198224246403248
0.198578498170917
0.198367602454238
0.197496711440958
0.195876491241418
0.193426605556346
0.190079200226806
0.185782257722215
0.180502687804167
0.174229023244977
0.166973597681499
0.158774096299351
0.149694388674890
0.139824576123103
0.129280212470201
0.118200686277380
0.106746783042974
0.095097476579352
0.083446028346608
0.071995500803753
0.060953814668881
0.050528499354149
0.040921299928589
0.032322812143806
0.024907318956998
0.018827997480538
0.014212654516081
0.011160132186037
0.009737503284095
0.009978149665586
0.011880787296012
0.015409469609415
0.020494567816022
0.027034693990260
0.034899501395281
0.043933267718562
0.053959141750415
0.064783913423876
0.076203151753346
0.088006545551232
0.099983278129419
0.111927269534480
0.123642128020421
0.134945666010614
0.145673854124686
0.155684109160828
0.164857837309590
0.173102181316184
0.180350948736183
0.186564726764630
0.191730216313828
0.195858843095203
0.198984725559037
0.201162097935902
0.202462300743613
0.202970460594213
0.202781985770725
0.201999003851679
0.200726862840019
0.199070808175129
0.197132935200387
0.195009500781272
0.192788659576108
0.190548670772581
0.188356600766021
0.186267527109543
0.184324229908343
0.182557339382210
0.180985893200400
0.179618244894548
0.178453255529374
0.177481695056973
0.176687777443849
0.176050754635658
0.175546498469790
0.175149006394824
0.174831775843711
0.174569002794857
0.174336571857005
0.174112817528118
0.173879048515659
0.173619838615157
0.173323098138264
0.172979948855881
0.172584432569230
0.172133088541747
0.171624438027242
0.171058415033323
0.170435781382203
0.169757561281133
0.169024526271327
0.168236755920792
0.167393293329216
0.166491907800792
0.165528970284135
0.164499440721350
0.163396960592649
0.162214038935143
0.160942316137711
0.159572886982536
0.158096662763500
0.156504751841649
0.154788838618465
0.152941542488739
0.150956740707450
0.148829842074082
0.146558001694591
0.144140270616255
0.141577677645199
0.138873243972146
0.136031934199147
0.133060549862512
0.129967573505844
0.126762972730073
0.123457974428880
0.120064819634252
0.116596509101778
0.113066549033748
0.109488705259528
0.105876772864609
0.102244366780738
0.098604737314168
0.094970613082355
0.091354072423680
0.087766443096843
0.084218229036701
0.080719062105222
0.077277676177687
0.073901900529370
0.070598669319094
0.067374043976962
0.064233245462003
0.061180693626288
0.058220051269565
0.055354270858833
0.052585642290384
0.049915840462096
0.047345971781646
0.044876619047546
0.042507884396507
0.040239430209238
0.038070518008747
0.036000045475299
0.034026581747453
0.032148401187851
0.030363515774891
0.028669706246128
0.027064552074636
0.025545460312546
0.024109693292320
0.022754395139916
0.021476617027416
0.020273341076941
0.019141502822745
0.018078012143141
0.017079772586861
0.016143699037447
0.015266733682242
0.014445860277422
0.013678116725391
0.012960606004276
0.012290505510036
0.011665074889020
0.011081662452395
0.010537710273468
0.010030758074871
0.009558446015147
0.009118516483930
0.008708815012343
0.008327290400772
0.007971994160603
0.007641079360042
0.007332798957396
0.007045503698272
0.006777639646464
0.006527745411834
0.006294449132463
0.006076465262716
0.005872591213660
0.005681703887467
0.005502756143017
0.005334773225805
0.005176849191451
0.005028143348564
0.004887876743424
0.004755328705824
0.004629833472589
0.004510776902556
0.004397593294386
0.004289762316269
0.004186806054522
0.004088286186221
0.003993801279309
0.003902984222146
0.003815499783163
0.003731042300153
0.003649333497741
0.003570120430798
0.003493173550833
0.003418284891897
0.003345266372033
0.003273948206008
0.003204177424784
0.003135816497008
0.003068742047687
0.003002843669176
0.002938022819569
0.002874191803655
0.002811272831643
0.002749197150984
0.002687904246716
0.002627341105944
0.002567461542170
0.002508225575419
0.002449598864237
0.002391552185855
0.002334060960985
0.002277104819898
0.002220667206650
0.002164735018465
0.002109298277501
0.002054349832392
0.001999885087107
0.001945901754881
0.001892399635067
0.001839380410974
0.001786847466847
0.001734805722312
0.001683261482720
