0.007381037736475
0.007488273474456
0.007589270597516
0.007682654021382
0.007767151801939
0.007841626866747
0.007905106877284
0.007956811221398
0.007996174175363
0.008022863353160
0.008036792675397
0.008038129238378
0.008027293640420
0.008004953521617
0.007972010287894
0.007929579212739
0.007878963332461
0.007821621765197
0.007759133282355
0.007693156136411
0.007625385294550
0.007557508337674
0.007491161354483
0.007427886187133
0.007369090366520
0.007316011010784
0.007269683851251
0.007230918397905
0.007200280065717
0.007178079859060
0.007164371960913
0.007158959304676
0.007161406928516
0.007171062635276
0.007187084215737
0.007208472250174
0.007234107293170
0.007262790079062
0.007293283268659
0.007324353198367
0.007354810095023
0.007383545285138
0.007409564054860
0.007432013002495
0.007450200962003
0.007463612853530
0.007471916123784
0.007474959760854
0.007472766189864
0.007465516662198
0.007453531026938
0.007437243004869
0.007417172261392
0.007393894686050
0.007368012327676
0.007340124403578
0.007310800700783
0.007280558523022
0.007249844118175
0.007219019259625
0.007188353365986
0.007158021242987
0.007128106235447
0.007098608302296
0.007069456288300
0.007040523474765
0.007011645357774
0.006982638532230
0.006953319555547
0.006923522724436
0.006893115816550
0.006862013016969
0.006830184456129
0.006797662017063
0.006764541311174
0.006730979957832
0.006697192519690
0.006663442629705
0.006630032986916
0.006597293988454
0.006565571800786
0.006535216653271
0.006506572064718
0.006479965595386
0.006455701561951
0.006434055973411
0.006415273754772
0.006399568136723
0.006387121916942
0.006378090154591
0.006372603754156
0.006370773335665
0.006372692779438
0.006378441875390
0.006388087596210
0.006401683643705
0.006419268078347
0.006440859021512
0.006466448604319
0.006495995512390
0.006529416628699
0.006566578395046
0.006607288587255
0.006651289223743
0.006698251299138
0.006747771955707
0.006799374580554
0.006852512154676
0.006906573992225
0.006960895808005
0.007014772852327
0.007067475668538
0.007118267872269
0.007166425232837
0.007211255263399
0.007252116500966
0.007288436680340
0.007319729073651
0.007345606372912
0.007365791627550
0.007380125901514
0.007388572473850
0.007391217561513
0.007388267683809
0.007380043906436
0.007366973294390
0.007349577964550
0.007328462161022
0.007304297782259
0.007277808773614
0.007249754768799
0.007220914325697
0.007192068062973
0.007163981969823
0.007137391136371
0.007112984138980
0.007091388313361
0.007073156156950
0.007058753116833
0.007048547035523
0.007042799538375
0.007041659647505
0.007045159892703
0.007053215156090
0.007065624432127
0.007082075608087
0.007102153274370
0.007125349463438
0.007151077096672
0.007178685797291
0.007207479612736
0.007236736089376
0.007265726063385
0.007293733480175
0.007320074535108
0.007344115442550
0.007365288188683
0.007383103703736
0.007397161997155
0.007407158929063
0.007412889436074
0.007414247181476
0.007411220751154
0.007403886659808
0.007392399560247
0.007376980156095
0.007357901400715
0.007335473619580
0.007310029218244
0.007281907633438
0.007251441151972
0.007218942163432
0.007184692331685
0.007148934071025
0.007111864600350
0.007073632728141
0.007034338397694
0.006994034901444
0.006952733560552
0.006910410566083
0.006867015595412
0.006822481755500
0.006776736365855
0.006729712079886
0.006681357853951
0.006631649307526
0.006580598072984
0.006528259805511
0.006474740607867
0.006420201715184
0.006364862375692
0.006309000948037
0.006252954309106
0.006197115723343
0.006141931362142
0.006087895678430
0.006035545837318
0.005985455380798
0.005938227266854
0.005894486376354
0.005854871531027
0.005820027019421
0.005790593591451
0.005767198861698
0.005750447060998
0.005740908097556
0.005739105932680
0.005745506340060
0.005760504196849
0.005784410543267
0.005817439737329
0.005859697114308
0.005911167628251
0.005971705997901
0.006041028895740
0.006118709702701
0.006204176301107
0.006296712295813
0.006395461942376
0.006499438927342
0.006607538997547
0.006718556281446
0.006831202995373
0.006944132089980
0.007055962274565
0.007165304765413
0.007270791042218
0.007371100865507
0.007464989806661
0.007551315567718
0.007629062416021
0.007697363123648
0.007755517877587
0.007803009708659
0.007839516070857
0.007864916285107
0.007879294641181
0.007882939028703
0.007876335044557
0.007860155601892
0.007835246148234
0.007802605689473
0.007763363914393
0.007718754821146
0.007670087361095
0.007618713733114
0.007565996077236
0.007513272423296
0.007461822839689
0.007412836790836
0.007367382741322
0.007326381032928
0.007290581003137
0.007260543208075
0.007236627460295
0.007218987196793
0.007207570462785
0.007202127542604
0.007202225003271
0.007207265652748
0.007216513668081
0.007229123932084
0.007244174442979
0.007260700539022
0.007277729615957
0.007294315012189
0.007309567794016
0.007322685287190
0.007332975364138
0.007339875698944
0.007342967433254
0.007341982943522
0.007336807651021
0.007327476059162
0.007314162427280
0.007297166687316
0.007276896372738
0.007253845452757
0.007228571046461
0.007201669030137
0.007173749547361
0.007145413387952
0.007117230121947
0.007089718763078
0.007063331598194
0.007038441660792
0.007015334154899
0.006994201957129
0.006975145146899
0.006958174345128
0.006943217487160
0.006930129522985
0.006918704432981
0.006908688874997
0.006899796742124
0.006891723911240
0.006884162500048
0.006876814022127
0.006869400930846
0.006861676167318
0.006853430466885
0.006844497323751
0.006834755655121
0.006824130335134
0.006812590877135
0.006800148623580
0.006786852851848
0.006772786219379
0.006758059953460
0.006742809142881
0.006727188415983
0.006711368199480
0.006695531653388
0.006679872278159
0.006664592099345
0.006649900260396
0.006636011801522
0.006623146375802
0.006611526654734
0.006601376203213
0.006592916655739
0.006586364096452
0.006581924629118
0.006579789212136
0.006580127920571
0.006583083874865
0.006588767138021
0.006597248924655
0.006608556483013
0.006622669003390
0.006639514873654
0.006658970546831
0.006680861210624
0.006704963359063
0.006731009267928
0.006758693274271
0.006787679662394
0.006817611869963
0.006848122653573
0.006878844797423
0.006909421914804
0.006939518881708
0.006968831455486
0.006997094668271
0.007024089642653
0.007049648552609
0.007073657541676
0.007096057507920
0.007116842765995
0.007136057695040
0.007153791572004
0.007170171868492
0.007185356351338
0.007199524369905
0.007212867734851
0.007225581593396
0.007237855685748
0.007249866328630
0.007261769417816
0.007273694676338
0.007285741303066
0.007297975102371
0.007310427103940
0.007323093616658
0.007335937604758
0.007348891230580
0.007361859377227
0.007374723946350
0.007387348720260
0.007399584581882
0.007411274898470
0.007422260893090
0.007432386848960
0.007441505013823
0.007449480092651
0.007456193236115
0.007461545448820
0.007465460355422
0.007467886275035
0.007468797565784
0.007468195213019
0.007466106647732
0.007462584796829
0.007457706384639
0.007451569525163
0.007444290666619
0.007436000972685
0.007426842246930
0.007416962526743
0.007406511488660
0.007395635816957
0.007384474690340
0.007373155536844
0.007361790194493
0.007350471595329
0.007339271064329
0.007328236294092
0.007317390023176
0.007306729413004
0.007296226087667
0.007285826775094
