0.310480398708075
0.308983643202994
0.307792056879198
0.306911081887141
0.306344874751062
0.306096335036676
0.306167137250358
0.306557765443156
0.307267550313810
0.308294708875570
0.309636386948566
0.311288704846618
0.313246806636389
0.315504913258865
0.318056379627865
0.320893755574798
0.324008850217372
0.327392799019912
0.331036132514861
0.334928845398190
0.339060464522417
0.343420114211494
0.347996577326201
0.352778350623567
0.357753693176820
0.362910666942134
0.368237168956555
0.373720955101869
0.379349655842056
0.385110784804624
0.390991741496388
0.396979809791960
0.403062154083578
0.409225815116056
0.415457707539630
0.421744621096341
0.428073227119744
0.434430091689581
0.440801696366850
0.447174466969218
0.453534810364632
0.459869158795645
0.466164020829856
0.472406037690628
0.478582043478341
0.484679127659314
0.490684698182851
0.496586543681561
0.502372893404773
0.508032473808227
0.513554561049654
0.518929028989273
0.524146392634803
0.529197847272526
0.534075303761748
0.538771420619158
0.543279633567947
0.547594183169672
0.551710140998300
0.555623434569437
0.559330870924170
0.562830158414131
0.566119925874281
0.569199738036901
0.572070105767267
0.574732489518846
0.577189294337636
0.579443854807996
0.581500408532649
0.583364057074892
0.585040713747298
0.586537038185816
0.587860358269422
0.589018580596074
0.590020091364049
0.590873650091881
0.591588279099394
0.592173152031735
0.592637484909298
0.592990433210523
0.593240998334340
0.593397946447064
0.593469742211707
0.593464499249920
0.593389948434620
0.593253424295100
0.593061868982504
0.592821852438859
0.592539606682096
0.592221071503553
0.591871948406251
0.591497759315116
0.591103906478609
0.590695730054787
0.590278560125962
0.589857760293591
0.589438760540134
0.589027077672424
0.588628322340694
0.588248192318337
0.587892452388993
0.587566901784092
0.587277330615181
0.587029467129466
0.586828917871038
0.586681102951046
0.586591188623647
0.586564019245387
0.586604050485056
0.586715285375852
0.586901214489977
0.587164761198430
0.587508232680969
0.587933277098317
0.588440847145561
0.589031170084023
0.589703724299751
0.590457222455042
0.591289601372298
0.592198018898404
0.593178858120741
0.594227739416935
0.595339540897035
0.596508427815049
0.597727891470943
0.598990797981972
0.600289447070880
0.601615640701858
0.602960761007037
0.604315856505871
0.605671735155441
0.607019062311163
0.608348461260284
0.609650613646968
0.610916356870233
0.612136775430099
0.613303283242367
0.614407694148450
0.615442278214583
0.616399801933591
0.617273551092346
0.618057335819520
0.618745478143661
0.619332783228526
0.619814496264976
0.620186247741034
0.620443990440345
0.620583931996748
0.620602467129421
0.620496113777980
0.620261457242731
0.619895106113120
0.619393663253167
0.618753714431184
0.617971836366758
0.617044625063967
0.615968744351158
0.614740993604693
0.613358392743176
0.611818281784611
0.610118431598893
0.608257161991568
0.606233462941114
0.604047114690482
0.601698802461039
0.599190221802784
0.596524170994973
0.593704627439278
0.590736805607333
0.587627194779810
0.584383575506986
0.581015014395642
0.577531837452700
0.573945582766820
0.570268933767270
0.566515634654521
0.562700389847195
0.558838749441361
0.554946982742277
0.551041941923841
0.547140917817482
0.543261489752223
0.539421371283122
0.535638253574265
0.531929648160162
0.528312730804672
0.524804188211712
0.521420069413721
0.518175643761618
0.515085267548013
0.512162261394885
0.509418800604183
0.506865820683856
0.504512940200055
0.502368402951704
0.500439041203809
0.498730261344522
0.497246052850379
0.495989020864323
0.494960442029377
0.494160342503620
0.493587596339415
0.493240041678615
0.493114611532618
0.493207475320062
0.493514186861244
0.494029834206961
0.494749186535261
0.495666833396938
0.496777311836003
0.498075217349218
0.499555295264741
0.501212509888515
0.503042089655253
0.505039547488299
0.507200676574700
0.509521522751328
0.511998335628779
0.514627501407953
0.517405461032528
0.520328617837324
0.523393239177473
0.526595356644024
0.529930669388256
0.533394454798583
0.536981490320744
0.540685989610988
0.544501555498385
0.548421151444716
0.552437092369588
0.556541054896110
0.560724106305749
0.564976750805090
0.569288991128365
0.573650403048787
0.578050220060035
0.582477425320000
0.586920847917787
0.591369260618562
0.595811476442429
0.600236441718728
0.604633323602152
0.608991590413872
0.613301083556034
0.617552080117213
0.621735345622327
0.625842176668840
0.629864433424152
0.633794562134490
0.637625607917005
0.641351218181301
0.644965637067091
0.648463691304074
0.651840767914062
0.655092784198421
0.658216150497930
0.661207726287306
0.664064770277340
0.666784885345496
0.669365959294551
0.671806102641950
0.674103584853840
0.676256770643443
0.678264058132775
0.680123820812877
0.681834355311088
0.683393836970384
0.684800285152965
0.686051539992253
0.687145252033197
0.688078885826117
0.688849738086004
0.689454970514723
0.689891656831119
0.690156842989254
0.690247619017222
0.690161200406574
0.689895016554084
0.689446803427129
0.688814697412066
0.687997327225608
0.686993900828522
0.685804284479224
0.684429071392565
0.682869637910224
0.681128185621796
0.679207768470364
0.677112304502810
0.674846572547769
0.672416194691440
0.669827605939236
0.667088012874514
0.664205343430171
0.661188190061403
0.658045748640426
0.654787755288161
0.651424423123490
0.647966380564872
0.644424612385814
0.640810404234580
0.637135290811436
0.633411007388579
0.629649443891383
0.625862600365788
0.622062542361677
0.618261354585676
0.614471091131954
0.610703720690499
0.606971065355222
0.603284731997100
0.599656035611106
0.596095914563787
0.592614838231568
0.589222708094479
0.585928753902333
0.582741427028156
0.579668293536626
0.576715929799751
0.573889823668792
0.571194284250334
0.568632363231476
0.566205790460145
0.563914926122974
0.561758731394703
0.559734758884242
0.557839163601140
0.556066734543580
0.554410946395317
0.552864030243898
0.551417061721452
0.550060064544329
0.548782127103417
0.547571529543031
0.546415878663860
0.545302247991047
0.544217320450823
0.543147531282676
0.542079209060015
0.540998712977629
0.539892564868397
0.538747574711125
0.537550958669026
0.536290448937144
0.534954394867697
0.533531854978550
0.532012679532779
0.530387583411662
0.528648209000219
0.526787178777276
0.524798137268382
0.522675781996715
0.520415883072623
0.518015291111401
0.515471933273684
0.512784797390550
0.509953904368219
0.506980269360824
0.503865852543644
0.500613500698382
0.497226881214610
0.493710410493647
0.490069179085851
0.486308876172276
0.482435716191120
0.478456370485462
0.474377906794049
0.470207739209835
0.465953590887669
0.461623471298151
0.457225669211805
0.452768761877886
0.448261640064413
0.443713547785242
0.439134134695706
0.434533518332594
0.429922352649399
0.425311898693624
0.420714092825597
0.416141607616874
0.411607900511779
0.407127245499632
0.402714743428457
0.398386307183524
0.394158618735756
0.390049056005518
0.386075588548504
0.382256642207521
0.378610934038108
0.375157279956451
0.371914378625460
0.368900576042361
0.366133616078586
0.363630382816546
0.361406640904990
0.359476780301423
0.357853571684355
0.356547938508558
0.355568751161590
0.354922647987543
0.354613887109198
0.354644232043131
