0.007574337147938
0.007391568617147
0.007207951505159
0.007024596959702
0.006842447634524
0.006662269788109
0.006484654693755
0.006310029003935
0.006138673249721
0.005970747242418
0.005806320804618
0.005645408011601
0.005488002985375
0.005334115258933
0.005183802816184
0.005037201104256
0.004894546593564
0.004756193805582
0.004622625113455
0.004494453019594
0.004372415000985
0.004257361363559
0.004150236842562
0.004052056913267
0.003963879928919
0.003886776280600
0.003821795783066
0.003769934442679
0.003732101673296
0.003709088909564
0.003701540440710
0.003709927165313
0.003734523859140
0.003775390459339
0.003832357799743
0.003905018179405
0.003992721101448
0.004094574470827
0.004209451475888
0.004336003288410
0.004472677592152
0.004617742786555
0.004769317511820
0.004925404911258
0.005083930799731
0.005242784660939
0.005399862172507
0.005553107778813
0.005700555718855
0.005840367888594
0.005970866987060
0.006090563568781
0.006198175899403
0.006292641875262
0.006373122701784
0.006438998502941
0.006489856522869
0.006525473046101
0.006545790569972
0.006550892079439
0.006540974474287
0.006516323262521
0.006477290552347
0.006424278149423
0.006357727207448
0.006278115409833
0.006185962107636
0.006081841239696
0.005966401254253
0.005840390677332
0.005704687469892
0.005560329916879
0.005408546523650
0.005250782277517
0.005088718673515
0.004924285103594
0.004759659557634
0.004597257064629
0.004439704888012
0.004289804149612
0.004150478257989
0.004024709223180
0.003915463615684
0.003825610539322
0.003757834505382
0.003714546493760
0.003697796745558
0.003709192937080
0.003749827329829
0.003820216274243
0.003920255072313
0.004049190688048
0.004205614153369
0.004387473774108
0.004592109425364
0.004816307370172
0.005056374176387
0.005308227481437
0.005567500601296
0.005829657335195
0.006090112814812
0.006344355914383
0.006588068598091
0.006817237646480
0.007028254478251
0.007217999260683
0.007383906163688
0.007524007431139
0.007636954881394
0.007722018462175
0.007779062522846
0.007808501477052
0.007811237458315
0.007788583371724
0.007742175374116
0.007673879239954
0.007585695268555
0.007479666351000
0.007357793545718
0.007221963026969
0.007073887598429
0.006915065142983
0.006746755455126
0.006569975924105
0.006385515555572
0.006193965887202
0.005995766514967
0.005791262240742
0.005580768309080
0.005364639842237
0.005143341418651
0.004917512771726
0.004688026804459
0.004456036504443
0.004223007879847
0.003990736691855
0.003761347501328
0.003537274344159
0.003321223167666
0.003116116967620
0.002925025331831
0.002751080794610
0.002597385012630
0.002466908266043
0.002362386152249
0.002286217559946
0.002240368078771
0.002226282909391
0.002244813089504
0.002296158446357
0.002379830134899
0.002494634936605
0.002638682697188
0.002809417397103
0.003003671408075
0.003217741527417
0.003447484439571
0.003688428373225
0.003935896945744
0.004185140556051
0.004431470240600
0.004670388676319
0.004897713022525
0.005109684553057
0.005303060539980
0.005475184597236
0.005624032648676
0.005748232808849
0.005847058703539
0.005920397048051
0.005968691576043
0.005992866599615
0.005994234513946
0.005974392375164
0.005935113227328
0.005878238097113
0.005805574494022
0.005718806850045
0.005619423625521
0.005508664836332
0.005387492576627
0.005256585789448
0.005116359151860
0.004967004572042
0.004808552522328
0.004640949326204
0.004464145639495
0.004278190761634
0.004083327109599
0.003880079193502
0.003669331738895
0.003452392179437
0.003231033553196
0.003007514824102
0.002784576758160
0.002565412650567
0.002353614365418
0.002153095259996
0.001967992574488
0.001802552738852
0.001661003755445
0.001547419343152
0.001465579869376
0.001418835251313
0.001409974983742
0.001441110257271
0.001513572780442
0.001627834424092
0.001783451179629
0.001979034177493
0.002212249661769
0.002479848877607
0.002777727818789
0.003101015727112
0.003444190162607
0.003801215409057
0.004165699983878
0.004531068130446
0.004890739432129
0.005238310147702
0.005567729570639
0.005873464695163
0.006150646753717
0.006395193782462
0.006603904265177
0.006774518074349
0.006905742325485
0.006997241323729
0.007049591433415
0.007064203353763
0.007043215845574
0.006989366333549
0.006905844923501
0.006796139153261
0.006663877189387
0.006512677160147
0.006346009875550
0.006167081349768
0.005978740357838
0.005783414796162
0.005583078962075
0.005379252119996
0.005173026984053
0.004965125121536
0.004755974861251
0.004545806154707
0.004334756045452
0.004122977989121
0.003910748245973
0.003698562926039
0.003487219969197
0.003277881333556
0.003072111875699
0.002871892756142
0.002679608609527
0.002498009100180
0.002330146765326
0.002179294167401
0.002048844285138
0.001942198738456
0.001862648849701
0.001813254694850
0.001796727208633
0.001815318104544
0.001870721890113
0.001963993640085
0.002095485477036
0.002264803940420
0.002470789636831
0.002711519786120
0.002984333533098
0.003285879199049
0.003612182011681
0.003958730281938
0.004320577493984
0.004692457341833
0.005068908384186
0.005444404701070
0.005813488727451
0.006170902317897
0.006511712072667
0.006831425040101
0.007126091113328
0.007392388769007
0.007627691255905
0.007830110929355
0.007998520134431
0.008132547848377
0.008232552175215
0.008299569708946
0.008335243706081
0.008341733889264
0.008321611495456
0.008277743840223
0.008213173154108
0.008130994725602
0.008034239435656
0.007925765581006
0.007808164461090
0.007683683562957
0.007554170350255
0.007421038687126
0.007285258855837
0.007147371013913
0.007007520840498
0.006865515099450
0.006720893949909
0.006573016107742
0.006421152436421
0.006264583244657
0.006102694498180
0.005935068309472
0.005761563434741
0.005582382054607
0.005398119808598
0.005209796853062
0.005018868574734
0.004827215475611
0.004637112609564
0.004451179762630
0.004272314298943
0.004103609221277
0.003948259504903
0.003809460147775
0.003690299636792
0.003593652660595
0.003522075909194
0.003477710695976
0.003462195925797
0.003476594621148
0.003521336814103
0.003596181122100
0.003700196758391
0.003831767092553
0.003988615184168
0.004167850978644
0.004366039096644
0.004579285390608
0.004803339710229
0.005033711643437
0.005265795412476
0.005494999638201
0.005716877369873
0.005927251638354
0.006122331846806
0.006298816575152
0.006453978842466
0.006585730533599
0.006692663529192
0.006774066047305
0.006829913765901
0.006860836396555
0.006868061464866
0.006853338064543
0.006818844235230
0.006767082319777
0.006700767145359
0.006622712117017
0.006535718298304
0.006442471283231
0.006345450153215
0.006246852092764
0.006148535351050
0.006051982235358
0.005958282764886
0.005868138559953
0.005781885551101
0.005699533218632
0.005620817360535
0.005545262869609
0.005472252699404
0.005401099120246
0.005331113504016
0.005261671209340
0.005192268636485
0.005122570143793
0.005052443219898
0.004981981040838
0.004911512262365
0.004841598563001
0.004773021027525
0.004706756916874
0.004643948692431
0.004585867344117
0.004533872116631
0.004489368649425
0.004453767363705
0.004428443669234
0.004414701252783
0.004413739377066
0.004426624790022
0.004454268541723
0.004497407747059
0.004556592127615
0.004632175020342
0.004724308452658
0.004832941846922
0.004957823921975
0.005098507393178
0.005254356122223
0.005424554421752
