0.007221347243572
0.007241530332204
0.007262588248912
0.007284124424867
0.007305718113229
0.007326938064379
0.007347354859519
0.007366551136246
0.007384129077253
0.007399714705332
0.007412958725784
0.007423533871496
0.007431128925905
0.007435439813991
0.007436158350741
0.007432959410155
0.007425487416649
0.007413343157129
0.007396071959937
0.007373154282446
0.007343999690615
0.007307945101837
0.007264258000122
0.007212145125459
0.007150766894800
0.007079257540275
0.006996750662420
0.006902409605065
0.006795461777593
0.006675235793291
0.006541200072707
0.006393001390675
0.006230501735523
0.006053811807365
0.005863319514814
0.005659711938365
0.005443989412848
0.005217470635933
0.004981788026162
0.004738872920444
0.004490930602363
0.004240405571646
0.003989937882502
0.003742311774458
0.003500398174013
0.003267092940448
0.003045252948342
0.002837632229784
0.002646820432103
0.002475185778100
0.002324824546238
0.002197518824428
0.002094703944277
0.002017446589140
0.001966434108865
0.001941975089728
0.001944010744082
0.001972136225568
0.002025630565999
0.002103493590392
0.002204487914581
0.002327183977937
0.002470006019059
0.002631276965792
0.002809260377540
0.003002197836493
0.003208340519107
0.003425974069519
0.003653436319442
0.003889127829659
0.004131515641858
0.004379131003042
0.004630562137792
0.004884443380185
0.005139442125922
0.005394245120658
0.005647545562895
0.005898032374727
0.006144382792180
0.006385259163793
0.006619310539560
0.006845179302378
0.007061512761178
0.007266979308625
0.007460288464390
0.007640213892206
0.007805618306217
0.007955479076285
0.008088913305325
0.008205201182551
0.008303806509116
0.008384393438105
0.008446838658020
0.008491238464919
0.008517910399967
0.008527389363247
0.008520418339194
0.008497934073747
0.008461048219963
0.008411024611729
0.008349253430974
0.008277223101400
0.008196490772440
0.008108652253657
0.008015312226234
0.007918055499565
0.007818420002468
0.007717872105512
0.007617784768332
0.007519418897968
0.007423908194815
0.007332247654859
0.007245285792511
0.007163720549583
0.007088098763842
0.007018818986351
0.006956137361498
0.006900176218068
0.006850934965278
0.006808302845428
0.006772073066104
0.006741957820885
0.006717603709348
0.006698607085427
0.006684528898017
0.006674908638464
0.006669277074789
0.006667167529749
0.006668125545856
0.006671716871142
0.006677533789945
0.006685199908238
0.006694373577704
0.006704750201923
0.006716063707418
0.006728087478541
0.006740635046359
0.006753560787406
0.006766760829816
0.006780174285022
0.006793784827773
0.006807622541984
0.006821765842288
0.006836343179316
0.006851534148870
0.006867569559362
0.006884729974961
0.006903342249411
0.006923773600956
0.006946422853381
0.006971708580682
0.007000054039310
0.007031868946057
0.007067528352889
0.007107349072221
0.007151564305673
0.007200297314483
0.007253535128504
0.007311103412391
0.007372643682768
0.007437594091874
0.007505174957004
0.007574380119510
0.007643975064041
0.007712502522844
0.007778296039138
0.007839501677870
0.007894107764003
0.007939982211061
0.007974916690320
0.007996676597588
0.008003055513177
0.007991932632966
0.007961331484127
0.007909478135122
0.007834857070547
0.007736262928793
0.007612846393217
0.007464152681678
0.007290151288873
0.007091255892739
0.006868333630824
0.006622703274270
0.006356122164816
0.006070762122603
0.005769174868537
0.005454247823855
0.005129151441776
0.004797279482758
0.004462183858487
0.004127505833850
0.003796905485839
0.003473991370014
0.003162252336706
0.002864993370053
0.002585277194369
0.002325873207062
0.002089215060001
0.001877367928317
0.001692006185347
0.001534401854687
0.001405423846586
0.001305547618786
0.001234874544877
0.001193159940161
0.001179848399381
0.001194114855380
0.001234909583846
0.001301005266042
0.001391044185012
0.001503583674442
0.001637138062700
0.001790215553421
0.001961348750581
0.002149117859012
0.002352165956527
0.002569206124571
0.002799020622456
0.003040452676854
0.003292391814874
0.003553753978390
0.003823457904465
0.004100399429732
0.004383425467259
0.004671309408801
0.004962729623697
0.005256252562942
0.005550321741847
0.005843253579811
0.006133240736369
0.006418363216197
0.006696607140653
0.006965890718180
0.007224096607935
0.007469109576159
0.007698858105848
0.007911358447166
0.008104759494547
0.008277386848964
0.008427784468492
0.008554752422028
0.008657379431387
0.008735069105156
0.008787559021137
0.008814932089244
0.008817619909735
0.008796398119366
0.008752373978732
0.008686966687545
0.008601881113160
0.008499075776035
0.008380726051235
0.008249183617342
0.008106933215250
0.007956547773264
0.007800642916974
0.007641831819038
0.007482681261989
0.007325669693339
0.007173147952871
0.007027303252594
0.006890126894744
0.006763386125540
0.006648600443878
0.006547022615213
0.006459624580813
0.006387088399551
0.006329802311141
0.006287861963161
0.006261076796485
0.006248981531918
0.006250852642576
0.006265729630050
0.006292440846814
0.006329633522686
0.006375807560490
0.006429352567483
0.006488587487568
0.006551802098595
0.006617299543655
0.006683438979965
0.006748677358960
0.006811609301394
0.006871004006508
0.006925838138687
0.006975323671895
0.007018929743884
0.007056397679749
0.007087748487547
0.007113282305655
0.007133569488854
0.007149433252957
0.007161924049743
0.007172286107314
0.007181916836978
0.007192320066759
0.007205054303578
0.007221677440924
0.007243689506680
0.007272475177753
0.007309247866711
0.007354997204792
0.007410441701617
0.007475988253348
0.007551699998991
0.007637273793056
0.007732028278287
0.007834903213918
0.007944470353968
0.008058955789720
0.008176273284951
0.008294067756687
0.008409767703175
0.008520645068659
0.008623880774062
0.008716633944820
0.008796112739779
0.008859644633758
0.008904744032747
0.008929175203568
0.008931008674220
0.008908669499441
0.008860976077579
0.008787168537250
0.008686926071220
0.008560372965637
0.008408073440304
0.008231015765777
0.008030586442920
0.007808535509156
0.007566934264478
0.007308126883468
0.007034677493951
0.006749314358281
0.006454872791735
0.006154238398686
0.005850292107311
0.005545858345250
0.005243657530063
0.004946263858194
0.004656069172538
0.004375253479354
0.004105762476576
0.003849292253043
0.003607281125915
0.003380908404506
0.003171099704945
0.002978538292546
0.002803681798267
0.002646783542469
0.002507917603916
0.002387006695209
0.002283851848828
0.002198162882102
0.002129588596716
0.002077745680865
0.002042245321917
0.002022716606199
0.002018825881214
0.002030291384282
0.002056892598894
0.002098473983082
0.002154942918392
0.002226261947305
0.002312435593604
0.002413492285218
0.002529462112885
0.002660351350351
0.002806114823074
0.002966627333572
0.003141655425098
0.003330830785864
0.003533626560449
0.003749337743108
0.003977066682083
0.004215714530247
0.004463979243735
0.004720360467186
0.004983171364177
0.005250557167733
0.005520519952362
0.005790948879079
0.006059654950676
0.006324409146098
0.006582982687999
0.006833188141001
0.007072920041255
0.007300193818646
0.007513181886318
0.007710245929917
0.007889964620852
0.008051156191758
0.008192895535301
0.008314525706468
0.008415663911222
0.008496202240306
0.008556303547430
0.008596392970534
0.008617145650563
0.008619471214974
0.008604495566567
