0.008182682577602
0.008138236662752
0.008094589274356
0.008052378995765
0.008012275334399
0.007974965686865
0.007941140627172
0.007911477824187
0.007886624979296
0.007867182253178
0.007853684716665
0.007846585409968
0.007846239622763
0.007852891011056
0.007866660142950
0.007887536013202
0.007915370986166
0.007949879520298
0.007990640898419
0.008037106041445
0.008088608325548
0.008144378161020
0.008203560933246
0.008265237760173
0.008328448394063
0.008392215495103
0.008455569436180
0.008517572766033
0.008577343464299
0.008634076166968
0.008687060622793
0.008735696756398
0.008779505856866
0.008818137574390
0.008851372584049
0.008879120956331
0.008901416449677
0.008918407102586
0.008930342644053
0.008937559354683
0.008940463091991
0.008939511238893
0.008935194343238
0.008928018189096
0.008918486980174
0.008907088226526
0.008894279813370
0.008880479602001
0.008866057774954
0.008851331997975
0.008836565337438
0.008821966749864
0.008807693855903
0.008793857628557
0.008780528567435
0.008767743898680
0.008755515333561
0.008743836936011
0.008732692687655
0.008722063394362
0.008711932646567
0.008702291621745
0.008693142596718
0.008684501115307
0.008676396829351
0.008668873094923
0.008661985458359
0.008655799206963
0.008650386186396
0.008645821101109
0.008642177516640
0.008639523774831
0.008637919016808
0.008637409486156
0.008638025258096
0.008639777511727
0.008642656433132
0.008646629808849
0.008651642342739
0.008657615705327
0.008664449303474
0.008672021739679
0.008680192914239
0.008688806709518
0.008697694183302
0.008706677187450
0.008715572318448
0.008724195098152
0.008732364276100
0.008739906139516
0.008746658714124
0.008752475738542
0.008757230297879
0.008760818008699
0.008763159657958
0.008764203212989
0.008763925137871
0.008762330973103
0.008759455159647
0.008755360114034
0.008750134587244
0.008743891364968
0.008736764389486
0.008728905402283
0.008720480220831
0.008711664771628
0.008702641004433
0.008693592809416
0.008684702050134
0.008676144811571
0.008668087944997
0.008660685971531
0.008654078385367
0.008648387377319
0.008643715980903
0.008640146627888
0.008637740088914
0.008636534767969
0.008636546317235
0.008637767540738
0.008640168560726
0.008643697228559
0.008648279771093
0.008653821672535
0.008660208799368
0.008667308780936
0.008674972659779
0.008683036823154
0.008691325220280
0.008699651858854
0.008707823559975
0.008715642933760
0.008722911519990
0.008729433020421
0.008735016533649
0.008739479690954
0.008742651583805
0.008744375371603
0.008744510462517
0.008742934171080
0.008739542773344
0.008734251903057
0.008726996259506
0.008717728627741
0.008706418243173
0.008693048563164
0.008677614536285
0.008660119483660
0.008640571724832
0.008618981091647
0.008595355477218
0.008569697562861
0.008542001854313
0.008512252140457
0.008480419464324
0.008446460668913
0.008410317551164
0.008371916627981
0.008331169490395
0.008287973697332
0.008242214140381
0.008193764796323
0.008142490775723
0.008088250573582
0.008030898431847
0.007970286732873
0.007906268356871
0.007838698954124
0.007767439103010
0.007692356346769
0.007613327124185
0.007530238631134
0.007442990670237
0.007351497563923
0.007255690221253
0.007155518460219
0.007050953694128
0.006941992092383
0.006828658321569
0.006711009961434
0.006589142671097
0.006463196152794
0.006333360922949
0.006199885852905
0.006063086384273
0.005923353257171
0.005781161515148
0.005637079470452
0.005491777231092
0.005346034310954
0.005200745771560
0.005056926284935
0.004915711468104
0.004778355827807
0.004646226675621
0.004520793434401
0.004403611861136
0.004296302861119
0.004200525763437
0.004117946164905
0.004050198721954
0.003998845567630
0.003965331340338
0.003950936115976
0.003956727817114
0.003983515912066
0.004031808393031
0.004101774117278
0.004193212592394
0.004305533174018
0.004437745415550
0.004588461964132
0.004755914942948
0.004937986211615
0.005132251276447
0.005336035960001
0.005546484269086
0.005760635260787
0.005975506136688
0.006188178335197
0.006395883075371
0.006596082661461
0.006786543905009
0.006965400269394
0.007131199786797
0.007282936423218
0.007420063344819
0.007542487428259
0.007650545309831
0.007744962227440
0.007826795817660
0.007897367830030
0.007958187360389
0.008010869641327
0.008057054629812
0.008098329583897
0.008136159522320
0.008171828930244
0.008206397344372
0.008240670568588
0.008275188294931
0.008310227899056
0.008345823211089
0.008381796196278
0.008417798771678
0.008453361480384
0.008487945473586
0.008520994225777
0.008551981624716
0.008580453512488
0.008606060369226
0.008628579576173
0.008647926511249
0.008664154555940
0.008677444866505
0.008688087430760
0.008696455449800
0.008702975421311
0.008708095442135
0.008712254193317
0.008715852836797
0.008719231668558
0.008722652877786
0.008726290201367
0.008730225686134
0.008734453223956
0.008738888047931
0.008743381003597
0.008747736158628
0.008751730197301
0.008755132059783
0.008757721417947
0.008759304807263
0.008759728530409
0.008758887781634
0.008756731780461
0.008753265020445
0.008748545009822
0.008742677088852
0.008735807043808
0.008728112297481
0.008719792445603
0.008711059837750
0.008702130784576
0.008693217827114
0.008684523345396
0.008676234628517
0.008668520389774
0.008661528598434
0.008655385419871
0.008650195010334
0.008646039899851
0.008642981712473
0.008641062010752
0.008640303103759
0.008640708717400
0.008642264485444
0.008644938273620
0.008648680393214
0.008653423792055
0.008659084328733
0.008665561240486
0.008672737908012
0.008680483003484
0.008688652083819
0.008697089662317
0.008705631760591
0.008714108911383
0.008722349553251
0.008730183731616
0.008737446998507
0.008743984386368
0.008749654320165
0.008754332327249
0.008757914406212
0.008760319924474
0.008761493929163
0.008761408776707
0.008760065012429
0.008757491461185
0.008753744522294
0.008748906694805
0.008743084390826
0.008736405123151
0.008729014177282
0.008721070895426
0.008712744710471
0.008704211070486
0.008695647389318
0.008687229146766
0.008679126243872
0.008671499696631
0.008664498726657
0.008658258282114
0.008652896998340
0.008648515586888
0.008645195625488
0.008642998710680
0.008641965929984
0.008642117611398
0.008643453314123
0.008645952034614
0.008649572615024
0.008654254355131
0.008659917842248
0.008666466024669
0.008673785561541
0.008681748484357
0.008690214201951
0.008699031871541
0.008708043143443
0.008717085267186
0.008725994523281
0.008734609919440
0.008742777064461
0.008750352109441
0.008757205626313
0.008763226279852
0.008768324142613
0.008772433503859
0.008775515033627
0.008777557181755
0.008778576717821
0.008778618350440
0.008777753401166
0.008776077547348
0.008773707687223
0.008770778017116
0.008767435442565
0.008763834470957
0.008760131751296
0.008756480436589
0.008753024545715
0.008749893495212
0.008747196958104
0.008745020188287
0.008743419926766
0.008742420982206
0.008742013554633
0.008742151349368
0.008742750509803
0.008743689383216
0.008744809123935
0.008745915132492
0.008746779327380
0.008747143246324
0.008746721975187
0.008745208902935
0.008742281298745
0.008737606700662
0.008730850092816
0.008721681829190
0.008709786235908
0.008694870791291
0.008676675744536
0.008654983991467
0.008629630981801
0.008600514389448
0.008567603238965
0.008530946150432
0.008490678345281
