0.008737715906537
0.008740553489808
0.008742491507297
0.008743501833906
0.008743575901686
0.008742724283313
0.008740975858602
0.008738376627089
0.008734988235137
0.008730886286633
0.008726158502718
0.008720902788771
0.008715225257202
0.008709238243409
0.008703058340912
0.008696804471109
0.008690595994343
0.008684550862718
0.008678783811808
0.008673404588225
0.008668516212742
0.008664213283977
0.008660580334742
0.008657690261366
0.008655602854537
0.008654363467687
0.008654001864728
0.008654531292316
0.008655947822292
0.008658230007177
0.008661338885630
0.008665218365756
0.008669796002608
0.008674984172800
0.008680681634622
0.008686775447332
0.008693143209285
0.008699655562012
0.008706178897139
0.008712578195471
0.008718719923216
0.008724474909159
0.008729721128558
0.008734346324380
0.008738250403675
0.008741347555893
0.008743568050106
0.008744859678758
0.008745188826124
0.008744541149633
0.008742921871129
0.008740355682872
0.008736886279439
0.008732575531783
0.008727502323686
0.008721761073992
0.008715459970619
0.008708718944757
0.008701667416135
0.008694441843058
0.008687183114070
0.008680033821768
0.008673135463251
0.008666625615724
0.008660635139695
0.008655285465484
0.008650686021147
0.008646931860897
0.008644101552459
0.008642255379116
0.008641433907465
0.008641656964950
0.008642923062255
0.008645209284801
0.008648471665307
0.008652646036045
0.008657649345673
0.008663381411883
0.008669727068223
0.008676558651868
0.008683738769364
0.008691123269875
0.008698564350485
0.008705913715836
0.008713025714801
0.008719760379876
0.008725986300244
0.008731583266682
0.008736444635100
0.008740479365193
0.008743613700717
0.008745792468056
0.008746979979357
0.008747160535502
0.008746338532097
0.008744538178585
0.008741802846386
0.008738194066756
0.008733790203058
0.008728684825414
0.008722984818600
0.008716808256697
0.008710282080501
0.008703539616268
0.008696717976853
0.008689955388822
0.008683388491320
0.008677149654397
0.008671364365747
0.008666148735163
0.008661607165397
0.008657830236107
0.008654892844290
0.008652852639888
0.008651748789183
0.008651601091363
0.008652409465451
0.008654153815939
0.008656794276334
0.008660271820778
0.008664509225288
0.008669412352379
0.008674871726057
0.008680764358739
0.008686955787591
0.008693302275104
0.008699653127429
0.008705853083887
0.008711744731885
0.008717170903046
0.008721977008376
0.008726013272408
0.008729136828509
0.008731213639433
0.008732120209050
0.008731745052723
0.008729989895407
0.008726770568256
0.008722017576793
0.008715676316660
0.008707706917168
0.008698083698300
0.008686794233981
0.008673838023095
0.008659224780082
0.008642972368567
0.008625104414095
0.008605647645077
0.008584629023868
0.008562072741774
0.008537997161973
0.008512411802104
0.008485314453092
0.008456688531981
0.008426500764078
0.008394699283257
0.008361212229188
0.008325946906738
0.008288789556608
0.008249605767967
0.008208241544489
0.008164525015588
0.008118268765743
0.008069272737526
0.008017327648925
0.007962218853532
0.007903730563340
0.007841650348621
0.007775773827437
0.007705909458659
0.007631883356420
0.007553544050215
0.007470767122763
0.007383459666515
0.007291564508813
0.007195064164379
0.007093984481772
0.006988397957043
0.006878426693033
0.006764244986294
0.006646081525574
0.006524221186247
0.006399006404263
0.006270838111259
0.006140176209820
0.006007539564623
0.005873505481685
0.005738708644250
0.005603839470206
0.005469641852376
0.005336910239754
0.005206486014759
0.005079253119204
0.004956132880006
0.004838077985236
0.004726065562364
0.004621089314120
0.004524150674166
0.004436248955414
0.004358370479403
0.004291476696231
0.004236491332028
0.004194286634907
0.004165668831018
0.004151362949119
0.004151997223942
0.004168087344124
0.004200020867215
0.004248042179668
0.004312238430460
0.004392526909594
0.004488644373403
0.004600138833712
0.004726364324049
0.004866479130390
0.005019447924249
0.005184048161234
0.005358881008446
0.005542386940902
0.005732866003117
0.005928502571592
0.006127394282502
0.006327584613377
0.006527098435461
0.006723979693079
0.006916330226133
0.007102348639989
0.007280368050995
0.007448891502059
0.007606623855751
0.007752499035129
0.007885701595299
0.008005681769708
0.008112163339633
0.008205143916511
0.008284887495189
0.008351909420941
0.008406954201614
0.008450966875331
0.008485058900468
0.008510469755316
0.008528525608766
0.008540596541023
0.008548053848138
0.008552228952471
0.008554375362732
0.008555634985330
0.008557009889923
0.008559340386105
0.008563289987249
0.008569337535928
0.008577776458232
0.008588720817243
0.008602117563716
0.008617764147819
0.008635330470555
0.008654384025037
0.008674417010577
0.008694874197335
0.008715180373159
0.008734766311003
0.008753092345714
0.008769668831822
0.008784072956370
0.008795961589863
0.008805080061267
0.008811266928498
0.008814454974890
0.008814668788093
0.008812019367567
0.008806696259636
0.008798957737788
0.008789119535378
0.008777542605069
0.008764620332076
0.008750765574688
0.008736397853007
0.008721930961402
0.008707761245784
0.008694256765070
0.008681747546220
0.008670517140840
0.008660795693400
0.008652754730477
0.008646503870399
0.008642089627213
0.008639496437464
0.008638649970268
0.008639422691187
0.008641641541580
0.008645097474015
0.008649556459741
0.008654771467130
0.008660494811962
0.008666490212994
0.008672543859251
0.008678473816169
0.008684137169649
0.008689434429344
0.008694310879693
0.008698754769068
0.008702792450069
0.008706480810375
0.008709897545202
0.008713130000876
0.008716263447634
0.008719369705318
0.008722497039694
0.008725662167150
0.008728845055359
0.008731986997158
0.008734992180268
0.008737732696620
0.008740056655083
0.008741798803838
0.008742792856078
0.008742884563797
0.008741944513073
0.008739879627252
0.008736642461675
0.008732237547079
0.008726724274010
0.008720216087216
0.008712876052971
0.008704909148207
0.008696551873196
0.008688059987921
0.008679695299402
0.008671712473436
0.008664346806998
0.008657803782265
0.008652251042431
0.008647813201297
0.008644569645347
0.008642555232612
0.008641763560501
0.008642152285366
0.008643649845665
0.008646162877694
0.008649583620405
0.008653796679453
0.008658684649440
0.008664132261483
0.008670028911780
0.008676269615420
0.008682754599151
0.008689387880778
0.008696075269473
0.008702722254281
0.008709232227085
0.008715505416679
0.008721438802576
0.008726927144591
0.008731865122710
0.008736150447145
0.008739687684869
0.008742392467542
0.008744195703460
0.008745047415449
0.008744919865148
0.008743809695438
0.008741738917453
0.008738754675018
0.008734927825692
0.008730350472700
0.008725132656808
0.008719398465664
0.008713281837398
0.008706922326288
0.008700461064652
0.008694037103371
0.008687784250982
0.008681828466590
0.008676285802366
0.008671260843380
0.008666845560224
0.008663118474967
0.008660144043105
0.008657972170463
0.008656637810585
0.008656160619700
0.008656544677889
0.008657778311881
0.008659834073402
0.008662668935189
0.008666224764098
0.008670429118269
0.008675196395383
0.008680429334632
0.008686020849746
0.008691856147367
0.008697815066994
0.008703774567360
0.008709611280074
0.008715204054340
0.008720436425164
0.008725198949754
0.008729391370573
0.008732924576495
0.008735722343913
0.008737722846355
