0.060528755144916
0.060533253201454
0.060537722796394
0.060542163987989
0.060546576835019
0.060550961396778
0.060555317733060
0.060559645904142
0.060563945970778
0.060568217994177
0.060572462035997
0.060576678158326
0.060580866423674
0.060585026894957
0.060589159635483
0.060593264708942
0.060597342179393
0.060601392111250
0.060605414569269
0.060609409618537
0.060613377324461
0.060617317752751
0.060621230969413
0.060625117040734
0.060628976033270
0.060632808013836
0.060636613049492
0.060640391207533
0.060644142555476
0.060647867161051
0.060651565092185
0.060655236416995
0.060658881203774
0.060662499520984
0.060666091437236
0.060669657021292
0.060673196342041
0.060676709468499
0.060680196469788
0.060683657415135
0.060687092373857
0.060690501415349
0.060693884609076
0.060697242024563
0.060700573731384
0.060703879799150
0.060707160297503
0.060710415296103
0.060713644864619
0.060716849072719
0.060720027990062
0.060723181686285
0.060726310230998
0.060729413693770
0.060732492144124
0.060735545651522
0.060738574285364
0.060741578114970
0.060744557209579
0.060747511638333
0.060750441470276
0.060753346774336
0.060756227619324
0.060759084073923
0.060761916206677
0.060764724085987
0.060767507780098
0.060770267357096
0.060773002884895
0.060775714431231
0.060778402063654
0.060781065849520
0.060783705855985
0.060786322149991
0.060788914798266
0.060791483867312
0.060794029423399
0.060796551532556
0.060799050260566
0.060801525672955
0.060803977834989
0.060806406811666
0.060808812667704
0.060811195467541
0.060813555275325
0.060815892154905
0.060818206169827
0.060820497383328
0.060822765858327
0.060825011657418
0.060827234842867
0.060829435476603
0.060831613620211
0.060833769334929
0.060835902681637
0.060838013720857
0.060840102512741
0.060842169117069
0.060844213593242
0.060846236000277
0.060848236396800
0.060850214841044
0.060852171390842
0.060854106103625
0.060856019036417
0.060857910245840
0.060859779788108
0.060861627719038
0.060863454094059
0.060865258968229
0.060867042396271
0.060868804432611
0.060870545131454
0.060872264546883
0.060873962733007
0.060875639744164
0.060877295635213
0.060878930461927
0.060880544281521
0.060882137153362
0.060883709139877
0.060885260307716
0.060886790729165
0.060888300483838
0.060889789660554
0.060891258359275
0.060892706692790
0.060894134787607
0.060895542783150
0.060896930827812
0.060898299069615
0.060899647638128
0.060900976612669
0.060902285969685
0.060903575499214
0.060904844676409
0.060906092468938
0.060907317054325
0.060908515412821
0.060909682750631
0.060910811695131
0.060911891187687
0.060912904980635
0.060913829622729
0.060914631792083
0.060915264807467
0.060915664118624
0.060915741544957
0.060915378001308
0.060914414421672
0.060912640569729
0.060909781412534
0.060905480735216
0.060899281695046
0.060890604058629
0.060878717941946
0.060862713985728
0.060841470053199
0.060813614738148
0.060777488220624
0.060731101305377
0.060672093820627
0.060597693934129
0.060504680347118
0.060389349736552
0.060247492208684
0.060074377873669
0.059864757918532
0.059612883707857
0.059312547440500
0.058957147699764
0.058539782821430
0.058053374343877
0.057490821883098
0.056845189593022
0.056109922945739
0.055279092933817
0.054347663015421
0.053311772269941
0.052169026402967
0.050918786544859
0.049562444345705
0.048103670801933
0.046548625670399
0.044906114333383
0.043187679646956
0.041407617677855
0.039582908312971
0.037733054470186
0.035879826963699
0.034046915851717
0.032259493151747
0.030543695950890
0.028926042948661
0.027432801125616
0.026089322318213
0.024919371808035
0.023944472446410
0.023183288225581
0.022651070521458
0.022359188476329
0.022314762227322
0.022520414037753
0.022974148021326
0.023669364268331
0.024595008018575
0.025735849319197
0.027072883596844
0.028583838988483
0.030243772314184
0.032025732405261
0.033901467248920
0.035842150158124
0.037819099959024
0.039804470997896
0.041771890551171
0.043697023880678
0.045558050580455
0.047336039849287
0.049015216708481
0.050583115765122
0.052030623687238
0.053351915901246
0.054544296947936
0.055607957267339
0.056545661783090
0.057362387421300
0.058064927571640
0.058661481473586
0.059161245633250
0.059574022738189
0.059909861272212
0.060178736304614
0.060390278922941
0.060553558686670
0.060676920485244
0.060767874452304
0.060833035253145
0.060878105220948
0.060907894523568
0.060926370808621
0.060936730572590
0.060941484768734
0.060942551822597
0.060941352161337
0.060938899476903
0.060935885129612
0.060932753266016
0.060929765297865
0.060927053312794
0.060924662728978
0.060922585052432
0.060920781951811
0.060919202050234
0.060917791874768
0.060916502335105
0.060915291957555
0.060914127910854
0.060912985653567
0.060911847830726
0.060910702864540
0.060909543529891
0.060908365683347
0.060907167224484
0.060905947307016
0.060904705779871
0.060903442819332
0.060902158707319
0.060900853713078
0.060899528042227
0.060898181825422
0.060896815127106
0.060895427961798
0.060894020310776
0.060892592135784
0.060891143388772
0.060889674017946
0.060888183971004
0.060886673196463
0.060885141643905
0.060883589263708
0.060882016006625
0.060880421823403
0.060878806664506
0.060877170479955
0.060875513219253
0.060873834831366
0.060872135264733
0.060870414467284
0.060868672386464
0.060866908969246
0.060865124162141
0.060863317911210
0.060861490162064
0.060859640859869
0.060857769949355
0.060855877374816
0.060853963080115
0.060852027008694
0.060850069103571
0.060848089307354
0.060846087562241
0.060844063810028
0.060842017992112
0.060839950049502
0.060837859922819
0.060835747552306
0.060833612877829
0.060831455838890
0.060829276374627
0.060827074423823
0.060824849924910
0.060822602815980
0.060820333034785
0.060818040518749
0.060815725204969
0.060813387030227
0.060811025930992
0.060808641843432
0.060806234703415
0.060803804446520
0.060801351008041
0.060798874322996
0.060796374326133
0.060793850951940
0.060791304134646
0.060788733808236
0.060786139906451
0.060783522362802
0.060780881110572
0.060778216082828
0.060775527212427
0.060772814432020
0.060770077674069
0.060767316870845
0.060764531954442
0.060761722856784
0.060758889509631
0.060756031844590
0.060753149793123
0.060750243286552
0.060747312256072
0.060744356632759
0.060741376347574
0.060738371331377
0.060735341514933
0.060732286828924
0.060729207203953
0.060726102570557
0.060722972859215
0.060719818000358
0.060716637924376
0.060713432561629
0.060710201842459
0.060706945697194
0.060703664056162
0.060700356849700
0.060697024008162
0.060693665461930
0.060690281141427
0.060686870977122
0.060683434899542
0.060679972839285
0.060676484727026
0.060672970493530
0.060669430069664
0.060665863386403
0.060662270374846
0.060658650966224
0.060655005091908
0.060651332683426
0.060647633672472
0.060643907990914
0.060640155570810
0.060636376344414
0.060632570244194
0.060628737202837
0.060624877153264
0.060620990028644
0.060617075762400
0.060613134288225
0.060609165540093
0.060605169452270
0.060601145959330
0.060597094996162
0.060593016497983
0.060588910400358
0.060584776639200
0.060580615150795
0.060576425871806
0.060572208739289
0.060567963690706
0.060563690663939
0.060559389597300
0.060555060429548
0.060550703099899
0.060546317548040
0.060541903714144
0.060537461538884
0.060532990963443
0.060528491929530
