0.017481791752839
0.017441361208071
0.017398362562145
0.017353260576138
0.017306550426773
0.017258749375684
0.017210387659907
0.017161998906451
0.017114110394781
0.017067233495336
0.017021854599995
0.016978426832945
0.016937362789848
0.016899028502388
0.016863738767585
0.016831753920229
0.016803278066050
0.016778458736055
0.016757387871678
0.016740104008266
0.016726595492425
0.016716804547604
0.016710631991965
0.016707942412407
0.016708569607191
0.016712322125385
0.016718988752100
0.016728343812394
0.016740152191486
0.016754173992931
0.016770168777979
0.016787899347485
0.016807135041773
0.016827654543560
0.016849248174820
0.016871719680882
0.016894887495232
0.016918585477632
0.016942663117689
0.016966985197243
0.016991430909134
0.017015892438067
0.017040273021959
0.017064484529545
0.017088444611775
0.017112073509739
0.017135290629141
0.017158011018886
0.017180141916846
0.017201579547018
0.017222206366598
0.017241888966604
0.017260476823823
0.017277802083451
0.017293680520397
0.017307913782949
0.017320292966543
0.017330603499903
0.017338631253784
0.017344169707866
0.017347027938134
0.017347039120238
0.017344069188230
0.017338025247145
0.017328863315701
0.017316594974565
0.017301292517672
0.017283092249102
0.017262195634600
0.017238868102380
0.017213435388181
0.017186277429730
0.017157819929819
0.017128523819053
0.017098872952536
0.017069360463721
0.017040474268145
0.017012682255957
0.016986417732470
0.016962065659326
0.016939950215902
0.016920324143276
0.016903360254953
0.016889145404153
0.016877677092200
0.016868862792252
0.016862521953213
0.016858390545772
0.016856127921060
0.016855325676460
0.016855518165537
0.016856194251503
0.016856809886395
0.016856801100421
0.016855597005677
0.016852632452798
0.016847360024686
0.016839261104409
0.016827855810843
0.016812711652124
0.016793450800270
0.016769755938050
0.016741374669599
0.016708122518496
0.016669884561135
0.016626615759640
0.016578340068817
0.016525148397080
0.016467195503930
0.016404695918147
0.016337918963036
0.016267182979049
0.016192848840825
0.016115312875237
0.016034999299240
0.015952352310414
0.015867827977742
0.015781886094045
0.015694982162879
0.015607559699997
0.015520043031289
0.015432830764351
0.015346290098685
0.015260752119971
0.015176508197048
0.015093807567049
0.015012856155870
0.014933816639338
0.014856809707064
0.014781916447925
0.014709181735595
0.014638618456250
0.014570212390487
0.014503927538773
0.014439711665692
0.014377501833404
0.014317229699433
0.014258826368016
0.014202226607170
0.014147372274629
0.014094214833443
0.014042716880979
0.013992852661411
0.013944607579682
0.013897976782256
0.013852962914585
0.013809573205089
0.013767816058514
0.013727697366127
0.013689216754796
0.013652364000689
0.013617115825504
0.013583433273922
0.013551259841056
0.013520520479338
0.013491121567434
0.013462951871859
0.013435884477681
0.013409779611230
0.013384488227937
0.013359856195509
0.013335728868878
0.013311955831062
0.013288395564402
0.013264919820275
0.013241417471989
0.013217797664065
0.013193992109664
0.013169956433969
0.013145670512051
0.013121137801885
0.013096383723642
0.013071453182158
0.013046407368127
0.013021320003068
0.012996273212291
0.012971353218467
0.012946646046218
0.012922233416345
0.012898188988425
0.012874575084445
0.012851439995971
0.012828815945304
0.012806717739213
0.012785142123785
0.012764067822252
0.012743456215109
0.012723252603985
0.012703387987595
0.012683781269348
0.012664341811223
0.012644972246736
0.012625571466288
0.012606037690398
0.012586271549669
0.012566179094503
0.012545674662488
0.012524683537099
0.012503144338089
0.012481011092007
0.012458254940914
0.012434865458704
0.012410851557478
0.012386241980838
0.012361085396264
0.012335450114096
0.012309423475115
0.012283110961212
0.012256635093008
0.012230134183646
0.012203761018497
0.012177681525841
0.012152073493683
0.012127125373237
0.012103035191232
0.012080009572252
0.012058262850755
0.012038016231758
0.012019496941626
0.012002937297456
0.011988573616876
0.011976644890495
0.011967391147353
0.011961051459226
0.011957861551781
0.011958051017905
0.011961840159189
0.011969436513126
0.011981031153882
0.011996794880843
0.012016874429545
0.012041388852241
0.012070426218911
0.012104040783649
0.012142250746053
0.012185036713459
0.012232340939114
0.012284067375710
0.012340082545501
0.012400217190093
0.012464268627488
0.012532003713428
0.012603162280487
0.012677460913121
0.012754596910846
0.012834252294986
0.012916097726523
0.012999796222339
0.013085006582912
0.013171386474330
0.013258595138935
0.013346295739779
0.013434157372047
0.013521856797641
0.013609079975702
0.013695523470695
0.013780895820296
0.013864918937697
0.013947329607622
0.014027881113578
0.014106345007193
0.014182513001028
0.014256198936235
0.014327240748248
0.014395502329793
0.014460875172904
0.014523279662252
0.014582665892191
0.014639013890169
0.014692333149641
0.014742661405534
0.014790062623308
0.014834624216554
0.014876453555323
0.014915673874781
0.014952419738225
0.014986832246583
0.015019054215308
0.015049225556397
0.015077479106400
0.015103937129401
0.015128708697281
0.015151888108746
0.015173554455710
0.015193772383463
0.015212594023101
0.015230062005219
0.015246213397038
0.015261084345462
0.015274715159855
0.015287155534149
0.015298469590592
0.015308740428639
0.015318073882371
0.015326601227623
0.015334480633601
0.015341897220165
0.015349061657302
0.015356207323115
0.015363586116293
0.015371463093749
0.015380110169540
0.015389799163686
0.015400794525880
0.015413346077629
0.015427682115941
0.015444003202678
0.015462476927249
0.015483233878784
0.015506365000238
0.015531920424758
0.015559909818092
0.015590304174021
0.015623038936890
0.015658018260058
0.015695120154890
0.015734202244370
0.015775107810547
0.015817671816804
0.015861726594722
0.015907106910269
0.015953654163872
0.016001219531243
0.016049665913961
0.016098868637281
0.016148714903917
0.016199102082836
0.016249934977663
0.016301122276692
0.016352572432686
0.016404189253136
0.016455867498750
0.016507488788751
0.016558918095982
0.016610001083869
0.016660562492520
0.016710405725307
0.016759313723143
0.016807051144963
0.016853367803429
0.016898003238324
0.016940692250185
0.016981171166480
0.017019184574715
0.017054492233044
0.017086875860188
0.017116145512953
0.017142145280501
0.017164758058399
0.017183909210068
0.017199568976017
0.017211753549111
0.017220524794084
0.017225988648417
0.017228292296798
0.017227620260123
0.017224189580397
0.017218244313375
0.017210049560490
0.017199885279952
0.017188040114222
0.017174805457735
0.017160469965893
0.017145314675361
0.017129608868107
0.017113606769460
0.017097545125608
0.017081641660675
0.017066094369806
0.017051081564784
0.017036762554441
0.017023278815350
0.017010755490315
0.016999303044221
0.016989018909166
0.016979988963760
0.016972288714144
0.016965984075675
0.016961131692381
0.016957778773914
0.016955962474167
0.016955708878881
0.016957031708539
0.016959930874706
0.016964391050239
0.016970380424666
0.016977849814193
0.016986732281150
0.016996943390764
0.017008382195591
0.017020932992073
0.017034467842647
0.017048849804105
0.017063936752138
0.017079585646886
0.017095657048090
0.017112019663653
0.017128554704009
0.017145159817433
0.017161752398198
0.017178272089172
