0.014849596562270
0.014875239529568
0.014899346167609
0.014921271603344
0.014940423029229
0.014956276273305
0.014968390691226
0.014976421954982
0.014980132366236
0.014979398386435
0.014974215149556
0.014964697804315
0.014951079618714
0.014933706868433
0.014913030619182
0.014889595599292
0.014864026439926
0.014837011634136
0.014809285630390
0.014781609529414
0.014754750893709
0.014729463205857
0.014706465523964
0.014686422880121
0.014669927950537
0.014657484494744
0.014649493016657
0.014646239043739
0.014647884353389
0.014654461399903
0.014665871112831
0.014681884150412
0.014702145602299
0.014726183046168
0.014753417775323
0.014783178931263
0.014814720198385
0.014847238649461
0.014879895272011
0.014911836658582
0.014942217309552
0.014970221976187
0.014995087465083
0.015016123332960
0.015032730923109
0.015044420231180
0.015050824137803
0.015051709607638
0.015046985527530
0.015036706938886
0.015021075509173
0.015000436182516
0.014975270047367
0.014946183557623
0.014913894339976
0.014879213911968
0.014843027719905
0.014806272980978
0.014769914877578
0.014734921702014
0.014702239585038
0.014672767460737
0.014647332922558
0.014626669610358
0.014611396736530
0.014602001311060
0.014598823562029
0.014602045970924
0.014611686253323
0.014627594516967
0.014649454723803
0.014676790472638
0.014708975007673
0.014745245248144
0.014784719528497
0.014826418639722
0.014869289673284
0.014912232091870
0.014954125387951
0.014993857643712
0.015030354275487
0.015062606233324
0.015089696932229
0.015110827215785
0.015125337694909
0.015132727863396
0.015132671466325
0.015125027685556
0.015109847806324
0.015087377137968
0.015058052077439
0.015022492323610
0.014981488370733
0.014935984527602
0.014887057822303
0.014835893258050
0.014783755980883
0.014731961002603
0.014681841190187
0.014634714284222
0.014591849742379
0.014554436218553
0.014523550483535
0.014500128568934
0.014484939872779
0.014478564903744
0.014481377262482
0.014493530364731
0.014514949303810
0.014545328132172
0.014584132715522
0.014630609181544
0.014683797851516
0.014742552410265
0.014805563941126
0.014871389330907
0.014938483438405
0.015005234321406
0.015070000733933
0.015131151039864
0.015187102642693
0.015236361005559
0.015277557331358
0.015309483990355
0.015331126821877
0.015341693496724
0.015340637206755
0.015327675045918
0.015302800560699
0.015266290075044
0.015218702532410
0.015160872742519
0.015093898069387
0.015019118746739
0.014938092153583
0.014852561523008
0.014764419687985
0.014675668585924
0.014588375346285
0.014504625870221
0.014426476876033
0.014355907427725
0.014294770985086
0.014244749012034
0.014207307155569
0.014183654961099
0.014174710022257
0.014181067376232
0.014202974850982
0.014240314950971
0.014292593735840
0.014358937004731
0.014438093950804
0.014528448299154
0.014628036790019
0.014734574721080
0.014845488120907
0.014957951993153
0.015068933950576
0.015175242451870
0.015273578764660
0.015360591706603
0.015432934164625
0.015487320360887
0.015520582823449
0.015529728029935
0.015511989723207
0.015464878948457
0.015386229929731
0.015274240989242
0.015127509812842
0.014945062477382
0.014726375777953
0.014471392522415
0.014180529594343
0.013854678720722
0.013495200014454
0.013103908491290
0.012683053883423
0.012235294185300
0.011763663468961
0.011271534594527
0.010762577514829
0.010240713930343
0.009710069090902
0.009174921563713
0.008639651793120
0.008108690266771
0.007586466076361
0.007077356620033
0.006585639139549
0.006115444720166
0.005670715306985
0.005255164210372
0.004872240487338
0.004525097497662
0.004216565845313
0.003949130829535
0.003724914447666
0.003545661915183
0.003412732599024
0.003327095199160
0.003289326961520
0.003299616663379
0.003357771080375
0.003463224622441
0.003615051813870
0.003811982289756
0.004052417986598
0.004334452217680
0.004655890343061
0.005014271768145
0.005406893032669
0.005830831782104
0.006282971444504
0.006760026466530
0.007258567991283
0.007775049886686
0.008305835055331
0.008847221974094
0.009395471423743
0.009946833374691
0.010497573994777
0.011044002738304
0.011582499462911
0.012109541502419
0.012621730600349
0.013115819581187
0.013588738605646
0.014037620823488
0.014459827204138
0.014852970292897
0.015214936610483
0.015543907387435
0.015838377304090
0.016097170892748
0.016319456252536
0.016504755730452
0.016652953234872
0.016764297871067
0.016839403622250
0.016879244844143
0.016885147395837
0.016858775293781
0.016802112848158
0.016717442320187
0.016607317223302
0.016474531478786
0.016322084725145
0.016153144167987
0.015971003441131
0.015779039027842
0.015580664861123
0.015379285781942
0.015178250582213
0.014980805393648
0.014790048203070
0.014608885278411
0.014439990276940
0.014285766778081
0.014148314937781
0.014029402900384
0.013930443528376
0.013852476921618
0.013796159097295
0.013761757091930
0.013749150629448
0.013757840376875
0.013786962684289
0.013835310580664
0.013901360674906
0.013983305494190
0.014079090682246
0.014186456380860
0.014302982030768
0.014426133755367
0.014553313433917
0.014681908531659
0.014809341733618
0.014933119427432
0.015050878098824
0.015160427741066
0.015259791436575
0.015347240343605
0.015421323412543
0.015480891262778
0.015525113770369
0.015553491046358
0.015565857622696
0.015562379804580
0.015543546291228
0.015510152308686
0.015463277634870
0.015404259025608
0.015334657667986
0.015256222391075
0.015170849451724
0.015080539782445
0.014987354637987
0.014893370605710
0.014800634951855
0.014711122260995
0.014626693289973
0.014549056901146
0.014479735864477
0.014420037225546
0.014371027829312
0.014333515469962
0.014308036008207
0.014294846662106
0.014293925538837
0.014304977336106
0.014327445006109
0.014360527045176
0.014403199951197
0.014454245281325
0.014512280646433
0.014575793898536
0.014643179704250
0.014712777652806
0.014782911021830
0.014851925318531
0.014918225728068
0.014980312634283
0.015036814429868
0.015086516902089
0.015128388564952
0.015161601407078
0.015185546634430
0.015199845105835
0.015204352284305
0.015199157655536
0.015184578693772
0.015161149581405
0.015129605009328
0.015090859497296
0.015045982774774
0.014996171850520
0.014942720471412
0.014886986726069
0.014830359585368
0.014774225189160
0.014719933686093
0.014668767411506
0.014621911147623
0.014580425151830
0.014545221564265
0.014517044717264
0.014496455768732
0.014483821971861
0.014479310777580
0.014482888846761
0.014494325929325
0.014513203450231
0.014538927530441
0.014570746067330
0.014607769405747
0.014648994050484
0.014693328804715
0.014739622668650
0.014786693799043
0.014833358813855
0.014878461727432
0.014920901819737
0.014959659777746
0.014993821497019
0.015022598995394
0.015045347966899
0.015061581590565
0.015070980303573
0.015073397348947
0.015068860012254
0.015057566567165
0.015039879053734
0.015016312113466
0.014987518199262
0.014954269564079
0.014917437507444
0.014877969422165
0.014836864233064
0.014795146854245
0.014753842310323
0.014713950169868
0.014676419925838
0.014642127928542
0.014611856432222
0.014586275258045
0.014565926505578
0.014551212663540
0.014542388381068
0.014539556065111
0.014542665370631
0.014551516550480
0.014565767533933
0.014584944509394
0.014608455700175
0.014635607944717
0.014665625626116
0.014697671441857
0.014730868464607
0.014764322919424
