0.013803927416896
0.013781115998316
0.013762589245157
0.013748811822298
0.013740152035940
0.013736872959529
0.013739125692902
0.013746944917209
0.013760246862409
0.013778829755370
0.013802376766087
0.013830461417901
0.013862555376131
0.013898038478979
0.013936210826184
0.013976306695561
0.014017510016256
0.014058971091306
0.014099824231666
0.014139205940070
0.014176273266567
0.014210221948862
0.014240303949939
0.014265844013180
0.014286254871181
0.014301050768570
0.014309858990970
0.014312429131142
0.014308639868693
0.014298503090389
0.014282165233213
0.014259905790491
0.014232132981497
0.014199376645558
0.014162278481450
0.014121579810563
0.014078107096454
0.014032755503035
0.013986470817446
0.013940230100871
0.013895021460266
0.013851823355624
0.013811583870498
0.013775200377874
0.013743500028960
0.013717221479184
0.013696998243948
0.013683344046879
0.013676640485996
0.013677127299156
0.013684895460082
0.013699883281204
0.013721875640443
0.013750506387017
0.013785263917548
0.013825499849292
0.013870440653523
0.013919202050126
0.013970805905576
0.014024199321826
0.014078275554397
0.014131896355225
0.014183915300516
0.014233201636891
0.014278664161222
0.014319274641210
0.014354090285512
0.014382274784063
0.014403117461309
0.014416050116987
0.014420661170490
0.014416706774944
0.014404118625108
0.014383008247845
0.014353667634066
0.014316566145130
0.014272343703297
0.014221800353190
0.014165882357805
0.014105665066568
0.014042332862832
0.013977156562311
0.013911468690964
0.013846637119416
0.013784037570150
0.013725025542426
0.013670908217699
0.013622916914701
0.013582180658256
0.013549701409360
0.013526331476453
0.013512753589688
0.013509464072059
0.013516759484553
0.013534727057997
0.013563239153311
0.013601951915735
0.013650308208707
0.013707544830910
0.013772703937030
0.013844648500584
0.013922081577167
0.014003569050185
0.014087565469987
0.014172442532541
0.014256519686797
0.014338096311645
0.014415484865025
0.014487044379993
0.014551213666277
0.014606543571292
0.014651727662327
0.014685630711446
0.014707314396669
0.014716059676640
0.014711385350766
0.014693062381804
0.014661123632049
0.014615868746316
0.014557864003431
0.014487937051190
0.014407166536077
0.014316866736511
0.014218567405118
0.014113989119571
0.014005014530986
0.013893655981877
0.013782020040510
0.013672269563621
0.013566583953443
0.013467118316735
0.013375962262044
0.013295099086171
0.013226366101438
0.013171416841690
0.013131685857426
0.013108356769366
0.013102334196075
0.013114220105875
0.013144295067519
0.013192504789358
0.013258452244644
0.013341395582804
0.013440251924942
0.013553607038132
0.013679730779301
0.013816598097451
0.013961915284377
0.014113151070771
0.014267572078236
0.014422282059703
0.014574264292623
0.014720426432075
0.014857647085794
0.014982823340789
0.015092918452405
0.015185008901644
0.015256330035623
0.015304319528911
0.015326657940028
0.015321305686827
0.015286535826151
0.015220962095831
0.015123561759683
0.014993692886955
0.014831105795245
0.014635948488254
0.014408766025104
0.014150493864188
0.013862445329787
0.013546293451774
0.013204047525864
0.012838024832039
0.012450818030349
0.012045258824663
0.011624378544796
0.011191366344692
0.010749525748071
0.010302230292730
0.009852879030133
0.009404852628158
0.008961470802134
0.008525951763276
0.008101374325147
0.007690643248894
0.007296458338166
0.006921287716182
0.006567345632132
0.006236575053610
0.005930635207997
0.005650894140402
0.005398426260806
0.005174014760223
0.004978158686682
0.004811084388287
0.004672760954046
0.004562919214782
0.004481073807630
0.004426547759137
0.004398499004803
0.004395948237496
0.004417807463982
0.004462908647963
0.004530031829460
0.004617932133883
0.004725365119102
0.004851109954704
0.004993989983364
0.005152890278857
0.005326771887380
0.005514682517116
0.005715763523779
0.005929253125596
0.006154485867969
0.006390888444222
0.006637972062513
0.006895321628375
0.007162582085850
0.007439442326060
0.007725617128997
0.008020827650934
0.008324781005242
0.008637149507530
0.008957550166611
0.009285525000300
0.009620522739691
0.009961882457494
0.010308819615895
0.010660414978053
0.011015606765845
0.011373186376171
0.011731797890519
0.012089941529206
0.012445981114646
0.012798155518821
0.013144593980985
0.013483335094140
0.013812349175038
0.014129563653982
0.014432891049207
0.014720259027586
0.014989642000018
0.015239093657333
0.015466779821605
0.015671010969049
0.015850273774682
0.016003261035592
0.016128899349056
0.016226373953467
0.016295150183526
0.016334991045682
0.016345970484394
0.016328481983319
0.016283242226663
0.016211289633326
0.016113977668399
0.015992962931575
0.015850188118232
0.015687860044619
0.015508423021960
0.015314527953567
0.015108997612500
0.014894788633340
0.014674950818603
0.014452584416965
0.014230796075469
0.014012654200303
0.013801144479810
0.013599126328541
0.013409291002235
0.013234122110563
0.013075859217704
0.012936465170849
0.012817597734559
0.012720586035506
0.012646412239073
0.012595698787937
0.012568701435062
0.012565308201193
0.012585044282073
0.012627082825106
0.012690261391181
0.012773103816771
0.012873847096149
0.012990472815422
0.013120742590662
0.013262236893160
0.013412396587015
0.013568566458796
0.013728039986714
0.013888104578054
0.014046086498791
0.014199394728333
0.014345562994883
0.014482289282571
0.014607472149433
0.014719243254681
0.014815995563321
0.014896406774801
0.014959457608582
0.015004444671784
0.015030987730715
0.015039031307542
0.015028840623735
0.015000992011600
0.014956358012342
0.014896087472068
0.014821581034213
0.014734462506547
0.014636546651755
0.014529804011222
0.014416323421096
0.014298272916851
0.014177859746908
0.014057290226742
0.013938730162240
0.013824266554820
0.013715871271336
0.013615367319664
0.013524398316843
0.013444401671961
0.013376585931740
0.013321912654642
0.013281083090839
0.013254529852410
0.013242413662453
0.013244625175417
0.013260791765704
0.013290289089404
0.013332257136630
0.013385620411042
0.013449111800260
0.013521299637269
0.013600617399785
0.013685395452684
0.013773894208645
0.013864338064543
0.013954949465862
0.014043982458491
0.014129755106244
0.014210680182783
0.014285293587534
0.014352279985686
0.014410495231413
0.014458985199717
0.014497000724550
0.014524008417641
0.014539697222351
0.014543980638374
0.014536994634796
0.014519091349443
0.014490828750145
0.014452956507278
0.014406398395336
0.014352231603217
0.014291663387316
0.014226005547407
0.014156647241904
0.014085026685756
0.014012602290434
0.013940823810973
0.013871104059625
0.013804791729589
0.013743145845659
0.013687312322111
0.013638303062338
0.013596977980652
0.013564030265256
0.013539975134087
0.013525142263228
0.013519671992548
0.013523515336637
0.013536437752596
0.013558026541432
0.013587701688243
0.013624729879601
0.013668241375824
0.013717249362528
0.013770671360885
0.013827352240294
0.013886088351329
0.013945652281172
0.014004817728515
0.014062384000003
0.014117199645324
0.014168184772655
0.014214351619470
0.014254822995008
0.014288848258794
0.014315816553576
0.014335267069505
0.014346896178248
0.014350561339596
0.014346281747840
0.014334235749427
0.014314755126024
0.014288316397015
0.014255529351467
0.014217123070996
0.014173929750599
0.014126866663935
