0.027782843669621
0.027775102119948
0.027768617334989
0.027763510907219
0.027759881526831
0.027757803497495
0.027757325854026
0.027758472092620
0.027761240504034
0.027765605080078
0.027771516944985
0.027778906246644
0.027787684428967
0.027797746796721
0.027808975278269
0.027821241290156
0.027834408610295
0.027848336173308
0.027862880711870
0.027877899180964
0.027893250916844
0.027908799498399
0.027924414294523
0.027939971696138
0.027955356045038
0.027970460283066
0.027985186353943
0.027999445396123
0.028013157768352
0.028026252950289
0.028038669358826
0.028050354117127
0.028061262808103
0.028071359237720
0.028080615226503
0.028089010440308
0.028096532264308
0.028103175717422
0.028108943398444
0.028113845450037
0.028117899522727
0.028121130718115
0.028123571488777
0.028125261471702
0.028126247232653
0.028126581900400
0.028126324672424
0.028125540177223
0.028124297682942
0.028122670147411
0.028120733110981
0.028118563440628
0.028116237941525
0.028113831860586
0.028111417314994
0.028109061687200
0.028106826035710
0.028104763577791
0.028102918305191
0.028101323796642
0.028100002290495
0.028098964077016
0.028098207262132
0.028097717942867
0.028097470819436
0.028097430250588
0.028097551738158
0.028097783805008
0.028098070209038
0.028098352416040
0.028098572237499
0.028098674527019
0.028098609822213
0.028098336817997
0.028097824562674
0.028097054279681
0.028096020734603
0.028094733088059
0.028093215198822
0.028091505366584
0.028089655528391
0.028087729945637
0.028085803438215
0.028083959238158
0.028082286546277
0.028080877881773
0.028079826316794
0.028079222685921
0.028079152855325
0.028079695128748
0.028080917858213
0.028082877317423
0.028085615885671
0.028089160580217
0.028093521965763
0.028098693461002
0.028104651054009
0.028111353430579
0.028118742512081
0.028126744391977
0.028135270652713
0.028144220037155
0.028153480441216
0.028162931186940
0.028172445528247
0.028181893335066
0.028191143895921
0.028200068774436
0.028208544651922
0.028216456086344
0.028223698117760
0.028230178651821
0.028235820556305
0.028240563410875
0.028244364857494
0.028247201507955
0.028249069375963
0.028249983813719
0.028249978946844
0.028249106616370
0.028247434851710
0.028245045913555
0.028242033959659
0.028238502398800
0.028234561008006
0.028230322894916
0.028225901390226
0.028221406954427
0.028216944178312
0.028212608948307
0.028208485835973
0.028204645756725
0.028201143926786
0.028198018130509
0.028195287293422
0.028192950340532
0.028190985305322
0.028189348643017
0.028187974692493
0.028186775224830
0.028185639012955
0.028184431356021
0.028182993493889
0.028181141851181
0.028178667056537
0.028175332690956
0.028170873729186
0.028164994650139
0.028157367206127
0.028147627856468
0.028135374888503
0.028120165268299
0.028101511283934
0.028078877065985
0.028051675092096
0.028019262804723
0.027980939492614
0.027935943606514
0.027883450697253
0.027822572179022
0.027752355131600
0.027671783361965
0.027579779947599
0.027475211480422
0.027356894221317
0.027223602360240
0.027074078555679
0.026907046899338
0.026721228417070
0.026515359174894
0.026288211009148
0.026038614842104
0.025765486478796
0.025467854707291
0.025144891443763
0.024795943576207
0.024420566067706
0.024018555783697
0.023589985409845
0.023135236731008
0.022655032450724
0.022150465648825
0.021623025906530
0.021074621078655
0.020507593666291
0.019924730745398
0.019329266441982
0.018724876016777
0.018115660735002
0.017506122851651
0.016901130240364
0.016305870432915
0.015725794113185
0.015166548418673
0.014633900736075
0.014133654025282
0.013671555056077
0.013253197280189
0.012883920373204
0.012568708750716
0.012312091575715
0.012118046915299
0.011989912761867
0.011930307597241
0.011941063041302
0.012023170887504
0.012176746488307
0.012401010021509
0.012694286655728
0.013054026056920
0.013476841058916
0.013958564684236
0.014494324074013
0.015078629296063
0.015705474476269
0.016368448266853
0.017060850349276
0.017775810487823
0.018506406615157
0.019245778548570
0.019987234203095
0.020724345574430
0.021451032292204
0.022161631166482
0.022850950835257
0.023514311330965
0.024147569080181
0.024747128492454
0.025309941843872
0.025833499584982
0.026315813474926
0.026755395046634
0.027151231835109
0.027502763556882
0.027809860030255
0.028072802100461
0.028292266218691
0.028469312663810
0.028605376739825
0.028702261681689
0.028762131505203
0.028787501686574
0.028781225386934
0.028746472968793
0.028686702792133
0.028605621720289
0.028507134386547
0.028395281034237
0.028274164596332
0.028147868566389
0.028020368067216
0.027895437282207
0.027776557016230
0.027666826546152
0.027568884066183
0.027484839906801
0.027416226303179
0.027363966823888
0.027328367676597
0.027309132034619
0.027305397340967
0.027315794318917
0.027338525228752
0.027371457837227
0.027412230680776
0.027458364565604
0.027507374901344
0.027556879434789
0.027604696239645
0.027648927409584
0.027688024756688
0.027720834880128
0.027746622171203
0.027765069583025
0.027776258235228
0.027780628068131
0.027778922736700
0.027772122685430
0.027761370830146
0.027747895470142
0.027732934962051
0.027717668322893
0.027703155328685
0.027690288886003
0.027679761536408
0.027672046972975
0.027667396470445
0.027665849218623
0.027667254757416
0.027671305085538
0.027677573584135
0.027685557677337
0.027694722145450
0.027704540200089
0.027714529798968
0.027724283186015
0.027733488247787
0.027741940933774
0.027749548649334
0.027756325151513
0.027762378020739
0.027767890213798
0.027773097503021
0.027778263760832
0.027783656055838
0.027789521394541
0.027796066688906
0.027803443179254
0.027811736124880
0.027820960125273
0.027831059987589
0.027841916644194
0.027853357276765
0.027865168543594
0.027877111649832
0.027888937953244
0.027900403858405
0.027911283909471
0.027921381227531
0.027930534729136
0.027938622880226
0.027945564055800
0.027951313862715
0.027955860017574
0.027959215535854
0.027961411071675
0.027962487247336
0.027962487733186
0.027961453694087
0.027959420026679
0.027956413593693
0.027952453440721
0.027947552779234
0.027941722356076
0.027934974717848
0.027927328826314
0.027918814488951
0.027909476131533
0.027899375546294
0.027888593384522
0.027877229309595
0.027865400868042
0.027853241257156
0.027840896256048
0.027828520635837
0.027816274371819
0.027804318949285
0.027792813992574
0.027781914364770
0.027771767795687
0.027762513010798
0.027754278264787
0.027747180138415
0.027741322441096
0.027736795074434
0.027733672750469
0.027732013516016
0.027731857102125
0.027733223185593
0.027736109707824
0.027740491437160
0.027746318978436
0.027753518425337
0.027761991818006
0.027771618513928
0.027782257510742
0.027793750683006
0.027805926819606
0.027818606282252
0.027831606055056
0.027844744924962
0.027857848525013
0.027870753986594
0.027883313980240
0.027895399972913
0.027906904587166
0.027917743008482
0.027927853445478
0.027937196699101
0.027945754937839
0.027953529804635
0.027960539997308
0.027966818468945
0.027972409389942
0.027977365001915
0.027981742478167
0.027985600888532
0.027988998349971
0.027991989429767
0.027994622855867
0.027996939578944
0.027998971222246
0.028000738947672
0.028002252758624
0.028003511251540
0.028004501818082
0.028005201288849
0.028005576997412
0.028005588231234
0.028005188024220
0.028004325235125
