0.027847186350031
0.027831671375423
0.027817258453380
0.027804127730824
0.027792433092625
0.027782300328029
0.027773826079836
0.027767077552740
0.027762092936438
0.027758882481644
0.027757430153045
0.027757695772756
0.027759617560554
0.027763114972991
0.027768091741965
0.027774439014100
0.027782038495141
0.027790765508333
0.027800491882275
0.027811088592244
0.027822428089384
0.027834386264662
0.027846844009083
0.027859688348109
0.027872813146298
0.027886119397149
0.027899515132245
0.027912915001993
0.027926239596339
0.027939414586796
0.027952369779689
0.027965038174084
0.027977355115701
0.027989257630334
0.028000684006985
0.028011573683077
0.028021867462673
0.028031508075096
0.028040441057325
0.028048615920520
0.028055987540636
0.028062517696472
0.028068176666701
0.028072944790895
0.028076813898635
0.028079788515093
0.028081886760644
0.028083140875280
0.028083597314931
0.028083316385439
0.028082371399690
0.028080847363681
0.028078839217073
0.028076449672586
0.028073786715721
0.028070960841442
0.028068082117040
0.028065257170244
0.028062586208252
0.028060160176458
0.028058058165011
0.028056345166601
0.028055070280039
0.028054265441155
0.028053944745552
0.028054104407193
0.028054723373195
0.028055764589494
0.028057176885150
0.028058897416156
0.028060854584022
0.028062971321305
0.028065168616991
0.028067369140280
0.028069500812814
0.028071500177419
0.028073315416466
0.028074908884874
0.028076259041545
0.028077361687678
0.028078230450256
0.028078896482422
0.028079407388125
0.028079825414319
0.028080224988448
0.028080689709856
0.028081308929549
0.028082174071665
0.028083374861096
0.028084995624023
0.028087111821665
0.028089786962510
0.028093070015776
0.028096993420268
0.028101571750003
0.028106801063289
0.028112658927558
0.028119105080497
0.028126082660885
0.028133519921525
0.028141332322959
0.028149424900431
0.028157694797781
0.028166033869582
0.028174331265611
0.028182475927839
0.028190358947786
0.028197875749265
0.028204928076780
0.028211425781717
0.028217288406286
0.028222446568658
0.028226843152206
0.028230434297932
0.028233190193252
0.028235095643520
0.028236150406508
0.028236369265665
0.028235781816418
0.028234431941627
0.028232376957860
0.028229686423080
0.028226440608117
0.028222728648018
0.028218646403782
0.028214294079014
0.028209773648403
0.028205186164533
0.028200629015632
0.028196193208814
0.028191960750843
0.028188002191674
0.028184374385063
0.028181118506230
0.028178258349438
0.028175798909586
0.028173725232263
0.028172001497572
0.028170570285150
0.028169351952543
0.028168244047174
0.028167120664498
0.028165831662280
0.028164201643557
0.028162028629169
0.028159082354525
0.028155102144248
0.028149794341876
0.028142829298989
0.028133837957798
0.028122408092292
0.028108080303918
0.028090343897367
0.028068632788963
0.028042321623502
0.028010722294171
0.027973081074081
0.027928576576468
0.027876318763880
0.027815349224834
0.027744642929684
0.027663111666297
0.027569609340779
0.027462939309141
0.027341863882553
0.027205116121457
0.027051414002056
0.026879477001999
0.026688045109980
0.026475900215801
0.026241889782795
0.025984952643137
0.025704146688439
0.025398678153688
0.025067932112807
0.024711503720534
0.024329229649686
0.023921219088005
0.023487883577581
0.023029964906047
0.022548560196272
0.022045143294498
0.021521581530188
0.020980146918750
0.020423520904927
0.019854791803680
0.019277444189767
0.018695339618882
0.018112688232609
0.017534011005655
0.016964092634103
0.016407925332843
0.015870644102509
0.015357454332179
0.014873552913674
0.014424044344343
0.014013853574944
0.013647637603951
0.013329698015877
0.013063896796175
0.012853577817641
0.012701496373729
0.012609759026323
0.012579775836302
0.012612226755312
0.012707043581497
0.012863408429704
0.013079769151236
0.013353871576999
0.013682807871674
0.014063079699055
0.014490674335367
0.014961151354623
0.015469737073832
0.016011423610258
0.016581069189207
0.017173496265531
0.017783584096299
0.018406352630142
0.019037034957424
0.019671136083430
0.020304476424998
0.020933219162689
0.021553881372261
0.022163329672036
0.022758761914647
0.023337677178900
0.023897836937866
0.024437220754012
0.024953980148756
0.025446394388508
0.025912831808450
0.026351719957791
0.026761527307066
0.027140758533372
0.027487964528959
0.027801767308604
0.028080898975798
0.028324252906159
0.028530944379319
0.028700377096603
0.028832311413765
0.028926929739559
0.028984894432988
0.029007393691188
0.028996171356134
0.028953537265011
0.028882355693231
0.028786010542862
0.028668347152913
0.028533591882679
0.028386251871929
0.028230998538371
0.028072539364339
0.027915483290310
0.027764205524688
0.027622717765066
0.027494549691458
0.027382647141588
0.027289291635443
0.027216044921912
0.027163721029933
0.027132386987097
0.027121391994179
0.027129423490898
0.027154587290495
0.027194507865667
0.027246443992256
0.027307414342258
0.027374327290167
0.027444109165319
0.027513825439487
0.027580789859364
0.027642657280183
0.027697496880971
0.027743843488527
0.027780725846881
0.027807671782904
0.027824691281419
0.027832239445274
0.027831162136616
0.027822627743853
0.027808048974050
0.027788998822601
0.027767124920892
0.027744066317230
0.027721376423161
0.027700455379570
0.027682494492529
0.027668434689498
0.027658940186077
0.027654387767367
0.027654871311307
0.027660220448682
0.027670031598047
0.027683709062942
0.027700513458314
0.027719614462497
0.027740144783030
0.027761252284067
0.027782147446644
0.027802143708129
0.027820688732769
0.027837385272014
0.027852000945364
0.027864466969045
0.027874866537809
0.027883414181901
0.027890427937549
0.027896296552444
0.027901444173499
0.027906295019889
0.027911240428709
0.027916610385228
0.027922651237388
0.027929510777946
0.027937231297757
0.027945750614627
0.027954910509141
0.027964471494092
0.027974132443576
0.027983553338141
0.027992379259311
0.028000263793633
0.028006890174407
0.028011988778384
0.028015349975847
0.028016831770140
0.028016362117953
0.028013936256110
0.028009609739068
0.028003488185277
0.027995714919786
0.027986457775120
0.027975896272780
0.027964210264162
0.027951570881136
0.027938134358545
0.027924038972663
0.027909405021936
0.027894337487646
0.027878930777307
0.027863274790713
0.027847461468492
0.027831590988082
0.027815776856826
0.027800149303549
0.027784856570436
0.027770063934322
0.027755950517672
0.027742704162230
0.027730514813484
0.027719566987251
0.027710031952138
0.027702060261226
0.027695775206964
0.027691267664508
0.027688592644343
0.027687767711427
0.027688773262563
0.027691554502531
0.027696024836526
0.027702070311475
0.027709554697217
0.027718324800654
0.027728215647565
0.027739055239650
0.027750668687636
0.027762881622549
0.027775522884403
0.027788426569668
0.027801433577836
0.027814392828347
0.027827162320909
0.027839610187450
0.027851615838160
0.027863071245196
0.027873882344711
0.027883970479956
0.027893273763179
0.027901748207732
0.027909368477442
0.027916128117887
0.027922039171298
0.027927131128086
0.027931449226872
0.027935052173821
0.027938009403866
0.027940398044909
0.027942299767072
0.027943797700778
0.027944973590200
0.027945905315637
0.027946664874048
0.027947316857478
0.027947917420524
0.027948513686150
0.027949143508801
0.027949835497705
0.027950609202483
0.027951475376610
