0.028043723593349
0.028042895032810
0.028041627859418
0.028039933457439
0.028037829157963
0.028035337944961
0.028032487749456
0.028029310386480
0.028025840219858
0.028022112664100
0.028018162648631
0.028014023175929
0.028009724101250
0.028005291247641
0.028000745946899
0.027996105066771
0.027991381549318
0.027986585447657
0.027981725411054
0.027976810534405
0.027971852459719
0.027966867596367
0.027961879314712
0.027956919964798
0.027952032577921
0.027947272123242
0.027942706212872
0.027938415175351
0.027934491447346
0.027931038264983
0.027928167667741
0.027925997858026
0.027924649987286
0.027924244464147
0.027924896901084
0.027926713833398
0.027929788357576
0.027934195845449
0.027939989895741
0.027947198685363
0.027955821878860
0.027965828245279
0.027977154117019
0.027989702804604
0.028003345054703
0.028017920606306
0.028033240862343
0.028049092652269
0.028065243016783
0.028081444900650
0.028097443595964
0.028112983738264
0.028127816624279
0.028141707594664
0.028154443210031
0.028165837944932
0.028175740133205
0.028184036919142
0.028190658001783
0.028195578002984
0.028198817341787
0.028200441555953
0.028200559073314
0.028199317498330
0.028196898539733
0.028193511760804
0.028189387382020
0.028184768404343
0.028179902348602
0.028175032920959
0.028170391915782
0.028166191655268
0.028162618240491
0.028159825852331
0.028157932294721
0.028157015918975
0.028157114009278
0.028158222648470
0.028160298023085
0.028163259069971
0.028166991316545
0.028171351724966
0.028176174319140
0.028181276353590
0.028186464775343
0.028191542733768
0.028196315907976
0.028200598445283
0.028204218335513
0.028207022082231
0.028208878571026
0.028209682074365
0.028209354370208
0.028207845985836
0.028205136607844
0.028201234723213
0.028196176574459
0.028190024524224
0.028182864931606
0.028174805644913
0.028165973213992
0.028156509920788
0.028146570720039
0.028136320173713
0.028125929453496
0.028115573475676
0.028105428222512
0.028095668293725
0.028086464721406
0.028077983071371
0.028070381844204
0.028063811179888
0.028058411861379
0.028054314604824
0.028051639617473
0.028050496398736
0.028050983755136
0.028053189995968
0.028057193272851
0.028063062022780
0.028070855470258
0.028080624139339
0.028092410320650
0.028106248431827
0.028122165202362
0.028140179606318
0.028160302459332
0.028182535590895
0.028206870500070
0.028233286403757
0.028261747592347
0.028292200018936
0.028324567065710
0.028358744454850
0.028394594301082
0.028431938338177
0.028470550391275
0.028510148209711
0.028550384819434
0.028590839598723
0.028631009324052
0.028670299473216
0.028708016108715
0.028743358694654
0.028775414223988
0.028803153048495
0.028825426810663
0.028840968873409
0.028848397629356
0.028846223045114
0.028832856756611
0.028806625978124
0.028765791419428
0.028708569322079
0.028633157627318
0.028537766175043
0.028420650707201
0.028280150311950
0.028114727800075
0.027923012356353
0.027703843660418
0.027456316529535
0.027179825005379
0.026874104694388
0.026539272082812
0.026175859489052
0.025784844292810
0.025367671097896
0.024926265547059
0.024463038615864
0.023980880369852
0.023483142374902
0.022973608203227
0.022456451773093
0.021936183593697
0.021417585350216
0.020905633648275
0.020405414130811
0.019922027570385
0.019460489912209
0.019025628582116
0.018621977663879
0.018253674776173
0.017924362626777
0.017637098277669
0.017394273109405
0.017197546319945
0.017047794528986
0.016945079685729
0.016888637002364
0.016876884068773
0.016907451662516
0.016977236072588
0.017082472030280
0.017218824613074
0.017381497787022
0.017565356609158
0.017765059553222
0.017975196975950
0.018190431430833
0.018405635379896
0.018616021864298
0.018817263877303
0.019005598536635
0.019177912668287
0.019331807073455
0.019465637530367
0.019578531452685
0.019670380050221
0.019741806776182
0.019794113756579
0.019829208740048
0.019849515840676
0.019857873936976
0.019857427007590
0.019851510907305
0.019843541103344
0.019836905699912
0.019834867687613
0.019840479783054
0.019856514502193
0.019885411276363
0.019929241516824
0.019989691610332
0.020068062934295
0.020165287163814
0.020281954447851
0.020418351494821
0.020574506256263
0.020750235747264
0.020945193598232
0.021158914186196
0.021390850625109
0.021640404472981
0.021906945699944
0.022189822210326
0.022488358975180
0.022801847561337
0.023129527493820
0.023470561421631
0.023824006442032
0.024188784155777
0.024563652066940
0.024947178809657
0.025337725395259
0.025733434252111
0.026132227310052
0.026531813800710
0.026929707845508
0.027323255326334
0.027709669017426
0.028086070533430
0.028449537341559
0.028797152910076
0.029126058024868
0.029433501394519
0.029716887866314
0.029973822867312
0.030202152036583
0.030399995394095
0.030565775765491
0.030698241519048
0.030796483945467
0.030859949803429
0.030888449653199
0.030882162604954
0.030841638025035
0.030767794586981
0.030661916846737
0.030525649288813
0.030360987560486
0.030170266411774
0.029956143714108
0.029721579859179
0.029469811853385
0.029204321526214
0.028928797458562
0.028647090496949
0.028363163033159
0.028081032572308
0.027804710459635
0.027538136960908
0.027285114169046
0.027049238420271
0.026833834032501
0.026641890219273
0.026476002983918
0.026338323667267
0.026230515620114
0.026153720215276
0.026108533122336
0.026094991460438
0.026112572138720
0.026160201405460
0.026236275366604
0.026338691008549
0.026464887070337
0.026611893954363
0.026776391736226
0.026954775225959
0.027143224936126
0.027337782720103
0.027534430751254
0.027729172418951
0.027918113622286
0.028097542852491
0.028264008379077
0.028414390803370
0.028545969228247
0.028656479325812
0.028744161674907
0.028807798894299
0.028846740317382
0.028860913238163
0.028850820099307
0.028817521379895
0.028762604358452
0.028688138358427
0.028596617510010
0.028490892465289
0.028374092865964
0.028249542669105
0.028120670674863
0.027990918762266
0.027863650420684
0.027742062164199
0.027629100336014
0.027527385654986
0.027439147632964
0.027366170707832
0.027309753601963
0.027270683038331
0.027249222536428
0.027245116577233
0.027257609980687
0.027285481891155
0.027327093327228
0.027380446833710
0.027443256388295
0.027513025376001
0.027587130163794
0.027662906598260
0.027737736621717
0.027809132165610
0.027874813540653
0.027932779703294
0.027981368036294
0.028019301631461
0.028045722494460
0.028060209590633
0.028062781198606
0.028053881614068
0.028034352826672
0.028005392354660
0.027968498941551
0.027925408275151
0.027878021262256
0.027828327667022
0.027778328085513
0.027729957276481
0.027685011796744
0.027645084701332
0.027611509771093
0.027585317335284
0.027567203279264
0.027557512286326
0.027556235779311
0.027563024424841
0.027577214465058
0.027597866572860
0.027623815410425
0.027653727629381
0.027686165703675
0.027719654749323
0.027752749370394
0.027784097584979
0.027812499029690
0.027836954912232
0.027856707568211
0.027871267964767
0.027880430058379
0.027884271531843
0.027883141077026
0.027877633024952
0.027868550721896
0.027856860579933
0.027843639165687
0.027830016009748
0.027817115004411
0.027805997299199
0.027797608499481
0.027792732728300
0.027791955737863
0.027795638774217
0.027803904331663
0.027816634311973
0.027833480460235
0.027853886317784
0.027877119346481
0.027902311368269
0.027928505056238
