0.255283173629602
0.260278304248798
0.265211412533484
0.270071426833558
0.274847558822002
0.279529380126624
0.284106899666010
0.288570640966383
0.292911718702674
0.297121913685885
0.301193745507942
0.305120542053423
0.308896505092996
0.312516771185443
0.315977467133293
0.319275759261990
0.322409895824975
0.325379241878614
0.328184306022245
0.330826758460203
0.333309439913936
0.335636360990997
0.337812691701097
0.339844740893187
0.341739925467771
0.343506729291262
0.345154651801491
0.346694146344916
0.348136548327619
0.349493993298793
0.350779325122685
0.352005994441874
0.353187947700190
0.354339507086248
0.355475241886015
0.356609831899157
0.357757923779971
0.358933981405903
0.360152131646629
0.361426007192936
0.362768588391705
0.364192046304823
0.365707589448528
0.367325316859979
0.369054080266111
0.370901358186403
0.372873144779719
0.374973856143812
0.377206256595599
0.379571407204627
0.382068638527279
0.384695549101589
0.387448030819280
0.390320321799697
0.393305086857057
0.396393525085487
0.399575503494606
0.402839715023394
0.406173858654620
0.409564838763898
0.412998980284751
0.416462255776294
0.419940520064797
0.423419747815877
0.426886269198565
0.430326998739120
0.433729652538213
0.437082949239277
0.440376790480243
0.443602417020569
0.446752537289818
0.449821425729659
0.452804988973513
0.455700798604628
0.458508089935139
0.461227726942007
0.463862134171672
0.466415197080123
0.468892132907365
0.471299334794532
0.473644192435353
0.475934893103961
0.478180207405464
0.480389264533782
0.482571322168141
0.484735536365514
0.486890736882234
0.489045213258595
0.491206516708166
0.493381282364481
0.495575075762021
0.497792266592693
0.500035931826277
0.502307789268551
0.504608161618149
0.506935970138851
0.509288756250043
0.511662728706767
0.514052833627934
0.516452844454474
0.518855468974019
0.521252470811869
0.523634803217895
0.525992753522045
0.528316097225619
0.530594261277791
0.532816496596635
0.534972060275840
0.537050408127007
0.539041398205057
0.540935505722250
0.542724049252888
0.544399427351666
0.545955363645927
0.547387157119257
0.548691932696630
0.549868885408137
0.550919509413452
0.551847801113050
0.552660423594279
0.553366817941896
0.553979245701956
0.554512746269607
0.554984993430124
0.555416036956809
0.555827918253867
0.556244153645504
0.556689085064908
0.557187105466311
0.557761774996494
0.558434853389870
0.559225283618472
0.560148170840676
0.561213808378605
0.562426808021994
0.563785394659050
0.565280924441031
0.566897680949892
0.568612994953001
0.570397720378492
0.572217082521881
0.574031894900169
0.575800119585165
0.577478723482708
0.579025761241365
0.580402595698478
0.581576150392074
0.582521076935638
0.583221713992364
0.583673714912184
0.583885228163915
0.583877528468929
0.583685016592650
0.583354531276353
0.582943946676880
0.582520061555874
0.582155820782957
0.581926943865734
0.581908067573384
0.582168538744732
0.582768017682980
0.583752070965824
0.585147944118271
0.586960708759459
0.589169975186879
0.591727349833714
0.594554797845449
0.597544044659250
0.600557117680450
0.603428090916601
0.605966052951143
0.607959273302129
0.609180495565434
0.609393239453858
0.608358949657119
0.605844789127483
0.601631839660840
0.595523445101062
0.587353413562517
0.576993785894699
0.564361879021429
0.549426325197273
0.532211851616608
0.512802578702729
0.491343658842483
0.468041128921860
0.443159907967361
0.417019933393462
0.389990493451535
0.362482876998658
0.334941522171067
0.307833900575583
0.281639421031948
0.256837674847860
0.233896371611259
0.213259329511688
0.195334886705329
0.180485090158397
0.169015996162409
0.161169383179563
0.157116134111523
0.156951493087726
0.160692343299296
0.168276589305898
0.179564661766888
0.194343096877892
0.212330079073380
0.233182775824242
0.256506239494664
0.281863604890070
0.308787273738283
0.336790750019667
0.365380773600472
0.394069394488527
0.422385636329381
0.449886415240637
0.476166408131180
0.500866602311649
0.523681304189626
0.544363437582749
0.562728019854799
0.578653764673704
0.592082821575439
0.603018722519225
0.611522662102169
0.617708289056376
0.621735230282832
0.623801603477534
0.624135799232145
0.622987827611854
0.620620527342165
0.617300928049537
0.613292038118586
0.608845303684786
0.604193949462256
0.599547371177323
0.595086704194835
0.590961645433716
0.587288557815470
0.584149840123207
0.581594501941042
0.579639844727718
0.578274117199286
0.577459986890278
0.577138650551433
0.577234394142339
0.577659408532556
0.578318669337538
0.579114698092828
0.579952036559103
0.580741285583677
0.581402583761957
0.581868428225471
0.582085769264046
0.582017341168124
0.581642222630137
0.580955650235856
0.579968136978485
0.578703973337084
0.577199210334273
0.575499241280456
0.573656110921318
0.571725686920149
0.569764828750142
0.567828683140025
0.565968223500647
0.564228133855259
0.562645116582661
0.561246678891693
0.560050426698434
0.559063867909954
0.558284701488575
0.557701545465889
0.557295037518947
0.557039226786274
0.556903165952343
0.556852608575134
0.556851718115296
0.556864701738653
0.556857292986968
0.556798021880850
0.556659227804667
0.556417788423767
0.556055555713749
0.555559506855867
0.554921632359273
0.554138595619963
0.553211206779619
0.552143759025038
0.550943277433521
0.549618729394249
0.548180241957728
0.546638365733207
0.545003417771189
0.543284927844114
0.541491204241604
0.539629027124521
0.537703470037063
0.535717843657865
0.533673750475750
0.531571234907020
0.529409010451101
0.527184743771891
0.524895375006425
0.522537454025164
0.520107473662877
0.517602182959441
0.515018866043934
0.512355575308027
0.509611310789993
0.506786141073308
0.503881264340970
0.500899011371678
0.497842795082751
0.494717013599124
0.491526915665892
0.488278438460417
0.484978028471762
0.481632456108535
0.478248634116967
0.474833448815825
0.471393611686762
0.467935537117239
0.464465250204333
0.460988326614183
0.457509864663970
0.454034488141264
0.450566376966466
0.447109321678153
0.443666796895520
0.440242048381657
0.436838188076617
0.433458291459508
0.430105491799861
0.426783066236560
0.423494509146814
0.420243588912760
0.417034384938671
0.413871302599340
0.410759064693317
0.407702678913647
0.404707381810403
0.401778560674095
0.398921655682674
0.396142045488186
0.393444920132062
0.390835145732489
0.388317125750830
0.385894663794296
0.383570832838751
0.381347855462753
0.379226999190017
0.377208490373833
0.375291449265172
0.373473848034825
0.371752492619447
0.370123028381399
0.368579968755783
0.367116745340999
0.365725777296298
0.364398557456113
0.363125752260900
0.361897312434138
0.360702591294446
0.359530467665670
0.358369470519377
0.357207902735431
0.356033961680136
0.354835854661027
0.353601907707579
0.352320666532513
0.350980988934324
0.349572128292902
0.348083808171463
0.346506288354148
0.344830422905586
0.343047711024363
0.341150341568163
0.339131232150452
0.336984063648759
0.334703310830760
0.332284269610032
0.329723081207697
0.327016753241119
0.324163177510630
0.321161144032993
0.318010350696650
0.314711407804204
0.311265836731879
0.307676061976444
0.303945395973210
0.300078016243910
0.296078934655721
0.291953958824127
0.287709645953836
0.283353249665162
0.278892660581927
0.274336341648644
0.269693259290764
0.264972811627676
0.260184754993404
