0.011140446075098
0.011210825087990
0.011254664006444
0.011270991385674
0.011259095147641
0.011218532143192
0.011149135126600
0.011051017069158
0.010924572764990
0.010770477709117
0.010589684254731
0.010383415083370
0.010153154047922
0.009900634473922
0.009627825029084
0.009336913294338
0.009030287191440
0.008710514442380
0.008380320254146
0.008042563438633
0.007700211191622
0.007356312766555
0.007013972288262
0.006676320958746
0.006346488911621
0.006027576973712
0.005722628591797
0.005434602179401
0.005166344133142
0.004920562760340
0.004699803349635
0.004506424604310
0.004342576644030
0.004210180764990
0.004110911131150
0.004046178550602
0.004017116471293
0.004024569309567
0.004069083203591
0.004150899261740
0.004269949353920
0.004425854471532
0.004617925659866
0.004845167505050
0.005106284136734
0.005399687687497
0.005723509130707
0.006075611400490
0.006453604680563
0.006854863733208
0.007276547125609
0.007715618198245
0.008168867609083
0.008632937277974
0.009104345547864
0.009579513373311
0.010054791342129
0.010526487332886
0.010990894609273
0.011444320151989
0.011883113029701
0.012303692612645
0.012702576435537
0.013076407520450
0.013421980975131
0.013736269687775
0.014016448945403
0.014259919809655
0.014464331090893
0.014627599768979
0.014747929716858
0.014823828591125
0.014854122762066
0.014837970164224
0.014774870957360
0.014664675896849
0.014507592322006
0.014304187680773
0.014055390519601
0.013762488878355
0.013427126041729
0.013051293611111
0.012637321874151
0.012187867463549
0.011705898311912
0.011194675925957
0.010657735020929
0.010098860574901
0.009522062382611
0.008931547209629
0.008331688669922
0.007726994973146
0.007122074712101
0.006521600885646
0.005930273377624
0.005352780137854
0.004793757336665
0.004257748789382
0.003749164971350
0.003272241967025
0.002831000717933
0.002429206953490
0.002070332205298
0.001757516319084
0.001493531888527
0.001280751041286
0.001121115009218
0.001016106911629
0.000966728172079
0.000973478975408
0.001036343152083
0.001154777851393
0.001327708333455
0.001553528172282
0.001830105118477
0.002154792820551
0.002524448548723
0.002935457004671
0.003383760235579
0.003864893601537
0.004374027672504
0.004906015855547
0.005455447475629
0.006016705954890
0.006584031657136
0.007151588887119
0.007713536459408
0.008264101180238
0.008797653518897
0.009308784684142
0.009792384266932
0.010243717564477
0.010658501663413
0.011032979332551
0.011363989759189
0.011649035158025
0.011886342288919
0.012074917939584
0.012214597462076
0.012306085497736
0.012350988084104
0.012351835408891
0.012312094560051
0.012236171716627
0.012129403331614
0.011998035974507
0.011849194626370
0.011690839352815
0.011531710418646
0.011381262050568
0.011249585199488
0.011147319799618
0.011085557166056
0.011075733313707
0.011129514116278
0.011258673352877
0.011474964809241
0.011789989709232
0.012215060848020
0.012761064879761
0.013438324278115
0.014256460536256
0.015224260203110
0.016349545363458
0.017639050160679
0.019098304931904
0.020731529476089
0.022541536906163
0.024529649447487
0.026695627436932
0.029037612651200
0.031552086950576
0.034233847066841
0.037075996193234
0.040069952852088
0.043205477324339
0.046470715726660
0.049852261619162
0.053335234821740
0.056903376913043
0.060539162685216
0.064223926632614
0.067938003366338
0.071660880670979
0.075371363757941
0.079047749123217
0.082668006288658
0.086209965596324
0.089651510137092
0.092970769828523
0.096146315614177
0.099157351737742
0.101983904050917
0.104607002344079
0.107008854743020
0.109173012293000
0.111084521952037
0.112730066337566
0.114098088712921
0.115178901860694
0.115964779666927
0.116450030431115
0.116631051119738
0.116506361992836
0.116076621251548
0.115344619576553
0.114315254650400
0.112995485977869
0.111394270535074
0.109522479987335
0.107392800415274
0.105019615675784
0.102418875697173
0.099607951163910
0.096605476184123
0.093431180650884
0.090105714104903
0.086650462980826
0.083087363170905
0.079438709868254
0.075726966657029
0.071974575798906
0.068203771624788
0.064436398878511
0.060693737776518
0.056996337445471
0.053363859280008
0.049814931627245
0.046367017055023
0.043036293299462
0.039837548816349
0.036784093682472
0.033887686409681
0.031158477048490
0.028604966771836
0.026233983945481
0.024050676511667
0.022058520339211
0.020259343028160
0.018653362502329
0.017239239580049
0.016014143583876
0.014973829934923
0.014112728578028
0.013424042000836
0.012899851543729
0.012531230648548
0.012308363662416
0.012220668798474
0.012256923857634
0.012405393333931
0.012653955560001
0.012990228597577
0.013401693639709
0.013875814765267
0.014400153970975
0.014962480500177
0.015550873589292
0.016153817860880
0.016760290704826
0.017359841104774
0.017942659484014
0.018499638262040
0.019022422928478
0.019503453553649
0.019935996763425
0.020314168309014
0.020632946458907
0.020888176529463
0.021076566951712
0.021195677344347
0.021243899125955
0.021220429253127
0.021125237714794
0.020959029447107
0.020723201357312
0.020419795159744
0.020051446732462
0.019621332699717
0.019133114933833
0.018590883650903
0.017999099748525
0.017362537001503
0.016686224693699
0.015975391221949
0.015235409161880
0.014471742236596
0.013689894578143
0.012895362619462
0.012093589901764
0.011289925029844
0.010489582956258
0.009697609725424
0.008918850760835
0.008157922733471
0.007419189007378
0.006706738619762
0.006024368717965
0.005375570344700
0.004763517435911
0.004191058872771
0.003660713410585
0.003174667292652
0.002734774346368
0.002342558351831
0.001999217469719
0.001705630515028
0.001462364866014
0.001269685803194
0.001127567081026
0.001035702544747
0.000993518616270
0.001000187485848
0.001054640859890
0.001155584129704
0.001301510840567
0.001490717355199
0.001721317620153
0.001991257957497
0.002298331817393
0.002640194439449
0.003014377381939
0.003418302888025
0.003849298066930
0.004304608875388
0.004781413890852
0.005276837872626
0.005787965110493
0.006311852562541
0.006845542784776
0.007386076654914
0.007930505891507
0.008475905367457
0.009019385214095
0.009558102708504
0.010089273932790
0.010610185189690
0.011118204154405
0.011610790737963
0.012085507632952
0.012540030508146
0.012972157814602
0.013379820162230
0.013761089222819
0.014114186113039
0.014437489209168
0.014729541344187
0.014989056337591
0.015214924808660
0.015406219225172
0.015562198141544
0.015682309583090
0.015766193536628
0.015813683511788
0.015824807142216
0.015799785801280
0.015739033212779
0.015643153043575
0.015512935471787
0.015349352731283
0.015153553640434
0.014926857130550
0.014670744796846
0.014386852502250
0.014076961071683
0.013742986121587
0.013386967076387
0.013011055430115
0.012617502317632
0.012208645465592
0.011786895598550
0.011354722380277
0.010914639974471
0.010469192312512
0.010020938158752
0.009572436065976
0.009126229315164
0.008684830934439
0.008250708892176
0.007826271558645
0.007413853529233
0.007015701900326
0.006633963086316
0.006270670262897
0.005927731517986
0.005606918787114
0.005309857645199
0.005038018021071
0.004792705895221
0.004575056034820
0.004386025813385
0.004226390155317
0.004096737638264
0.003997467778649
0.003928789517950
0.003890720919479
0.003883090077428
0.003905537231994
0.003957518076474
0.004038308234350
0.004147008876697
