0.005578975458923
0.006038097748671
0.006512825855611
0.007002328661439
0.007505748988489
0.008022205825333
0.008550796577989
0.009090599340379
0.009640675177835
0.010200070417464
0.010767818939365
0.011342944462775
0.011924462821376
0.012511384222150
0.013102715482331
0.013697462239191
0.014294631127563
0.014893231920235
0.015492279626527
0.016090796544605
0.016687814263272
0.017282375609268
0.017873536536264
0.018460367952057
0.019041957480650
0.019617411156198
0.020185855046012
0.020746436800089
0.021298327124875
0.021840721179217
0.022372839890724
0.022893931190982
0.023403271168337
0.023900165137194
0.024383948623006
0.024853988262390
0.025309682618010
0.025750462908119
0.026175793650831
0.026585173223467
0.026978134337460
0.027354244429558
0.027713105970212
0.028054356690267
0.028377669727194
0.028682753692325
0.028969352660675
0.029237246085092
0.029486248636638
0.029716209973202
0.029927014438511
0.030118580693778
0.030290861284367
0.030443842143914
0.030577542038483
0.030692011953343
0.030787334425096
0.030863622821876
0.030921020574450
0.030959700361049
0.030979863248814
0.030981737794769
0.030965579109231
0.030931667884593
0.030880309392422
0.030811832451785
0.030726588371726
0.030624949870794
0.030507309976472
0.030374080907367
0.030225692940943
0.030062593269547
0.029885244847450
0.029694125231537
0.029489725418233
0.029272548679211
0.029043109398317
0.028801931912119
0.028549549356374
0.028286502520671
0.028013338713375
0.027730610638973
0.027438875289779
0.027138692853925
0.026830625641418
0.026515237030009
0.026193090432491
0.025864748286957
0.025530771071481
0.025191716344560
0.024848137812579
0.024500584425483
0.024149599501706
0.023795719883377
0.023439475122664
0.023081386700099
0.022721967275570
0.022361719972644
0.022001137696750
0.021640702487692
0.021280884906891
0.020922143459637
0.020564924052605
0.020209659486775
0.019856768985838
0.019506657760103
0.019159716605847
0.018816321539981
0.018476833469859
0.018141597897963
0.017810944661175
0.017485187704282
0.017164624887277
0.016849537826018
0.016540191765722
0.016236835486740
0.015939701242015
0.015649004725587
0.015364945071468
0.015087704882168
0.014817450286145
0.014554331023387
0.014298480558342
0.014050016219351
0.013809039363747
0.013575635567740
0.013349874840203
0.013131811859449
0.012921486232073
0.012718922772929
0.012524131805298
0.012337109480276
0.012157838114444
0.011986286544825
0.011822410500182
0.011666152987658
0.011517444693797
0.011376204398974
0.011242339404245
0.011115745969667
0.010996309763113
0.010883906318620
0.010778401503336
0.010679651992105
0.010587505748763
0.010501802513234
0.010422374293500
0.010349045861550
0.010281635252434
0.010219954265540
0.010163808967244
0.010113000194095
0.010067324055711
0.010026572436582
0.009990533495995
0.009958992165308
0.009931730641834
0.009908528878596
0.009889165069259
0.009873416127533
0.009861058160404
0.009851866934533
0.009845618335207
0.009842088817252
0.009841055847323
0.009842298337019
0.009845597066306
0.009850735096739
0.009857498173995
0.009865675119279
0.009875058209158
0.009885443543427
0.009896631400621
0.009908426580821
0.009920638735419
0.009933082683548
0.009945578714874
0.009957952878522
0.009970037257889
0.009981670231133
0.009992696717177
0.010002968407055
0.010012343980468
0.010020689307453
0.010027877635071
0.010033789759050
0.010038314180360
0.010041347246684
0.010042793278811
0.010042564681966
0.010040582042130
0.010036774207436
0.010031078354699
0.010023440041233
0.010013813242048
0.010002160372602
0.009988452297262
0.009972668323660
0.009954796183147
0.009934831997565
0.009912780232564
0.009888653637707
0.009862473173639
0.009834267926577
0.009804075010410
0.009771939456721
0.009737914093018
0.009702059409500
0.009664443414696
0.009625141480294
0.009584236175516
0.009541817091382
0.009497980655226
0.009452829935810
0.009406474439424
0.009359029897323
0.009310618044878
0.009261366392820
0.009211407990951
0.009160881184700
0.009109929364900
0.009058700711167
0.009007347929252
0.008956027982760
0.008904901819577
0.008854134093416
0.008803892880817
0.008754349393992
0.008705677689862
0.008658054375655
0.008611658311404
0.008566670309725
0.008523272833178
0.008481649689601
0.008441985725702
0.008404466519285
0.008369278070407
0.008336606491789
0.008306637698817
0.008279557099412
0.008255549284100
0.008234797716567
0.008217484424995
0.008203789694482
0.008193891760805
0.008187966505839
0.008186187154880
0.008188723976165
0.008195743982843
0.008207410637673
0.008223883560710
0.008245318240226
0.008271865747145
0.008303672453222
0.008340879753239
0.008383623791455
0.008432035192573
0.008486238797449
0.008546353403830
0.008612491512323
0.008684759077878
0.008763255267022
0.008848072221076
0.008939294825638
0.009037000486544
0.009141258912586
0.009252131905225
0.009369673155563
0.009493928048812
0.009624933476533
0.009762717656903
0.009907299963252
0.010058690761156
0.010216891254326
0.010381893339578
0.010553679471128
0.010732222534503
0.010917485730314
0.011109422468168
0.011307976270989
0.011513080690013
0.011724659230725
0.011942625290005
0.012166882104746
0.012397322712207
0.012633829922367
0.012876276302530
0.013124524174431
0.013378425624108
0.013637822524760
0.013902546572845
0.014172419337646
0.014447252324518
0.014726847052033
0.015010995143239
0.015299478431207
0.015592069079065
0.015888529714672
0.016188613580110
0.016492064696113
0.016798618041578
0.017107999748256
0.017419927310722
0.017734109811700
0.018050248162791
0.018368035360643
0.018687156758582
0.019007290353682
0.019328107089249
0.019649271172667
0.019970440408513
0.020291266546835
0.020611395646467
0.020930468453207
0.021248120792666
0.021563983977575
0.021877685229293
0.022188848113229
0.022497092987871
0.022802037467079
0.023103296895246
0.023400484834942
0.023693213566574
0.023981094599597
0.024263739194753
0.024540758896812
0.024811766077211
0.025076374485997
0.025334199812416
0.025584860253473
0.025827977089745
0.026063175267705
0.026290083987771
0.026508337297276
0.026717574687508
0.026917441693959
0.027107590498863
0.027287680535115
0.027457379090586
0.027616361911872
0.027764313806447
0.027900929242205
0.028025912943310
0.028138980481303
0.028239858860346
0.028328287095505
0.028404016782922
0.028466812660761
0.028516453159742
0.028552730942114
0.028575453427890
0.028584443307168
0.028579539037351
0.028560595324084
0.028527483584741
0.028480092393263
0.028418327905203
0.028342114261799
0.028251393971949
0.028146128270931
0.028026297454784
0.027891901189232
0.027742958792103
0.027579509488185
0.027401612635520
0.027209347922146
0.027002815532347
0.026782136281503
0.026547451718682
0.026298924196141
0.026036736904965
0.025761093876132
0.025472219946313
0.025170360687802
0.024855782302019
0.024528771476074
0.024189635201970
0.023838700558074
0.023476314452544
0.023102843328491
0.022718672830706
0.022324207433875
0.021919870032274
0.021506101490995
0.021083360158879
0.020652121343356
0.020212876747531
0.019766133869888
0.019312415367104
0.018852258380543
0.018386213827067
0.017914845654914
0.017438730065462
0.016958454701799
0.016474617805084
0.015987827339800
0.015498700089060
0.015007860721224
0.014515940829175
0.014023577943668
0.013531414522267
