0.005669327178494
0.005671927702608
0.005674304781124
0.005676355076392
0.005677987864812
0.005679129359918
0.005679726325050
0.005679748801836
0.005679191818868
0.005678075989768
0.005676446959252
0.005674373707721
0.005671945776919
0.005669269529026
0.005666463596805
0.005663653721105
0.005660967202232
0.005658527211958
0.005656447222299
0.005654825804998
0.005653742041938
0.005653251761927
0.005653384784474
0.005654143307709
0.005655501527423
0.005657406519475
0.005659780360911
0.005662523408738
0.005665518601761
0.005668636602901
0.005671741558977
0.005674697224196
0.005677373173850
0.005679650827184
0.005681429003435
0.005682628752639
0.005683197232342
0.005683110441567
0.005682374672735
0.005681026598493
0.005679131971136
0.005676782974941
0.005674094333302
0.005671198330419
0.005668238958680
0.005665365445514
0.005662725445135
0.005660458199941
0.005658687982062
0.005657518117423
0.005657025872764
0.005657258451178
0.005658230295227
0.005659921840583
0.005662279799689
0.005665218986994
0.005668625627813
0.005672362024882
0.005676272393395
0.005680189619485
0.005683942651512
0.005687364200264
0.005690298404929
0.005692608117663
0.005694181470975
0.005694937418938
0.005694829984255
0.005693850996995
0.005692031175080
0.005689439468692
0.005686180667530
0.005682391347984
0.005678234313289
0.005673891750137
0.005669557386868
0.005665427988289
0.005661694557912
0.005658533638252
0.005656099102442
0.005654514815545
0.005653868511808
0.005654207185954
0.005655534234148
0.005657808506232
0.005660945348098
0.005664819625289
0.005669270629921
0.005674108686645
0.005679123193634
0.005684091765047
0.005688790085486
0.005693002047260
0.005696529720017
0.005699202700668
0.005700886410065
0.005701488941170
0.005700966120100
0.005699324514411
0.005696622209294
0.005692967268506
0.005688513898747
0.005683456439468
0.005678021400137
0.005672457859395
0.005667026620907
0.005661988585401
0.005657592844003
0.005654065022202
0.005651596405033
0.005650334351689
0.005650374462368
0.005651754893004
0.005654453127283
0.005658385413183
0.005663408957425
0.005669326850434
0.005675895571753
0.005682834806756
0.005689839195305
0.005696591536738
0.005702776897814
0.005708097015002
0.005712284352612
0.005715115175913
0.005716421024161
0.005716098022270
0.005714113549819
0.005710509889646
0.005705404601378
0.005698987503183
0.005691514292040
0.005683296982924
0.005674691493793
0.005666082839864
0.005657868520956
0.005650440783960
0.005644168513857
0.005639379547110
0.005636344208039
0.005635260840546
0.005636244044349
0.005639316228367
0.005644402967078
0.005651332493009
0.005659839485797
0.005669573132093
0.005680109238696
0.005690965991553
0.005701622774064
0.005711541297404
0.005720188161006
0.005727057859610
0.005731695190044
0.005733715990324
0.005732825168334
0.005728831048126
0.005721655177584
0.005711336898943
0.005698032178598
0.005682006418257
0.005663621217783
0.005643315321801
0.005621580247147
0.005598931345917
0.005575875298349
0.005552875240726
0.005530314906055
0.005508463280926
0.005487441353679
0.005467192541456
0.005447458333878
0.005427760578135
0.005407391655759
0.005385413569390
0.005360666674715
0.005331788467095
0.005297242474716
0.005255356932361
0.005204372525563
0.005142498117802
0.005067973017866
0.004979134024401
0.004874485213136
0.004752768221028
0.004613030640604
0.004454690074814
0.004277591422881
0.004082055073323
0.003868913870808
0.003639536995149
0.003395839236789
0.003140274564121
0.002875813341765
0.002605903061322
0.002334412971065
0.002065563521352
0.001803842060442
0.001553906702983
0.001320480733605
0.001108240284677
0.000921698326367
0.000765088216711
0.000642250170597
0.000556524013326
0.000510651484559
0.000506691152801
0.000545948694096
0.000628924889198
0.000755283212738
0.000923838339940
0.001132566298064
0.001378636359522
0.001658464131425
0.001967784662683
0.002301743785156
0.002655005349367
0.003021871526244
0.003396412940400
0.003772605091126
0.004144467315062
0.004506200456430
0.004852319439914
0.005177777087403
0.005478075778248
0.005749363915500
0.005988514616161
0.006193184577288
0.006361851664681
0.006493830407751
0.006589265242633
0.006649102004452
0.006675038808058
0.006669458054039
0.006635341834842
0.006576173477416
0.006495828330096
0.006398457171243
0.006288365778032
0.006169894241757
0.006047299550979
0.005924644789412
0.005805698018757
0.005693843548354
0.005592007846770
0.005502601841312
0.005427480797454
0.005367922390357
0.005324622994442
0.005297711643828
0.005286780574919
0.005290930769805
0.005308830490723
0.005338784444369
0.005378810950385
0.005426724317646
0.005480219558543
0.005536956595343
0.005594641230698
0.005651100360040
0.005704349187638
0.005752648558742
0.005794550923684
0.005828933890702
0.005855020786410
0.005872388109542
0.005880960218690
0.005880992022518
0.005873040827376
0.005857928829945
0.005836698011437
0.005810559387446
0.005780838688906
0.005748920592889
0.005716193588037
0.005683997451921
0.005653575142792
0.005626030674485
0.005602294261044
0.005583095698783
0.005568946610795
0.005560131825764
0.005556709812586
0.005558521757617
0.005565208564262
0.005576234785504
0.005590918277704
0.005608464195340
0.005628001835747
0.005648622792815
0.005669418888663
0.005689518420368
0.005708119380291
0.005724518477008
0.005738134991486
0.005748528740525
0.005755411676671
0.005758652920213
0.005758277283869
0.005754457604204
0.005747501426240
0.005737832790681
0.005725970039809
0.005712500683001
0.005698054442396
0.005683275631894
0.005668796008464
0.005655209175826
0.005643047520617
0.005632762525376
0.005624709137627
0.005619134687434
0.005616172645174
0.005615841305368
0.005618047279563
0.005622593489603
0.005629191179440
0.005637475315341
0.005647022626268
0.005657371452102
0.005668042519713
0.005678559756592
0.005688470278013
0.005697362744582
0.005704883378932
0.005710749048706
0.005714756962199
0.005716790676935
0.005716822283161
0.005714910787116
0.005711196876108
0.005705894392629
0.005699278972432
0.005691674406700
0.005683437367570
0.005674941186724
0.005666559397109
0.005658649738174
0.005651539286388
0.005645511307605
0.005640794339494
0.005637553904935
0.005635887136010
0.005635820458340
0.005637310352694
0.005640247080583
0.005644461138439
0.005649732095680
0.005655799380001
0.005662374501738
0.005669154160952
0.005675833657157
0.005682120023026
0.005687744329142
0.005692472655363
0.005696115293073
0.005698533828083
0.005699645852318
0.005699427159206
0.005697911388175
0.005695187193114
0.005691393113507
0.005686710420864
0.005681354293335
0.005675563734917
0.005669590700049
0.005663688908206
0.005658102835802
0.005653057354519
0.005648748447427
0.005645335378842
0.005642934623593
0.005641615779460
0.005641399596771
0.005642258165473
0.005644117206460
0.005646860324612
0.005650334999521
0.005654360019612
0.005658734009122
0.005663244657276
0.005667678236377
0.005671828991173
0.005675507995407
0.005678551102234
0.005680825661344
0.005682235735018
0.005682725615203
0.005682281520710
0.005680931434502
0.005678743122176
0.005675820450622
0.005672298197202
0.005668335601731
0.005664108963450
0.005659803621227
0.005655605676029
0.005651693819661
0.005648231622908
0.005645360610337
0.005643194409343
0.005641814209697
