0.024681064097610
0.024678619586633
0.024673879360185
0.024666932435581
0.024657920417679
0.024647035181465
0.024634515099546
0.024620639905688
0.024605724334391
0.024590110720316
0.024574160778087
0.024558246811008
0.024542742615404
0.024528014354900
0.024514411676003
0.024502259323277
0.024491849490071
0.024483435110670
0.024477224263328
0.024473375812896
0.024471996378463
0.024473138667435
0.024476801174540
0.024482929203860
0.024491417135432
0.024502111826282
0.024514817009596
0.024529298535706
0.024545290284678
0.024562500572707
0.024580618872772
0.024599322673831
0.024618284311482
0.024637177615823
0.024655684238356
0.024673499538227
0.024690337928137
0.024705937600772
0.024720064577015
0.024732516036617
0.024743122909974
0.024751751725757
0.024758305723097
0.024762725248830
0.024764987469998
0.024765105439620
0.024763126559866
0.024759130491624
0.024753226563249
0.024745550734360
0.024736262173102
0.024725539507521
0.024713576813692
0.024700579405076
0.024686759489263
0.024672331759800
0.024657508992197
0.024642497714335
0.024627494022468
0.024612679614508
0.024598218112430
0.024584251744988
0.024570898460445
0.024558249536248
0.024546367748196
0.024535286155257
0.024525007547530
0.024515504593476
0.024506720708547
0.024498571650668
0.024490947828971
0.024483717291443
0.024476729335325
0.024469818662406
0.024462809980767
0.024455522936384
0.024447777243382
0.024439397871700
0.024430220146230
0.024420094612623
0.024408891531932
0.024396504878896
0.024382855736130
0.024367894997980
0.024351605321943
0.024334002291090
0.024315134776459
0.024295084512592
0.024273964921160
0.024251919236110
0.024229117998370
0.024205755998616
0.024182048753060
0.024158228599927
0.024134540503916
0.024111237653195
0.024088576929189
0.024066814324517
0.024046200379627
0.024026975704671
0.024009366650512
0.023993581191539
0.023979805083407
0.023968198360422
0.023958892239689
0.023951986501477
0.023947547416654
0.023945606291434
0.023946158696107
0.023949164436862
0.023954548317708
0.023962201722299
0.023971985023331
0.023983730800549
0.023997247818193
0.024012325680487
0.024028740051196
0.024046258292624
0.024064645352669
0.024083669708107
0.024103109159719
0.024122756271910
0.024142423256737
0.024161946120032
0.024181187914948
0.024200040984423
0.024218428116859
0.024236302586267
0.024253647096448
0.024270471695706
0.024286810771258
0.024302719268603
0.024318268308660
0.024333540393125
0.024348624395611
0.024363610532664
0.024378585495295
0.024393627899393
0.024408804183725
0.024424165049060
0.024439742493070
0.024455547455088
0.024471568044280
0.024487768286009
0.024504087285673
0.024520438678289
0.024536710206643
0.024552763251937
0.024568432129117
0.024583522955222
0.024597811903538
0.024611042669587
0.024622922997211
0.024633120144562
0.024641255210686
0.024646896293602
0.024649550510094
0.024648654975462
0.024643566917496
0.024633553181976
0.024617779475555
0.024595299784089
0.024565046497714
0.024525821865044
0.024476291483790
0.024414980609127
0.024340274118701
0.024250421008257
0.024143544297730
0.024017657197657
0.023870686313280
0.023700502542952
0.023504960153638
0.023281944286764
0.023029426861685
0.022745530504354
0.022428599741088
0.022077278271455
0.021690590683853
0.021268026519949
0.020809624151070
0.020316051525116
0.019788680503296
0.019229651259408
0.018641923087780
0.018029307984401
0.017396483550546
0.016748982134515
0.016093153682954
0.015436100516752
0.014785583165498
0.014149897465050
0.013537724309186
0.012957954701831
0.012419494024105
0.011931050646320
0.011500915110159
0.011136737011320
0.010845307362207
0.010632354550475
0.010502361988108
0.010458415139837
0.010502084822445
0.010633352493650
0.010850581740303
0.011150538392683
0.011528459717003
0.011978171070078
0.012492246347220
0.013062206629064
0.013678749743912
0.014332002107060
0.015011783257014
0.015707873036543
0.016410271391921
0.017109441284030
0.017796526187289
0.018463535035326
0.019103489170662
0.019710527765972
0.020279970192670
0.020808335801786
0.021293323440894
0.021733754660622
0.022129485885498
0.022481295780831
0.022790754610687
0.023060082549302
0.023292003702550
0.023489602062222
0.023656184816198
0.023795157445549
0.023909913934111
0.024003744274937
0.024079760352761
0.024140840273092
0.024189590343336
0.024228323220770
0.024259050241345
0.024283485632527
0.024303060180206
0.024318941941573
0.024332061743574
0.024343141447374
0.024352723260024
0.024361198704322
0.024368836189951
0.024375806441761
0.024382205319391
0.024388073796548
0.024393415054158
0.024398208779584
0.024402422857890
0.024406022696750
0.024408978451243
0.024411270416025
0.024412892837493
0.024413856373782
0.024414189401309
0.024413938336997
0.024413167118484
0.024411955962280
0.024410399503217
0.024408604407799
0.024406686548954
0.024404767829466
0.024402972744816
0.024401424782017
0.024400242757725
0.024399537204914
0.024399406921402
0.024399935794166
0.024401190009890
0.024403215753951
0.024406037487015
0.024409656870865
0.024414052393702
0.024419179720997
0.024424972772077
0.024431345496444
0.024438194298363
0.024445401034771
0.024452836490863
0.024460364220449
0.024467844624848
0.024475139134944
0.024482114356179
0.024488646035807
0.024494622715732
0.024499948942695
0.024504547920616
0.024508363507366
0.024511361480235
0.024513530020396
0.024514879396306
0.024515440858340
0.024515264790772
0.024514418200969
0.024512981657623
0.024511045817930
0.024508707705996
0.024506066919665
0.024503221948840
0.024500266784563
0.024497287984078
0.024494362333456
0.024491555217121
0.024488919764510
0.024486496800533
0.024484315580923
0.024482395248976
0.024480746909129
0.024479376177982
0.024478286046756
0.024477479872265
0.024476964307332
0.024476751986217
0.024476863795732
0.024477330587191
0.024478194216596
0.024479507838536
0.024481335420931
0.024483750490620
0.024486834161525
0.024490672535493
0.024495353598951
0.024500963764638
0.024507584225590
0.024515287297634
0.024524132926555
0.024534165527123
0.024545411303997
0.024557876180293
0.024571544429742
0.024586378074557
0.024602317075275
0.024619280302649
0.024637167247065
0.024655860389410
0.024675228130188
0.024695128152012
0.024715411074982
0.024735924255368
0.024756515575276
0.024777037074573
0.024797348285644
0.024817319146002
0.024836832382714
0.024855785285150
0.024874090807997
0.024891677973887
0.024908491573600
0.024924491190601
0.024939649604866
0.024953950657441
0.024967386681038
0.024979955622149
0.024991657995677
0.025002493823060
0.025012459708568
0.025021546205422
0.025029735613357
0.025037000332478
0.025043301875166
0.025048590609358
0.025052806273939
0.025055879271770
0.025057732709748
0.025058285120003
0.025057453763688
0.025055158390381
0.025051325303339
0.025045891564696
0.025038809166056
0.025030048988886
0.025019604385804
0.025007494227615
0.024993765281208
0.024978493808914
0.024961786309565
0.024943779353801
0.024924638499705
0.024904556308223
0.024883749509594
0.024862455400994
0.024840927580700
0.024819431144423
0.024798237484502
0.024777618841982
0.024757842765230
0.024739166626814
0.024721832343396
0.024706061431978
0.024692050520891
0.024679967416295
0.024669947805626
0.024662092659417
0.024656466372913
0.024653095669763
0.024651969272175
0.024653038325730
