9.047057959356641713e-03
9.186064573225793950e-03
9.329237714545083465e-03
9.476707812005713549e-03
9.628610203687947705e-03
9.785085350542670202e-03
9.946279060444269959e-03
1.011234272338602802e-02
1.028343355844679383e-02
1.045971487319312040e-02
1.064135633621434221e-02
1.082853426354398949e-02
1.102143191976144923e-02
1.122023983461854606e-02
1.142515613609181545e-02
1.163638690082332769e-02
1.185414652295992827e-02
1.207865810249948019e-02
1.231015385427457025e-02
1.254887553883751034e-02
1.279507491654859226e-02
1.304901422628055620e-02
1.331096669024225965e-02
1.358121704652444188e-02
1.386006211108395045e-02
1.414781137099915126e-02
1.444478761095703903e-02
1.475132757507058648e-02
1.506778266626980327e-02
1.539451968567406848e-02
1.573192161452978410e-02
1.608038844144479840e-02
1.644033803793916448e-02
1.681220708543205641e-02
1.719645205711670816e-02
1.759355025837888026e-02
1.800400092969195454e-02
1.842832641624399595e-02
1.886707340883780198e-02
1.932081426098312266e-02
1.979014838746754115e-02
2.027570375009439194e-02
2.077813843674138766e-02
2.129814234036862472e-02
2.183643894512252853e-02
2.239378722728346122e-02
2.297098367940137928e-02
2.356886446667329216e-02
2.418830772533991924e-02
2.483023601370631939e-02
2.549561892727775919e-02
2.618547589046960750e-02
2.690087913842323375e-02
2.764295690361763883e-02
2.841289682325432581e-02
2.921194958478487425e-02
3.004143282851102353e-02
3.090273532786116245e-02
3.179732146982837404e-02
3.272673606010326197e-02
3.369260947970503794e-02
3.469666322241103662e-02
3.574071584505451177e-02
3.682668936580960062e-02
3.795661614898157565e-02
3.913264631855181697e-02
4.035705574691376973e-02
4.163225466984728923e-02
4.296079698392968327e-02
4.434539028831423896e-02
4.578890673919697174e-02
4.729439479241896033e-02
4.886509191764053933e-02
5.050443837642580591e-02
5.221609216659534036e-02
5.400394524641148608e-02
5.587214116476636738e-02
5.782509423773289636e-02
5.986751042778716558e-02
6.200441010005082465e-02
6.424115285021871069e-02
6.658346462185636694e-02
6.903746735677934732e-02
7.160971145177957853e-02
7.430721132841461296e-02
7.713748446074242260e-02
8.010859424914010263e-02
8.322919717775242865e-02
8.650859474938699112e-02
8.995679075594890939e-02
9.358455451595029673e-02
9.740349079464524773e-02
1.014261172185691035e-01
1.056659501064925732e-01
1.101375997652917216e-01
1.148568764443843870e-01
1.198409083091249994e-01
1.251082729851709374e-01
1.306791444461843643e-01
1.365754572707045811e-01
1.428210905857061341e-01
1.494420743500680382e-01
1.564668210176074492e-01
1.639263860641332060e-01
1.718547613748663272e-01
1.802892060774902161e-01
1.892706200833024766e-01
1.988439663770723287e-01
2.090587489895016082e-01
2.199695546104555866e-01
2.316366669736765194e-01
2.441267644835268258e-01
2.575137130815625119e-01
2.718794680866140068e-01
2.873151007079446373e-01
3.039219671476713347e-01
3.218130406943944810e-01
3.411144299788922973e-01
3.619671096212231376e-01
3.845288928412153862e-01
4.089766792080016256e-01
4.355090145201573337e-01
4.643490037513902657e-01
4.957476219331097833e-01
5.299874715729617769e-01
5.673870384366257458e-01
6.083054998410084568e-01
6.531481404622681008e-01
7.023724293032925781e-01
7.564948069075121406e-01
8.160982228771059832e-01
8.818404486409910925e-01
9.544631672171614012e-01
1.034801807988128042e+00
1.123796047368758266e+00
1.222500832370195800e+00
1.332097699773186594e+00
1.453906055046711554e+00
1.589393938496129532e+00
1.740187638119875757e+00
1.908079307113687451e+00
2.095031508559599853e+00
2.303177342988349086e+00
2.534814522281901183e+00
2.792391446275710898e+00
3.078483031618738153e+00
3.395753755226568416e+00
3.746905128299294674e+00
4.134604630543256221e+00
4.561393018410232258e+00
5.029566868596772267e+00
5.541033193256012623e+00
6.097132893333656156e+00
6.698429587448193168e+00
7.344459822851574948e+00
8.033439708094967102e+00
8.761921558884962380e+00
9.524392401973805988e+00
1.031280475825611909e+01
1.111603036782093668e+01
1.191923181263638298e+01
1.270315904788363426e+01
1.344340278357282514e+01
1.410968058814309245e+01
1.466530043442134890e+01
1.506704345834496905e+01
1.526582969616468510e+01
1.520866250382122686e+01
1.484245695702029799e+01
1.412039149954936512e+01
1.301130769654201913e+01
1.151233883551168447e+01
9.664308054219022281e+00
7.568486006493966300e+00
5.402117151013921870e+00
3.428924211284846368e+00
1.999933294169955911e+00
1.539875483186574190e+00
2.515552012129043113e+00
5.385162378545762962e+00
1.053159316823353109e+01
1.818746234719424137e+01
2.836422187591883315e+01
4.080043416071444540e+01
5.494410149658877884e+01
6.997982663125480940e+01
8.490378170348705567e+01
9.863931875382586156e+01
1.101759485725616514e+02
1.187071735943380588e+02
1.237407035125948198e+02
1.251590551803224685e+02
1.232187675846467130e+02
1.184899753174186685e+02
1.117512562300345564e+02
1.038638271883084769e+02
9.565177077294444530e+01
8.781049023472114357e+01
8.085565066172202364e+01
7.511275084107941780e+01
7.073699721112373595e+01
6.774739572696313417e+01
6.605928701415226101e+01
6.550517170291567481e+01
6.584211379821078935e+01
6.675198169426670347e+01
6.784537878587545379e+01
6.867978480551626319e+01
6.879746422715857079e+01
6.778102934892773135e+01
6.531699318478570149e+01
6.125290324670108077e+01
5.563335952325349609e+01
4.870448931136756698e+01
4.088388905104773130e+01
3.270132536081116825e+01
2.472217684335817012e+01
1.746892563210570515e+01
1.135535325888629998e+01
6.644043942381325785e+00
3.431805290455688606e+00
1.661451932472125970e+00
1.153585400201145861e+00
1.649435424180526688e+00
2.855642761194818746e+00
4.483574056696414623e+00
6.278528582828631244e+00
8.037147662412346349e+00
9.613789686346553509e+00
1.091821948607895898e+01
1.190762288061563723e+01
1.257586286127726183e+01
1.294231966984240145e+01
1.304188495747768428e+01
1.291693016020819584e+01
1.261147237577579183e+01
1.216736543025991679e+01
1.162213772509892351e+01
1.100803798496777119e+01
1.035188239104316921e+01
9.675374998384118186e+00
8.995663816706800375e+00
8.325977122600669134e+00
7.676249248187729357e+00
7.053690557307943365e+00
6.463285021139338227e+00
5.908214812783461056e+00
5.390218792068397491e+00
4.909894076277971919e+00
4.466949569360084027e+00
4.060418942635055650e+00
3.688839017896797134e+00
3.350398211649018521e+00
3.043058776441998958e+00
2.764655988508705864e+00
2.512977086699071716e+00
2.285822566160438996e+00
2.081052290568088381e+00
1.896618755326420658e+00
1.730589682675968133e+00
1.581161948940490225e+00
1.446668637484021414e+00
1.325580787955888074e+00
1.216505184696798469e+00
1.118179305559873660e+00
1.029464345396997160e+00
9.493370418440417735e-01
8.768808679386984606e-01
8.112770174486042540e-01
7.517954938542792398e-01
6.977865208978755174e-01
6.486724190188912775e-01
6.039400351291824842e-01
5.631337703045085075e-01
5.258492185281844478e-01
4.917274073185392558e-01
4.604496159195375360e-01
4.317327370629176486e-01
4.053251427498559822e-01
3.810030119494057232e-01
3.585670777023529654e-01
3.378397521819223592e-01
3.186625902877417982e-01
3.008940549575047640e-01
2.844075502953677392e-01
2.690896916406633754e-01
2.548387846993563355e-01
2.415634887439485345e-01
2.291816415994225031e-01
2.176192266418757182e-01
2.068094643289140333e-01
1.966920128547392788e-01
1.872122643843927570e-01
1.783207249820189522e-01
1.699724678214859785e-01
1.621266505698772953e-01
1.547460889812435902e-01
1.477968797453576011e-01
1.412480665189609352e-01
1.350713438392227572e-01
1.292407942936373844e-01
1.237326549090527750e-01
1.185251092355248392e-01
1.135981020475343439e-01
1.089331739741887517e-01
1.045133137086933228e-01
1.003228257421215630e-01
9.634721182302803666e-02
9.257306456771785541e-02
8.898797184035743546e-02
8.558043069139859016e-02
8.233976979026422227e-02
7.925607941681117596e-02
7.632014818821290791e-02
7.352340579579419444e-02
7.085787111181696130e-02
6.831610510096293443e-02
6.589116803664524236e-02
6.357658057953621822e-02
6.136628832591300986e-02
5.925462947744856990e-02
5.723630532282957678e-02
5.530635325553953652e-02
5.346012208219786538e-02
5.169324940221067810e-02
5.000164086283256926e-02
4.838145111433779511e-02
4.682906630824568844e-02
4.534108799768274412e-02
4.391431831331564506e-02
4.254574630100581983e-02
4.123253531866333255e-02
3.997201139986061164e-02
3.876165250075292584e-02
3.759907855488914957e-02
3.648204226765731223e-02
3.540842058854445223e-02
3.437620680514051619e-02
3.338350320797824761e-02
3.242851427994579427e-02
3.150954036817785880e-02
3.062497180008650136e-02
2.977328340858724498e-02
2.895302943462386286e-02
2.816283877786479595e-02
2.740141056893727334e-02
2.666751003883067669e-02
2.595996466314766035e-02
2.527766056074551987e-02
2.461953912799089150e-02
2.398459389140315812e-02
2.337186756283842620e-02
2.278044928265589644e-02
2.220947203745669493e-02
2.165811024005396060e-02
2.112557746028857070e-02
2.061112429619890024e-02
2.011403637585331555e-02
1.963363248089448898e-02
1.916926278353183605e-02
1.872030718932135226e-02
1.828617377866648824e-02
1.786629734046937812e-02
1.746013799186734577e-02
1.706717987842210071e-02
1.668692994952698794e-02
1.631891680418925961e-02
1.596268960268262815e-02
1.561781703987074992e-02
1.528388637632746919e-02
1.496050252361254794e-02
1.464728718034010758e-02
1.434387801590914467e-02
1.404992789893347305e-02
1.376510416770122119e-02
1.348908794006325497e-02
1.322157346040726822e-02
1.296226748149390331e-02
1.271088867907935703e-02
1.246716709739477402e-02
1.223084362366876066e-02
1.200166949000329789e-02
1.177940580101799473e-02
1.156382308577840433e-02
1.135470087262361108e-02
1.115182728558778737e-02
1.095499866119235832e-02
1.076401918448428342e-02
1.057870054321167694e-02
1.039886159916780274e-02
1.022432807572967034e-02
1.005493226071928724e-02
9.890512723743560483e-03
9.730914047232117753e-03
9.575986570434232709e-03
9.425586145682791905e-03
9.279573906267692129e-03
9.137816045307261409e-03
9.000183605040444970e-03
8.866552275985272596e-03
