0.038545195815482
0.038323190357407
0.038068789273765
0.037789968680272
0.037495338735859
0.037193832268159
0.036894380576514
0.036605590538838
0.036335437080667
0.036090984331404
0.035878147434182
0.035701505063266
0.035564170334849
0.035467725093268
0.035412219649447
0.035396237083708
0.035417018342507
0.035470641692354
0.035552247764055
0.035656299526813
0.035776865150953
0.035907910899606
0.036043590955541
0.036178521433563
0.036308026720094
0.036428347665561
0.036536802958546
0.036631897145725
0.036713371130436
0.036782193482342
0.036840493417181
0.036891438758159
0.036939064475041
0.036988059428518
0.037043520653002
0.037110685830784
0.037194655499633
0.037300116964789
0.037431081841425
0.037590648637827
0.037780800821552
0.038002249425271
0.038254327495592
0.038534941630242
0.038840583562376
0.039166402321294
0.039506335019786
0.039853291887374
0.040199388884139
0.040536219186793
0.040855153124858
0.041147654836753
0.041405603074437
0.041621603253849
0.041789278048475
0.041903524554141
0.041960727290386
0.041958918000670
0.041897875302283
0.041779159631084
0.041606081525317
0.041383603986320
0.041118182326406
0.040817547450727
0.040490440811530
0.040146311221903
0.039794985239382
0.039446323864585
0.039109878805088
0.038794561512902
0.038508337621906
0.038257958320104
0.038048738642972
0.037884390739892
0.037766917932726
0.037696572951978
0.037671881206394
0.037689727422344
0.037745501582948
0.037833297898827
0.037946158636146
0.038076353081759
0.038215680790773
0.038355787570750
0.038488482421573
0.038606043863854
0.038701504727152
0.038768905491644
0.038803507629548
0.038801960011824
0.038762413260946
0.038684578868064
0.038569731878684
0.038420657914196
0.038241547171457
0.038037839770967
0.037816028356544
0.037583425145977
0.037347901663118
0.037117610127137
0.036900695923646
0.036705010732817
0.036537835747169
0.036405623988649
0.036313770049459
0.036266414657131
0.036266290330091
0.036314613077359
0.036411023641472
0.036553580226405
0.036738803034713
0.036961769305173
0.037216255940482
0.037494925291506
0.037789548267273
0.038091257713790
0.038390823991694
0.038678943919854
0.038946533769311
0.039185016811150
0.039386596054967
0.039544503262361
0.039653216071915
0.039708636106161
0.039708222213788
0.039651074488298
0.039537966345694
0.039371323679875
0.039155151882964
0.038894913254586
0.038597358966500
0.038270321238012
0.037922472660585
0.037563060642700
0.037201625694073
0.036847712708542
0.036510584526039
0.036198946856569
0.035920693145217
0.035682677169591
0.035490520122375
0.035348457682175
0.035259231162649
0.035224025304694
0.035242453693687
0.035312591199009
0.035431051301096
0.035593104744241
0.035792834679506
0.036023322383764
0.036276856793500
0.036545160502713
0.036819624560787
0.037091544376339
0.037352349283820
0.037593818847306
0.037808279736271
0.037988777976785
0.038129222515718
0.038224497284696
0.038270540259436
0.038264389320327
0.038204195973505
0.038089209132509
0.037919732139081
0.037697056976288
0.037423380167083
0.037101705138677
0.036735735863384
0.036329766369982
0.035888570280106
0.035417293898136
0.034921355617575
0.034406353556408
0.033877982457339
0.033341960045170
0.032803962278814
0.032269566318156
0.031744199584532
0.031233093053306
0.030741236888493
0.030273336707703
0.029833769130875
0.029426535784557
0.029055215559907
0.028722915603792
0.028432222201160
0.028185153325584
0.027983115140189
0.027826865077786
0.027716484282900
0.027651362139687
0.027630195333840
0.027651003415079
0.027711162166306
0.027807455285845
0.027936144001024
0.028093053311826
0.028273672672922
0.028473268119574
0.028687002181077
0.028910057448208
0.029137759400152
0.029365694068490
0.029589816322497
0.029806544987204
0.030012841625116
0.030206270583827
0.030385038785485
0.030548014655460
0.030694726500066
0.030825341493063
0.030940627169902
0.031041897918945
0.031130949373124
0.031209983830062
0.031281529863416
0.031348359146015
0.031413403210854
0.031479672463078
0.031550179265083
0.031627866391359
0.031715541633085
0.031815818864648
0.031931065498852
0.032063355979499
0.032214430803989
0.032385660538305
0.032578014374878
0.032792032973276
0.033027805588417
0.033284951799555
0.033562608469776
0.033859422854240
0.034173553001583
0.034502676727324
0.034844010458295
0.035194339139004
0.035550058150254
0.035907227823000
0.036261640651869
0.036608900747174
0.036944514443061
0.037263990339144
0.037562946432951
0.037837221440415
0.038082986938900
0.038296856634785
0.038475988881746
0.038618178574590
0.038721934725481
0.038786540393161
0.038812092169954
0.038799517114858
0.038750565824502
0.038667781220722
0.038554443562628
0.038414493117948
0.038252432808453
0.038073213934421
0.037882108744607
0.037684574118689
0.037486110944011
0.037292123882748
0.037107786134484
0.036937913508588
0.036786851646852
0.036658379605609
0.036555632252046
0.036481043092289
0.036436308273878
0.036422371638883
0.036439429891821
0.036486956230345
0.036563740202448
0.036667941128693
0.036797152179314
0.036948472129857
0.037118581929714
0.037303823488436
0.037500278487591
0.037703845524950
0.037910314450601
0.038115437315081
0.038314995871648
0.038504866014967
0.038681079859565
0.038839886335159
0.038977811185256
0.039091717096046
0.039178864363686
0.039236972052101
0.039264279034875
0.039259603698002
0.039222400456868
0.039152810665592
0.039051705024683
0.038920714273993
0.038762244834458
0.038579476164658
0.038376336943150
0.038157457775110
0.037928098935696
0.037694052669716
0.037461520720262
0.037236968997811
0.037026962557656
0.036837985254070
0.036676249511380
0.036547502526836
0.036456835838398
0.036408505506422
0.036405770141435
0.036450753649278
0.036544338867158
0.036686097256189
0.036874258541702
0.037105722710859
0.037376115158357
0.037679884092802
0.038010437659267
0.038360316676062
0.038721397498234
0.039085118368812
0.039442721749895
0.039785504572490
0.040105068122435
0.040393559388890
0.040643896124552
0.040849968571426
0.041006811749340
0.041110743334596
0.041159463416055
0.041152113747020
0.041089295456329
0.040973045489051
0.040806773270684
0.040595160192298
0.040344025471091
0.040060162734069
0.039751152294902
0.039425154545951
0.039090690176535
0.038756413067100
0.038430881712194
0.038122334909249
0.037838477230760
0.037586279487938
0.037371799005233
0.037200024064617
0.037074746350816
0.036998464635705
0.036972322282416
0.036996080427577
0.037068127914993
0.037185528209870
0.037344102627094
0.037538548272521
0.037762588140460
0.038009149856663
0.038270568632534
0.038538809135374
0.038805700216862
0.039063175814108
0.039303514880668
0.039519572951452
0.039704997923467
0.039854422863999
0.039963629150476
0.040029674002268
0.040050977473018
0.040027365209485
0.039960064714089
0.039851654427465
0.039705966618396
0.039527946768677
0.039323473801683
0.039099147055788
0.038862047279032
0.038619480055370
0.038378710909691
0.038146701833159
0.037929859090458
0.037733801899743
0.037563160914595
0.037421414402510
0.037310768640744
0.037232087388015
0.037184873403825
0.037167302951639
0.037176312121652
0.037207731731470
0.037256465597411
0.037316705200164
0.037382172273619
0.037446379690654
0.037502900256163
0.037545632680127
0.037569054107882
0.037568449127507
0.037540106132294
