0.040141231317743
0.040119249905317
0.040109572396991
0.040113145499158
0.040130658730980
0.040162522300920
0.040208852658552
0.040269466434539
0.040343883189990
0.040431337065616
0.040530797066150
0.040640995354414
0.040760462582102
0.040887568970820
0.041020569596718
0.041157652141392
0.041296985263802
0.041436765730325
0.041575262515212
0.041710856247976
0.041842072628511
0.041967608740671
0.042086351552596
0.042197388276228
0.042300008647184
0.042393699557700
0.042478132809683
0.042553147035211
0.042618725045155
0.042674968004860
0.042722067895852
0.042760279705875
0.042789894702344
0.042811215996204
0.042824537406455
0.042830126404516
0.042828211666655
0.042818975506249
0.042802551208753
0.042779025062130
0.042748442672982
0.042710818990194
0.042666151327325
0.042614434583910
0.042555677813761
0.042489921273178
0.042417253100577
0.042337824827215
0.042251864992208
0.042159690229295
0.042061713303434
0.041958447698111
0.041850508485454
0.041738609346960
0.041623555749708
0.041506234417860
0.041387599368713
0.041268654903559
0.041150436052605
0.041033987067235
0.040920338628847
0.040810484498533
0.040705358363781
0.040605811645173
0.040512593006834
0.040426330268872
0.040347515348995
0.040276492765777
0.040213452120327
0.040158424840356
0.040111285325253
0.040071756478239
0.040039419457543
0.040013727328909
0.039994022162416
0.039979554993137
0.039969507962551
0.039963017880065
0.039959200394597
0.039957173946983
0.039956082685932
0.039955117572802
0.039953534972181
0.039950672123363
0.039945959008633
0.039938926273333
0.039929209004772
0.039916546336580
0.039900777006102
0.039881831148946
0.039859718760890
0.039834515387349
0.039806345709405
0.039775365778286
0.039741744703545
0.039705646621052
0.039667213753713
0.039626551330103
0.039583715044943
0.039538701633111
0.039491442989571
0.039441804106796
0.039389584925723
0.039334526013936
0.039276317804304
0.039214612957842
0.039149041264956
0.039079226377759
0.039004803579916
0.038925437754692
0.038840840709762
0.038750787059473
0.038655127949640
0.038553802031826
0.038446843246344
0.038334385146582
0.038216661681069
0.038094004532278
0.037966837281160
0.037835666812804
0.037701072492505
0.037563693715845
0.037424216467120
0.037283359506687
0.037141860751834
0.037000464323000
0.036859908605900
0.036720915540406
0.036584181200871
0.036450367592002
0.036320095461242
0.036193937833463
0.036072413914948
0.035955982996791
0.035845038015275
0.035739898497409
0.035640802728973
0.035547899122260
0.035461236920777
0.035380756545751
0.035306280050899
0.035237502293436
0.035173983537881
0.035115144273423
0.035060263036884
0.035008477986427
0.034958792864689
0.034910087826776
0.034861135395458
0.034810621553629
0.034757171706701
0.034699380961468
0.034635847891050
0.034565210705940
0.034486184546181
0.034397598464557
0.034298430597127
0.034187840023529
0.034065193908062
0.033930088681637
0.033782364266909
0.033622110652184
0.033449666467752
0.033265609591661
0.033070740189262
0.032866056950061
0.032652727605429
0.032432055072705
0.032205440759761
0.031974346668451
0.031740257949966
0.031504647489967
0.031268943942199
0.031034504396718
0.030802592578156
0.030574363138857
0.030350852261950
0.030132974441296
0.029921524979412
0.029717187459101
0.029520545214878
0.029332095667570
0.029152266296357
0.028981431008842
0.028819925728825
0.028668062146326
0.028526138754443
0.028394448519852
0.028273282783117
0.028162931245996
0.028063678160417
0.027975795073594
0.027899530693786
0.027835098611688
0.027782663736365
0.027742328377934
0.027714118930475
0.027697974079171
0.027693735379068
0.027701140934331
0.027719822753537
0.027749308176053
0.027789025565666
0.027838314259009
0.027896438547082
0.027962605266805
0.028035984394523
0.028115731872313
0.028201013767941
0.028291030776287
0.028385042019009
0.028482387093698
0.028582505365632
0.028684951584717
0.028789407045265
0.028895685682927
0.029003734714949
0.029113629668700
0.029225563898601
0.029339832951423
0.029456814391536
0.029576943927706
0.029700688878786
0.029828520165321
0.029960884108152
0.030098175346495
0.030240712153160
0.030388715323551
0.030542291651801
0.030701422789560
0.030865960021679
0.031035625202225
0.031210017789751
0.031388627619428
0.031570852768136
0.031756021622584
0.031943418063132
0.032132308537687
0.032321969727414
0.032511715501540
0.032700921920981
0.032889049174251
0.033075659505603
0.033260430413014
0.033443162639225
0.033623782738428
0.033802340260209
0.033978999837713
0.034154028687198
0.034327780211734
0.034500674545931
0.034673176977158
0.034845775230173
0.035018956607367
0.035193185938904
0.035368885220553
0.035546415707690
0.035726063098479
0.035908026284481
0.036092409979816
0.036279221367494
0.036468370729922
0.036659675866057
0.036852869945793
0.037047612317909
0.037243501675947
0.037440090900462
0.037636902839471
0.037833446263849
0.038029231242205
0.038223783220432
0.038416655163475
0.038607437218228
0.038795763482771
0.038981315612989
0.039163823156416
0.039343060667576
0.039518841821117
0.039691010890923
0.039859432097447
0.040023977435255
0.040184513672732
0.040340889262308
0.040492921910506
0.040640387532234
0.040783011254886
0.040920461048103
0.041052344439093
0.041178208636843
0.041297544237669
0.041409792525746
0.041514356222240
0.041610613381490
0.041697933988155
0.041775698680527
0.041843318916776
0.041900257816595
0.041946050853836
0.041980325548752
0.042002819313517
0.042013394642809
0.042012050912969
0.041998932158014
0.041974330326615
0.041938683688269
0.041892570244283
0.041836696203950
0.041771879800442
0.041699030935486
0.041619127346542
0.041533188174226
0.041442245960376
0.041347318218336
0.041249379778107
0.041149337113515
0.041048005802761
0.040946092157139
0.040844179878551
0.040742722381326
0.040642041147996
0.040542330195071
0.040443666418898
0.040346025290027
0.040249301084181
0.040153330595153
0.040057919084393
0.039962867095210
0.039867996704764
0.039773175808416
0.039678339128130
0.039583504804972
0.039488785666241
0.039394394538166
0.039300643290037
0.039207935627886
0.039116753987453
0.039027641189093
0.038941177794940
0.038857956336293
0.038778553745339
0.038703503421561
0.038633268385330
0.038568216918890
0.038508601971745
0.038454545420779
0.038406028035489
0.038362885718613
0.038324812286816
0.038291368740620
0.038261998663367
0.038236049100684
0.038212796018456
0.038191473230342
0.038171303534311
0.038151530707707
0.038131450984769
0.038110442679019
0.038087992712157
0.038063718964806
0.038037387564112
0.038008924458333
0.037978420887378
0.037946132628313
0.037912473163495
0.037878001174148
0.037843402992734
0.037809470843647
0.037777077855835
0.037747150936977
0.037720642653529
0.037698503262849
0.037681653994177
0.037670962577676
0.037667221880642
0.037671132334712
0.037683288636248
0.037704170984144
0.037734140895870
0.037773441424628
0.037822201398828
0.037880443129758
0.037948092892880
0.038024993389563
0.038110917343915
0.038205581385543
0.038308659413088
0.038419794721423
0.038538610301433
0.038664716876682
0.038797718415675
0.038937215040344
0.039082803428951
0.039234074973423
0.039390612087098
0.039551983160977
0.039717736729347
0.039887395426791
0.040060450298872
0.040236355972095
0.040414527101569
0.040594336405805
