0.001234666045798
0.001335705434138
0.001445135363666
0.001563444610342
0.001691142296254
0.001828766513778
0.001976894319056
0.002136152344550
0.002307227101325
0.002490873902540
0.002687923255241
0.002899283550763
0.003125938944748
0.003368941461058
0.003629396579853
0.003908441872388
0.004207218611343
0.004526836697008
0.004868333672835
0.005232629030998
0.005620475400366
0.006032408536181
0.006468698266232
0.006929302670366
0.007413827763993
0.007921494815245
0.008451117152662
0.009001087928310
0.009569379811679
0.010153557031850
0.010750799593997
0.011357938909161
0.011971503531128
0.012587773226263
0.013202839240785
0.013812668396828
0.014413168556309
0.015000253042140
0.015569901792178
0.016118217325244
0.016641473996362
0.017136159479844
0.017599007911367
0.018027024610405
0.018417502761299
0.018768032828021
0.019076505793325
0.019341111533349
0.019560333756950
0.019732942955267
0.019857988727643
0.019934792686767
0.019962942914203
0.019942290655411
0.019872949630075
0.019755298008224
0.019589982783550
0.019377925979185
0.019120331862813
0.018818694139798
0.018474801945286
0.018090743376711
0.017668905302034
0.017211968248856
0.016722895324832
0.016204914336778
0.015661492557314
0.015096303922791
0.014513188820059
0.013916107014198
0.013309084664022
0.012696156744175
0.012081306518951
0.011468403971351
0.010861145261769
0.010262995358942
0.009677135941782
0.009106420511922
0.008553338388149
0.008019988887866
0.007508066556896
0.007018857812720
0.006553248847151
0.006111744124123
0.005694494337935
0.005301332295591
0.004931814877677
0.004585269032714
0.004260839679689
0.003957537433532
0.003674284221714
0.003409955112179
0.003163415003050
0.002933549207821
0.002719287379081
0.002519620621733
0.002333612027847
0.002160401197883
0.001999203580158
0.001849305650967
0.001710057066810
0.001580860948331
0.001461163409316
0.001350443333523
0.001248203241112
0.001153961890219
0.001067249043981
0.000987602614445
0.000914568186429
0.000847700738180
0.000786568221017
0.000730756543038
0.000679875426127
0.000633564571429
0.000591499574602
0.000553397074806
0.000519018695253
0.000488173431696
0.000460718261373
0.000436556870840
0.000415636529322
0.000397943257160
0.000383495549957
0.000372337012021
0.000364528322903
0.000360139004523
0.000359239471500
0.000361893833130
0.000368153873160
0.000378054565480
0.000391611394394
0.000408819642382
0.000429655692905
0.000454080277654
0.000482043484454
0.000513491240769
0.000548372905420
0.000586649543131
0.000628302427230
0.000673341317458
0.000721812092633
0.000773803379764
0.000829451907522
0.000888946416158
0.000952530069173
0.001020501424136
0.001093214120059
0.001171075515503
0.001254544555069
0.001344129143891
0.001440383264865
0.001543903980340
0.001655328321795
0.001775329896034
0.001904614837670
0.002043916533282
0.002193988354185
0.002355593486611
0.002529490864989
0.002716416219237
0.002917057359907
0.003132023058640
0.003361805240142
0.003606734679929
0.003866930982064
0.004142248263914
0.004432218660422
0.004735996429098
0.005052306032853
0.005379398042122
0.005715016973300
0.006056385216528
0.006400206962947
0.006742695496031
0.007079626359577
0.007406417774536
0.007718238289547
0.008010140079822
0.008277214640178
0.008514765950488
0.008718494635804
0.008884685311743
0.009010388306367
0.009093586377394
0.009133336971744
0.009129881049100
0.009084710525181
0.009000587960608
0.008881514167672
0.008732641835306
0.008560135957129
0.008370984640412
0.008172766612698
0.007973384260909
0.007780773175719
0.007602600789945
0.007445967680201
0.007317125368671
0.007221223981795
0.007162101905730
0.007142127681518
0.007162101905730
0.007221223981795
0.007317125368671
0.007445967680201
0.007602600789945
0.007780773175719
0.007973384260909
0.008172766612698
0.008370984640412
0.008560135957129
0.008732641835306
0.008881514167672
0.009000587960608
0.009084710525181
0.009129881049100
0.009133336971744
0.009093586377394
0.009010388306367
0.008884685311743
0.008718494635804
0.008514765950488
0.008277214640178
0.008010140079822
0.007718238289547
0.007406417774536
0.007079626359577
0.006742695496031
0.006400206962947
0.006056385216528
0.005715016973300
0.005379398042122
0.005052306032853
0.004735996429098
0.004432218660422
0.004142248263914
0.003866930982064
0.003606734679929
0.003361805240142
0.003132023058640
0.002917057359907
0.002716416219237
0.002529490864989
0.002355593486611
0.002193988354185
0.002043916533282
0.001904614837670
0.001775329896034
0.001655328321795
0.001543903980340
0.001440383264865
0.001344129143891
0.001254544555069
0.001171075515503
0.001093214120059
0.001020501424136
0.000952530069173
0.000888946416158
0.000829451907522
0.000773803379764
0.000721812092633
0.000673341317458
0.000628302427230
0.000586649543131
0.000548372905420
0.000513491240769
0.000482043484454
0.000454080277654
0.000429655692905
0.000408819642382
0.000391611394394
0.000378054565480
0.000368153873160
0.000361893833130
0.000359239471500
0.000360139004523
0.000364528322903
0.000372337012021
0.000383495549957
0.000397943257160
0.000415636529322
0.000436556870840
0.000460718261373
0.000488173431696
0.000519018695253
0.000553397074806
0.000591499574602
0.000633564571429
0.000679875426127
0.000730756543038
0.000786568221017
0.000847700738180
0.000914568186429
0.000987602614445
0.001067249043981
0.001153961890219
0.001248203241112
0.001350443333523
0.001461163409316
0.001580860948331
0.001710057066810
0.001849305650967
0.001999203580158
0.002160401197883
0.002333612027847
0.002519620621733
0.002719287379081
0.002933549207821
0.003163415003050
0.003409955112179
0.003674284221714
0.003957537433532
0.004260839679689
0.004585269032714
0.004931814877677
0.005301332295591
0.005694494337935
0.006111744124123
0.006553248847151
0.007018857812720
0.007508066556896
0.008019988887866
0.008553338388149
0.009106420511922
0.009677135941782
0.010262995358942
0.010861145261769
0.011468403971351
0.012081306518951
0.012696156744175
0.013309084664022
0.013916107014198
0.014513188820059
0.015096303922791
0.015661492557314
0.016204914336778
0.016722895324832
0.017211968248856
0.017668905302034
0.018090743376711
0.018474801945286
0.018818694139798
0.019120331862813
0.019377925979185
0.019589982783550
0.019755298008224
0.019872949630075
0.019942290655411
0.019962942914203
0.019934792686767
0.019857988727643
0.019732942955267
0.019560333756950
0.019341111533349
0.019076505793325
0.018768032828021
0.018417502761299
0.018027024610405
0.017599007911367
0.017136159479844
0.016641473996362
0.016118217325244
0.015569901792178
0.015000253042140
0.014413168556309
0.013812668396828
0.013202839240785
0.012587773226263
0.011971503531128
0.011357938909161
0.010750799593997
0.010153557031850
0.009569379811679
0.009001087928310
0.008451117152662
0.007921494815245
0.007413827763993
0.006929302670366
0.006468698266232
0.006032408536181
0.005620475400366
0.005232629030998
0.004868333672835
0.004526836697008
0.004207218611343
0.003908441872388
0.003629396579853
0.003368941461058
0.003125938944748
0.002899283550763
0.002687923255241
0.002490873902540
0.002307227101325
0.002136152344550
0.001976894319056
0.001828766513778
0.001691142296254
0.001563444610342
0.001445135363666
0.001335705434139
0.001234666045798
