0.388476275368158
0.391121515890090
0.393588992289412
0.395862958296996
0.397929825190574
0.399778172668937
0.401398731883228
0.402784344508133
0.403929902116792
0.404832270270339
0.405490201649863
0.405904242264001
0.406076634289340
0.406011218483740
0.405713338402067
0.405189747890276
0.404448522589141
0.403498975490791
0.402351576002064
0.401017871510962
0.399510410149612
0.397842663308425
0.396028946481415
0.394084337197740
0.392024589097068
0.389866041604363
0.387625525116485
0.385320262088436
0.382967764861655
0.380585731473192
0.378191940992191
0.375804150124282
0.373439992891199
0.371116885126753
0.368851935336579
0.366661863162159
0.364562926291752
0.362570856201507
0.360700802621544
0.358967286139777
0.357384157914412
0.355964565096223
0.354720920289679
0.353664873227360
0.352807282806381
0.352158187741304
0.351726774319059
0.351521340083938
0.351549252712641
0.351816903833841
0.352329658072457
0.353091798123119
0.354106467147237
0.355375610214088
0.356899916841962
0.358678766921577
0.360710182407035
0.362990787135444
0.365515776987153
0.368278902335107
0.371272464371569
0.374487326465424
0.377912941220603
0.381537393403960
0.385347458417986
0.389328675537230
0.393465434730331
0.397741075571396
0.402137996517527
0.406637772700178
0.411221280346324
0.415868826004450
0.420560278887481
0.425275204843380
0.429993000703090
0.434693028013436
0.439354745416342
0.443957839164883
0.448482351452350
0.452908806358798
0.457218333280661
0.461392787698933
0.465414869061478
0.469268235412469
0.472937614207829
0.476408908526426
0.479669297640601
0.482707330667691
0.485513011806350
0.488077875488721
0.490395049668686
0.492459305432298
0.494267091169262
0.495816549689195
0.497107516903602
0.498141501018641
0.498921641585329
0.499452648217496
0.499740719296152
0.499793441510228
0.499619671616384
0.499229402310753
0.498633614572002
0.497844119236801
0.496873390888997
0.495734397368175
0.494440428322880
0.493004926243460
0.491441323309444
0.489762887181220
0.487982578564574
0.486112922992190
0.484165898814696
0.482152842892983
0.480084374953993
0.477970341033229
0.475819775899501
0.473640883859161
0.471441036885350
0.469226788626518
0.467003902528886
0.464777392067611
0.462551570924948
0.460330110881703
0.458116105197948
0.455912135344060
0.453720339095327
0.451542478211561
0.449380004174409
0.447234120735884
0.445105842327405
0.442996047675207
0.440905528252071
0.438835031453958
0.436785298613939
0.434757098145112
0.432751254234179
0.430768671583911
0.428810356725735
0.426877436395409
0.424971173389353
0.423092980204759
0.421244430621465
0.419427269219203
0.417643418651797
0.415894984332908
0.414184256038687
0.412513705812695
0.410885981478738
0.409303895036502
0.407770405239216
0.406288593736247
0.404861634306183
0.403492754905609
0.402185192508334
0.400942141000744
0.399766692718076
0.398661774539636
0.397630079791748
0.396673997517922
0.395795540949044
0.394996277225995
0.394277260577580
0.393638971226320
0.393081262274680
0.392603316709688
0.392203616454841
0.391879925098728
0.391629285549236
0.391448033413621
0.391331826405617
0.391275689550759
0.391274075423010
0.391320938122434
0.391409819218405
0.391533943457506
0.391686321689346
0.391859858212892
0.392047459602740
0.392242142045306
0.392437134301424
0.392625973609898
0.392802592147119
0.392961392046860
0.393097307443567
0.393205852509931
0.393283154991958
0.393325975276703
0.393331711535368
0.393298391943897
0.393224655374910
0.393109722261743
0.392953357546028
0.392755827727969
0.392517854042340
0.392240563687798
0.391925440852429
0.391574279019311
0.391189135720327
0.390772290556714
0.390326206942394
0.389853497675437
0.389356894124363
0.388839218550071
0.388303358885618
0.387752245176789
0.387188826851914
0.386616050040556
0.386036834292086
0.385454048246495
0.384870484066458
0.384288830732332
0.383711646609914
0.383141332001411
0.382580102661077
0.382029965477456
0.381492697675878
0.380969830964169
0.380462642021586
0.379972150612838
0.379499126397179
0.379044105205281
0.378607415187241
0.378189212811508
0.377789528238747
0.377408319130757
0.377045531508158
0.376701165866393
0.376375346421184
0.376068391101694
0.375780879758262
0.375513718011787
0.375268194248354
0.375046027453581
0.374849403878298
0.374681000917259
0.374543997046486
0.374442067179907
0.374379363347304
0.374360481135760
0.374390412850423
0.374474488811770
0.374618308594934
0.374827664314038
0.375108458249051
0.375466617197667
0.375908005910064
0.376438341835453
0.377063113187388
0.377787502035824
0.378616313777646
0.379553913946478
0.380604172920322
0.381770418696089
0.383055397544765
0.384461242059646
0.385989445877796
0.387640844202494
0.389415599187130
0.391313189259105
0.393332401559632
0.395471326842190
0.397727356393116
0.400097180795135
0.402576790627576
0.405161479465125
0.407845849778703
0.410623822539349
0.413488651462018
0.416432942889232
0.419448682296675
0.422527268301933
0.425659554876034
0.428835902203472
0.432046236322169
0.435280117316690
0.438526815455293
0.441775394274820
0.445014799248618
0.448233950342384
0.451421836489737
0.454567609819645
0.457660677353352
0.460690787866923
0.463648111689748
0.466523311377005
0.469307601448808
0.471992795718440
0.474571341123444
0.477036337407433
0.479381542459337
0.481601363580031
0.483690835394332
0.485645585541433
0.487461789642667
0.489136117349387
0.490665671505696
0.492047922615283
0.493280640876528
0.494361828046435
0.495289651317881
0.496062381252045
0.496678335610637
0.497135830690357
0.497433141488252
0.497568471732834
0.497539934514385
0.497345543948573
0.496983218020600
0.496450792488392
0.495746045479792
0.494866732202593
0.493810628999723
0.492575585825158
0.491159586088101
0.489560812711545
0.487777719174706
0.485809104253900
0.483654189141627
0.481312695606370
0.478784923855240
0.476071828776596
0.473175093270392
0.470097197419739
0.466841482318645
0.463412207447587
0.459814600580936
0.456054899316693
0.452140383438731
0.448079397452150
0.443881362770278
0.439556779174148
0.435117215306792
0.430575288102003
0.425944631174980
0.421239852317052
0.416476480335165
0.411670901557039
0.406840286383817
0.402002506315257
0.397176041899840
0.392379882078378
0.387633415399626
0.382956313597008
0.378368408033534
0.373889559554178
0.369539522338275
0.365337802422844
0.361303511675861
0.357455218135741
0.353810793799088
0.350387261127760
0.347200639751251
0.344265795051089
0.341596290518218
0.339204245958212
0.337100203767914
0.335293005606933
0.333789681824366
0.332595355964752
0.331713166559333
0.331144208205230
0.330887493646058
0.330939938198535
0.331296367429360
0.331949548490335
0.332890244984512
0.334107294683665
0.335587708870146
0.337316791558413
0.339278276385643
0.341454478568741
0.343826459023882
0.346374197548833
0.349076771885450
0.351912539513295
0.354859319171330
0.357894569354547
0.360995561371137
0.364139544954727
0.367303904882097
0.370466307525382
0.373604836742955
0.376698118960284
0.379725437688416
0.382666838054154
0.385503222157705
0.388216436221711
0.390789350546997
0.393205933247510
0.395451318608990
0.397511870716059
0.399375242739502
0.401030431989403
0.402467830544445
0.403679270984732
0.404658066507276
0.405399044508035
0.405898572587461
0.406154575887606
0.406166544702922
