0.068107578911303
0.068285855400848
0.068484735841862
0.068700032681114
0.068927219426834
0.069161589841693
0.069398417776072
0.069633111326435
0.069861355396107
0.070079237401215
0.070283351766871
0.070470879948034
0.070639643925744
0.070788132405543
0.070915500211855
0.071021542562602
0.071106646961636
0.071171726311571
0.071218137488045
0.071247590004651
0.071262049527492
0.071263640876787
0.071254554801486
0.071236962264904
0.071212939278351
0.071184404514864
0.071153071079474
0.071120412958207
0.071087645864281
0.071055721489567
0.071025333586478
0.070996933874184
0.070970755496416
0.070946841657843
0.070925077123064
0.070905220458143
0.070886935203028
0.070869818552281
0.070853426556420
0.070837295301448
0.070820957946322
0.070803957868263
0.070785858460600
0.070766250331853
0.070744756760245
0.070721038265490
0.070694797077669
0.070665782126213
0.070633794959928
0.070598696765027
0.070560416395959
0.070518959097391
0.070474415395437
0.070426969489302
0.070376906392395
0.070324617060413
0.070270600802730
0.070215464396328
0.070159917497403
0.070104764159147
0.070050890497091
0.069999248776351
0.069950838409089
0.069906684528412
0.069867814932838
0.069835236263821
0.069809910283678
0.069792731063928
0.069784503781862
0.069785925668494
0.069797569470468
0.069819869601351
0.069853110984489
0.069897420449520
0.069952760454296
0.070018924874746
0.070095536642168
0.070182047107979
0.070277737169486
0.070381720378478
0.070492948452778
0.070610219790115
0.070732191712892
0.070857397222115
0.070984266984166
0.071111157098724
0.071236382894249
0.071358258576740
0.071475142039530
0.071585483562391
0.071687876535021
0.071781107790050
0.071864204685631
0.071936475798350
0.071997542027535
0.072047355112707
0.072086201048952
0.072114686648392
0.072133708511358
0.072144404882371
0.072148092191852
0.072146189421631
0.072140134663714
0.072131299245444
0.072120905454797
0.072109954120141
0.072099168012274
0.072088956216139
0.072079403285935
0.072070285221725
0.072061112208994
0.072051195808827
0.072039736069804
0.072025922063178
0.072009037824093
0.071988564791396
0.071964271706966
0.071936283627333
0.071905123202397
0.071871719591701
0.071837383141156
0.071803746987715
0.071772679805270
0.071746176642147
0.071726236934335
0.071714740061767
0.071713329080643
0.071723312448918
0.071745591719047
0.071780620474620
0.071828396514584
0.071888485798255
0.071960073355291
0.072042033630894
0.072133010918299
0.072231499869273
0.072335916676076
0.072444653336028
0.072556110235455
0.072668705775240
0.072780865454160
0.072890996227006
0.072997454574244
0.073098518150605
0.073192370854176
0.073277109593864
0.073350778061202
0.073411428768858
0.073457210016375
0.073486469914245
0.073497865810594
0.073490465037822
0.073463822303538
0.073418020541627
0.073353665587706
0.073271830321011
0.073173950313125
0.073061679712286
0.072936722113891
0.072800655564390
0.072654772791192
0.072499956684195
0.072336606785852
0.072164625328529
0.071983461897693
0.071792205216169
0.071589700261686
0.071374660517369
0.071145740134169
0.070901530416914
0.070640450133985
0.070360509874269
0.070058946491551
0.069731743301117
0.069373073171855
0.068974722528870
0.068525571822950
0.068011219548908
0.067413840084611
0.066712358838527
0.065883010746743
0.064900320492438
0.063738506571843
0.062373269275885
0.060783878508591
0.058955435451837
0.056881146944706
0.054564427342070
0.052020633077379
0.049278242535110
0.046379318991885
0.043379136467204
0.040344904765944
0.037353596653530
0.034488951590805
0.031837800599946
0.029485919258296
0.027513664556439
0.025991681452632
0.024976972979764
0.024509612197456
0.024610335729731
0.025279199798446
0.026495405164200
0.028218313324009
0.030389589731224
0.032936328022338
0.035774939177763
0.038815537074098
0.041966521267467
0.045139051354230
0.048251124977932
0.051231011421398
0.054019850745178
0.056573299101402
0.058862177701658
0.060872159161061
0.062602594113858
0.064064637553598
0.065278874151391
0.066272662440438
0.067077418693323
0.067726043862001
0.068250664008117
0.068680810367262
0.069042114468996
0.069355541714650
0.069637138356391
0.069898226047049
0.070145948076324
0.070384053806805
0.070613803031514
0.070834879058141
0.071046216259656
0.071246671806655
0.071435499078519
0.071612608552900
0.071778627808914
0.071934793245449
0.072082720590069
0.072224108509561
0.072360429749593
0.072492658109375
0.072621068662080
0.072745134785946
0.072863530711935
0.072974234243356
0.073074712572725
0.073162165775574
0.073233798145428
0.073287087072305
0.073320022219469
0.073331293523971
0.073320414021552
0.073287771590636
0.073234611407715
0.073162957375341
0.073075485454735
0.072975364437104
0.072866080243471
0.072751258625392
0.072634498601957
0.072519225662264
0.072408570245613
0.072305273774584
0.072211621922132
0.072129403045595
0.072059888853512
0.072003834272200
0.071961493924325
0.071932653337820
0.071916673682310
0.071912549238759
0.071918976787958
0.071934435602908
0.071957275808231
0.071985811681741
0.072018415242641
0.072053604449145
0.072090119754247
0.072126982826881
0.072163532037455
0.072199430829288
0.072234647241653
0.072269405411959
0.072304112589879
0.072339267735561
0.072375359842213
0.072412765458474
0.072451655303630
0.072491919285642
0.072533117677904
0.072574463826207
0.072614840778261
0.072652850958824
0.072686894792870
0.072715271342140
0.072736291861611
0.072748395923362
0.072750259522243
0.072740885388310
0.072719667494735
0.072686424279254
0.072641398129445
0.072585221907659
0.072518856387679
0.072443505139030
0.072360515373782
0.072271274386186
0.072177111379418
0.072079213693687
0.071978564826105
0.071875909344020
0.071771747078108
0.071666356110704
0.071559841325873
0.071452202916477
0.071343417460733
0.071233523133776
0.071122700380895
0.071011339942085
0.070900091401832
0.070789887299357
0.070681940082060
0.070577711601207
0.070478857211572
0.070387148639766
0.070304381457715
0.070232274115100
0.070172365981642
0.070125921720280
0.070093848605744
0.070076632217287
0.070074294402562
0.070086375685062
0.070111942527756
0.070149618217281
0.070197634719370
0.070253901766860
0.070316088727853
0.070381714475051
0.070448240512930
0.070513162962518
0.070574099578084
0.070628868689755
0.070675557744161
0.070712579874158
0.070738717607105
0.070753153378902
0.070755486940255
0.070745740026133
0.070724348830670
0.070692144921593
0.070650325280258
0.070600412204676
0.070544203895895
0.070483716684702
0.070421120053677
0.070358665863601
0.070298613484111
0.070243152827910
0.070194327561387
0.070153960976623
0.070123587128193
0.070104389837860
0.070097152036185
0.070102217638838
0.070119467755193
0.070148312516612
0.070187699219013
0.070236136831754
0.070291736268178
0.070352265177174
0.070415215431986
0.070477880989004
0.070537443386433
0.070591061864946
0.070635964927572
0.070669540116978
0.070689418872373
0.070693553529708
0.070680283838324
0.070648390772860
0.070597135906821
0.070526285166499
0.070436116381542
0.070327410668431
0.070201428300542
0.070059870305700
0.069904827560942
0.069738719596684
0.069564225653245
0.069384210731302
0.069201649430730
0.069019550274944
0.068840882976359
0.068668510729666
0.068505129151043
0.068353212949565
0.068214970865155
0.068092308881432
