0.022933979422013
0.022951933187377
0.022971504281919
0.022991218528551
0.023009555399105
0.023025066215543
0.023036489377252
0.023042853537246
0.023043560403945
0.023038440263555
0.023027775302725
0.023012288218185
0.022993096250041
0.022971633466824
0.022949546654994
0.022928572324414
0.022910403960087
0.022896559593906
0.022888259952681
0.022886326832107
0.022891109982906
0.022902448766230
0.022919672284695
0.022941638809887
0.022966812322535
0.022993371086460
0.023019340616052
0.023042741371776
0.023061740193995
0.023074793976150
0.023080774437806
0.023079064074462
0.023069615356982
0.023052967891131
0.023030221337637
0.023002965208863
0.022973169951724
0.022943046747922
0.022914885978140
0.022890886107346
0.022872985704665
0.022862711326158
0.022861053044924
0.022868377564621
0.022884386223146
0.022908121967123
0.022938025786680
0.022972039406955
0.023007747512381
0.023042549698381
0.023073849940028
0.023099249829317
0.023116731290711
0.023124814995631
0.023122682239536
0.023110250522817
0.023088196320166
0.023057922304730
0.023021470342242
0.022981385591624
0.022940540745338
0.022901932537754
0.022868464905754
0.022842734424331
0.022826833754306
0.022822187804209
0.022829435182026
0.022848364434057
0.022877910747861
0.022916214501590
0.022960738578536
0.023008437054998
0.023055964026722
0.023099908248922
0.023137037161440
0.023164532919406
0.023180203335293
0.023182652156665
0.023171395762570
0.023146916984703
0.023110651100134
0.023064903799217
0.023012705770832
0.022957613123298
0.022903466844113
0.022854127604702
0.022813204206860
0.022783794691490
0.022768258521713
0.022768036339333
0.022783530696235
0.022814057085530
0.022857869816948
0.022912262124716
0.022973734720900
0.023038222174006
0.023101362341782
0.023158790913755
0.023206441152479
0.023240828309779
0.023259298989613
0.023260227889564
0.023243147740721
0.023208802657650
0.023159120212813
0.023097103019086
0.023026646069191
0.022952291169521
0.022878934169858
0.022811504029529
0.022754634843098
0.022712352627412
0.022687797894331
0.022683002845195
0.022698738564821
0.022734443090901
0.022788235985495
0.022857019385683
0.022936659833766
0.023022239858964
0.023108363654149
0.023189497567945
0.023260323752698
0.023316084328337
0.023352893904560
0.023368000216800
0.023359975849485
0.023328828333339
0.023276021031914
0.023204402845399
0.023118050496669
0.023022032660141
0.022922110100775
0.022824390001686
0.022734955527090
0.022659493220206
0.022602940985809
0.022569178155754
0.022560776572354
0.022578827918838
0.022622857916719
0.022690832787530
0.022779257865115
0.022883362780651
0.022997362553412
0.023114779504513
0.023228807420674
0.023332697021615
0.023420140648469
0.023485634235748
0.023524796023289
0.023534624002325
0.023513677602527
0.023462173394026
0.023381989342902
0.023276577142650
0.023150787067040
0.023010614383728
0.022862880393480
0.022714864417934
0.022573905400552
0.022446993118028
0.022340369288617
0.022259158132536
0.022207044263563
0.022186013291686
0.022196167351649
0.022235624124780
0.022300503988594
0.022385005910204
0.022481568787404
0.022581111310094
0.022673340214414
0.022747114152322
0.022790848386640
0.022792944197234
0.022742226265657
0.022628371379065
0.022442312517706
0.022176603698588
0.021825732757831
0.021386371469634
0.020857554917072
0.020240784742197
0.019540053704463
0.018761791765884
0.017914736604223
0.017009733946514
0.016059475339532
0.015078182868040
0.014081251844695
0.013084863589096
0.012105581062539
0.011159940318351
0.010264050467893
0.009433214166364
0.008681579521872
0.008021832870965
0.007464940102679
0.007019942221609
0.006693808699141
0.006491349958676
0.006415188167466
0.006465783456704
0.006641510850856
0.006938781636370
0.007352201705241
0.007874758619996
0.008498028792230
0.009212396253267
0.010007275004754
0.010871327827550
0.011792675635304
0.012759092902070
0.013758186274149
0.014777555089357
0.015804934064210
0.016828319767665
0.017836083587342
0.018817074636378
0.019760716395486
0.020657100811475
0.021497083086163
0.022272379523706
0.022975669623279
0.023600702195980
0.024142403756735
0.024596985913334
0.024962047069163
0.025236662593369
0.025421456799188
0.025518649695022
0.025532071593623
0.025467139310761
0.025330788849787
0.025131361110489
0.024878439204278
0.024582638297284
0.024255351409244
0.023908457123390
0.023553997557981
0.023203837062856
0.022869313795247
0.022560897479582
0.022287867176021
0.022058022716191
0.021877442594940
0.021750299556578
0.021678742945175
0.021662854199243
0.021700678790279
0.021788334584609
0.021920193215713
0.022089127762428
0.022286817005150
0.022504093932044
0.022731324122759
0.022958798251411
0.023177122292582
0.023377589114766
0.023552515997567
0.023695534166564
0.023801818623415
0.023868249248993
0.023893497241331
0.023878034269395
0.023824065121317
0.023735387944920
0.023617189269743
0.023475783728436
0.023318310646283
0.023152401350866
0.022985832106816
0.022826177970506
0.022680482582885
0.022554958000621
0.022454727157676
0.022383619525772
0.022344028096384
0.022336833047441
0.022361394502982
0.022415613767851
0.022496059446492
0.022598152056370
0.022716398235660
0.022844663523394
0.022976471045117
0.023105312336959
0.023224956034406
0.023329740264684
0.023414835315615
0.023476464486125
0.023512072906782
0.023520436481062
0.023501705845485
0.023457383265556
0.023390233544817
0.023304133185186
0.023203865051134
0.023094868512045
0.022982957327472
0.022874019274876
0.022773712596506
0.022687174686996
0.022618758015490
0.022571807072912
0.022548488193762
0.022549681500558
0.022574941074187
0.022622525915919
0.022689500515006
0.022771900067395
0.022864951812424
0.022963340769282
0.023061505552704
0.023153948090751
0.023235540082434
0.023301808999136
0.023349187378028
0.023375211048366
0.023378654685816
0.023359596565161
0.023319408389925
0.023260670393070
0.023187016275699
0.023102916720155
0.023013413924942
0.022923822628604
0.022839415221436
0.022765109641908
0.022705178733564
0.022662998580527
0.022640851098792
0.022639792958281
0.022659598931957
0.022698783250379
0.022754697758149
0.022823700919667
0.022901387304587
0.022982863381290
0.023063052506858
0.023137010120215
0.023200229451303
0.023248918608727
0.023280231676725
0.023292439335873
0.023285028343654
0.023258723730761
0.023215432499273
0.023158112632436
0.023090576016935
0.023017238124250
0.022942830718325
0.022872096225400
0.022809483559422
0.022758865063022
0.022723292804840
0.022704809859500
0.022704328557113
0.022721583264003
0.022755160337825
0.022802602814703
0.022860582471519
0.022925127490720
0.022991890332421
0.023056437830895
0.023114544151921
0.023162467164836
0.023197190001779
0.023216612011763
0.023219676801818
0.023206429353377
0.023177999016425
0.023136510188886
0.023084927344324
0.023026845447890
0.022966240403115
0.022907196758583
0.022853631302229
0.022809031292433
0.022776224917722
0.022757199227061
0.022752977398568
0.022763563053873
0.022787954669276
0.022824228307178
0.022869682225850
0.022921032743329
0.022974647317632
0.023026798390913
0.023073920289358
0.023112851451341
0.023141045465058
0.023156736739191
0.023159049933546
0.023148046302359
0.023124704563927
0.023090838490744
0.023048957793144
0.023002082741815
0.022953526074175
