0.089023807564649
0.088679237707102
0.088440780103658
0.088314966438027
0.088306160621133
0.088416453753426
0.088645603731147
0.088991020912820
0.089447800335323
0.090008800030556
0.090664764063458
0.091404488008921
0.092215023727611
0.093081919506313
0.093989490913492
0.094921117099721
0.095859556758196
0.096787277562966
0.097686792629703
0.098540997401245
0.099333500350170
0.100048941013435
0.100673289126657
0.101194119002408
0.101600853790063
0.101884974853754
0.102040192197444
0.102062572637597
0.101950623258652
0.101705328567154
0.101330140669284
0.100830922714936
0.100215846761225
0.099495248090848
0.098681438858731
0.097788484717296
0.096831948771274
0.095828607823857
0.094796146385500
0.093752834315496
0.092717194247398
0.091707665107892
0.090742268072681
0.089838281212736
0.089011928872923
0.088278091497784
0.087650041183949
0.087139207704802
0.086754979132574
0.086504540488939
0.086392753102305
0.086422076553712
0.086592534270015
0.086901722989377
0.087344865496670
0.087914905221401
0.088602640523863
0.089396895780943
0.090284725734590
0.091251648995338
0.092281906110236
0.093358737217393
0.094464674023899
0.095581840664149
0.096692257923124
0.097778145343398
0.098822215873015
0.099807957948874
0.100719900240497
0.101543854693404
0.102267133999888
0.102878740176589
0.103369521530459
0.103732295934644
0.103961938999653
0.104055436399649
0.104011900284684
0.103832550364446
0.103520660874753
0.103081475223097
0.102522090643485
0.101851315664486
0.101079503599976
0.100218365603768
0.099280767082347
0.098280511432154
0.097232115158037
0.096150578438738
0.095051155136062
0.093949126100863
0.092859579416655
0.091797200947466
0.090776078228326
0.089809520363337
0.088909896187174
0.088088492510851
0.087355393821961
0.086719384353269
0.086187872981481
0.085766840979495
0.085460812229218
0.085272845116037
0.085204544977003
0.085256095668706
0.085426308562093
0.085712687063478
0.086111504605816
0.086617893952397
0.087225945606210
0.087928813120249
0.088718823154219
0.089587588217413
0.090526120171178
0.091524942731695
0.092574201408724
0.093663769531771
0.094783349245172
0.095922566590909
0.097071060035842
0.098218562032087
0.099354973419447
0.100470430681677
0.101555366249356
0.102600562197181
0.103597197809771
0.104536891585357
0.105411738310018
0.106214341866251
0.106937844439426
0.107575952755801
0.108122961928775
0.108573777409201
0.108923935434810
0.109169622257399
0.109307692299350
0.109335685258085
0.109251842043513
0.109055119304241
0.108745202178273
0.108322514797512
0.107788227986715
0.107144263530043
0.106393294334883
0.105538739805163
0.104584755746353
0.103536218162057
0.102398700367322
0.101178442935183
0.099882316108693
0.098517774447817
0.097092803636012
0.095615859540790
0.094095799801889
0.092541808404981
0.090963313883185
0.089369901967866
0.087771223679412
0.086176900002884
0.084596424428186
0.083039064745624
0.081513765571718
0.080029053134166
0.078592943866584
0.077212858351679
0.075895542105361
0.074646994614008
0.073472407924037
0.072376115938764
0.071361555405198
0.070431239376207
0.069586743715551
0.068828706979250
0.068156843761722
0.067569971344387
0.067066049233764
0.066642230930882
0.066294927039885
0.066019878606147
0.065812239378248
0.065666665518073
0.065577411143295
0.065538427979626
0.065543467329164
0.065586182527510
0.065660230066989
0.065759367606196
0.065877547166276
0.066009001930057
0.066148325208755
0.066290540319071
0.066431160317047
0.066566236759351
0.066692396902675
0.066806869002020
0.066907495623224
0.066992735138279
0.067061651818015
0.067113895170066
0.067149669385335
0.067169693948679
0.067175156634913
0.067167660245899
0.067149164545487
0.067121924914456
0.067088429275991
0.067051334833377
0.067013406116055
0.066977455749290
0.066946289248830
0.066922654997999
0.066909200394584
0.066908434962822
0.066922701016795
0.066954152240859
0.067004740325769
0.067076209571836
0.067170099148144
0.067287752485388
0.067430333084237
0.067598845846398
0.067794162885869
0.068017052657103
0.068268211147876
0.068548293829790
0.068857947039969
0.069197837484116
0.069568678603259
0.069971252633132
0.070406427303935
0.070875166276462
0.071378532584565
0.071917684549474
0.072493863843691
0.073108375605961
0.073762560738559
0.074457760748160
0.075195275716204
0.075976316198250
0.076801950049002
0.077673045345433
0.078590210730287
0.079553734618143
0.080563524793103
0.081619049978416
0.082719284972427
0.083862660921320
0.085047022237352
0.086269591572697
0.087526944125414
0.088814992388263
0.090128982256477
0.091463501191354
0.092812498897382
0.094169320716833
0.095526753682829
0.096877084905688
0.098212171703818
0.099523522635263
0.100802388345153
0.102039860922861
0.103226980265817
0.104354845778933
0.105414731603328
0.106398203468353
0.107297235199377
0.108104322891390
0.108812594776079
0.109415914867089
0.109908978563484
0.110287398522941
0.110547779281062
0.110687779287765
0.110706159251866
0.110602815925854
0.110378800719437
0.110036322797115
0.109578736586273
0.109010513892368
0.108337201081094
0.107565362038642
0.106702507855212
0.105757014389313
0.104738029056890
0.103655368346795
0.102519407689636
0.101340965398861
0.100131182459842
0.098901399964355
0.097663035974899
0.096427463556703
0.095205891637361
0.094009250247318
0.092848081562202
0.091732438014097
0.090671788567537
0.089674934071567
0.088749932406664
0.087904033949026
0.087143627679717
0.086474198076718
0.085900292748276
0.085425500600082
0.085052440179792
0.084782757713294
0.084617134239769
0.084555301168801
0.084596063522943
0.084737330093711
0.084976149726957
0.085308752963928
0.085730598294980
0.086236422331431
0.086820293264463
0.087475667054940
0.088195445880866
0.088972038456125
0.089797421921302
0.090663205090859
0.091560692917214
0.092480952097804
0.093414877803194
0.094353261540080
0.095286860180767
0.096206466189025
0.097102979050492
0.097967477874107
0.098791295070191
0.099566090932152
0.100283928854742
0.100937350814926
0.101519452625260
0.102023958347961
0.102445293134930
0.102778653639213
0.103020075031499
0.103166493555925
0.103215803477075
0.103166907209146
0.103019757382467
0.102775389595446
0.102435944624366
0.102004678921145
0.101485962321641
0.100885262014641
0.100209111983613
0.099465067328395
0.098661643099532
0.097808237530773
0.096915039830906
0.095992922989768
0.095053322358946
0.094108101079232
0.093169403737347
0.092249499936743
0.091360619754129
0.090514783317408
0.089723626975022
0.088998228724317
0.088348935721560
0.087785196802867
0.087315402999223
0.086946739025993
0.086685048665660
0.086534716840327
0.086498570987985
0.086577804114757
0.086771921597021
0.087078713456309
0.087494253431453
0.088012925733002
0.088627479891853
0.089329113615988
0.090107583055282
0.090951339354527
0.091847689859452
0.092782981840136
0.093742806121348
0.094712217570437
0.095675969000125
0.096618754705343
0.097525459578207
0.098381409540668
0.099172618906268
0.099886030235134
0.100509742283079
0.101033221767491
0.101447494879353
0.101745314760081
0.101921301529899
0.101972051895749
0.101896215874010
0.101694538727911
0.101369866831414
0.100927116819451
0.100373208056487
0.099716959138695
0.098968949826270
0.098141350468102
0.097247721617745
0.096302787134419
0.095322184603163
