0.008051178693581
0.008051257603271
0.008051341606302
0.008051431023480
0.008051525974655
0.008051626377442
0.008051731952652
0.008051842236202
0.008051956597035
0.008052074260413
0.008052194335727
0.008052315847891
0.008052437771188
0.008052559064447
0.008052678706327
0.008052795729529
0.008052909252791
0.008053018509590
0.008053122872622
0.008053221873267
0.008053315215417
0.008053402783247
0.008053484642736
0.008053561036938
0.008053632375217
0.008053699216900
0.008053762249938
0.008053822265385
0.008053880128608
0.008053936748258
0.008053993044110
0.008054049914900
0.008054108207278
0.008054168686954
0.008054232013029
0.008054298716374
0.008054369182776
0.008054443641406
0.008054522158947
0.008054604639548
0.008054690830527
0.008054780333588
0.008054872621063
0.008054967056576
0.008055062919335
0.008055159431140
0.008055255785116
0.008055351175125
0.008055444824781
0.008055536015032
0.008055624109333
0.008055708575509
0.008055789003571
0.008055865118857
0.008055936790091
0.008056004032111
0.008056067003216
0.008056125997301
0.008056181431118
0.008056233827181
0.008056283792997
0.008056331997426
0.008056379145072
0.008056425949687
0.008056473107565
0.008056521271938
0.008056571029297
0.008056622878512
0.008056677213498
0.008056734310031
0.008056794317172
0.008056857253562
0.008056923008677
0.008056991348942
0.008057061928410
0.008057134303562
0.008057207951607
0.008057282291565
0.008057356707272
0.008057430571436
0.008057503269794
0.008057574224446
0.008057642915490
0.008057708900136
0.008057771828591
0.008057831456154
0.008057887651075
0.008057940397942
0.008057989796506
0.008058036056046
0.008058079485539
0.008058120480076
0.008058159504094
0.008058197072105
0.008058233727726
0.008058270021835
0.008058306490720
0.008058343635093
0.008058381900758
0.008058421661692
0.008058463206161
0.008058506726365
0.008058552311985
0.008058599947797
0.008058649515390
0.008058700798824
0.008058753493911
0.008058807220642
0.008058861538155
0.008058915961512
0.008058969979477
0.008059023072407
0.008059074729359
0.008059124463503
0.008059171824938
0.008059216410091
0.008059257866906
0.008059295895146
0.008059330241181
0.008059360686754
0.008059387031264
0.008059409067187
0.008059426548263
0.008059439150092
0.008059446422739
0.008059447734831
0.008059442208517
0.008059428644421
0.008059405435473
0.008059370468167
0.008059321009389
0.008059253576516
0.008059163787978
0.008059046190904
0.008058894061884
0.008058699176224
0.008058451540472
0.008058139082276
0.008057747291080
0.008057258802502
0.008056652918791
0.008055905057269
0.008054986118414
0.008053861765099
0.008052491604582
0.008050828265197
0.008048816360341
0.008046391333386
0.008043478178576
0.008039990034942
0.008035826652736
0.008030872735033
0.008024996160957
0.008018046101531
0.008009851044526
0.008000216750836
0.007988924171950
0.007975727365958
0.007960351458159
0.007942490701781
0.007921806704254
0.007897926894935
0.007870443320802
0.007838911867160
0.007802852010505
0.007761747219881
0.007715046130919
0.007662164622631
0.007602488930334
0.007535379928179
0.007460178710873
0.007376213595616
0.007282808651349
0.007179293842415
0.007065016847115
0.006939356577945
0.006801738389198
0.006651650909115
0.006488664377952
0.006312450310822
0.006122802235746
0.005919657184291
0.005703117536204
0.005473472742594
0.005231220377076
0.004977085893822
0.004712040408892
0.004437315770234
0.004154416146072
0.003865125344857
0.003571509086409
0.003275911476640
0.002980945000509
0.002689473441837
0.002404587265861
0.002129571161169
0.001867863631158
0.001623008748784
0.001398600438319
0.001198219918320
0.001025367223730
0.000883388013096
0.000775397148932
0.000704200803694
0.000672219078464
0.000681411313378
0.000733206405643
0.000828440520823
0.000967304575452
0.001149303775682
0.001373231311833
0.001637158030074
0.001938439531397
0.002273741690263
0.002639085050753
0.003029907961255
0.003441147668371
0.003867337929285
0.004302721044864
0.004741371591018
0.005177328562112
0.005604732165869
0.006017961151149
0.006411766331656
0.006781395908954
0.007122708310107
0.007432268544487
0.007707424548634
0.007946360616706
0.008148125787788
0.008312635952612
0.008440649416298
0.008533716669870
0.008594106136591
0.008624708622679
0.008628924069070
0.008610534927934
0.008573571036152
0.008522171197320
0.008460446793189
0.008392352614969
0.008321569737389
0.008251404668869
0.008184708226834
0.008123816646281
0.008070516379382
0.008026032937711
0.007991043024099
0.007965708155394
0.007949727045202
0.007942403244916
0.007942723970836
0.007949445702193
0.007961182033046
0.007976489400193
0.007993946674791
0.008012225169914
0.008030146340884
0.008046725292339
0.008061199102750
0.008073039878074
0.008081953298117
0.008087864173140
0.008090891143834
0.008091313104726
0.008089530191529
0.008086022241531
0.008081307520725
0.008075904231100
0.008070296895617
0.008064909203502
0.008060084325471
0.008056073119980
0.008053030088059
0.008051016432124
0.008050009162624
0.008049914896458
0.008050586814069
0.008051843189870
0.008053485975665
0.008055318083801
0.008057158264347
0.008058852773124
0.008060283357337
0.008061371415849
0.008062078497008
0.008062403557748
0.008062377608090
0.008062056495846
0.008061512644195
0.008060826542646
0.008060078717820
0.008059342786438
0.008058680033877
0.008058135783838
0.008057737644247
0.008057495546486
0.008057403351841
0.008057441690108
0.008057581626398
0.008057788725115
0.008058027093393
0.008058263034754
0.008058468020232
0.008058620779146
0.008058708415290
0.008058726556244
0.008058678634874
0.008058574475236
0.008058428404851
0.008058257138825
0.008058077678550
0.008057905441055
0.008057752789065
0.008057628072649
0.008057535227975
0.008057473914473
0.008057440115186
0.008057427081761
0.008057426479059
0.008057429576320
0.008057428341762
0.008057416322888
0.008057389231582
0.008057345196104
0.008057284685838
0.008057210153839
0.008057125472441
0.008057035255442
0.008056944165355
0.008056856296264
0.008056774704045
0.008056701129347
0.008056635928790
0.008056578200629
0.008056526066412
0.008056477052926
0.008056428510722
0.008056378006988
0.008056323640618
0.008056264243704
0.008056199453634
0.008056129660247
0.008056055850126
0.008055979382826
0.008055901740104
0.008055824288797
0.008055748091433
0.008055673787684
0.008055601556290
0.008055531153577
0.008055462013128
0.008055393383313
0.008055324475989
0.008055254600965
0.008055183266046
0.008055110230471
0.008055035508630
0.008054959329637
0.008054882065107
0.008054804141450
0.008054725953777
0.008054647796293
0.008054569819465
0.008054492018430
0.008054414251111
0.008054336279407
0.008054257823482
0.008054178617941
0.008054098459559
0.008054017238917
0.008053934952002
0.008053851691878
0.008053767624113
0.008053682952151
0.008053597879931
0.008053512578669
0.008053427163179
0.008053341680687
0.008053256112454
0.008053170386168
0.008053084395328
0.008052998021108
0.008052911152343
0.008052823700321
0.008052735606528
0.008052646843205
0.008052557408007
0.008052467315074
0.008052376585202
0.008052285237556
0.008052193284659
0.008052100731366
0.008052007577497
0.008051913822947
0.008051819473600
0.008051724546304
0.008051629071501
0.008051533092717
0.008051436662878
0.008051339838098
