0.007913954081946
0.007914902976669
0.007916083603012
0.007917493099280
0.007919119024751
0.007920939734907
0.007922925281294
0.007925038792039
0.007927238259730
0.007929478638127
0.007931714129437
0.007933900531046
0.007935997505413
0.007937970639750
0.007939793173040
0.007941447286318
0.007942924876998
0.007944227767821
0.007945367334192
0.007946363568127
0.007947243630810
0.007948039976816
0.007948788159451
0.007949524446805
0.007950283390734
0.007951095495200
0.007951985125911
0.007952968790156
0.007954053894806
0.007955238062857
0.007956509056148
0.007957845315943
0.007959217096020
0.007960588126962
0.007961917717691
0.007963163172858
0.007964282384260
0.007965236442296
0.007965992110334
0.007966524011180
0.007966816390199
0.007966864343329
0.007966674428849
0.007966264617645
0.007965663575704
0.007964909312395
0.007964047266414
0.007963127935744
0.007962204186483
0.007961328396258
0.007960549599679
0.007959910805205
0.007959446644633
0.007959181498490
0.007959128213970
0.007959287498025
0.007959648028967
0.007960187287460
0.007960873064825
0.007961665565528
0.007962519984106
0.007963389406845
0.007964227867115
0.007964993371746
0.007965650715068
0.007966173907367
0.007966548065088
0.007966770640082
0.007966851902853
0.007966814638016
0.007966693056538
0.007966530976063
0.007966379364999
0.007966293385419
0.007966329101718
0.007966540044545
0.007966973831155
0.007967669043313
0.007968652551985
0.007969937454857
0.007971521759380
0.007973387902499
0.007975503150626
0.007977820872685
0.007980282627960
0.007982820962103
0.007985362761859
0.007987832984402
0.007990158552825
0.007992272196803
0.007994116017706
0.007995644570549
0.007996827280589
0.007997650048778
0.007998115945620
0.007998244944780
0.007998072703078
0.007997648449064
0.007997032095018
0.007996290733738
0.007995494719201
0.007994713556663
0.007994011841360
0.007993445484769
0.007993058453110
0.007992880215176
0.007992924057054
0.007993186371997
0.007993646977418
0.007994270450879
0.007995008416508
0.007995802656023
0.007996588867930
0.007997300857393
0.007997874910524
0.007998254091975
0.007998392205079
0.007998257169344
0.007997833600335
0.007997124420175
0.007996151380887
0.007994954444389
0.007993590028822
0.007992128197171
0.007990648926909
0.007989237655072
0.007987980338228
0.007986958298555
0.007986243143553
0.007985892046620
0.007985943658536
0.007986414886581
0.007987298730162
0.007988563302116
0.007990152096418
0.007991985489768
0.007993963390665
0.007995968879332
0.007997872619354
0.007999537771056
0.008000825100441
0.008001597958471
0.008001726804980
0.008001092969924
0.007999591381362
0.007997132042786
0.007993640109398
0.007989054490214
0.007983324986220
0.007976408059614
0.007968261410755
0.007958837613076
0.007948077117781
0.007935900985881
0.007922203732401
0.007906846674589
0.007889652162045
0.007870399032508
0.007848819584282
0.007824598287718
0.007797372377651
0.007766734380590
0.007732236539712
0.007693397012598
0.007649707635920
0.007600642982893
0.007545670386838
0.007484260570988
0.007415898512299
0.007340094176356
0.007256392790691
0.007164384372983
0.007063712295536
0.006954080743894
0.006835261010424
0.006707096647635
0.006569507585147
0.006422493383083
0.006266135847989
0.006100601271089
0.005926142559535
0.005743101517513
0.005551911495381
0.005353100562721
0.005147295278193
0.004935225029701
0.004717726808372
0.004495750165707
0.004270361992474
0.004042750657951
0.003814228966440
0.003586235331460
0.003360332542430
0.003138203508417
0.002921643411380
0.002712547787948
0.002512896182880
0.002324731175270
0.002150132764936
0.001991188313607
0.001849958454608
0.001728439605537
0.001628523929968
0.001551957785542
0.001500299856153
0.001474880285686
0.001476762201594
0.001506707032312
0.001565144979185
0.001652151899997
0.001767433698878
0.001910319100862
0.002079761425730
0.002274349674833
0.002492328918037
0.002731629629253
0.002989905282678
0.003264577202647
0.003552885372486
0.003851943665313
0.004158797774300
0.004470484000820
0.004784087013024
0.005096794718026
0.005405948498368
0.005709087244085
0.006003983858917
0.006288673222854
0.006561470940569
0.006820982581478
0.007066103505562
0.007296009752529
0.007510140833056
0.007708175583258
0.007890002512407
0.008055686276724
0.008205432039162
0.008339549520560
0.008458418508738
0.008562457470871
0.008652096716101
0.008727757288987
0.008789836452590
0.008838700257701
0.008874683309280
0.008898095450926
0.008909234711941
0.008908405517560
0.008895940868086
0.008872226961658
0.008837728579921
0.008793013484214
0.008738774086356
0.008675844762721
0.008605213369095
0.008528025778455
0.008445582592623
0.008359327556464
0.008270827612584
0.008181744955908
0.008093801861220
0.008008739442812
0.007928271845001
0.007854037638743
0.007787550398856
0.007730150547955
0.007682960570605
0.007646845622170
0.007622381383707
0.007609830753643
0.007609130629599
0.007619889634087
0.007641397193142
0.007672643906951
0.007712352676984
0.007759019596313
0.007810963189243
0.007866380222195
0.007923406016383
0.007980176987738
0.008034893030112
0.008085877349376
0.008131631449264
0.008170883160943
0.008202625889018
0.008226147604880
0.008241048538289
0.008247246981449
0.008244973106428
0.008234751185236
0.008217371071114
0.008193850229255
0.008165387976933
0.008133313891132
0.008099032553896
0.008063966923410
0.008029502638038
0.007996935481458
0.007967424064324
0.007941949520144
0.007921283682806
0.007905966825792
0.007896295616460
0.007892321492089
0.007893859217690
0.007900504958403
0.007911662810230
0.007926578398147
0.007944377884252
0.007964110540800
0.007984792940533
0.008005452802426
0.008025170603471
0.008043117221336
0.008058586099803
0.008071018717053
0.008080022471598
0.008085380465793
0.008087053045185
0.008085171325933
0.008080023295323
0.008072033386497
0.008061736694406
0.008049749204910
0.008036735545008
0.008023375825093
0.008010333132922
0.007998223156207
0.007987587262282
0.007978870157737
0.007972402999628
0.007968392545680
0.007966916628151
0.007967925929427
0.007971251741428
0.007976619119248
0.007983664604154
0.007991957502283
0.008001023570686
0.008010369886506
0.008019509660127
0.008027985797781
0.008035392119700
0.008041391289806
0.008045728703608
0.008048241801995
0.008048864518457
0.008047626813768
0.008044649493212
0.008040134725509
0.008034352879250
0.008027626453227
0.008020311994573
0.008012780968844
0.008005400566817
0.007998515404381
0.007992430997204
0.007987399775941
0.007983610257363
0.007981179810508
0.007980151264046
0.007980493401655
0.007982105196335
0.007984823451803
0.007988433358274
0.007992681338252
0.007997289461358
0.008001970649399
0.008006443875844
0.008010448587160
0.008013757635026
0.008016188104010
0.008017609543271
0.008017949256219
0.008017194460944
0.008015391298317
0.008012640825570
0.008009092282743
0.008004934050625
0.008000382825274
0.007995671611366
0.007991037181196
0.007986707656743
0.007982890849102
0.007979763934826
0.007977464965784
0.007976086602999
0.007975672341474
0.007976215358963
0.007977659984029
0.007979905644672
0.007982813035003
0.007986212129977
0.007989911592160
0.007993709053760
0.007997401724275
0.008000796770080
0.008003720936679
0.008006028935327
0.008007610190024
0.008008393634271
