0.003329513964926
0.003322244688470
0.003312083615386
0.003299037257433
0.003283153938157
0.003264529444390
0.003243311141745
0.003219700128903
0.003193951120793
0.003166369889991
0.003137308249188
0.003107156714881
0.003076335142700
0.003045281757713
0.003014441109637
0.002984251555953
0.002955132910642
0.002927474890447
0.002901626944800
0.002877889973121
0.002856510319726
0.002837676299857
0.002821517359380
0.002808105815547
0.002797460976870
0.002789555306155
0.002784322180439
0.002781664721590
0.002781465126240
0.002783593915574
0.002787918554174
0.002794310949729
0.002802653437261
0.002812842965801
0.002824793334330
0.002838435458301
0.002853715779445
0.002870593051121
0.002889033831659
0.002909007092876
0.002930478395789
0.002953404098395
0.002977726041108
0.003003367106237
0.003030227972842
0.003058185293270
0.003087091409676
0.003116775615819
0.003147046859349
0.003177697680467
0.003208509101114
0.003239256120098
0.003269713437711
0.003299661030080
0.003328889218442
0.003357202929294
0.003384424913736
0.003410397782326
0.003434984808514
0.003458069551678
0.003479554442201
0.003499358549090
0.003517414809152
0.003533667031471
0.003548066999267
0.003560571972675
0.003571142852351
0.003579743198611
0.003586339219509
0.003590900750465
0.003593403155167
0.003593829990132
0.003592176200570
0.003588451559299
0.003582684027953
0.003574922713467
0.003565240113333
0.003553733389071
0.003540524475020
0.003525758913765
0.003509603403552
0.003492242139514
0.003473872121792
0.003454697682506
0.003434924543757
0.003414753755802
0.003394375875282
0.003373965727292
0.003353678053408
0.003333644284081
0.003313970593018
0.003294737299895
0.003275999593012
0.003257789452754
0.003240118576920
0.003222982046065
0.003206362425625
0.003190233984488
0.003174566717746
0.003159329893462
0.003144494896313
0.003130037210498
0.003115937464254
0.003102181542483
0.003088759855332
0.003075665922913
0.003062894494056
0.003050439455670
0.003038291806273
0.003026437961351
0.003014858630182
0.003003528455917
0.002992416546855
0.002981487951923
0.002970706052999
0.002960035766967
0.002949447377003
0.002938920750989
0.002928449659556
0.002918045880235
0.002907742769581
0.002897598002282
0.002887695214165
0.002878144342426
0.002869080527689
0.002860661524390
0.002853063653325
0.002846476417807
0.002841095987316
0.002837117824935
0.002834728792893
0.002834099110578
0.002835374559125
0.002838669324706
0.002844059848909
0.002851580010229
0.002861217897952
0.002872914362016
0.002886563433778
0.002902014618055
0.002919076961349
0.002937524710231
0.002957104292547
0.002977542287078
0.002998553998420
0.003019852226129
0.003041155812252
0.003062197569786
0.003082731235299
0.003102537149741
0.003121426448743
0.003139243632894
0.003155867484175
0.003171210391028
0.003185216235475
0.003197857075516
0.003209128919624
0.003219046933537
0.003227640439776
0.003234948066278
0.003241013372410
0.003245881230506
0.003249595172308
0.003252195827189
0.003253720488448
0.003254203751712
0.003253679082101
0.003252181090493
0.003249748239521
0.003246425661218
0.003242267753422
0.003237340232517
0.003231721355282
0.003225502080476
0.003218785017397
0.003211682099073
0.003204311015763
0.003196790543522
0.003189234995900
0.003181748107974
0.003174416725239
0.003167304710791
0.003160447499688
0.003153847717787
0.003147472243966
0.003141251031216
0.003135077917080
0.003128813551872
0.003122290459822
0.003115320129921
0.003107701916530
0.003099233421112
0.003089721931817
0.003078996422323
0.003066919559406
0.003053399143218
0.003038398406586
0.003021944630090
0.003004135586840
0.002985143412323
0.002965215596586
0.002944672913879
0.002923904233182
0.002903358286125
0.002883532600559
0.002864959932645
0.002848192642165
0.002833785549920
0.002822277888325
0.002814175003486
0.002809930487095
0.002809929408437
0.002814473281151
0.002823767337573
0.002837910598388
0.002856889120572
0.002880572686924
0.002908715071101
0.002940957878591
0.002976837832402
0.003015797247835
0.003057197328949
0.003100333824536
0.003144454507387
0.003188777889753
0.003232512561648
0.003274876537136
0.003315116015962
0.003352523011674
0.003386451359724
0.003416330696089
0.003441678084434
0.003462107063224
0.003477333979015
0.003487181564213
0.003491579803144
0.003490564206451
0.003484271678309
0.003472934212414
0.003456870690801
0.003436477084447
0.003412215367450
0.003384601458921
0.003354192500397
0.003321573763850
0.003287345468166
0.003252109762328
0.003216458113018
0.003180959314190
0.003146148317042
0.003112516061049
0.003080500470078
0.003050478761606
0.003022761200714
0.002997586413085
0.002975118351438
0.002955444986901
0.002938578770063
0.002924458875368
0.002912955207203
0.002903874106811
0.002896965656961
0.002891932437195
0.002888439538185
0.002886125600986
0.002884614607754
0.002883528116940
0.002882497609855
0.002881176598770
0.002879252140673
0.002876455406579
0.002872570974400
0.002867444543853
0.002860988814166
0.002853187318339
0.002844096069707
0.002833842945512
0.002822624805501
0.002810702418502
0.002798393343525
0.002786062981216
0.002774114073660
0.002762974983028
0.002753087120199
0.002744891921708
0.002738817785981
0.002735267377578
0.002734605691188
0.002737149236379
0.002743156661111
0.002752821078675
0.002766264301539
0.002783533119136
0.002804597687661
0.002829352031326
0.002857616588697
0.002889142677069
0.002923618694272
0.002960677832272
0.002999907041455
0.003040856959123
0.003083052500436
0.003126003804630
0.003169217233009
0.003212206127093
0.003254501054350
0.003295659293949
0.003335273344731
0.003372978271152
0.003408457739038
0.003441448630930
0.003471744169566
0.003499195517084
0.003523711856092
0.003545258996280
0.003563856586121
0.003579574042894
0.003592525345016
0.003602862857991
0.003610770388412
0.003616455678788
0.003620142568885
0.003622063056290
0.003622449489594
0.003621527121743
0.003619507238665
0.003616581059453
0.003612914579554
0.003608644498171
0.003603875336335
0.003598677813770
0.003593088511893
0.003587110808399
0.003580717027050
0.003573851705914
0.003566435849693
0.003558371998122
0.003549549913952
0.003539852671776
0.003529162913835
0.003517369031751
0.003504371034432
0.003490085872483
0.003474452008552
0.003457433050756
0.003439020302265
0.003419234123275
0.003398124050673
0.003375767674033
0.003352268322108
0.003327751669276
0.003302361424013
0.003276254308524
0.003249594577588
0.003222548352982
0.003195278065316
0.003167937296241
0.003140666299775
0.003113588451894
0.003086807833239
0.003060408092606
0.003034452671286
0.003008986393745
0.002984038352484
0.002959625938673
0.002935759799714
0.002912449444669
0.002889709172476
0.002867563969073
0.002846055010415
0.002825244419824
0.002805218960039
0.002786092391337
0.002768006294461
0.002751129237141
0.002735654251192
0.002721794678417
0.002709778532506
0.002699841605705
0.002692219618351
0.002687139762665
0.002684812026323
0.002685420694622
0.002689116421983
0.002696009234851
0.002706162780769
0.002719590075466
0.002736250925149
0.002756051119087
0.002778843402802
0.002804430159291
0.002832567649088
0.002862971593441
0.002895323831510
0.002929279744546
0.002964476118793
0.003000539114712
0.003037092022617
0.003073762512452
0.003110189126374
0.003146026814256
