0.003119982285834
0.003084880158227
0.003050245376520
0.003016365768849
0.002983533417333
0.002952042955338
0.002922188791093
0.002894261288591
0.002868542026531
0.002845298337873
0.002824777400412
0.002807200197534
0.002792755694479
0.002781595577045
0.002773829876624
0.002769523759523
0.002768695692904
0.002771317119280
0.002777313681879
0.002786567950975
0.002798923512645
0.002814190202784
0.002832150205749
0.002852564692967
0.002875180654943
0.002899737581436
0.002925973668564
0.002953631276022
0.002982461418864
0.003012227151688
0.003042705782958
0.003073689937919
0.003104987564166
0.003136421039319
0.003167825590966
0.003199047271980
0.003229940747626
0.003260367144391
0.003290192185259
0.003319284794941
0.003347516304914
0.003374760326685
0.003400893297403
0.003425795640002
0.003449353425112
0.003471460378347
0.003492020047285
0.003510947929556
0.003528173367567
0.003543641035850
0.003557311881809
0.003569163426748
0.003579189387459
0.003587398635012
0.003593813561929
0.003598467977317
0.003601404687763
0.003602672946833
0.003602325965813
0.003600418672153
0.003597005880324
0.003592141004319
0.003585875394602
0.003578258328631
0.003569337627523
0.003559160816497
0.003547776697889
0.003535237166849
0.003521599074450
0.003506925933177
0.003491289266661
0.003474769428749
0.003457455755162
0.003439445961328
0.003420844758859
0.003401761726273
0.003382308532119
0.003362595666002
0.003342728880586
0.003322805581745
0.003302911421780
0.003283117350277
0.003263477358386
0.003244027115827
0.003224783648084
0.003205746137126
0.003186897856889
0.003168209179342
0.003149641513360
0.003131151971776
0.003112698506499
0.003094245211373
0.003075767470368
0.003057256626626
0.003038723866149
0.003020203047936
0.003001752267840
0.002983454013411
0.002965413847196
0.002947757641813
0.002930627476392
0.002914176385479
0.002898562223442
0.002883940965198
0.002870459804332
0.002858250429646
0.002847422859497
0.002838060189807
0.002830214567230
0.002823904636109
0.002819114629633
0.002815795186377
0.002813865877933
0.002813219336977
0.002813726783198
0.002815244662383
0.002817622046264
0.002820708391713
0.002824361230499
0.002828453357194
0.002832879103540
0.002837559332080
0.002842444848090
0.002847518013608
0.002852792446144
0.002858310792306
0.002864140677014
0.002870369035999
0.002877095136590
0.002884422673550
0.002892451387795
0.002901268692156
0.002910941797188
0.002921510810297
0.002932983233550
0.002945330211751
0.002958484786450
0.002972342298760
0.002986762960630
0.003001576487682
0.003016588564422
0.003031588802150
0.003046359757931
0.003060686515625
0.003074366291628
0.003087217521353
0.003099087908586
0.003109860977391
0.003119460752071
0.003127854299937
0.003135051997688
0.003141105517481
0.003146103664995
0.003150166330454
0.003153436926704
0.003156073778810
0.003158240991594
0.003160099350953
0.003161797809752
0.003163466069762
0.003165208699713
0.003167101130577
0.003169187748576
0.003171482171725
0.003173969655280
0.003176611433965
0.003179350682962
0.003182119673161
0.003184847615857
0.003187468643010
0.003189929354614
0.003192195385718
0.003194256501289
0.003196129814197
0.003197860835192
0.003199522197300
0.003201210042696
0.003203038209426
0.003205130499496
0.003207611440331
0.003210596060701
0.003214179283226
0.003218425583567
0.003223359578003
0.003228958175196
0.003235144865180
0.003241786622052
0.003248693770902
0.003255623020845
0.003262283701901
0.003268347072703
0.003273458397355
0.003277251332277
0.003279364025955
0.003279456223779
0.003277226592741
0.003272429441296
0.003264890010851
0.003254517557654
0.003241315525900
0.003225388231036
0.003206943621085
0.003186291856238
0.003163839634649
0.003140080386061
0.003115580645012
0.003090963092474
0.003066886909956
0.003044026215693
0.003023047442145
0.003004586563468
0.002989227088343
0.002977479697707
0.002969764330475
0.002966395407680
0.002967570742529
0.002973364518468
0.002983724538001
0.002998473761114
0.003017315972952
0.003039845254849
0.003065558788611
0.003093872407841
0.003124138226506
0.003155663626861
0.003187730876848
0.003219616669686
0.003250610932462
0.003280034331007
0.003307253999030
0.003331697133408
0.003352862217202
0.003370327750108
0.003383758476097
0.003392909194114
0.003397626315631
0.003397847389804
0.003393598851727
0.003384992262410
0.003372219302612
0.003355545759867
0.003335304713205
0.003311889078230
0.003285743631285
0.003257356590511
0.003227250797952
0.003195974523898
0.003164091904802
0.003132173030327
0.003100783713111
0.003070475005092
0.003041772564094
0.003015166020068
0.002991098537889
0.002969956818256
0.002952061815688
0.002937660478770
0.002926918829289
0.002919916691373
0.002916644357845
0.002917001438629
0.002920798076454
0.002927758640402
0.002937527921547
0.002949679760990
0.002963727943722
0.002979139096935
0.002995347243390
0.003011769584003
0.003027823022825
0.003042940905386
0.003056589420171
0.003068283114195
0.003077598997164
0.003084188753957
0.003087788649852
0.003088226794607
0.003085427526369
0.003079412780538
0.003070300417678
0.003058299593787
0.003043703361345
0.003026878786234
0.003008254950185
0.002988309277675
0.002967552677629
0.002946514022214
0.002925724496543
0.002905702344189
0.002886938504843
0.002869883593772
0.002854936610257
0.002842435686746
0.002832651105432
0.002825780718050
0.002821947811732
0.002821201372698
0.002823518614089
0.002828809557843
0.002836923396037
0.002847656307055
0.002860760367769
0.002875953185596
0.002892927873821
0.002911363009102
0.002930932240045
0.002951313257973
0.002972195892521
0.002993289152486
0.003014327092836
0.003035073448630
0.003055325032640
0.003074913942702
0.003093708665184
0.003111614190744
0.003128571276919
0.003144554999176
0.003159572728487
0.003173661660890
0.003186886004911
0.003199333908700
0.003211114182994
0.003222352851468
0.003233189539076
0.003243773694054
0.003254260631780
0.003264807389777
0.003275568392909
0.003286690945587
0.003298310592343
0.003310546417231
0.003323496383718
0.003337232847155
0.003351798398478
0.003367202217696
0.003383417126354
0.003400377527552
0.003417978408948
0.003436075558050
0.003454487100403
0.003472996421486
0.003491356474339
0.003509295410208
0.003526523402278
0.003542740466831
0.003557645025794
0.003570942903658
0.003582356413450
0.003591633163916
0.003598554215171
0.003602941224066
0.003604662253421
0.003603635969986
0.003599834022607
0.003593281471418
0.003584055227196
0.003572280552900
0.003558125772022
0.003541795415820
0.003523522119076
0.003503557637385
0.003482163404502
0.003459601073232
0.003436123486010
0.003411966501173
0.003387342058635
0.003362432806111
0.003337388527209
0.003312324519577
0.003287321969593
0.003262430265190
0.003237671085804
0.003213044013698
0.003188533329322
0.003164115589351
0.003139767543559
0.003115473928046
0.003091234679145
0.003067071144346
0.003043030922398
0.003019191041622
0.002995659279197
0.002972573529830
0.002950099243836
0.002928425065954
0.002907756910822
0.002888310802769
0.002870304880963
0.002853951021468
0.002839446552093
0.002826966532398
0.002816657039550
0.002808629842593
0.002802958766095
0.002799677943831
0.002798782049819
0.002800228474525
0.002803941295441
0.002809816780918
0.002817730070876
0.002827542603945
