0.010515520603527
0.010515601277026
0.010515681481817
0.010515761218827
0.010515840488984
0.010515919293208
0.010515997632416
0.010516075507523
0.010516152919439
0.010516229869069
0.010516306357316
0.010516382385079
0.010516457953252
0.010516533062726
0.010516607714388
0.010516681909121
0.010516755647803
0.010516828931310
0.010516901760514
0.010516974136280
0.010517046059472
0.010517117530950
0.010517188551569
0.010517259122179
0.010517329243629
0.010517398916760
0.010517468142412
0.010517536921420
0.010517605254615
0.010517673142823
0.010517740586867
0.010517807587566
0.010517874145734
0.010517940262181
0.010518005937714
0.010518071173133
0.010518135969238
0.010518200326821
0.010518264246671
0.010518327729575
0.010518390776312
0.010518453387659
0.010518515564389
0.010518577307269
0.010518638617064
0.010518699494532
0.010518759940430
0.010518819955508
0.010518879540512
0.010518938696186
0.010518997423265
0.010519055722485
0.010519113594575
0.010519171040258
0.010519228060256
0.010519284655285
0.010519340826056
0.010519396573276
0.010519451897648
0.010519506799870
0.010519561280637
0.010519615340637
0.010519668980555
0.010519722201072
0.010519775002865
0.010519827386603
0.010519879352955
0.010519930902582
0.010519982036142
0.010520032754290
0.010520083057673
0.010520132946937
0.010520182422719
0.010520231485657
0.010520280136379
0.010520328375513
0.010520376203679
0.010520423621494
0.010520470629571
0.010520517228515
0.010520563418931
0.010520609201416
0.010520654576563
0.010520699544961
0.010520744107193
0.010520788263836
0.010520832015465
0.010520875362646
0.010520918305942
0.010520960845907
0.010521002983090
0.010521044718031
0.010521086051260
0.010521126983297
0.010521167514645
0.010521207645792
0.010521247377201
0.010521286709304
0.010521325642491
0.010521364177098
0.010521402313384
0.010521440051508
0.010521477391487
0.010521514333150
0.010521550876068
0.010521587019460
0.010521622762068
0.010521658101984
0.010521693036426
0.010521727561425
0.010521761671418
0.010521795358698
0.010521828612683
0.010521861418952
0.010521893757968
0.010521925603394
0.010521956919884
0.010521987660194
0.010522017761409
0.010522047140034
0.010522075685646
0.010522103252674
0.010522129649833
0.010522154626562
0.010522177855688
0.010522198911340
0.010522217240918
0.010522232129635
0.010522242655843
0.010522247634955
0.010522245549309
0.010522234460811
0.010522211902546
0.010522174744829
0.010522119030380
0.010522039772324
0.010521930707715
0.010521783998124
0.010521589867547
0.010521336166554
0.010521007850161
0.010520586355413
0.010520048863195
0.010519367427322
0.010518507952661
0.010517429002903
0.010516080417823
0.010514401719518
0.010512320287385
0.010509749282656
0.010506585305365
0.010502705769891
0.010497965989942
0.010492195970282
0.010485196910906
0.010476737439947
0.010466549604610
0.010454324665052
0.010439708754374
0.010422298488963
0.010401636637018
0.010377207979141
0.010348435522879
0.010314677262460
0.010275223704898
0.010229296412973
0.010176047843076
0.010114562779865
0.010043861688319
0.009962906314930
0.009870607871280
0.009765838122653
0.009647443679245
0.009514263745727
0.009365151524171
0.009198999384155
0.009014767810960
0.008811518017907
0.008588447962628
0.008344931341118
0.008080558950906
0.007795181619988
0.007488953697300
0.007162375900970
0.006816336131307
0.006452146686596
0.006071576182613
0.005676874382962
0.005270788108939
0.004856566425864
0.004437953407934
0.004019166973782
0.003604862565394
0.003200080815732
0.002810178812740
0.002440745112141
0.002097499265761
0.001786177298006
0.001512405257137
0.001281563661689
0.001098646323548
0.000968117622498
0.000893772796082
0.000878606157478
0.000924692329551
0.001033085557143
0.001203741910862
0.001435468712534
0.001725904794350
0.002071534262596
0.002467735297731
0.002908864223923
0.003388373673660
0.003898962218264
0.004432751402584
0.004981484786186
0.005536742428947
0.006090163337489
0.006633667773022
0.007159671061023
0.007661280671469
0.008132468867904
0.008568214144418
0.008964605948755
0.009318908771200
0.009629583486693
0.009896265778819
0.010119703444794
0.010301656270731
0.010444763868792
0.010552388283196
0.010628439217519
0.010677190349789
0.010703095349466
0.010710611885974
0.010704041146333
0.010687389213236
0.010664255173283
0.010637749127044
0.010610441469926
0.010584343022337
0.010560913922813
0.010541097760229
0.010525376293681
0.010513839349270
0.010506264121355
0.010502198141808
0.010501040585282
0.010502117297231
0.010504745889482
0.010508288357932
0.010512189844513
0.010516003299819
0.010519400821741
0.010522173283140
0.010524220472027
0.010525534327706
0.010526177965520
0.010526263061942
0.010525927859076
0.010525317593979
0.010524568621127
0.010523796934301
0.010523091260860
0.010522510441306
0.010522084452126
0.010521818197881
0.010521697092772
0.010521693462795
0.010521772907324
0.010521899936331
0.010522042416452
0.010522174585750
0.010522278607100
0.010522344803336
0.010522370840613
0.010522360194821
0.010522320251208
0.010522260357674
0.010522190089285
0.010522117899456
0.010522050245689
0.010521991196842
0.010521942463799
0.010521903751386
0.010521873308240
0.010521848551339
0.010521826658868
0.010521805053350
0.010521781730185
0.010521755419371
0.010521725595505
0.010521692370433
0.010521656312822
0.010521618240074
0.010521579021881
0.010521539423919
0.010521500007239
0.010521461086429
0.010521422739327
0.010521384854307
0.010521347198132
0.010521309487896
0.010521271453686
0.010521232883328
0.010521193645705
0.010521153693680
0.010521113051065
0.010521071789849
0.010521030004216
0.010520987786927
0.010520945211885
0.010520902324650
0.010520859140786
0.010520815650415
0.010520771826614
0.010520727635060
0.010520683042725
0.010520638024127
0.010520592564485
0.010520546659894
0.010520500315215
0.010520453540674
0.010520406348190
0.010520358748266
0.010520310747963
0.010520262350119
0.010520213553678
0.010520164354782
0.010520114748210
0.010520064728749
0.010520014292226
0.010519963436044
0.010519912159220
0.010519860462050
0.010519808345562
0.010519755810929
0.010519702858998
0.010519649490016
0.010519595703556
0.010519541498633
0.010519486873916
0.010519431827972
0.010519376359476
0.010519320467340
0.010519264150745
0.010519207409104
0.010519150241970
0.010519092648931
0.010519034629524
0.010518976183178
0.010518917309201
0.010518858006797
0.010518798275113
0.010518738113276
0.010518677520437
0.010518616495790
0.010518555038572
0.010518493148057
0.010518430823534
0.010518368064289
0.010518304869587
0.010518241238666
0.010518177170743
0.010518112665010
0.010518047720655
0.010517982336860
0.010517916512815
0.010517850247714
0.010517783540755
0.010517716391138
0.010517648798059
0.010517580760706
0.010517512278260
0.010517443349892
0.010517373974767
0.010517304152043
0.010517233880878
0.010517163160424
0.010517091989833
0.010517020368256
0.010516948294839
0.010516875768724
0.010516802789048
0.010516729354945
0.010516655465541
0.010516581119961
0.010516506317322
0.010516431056741
0.010516355337331
0.010516279158198
0.010516202518450
0.010516125417187
0.010516047853507
0.010515969826502
0.010515891335263
0.010515812378874
0.010515732956416
0.010515653066968
0.010515572709603
0.010515491883393
