0.010516565515398
0.010516655742166
0.010516745572366
0.010516834838037
0.010516923371921
0.010517011012059
0.010517097606303
0.010517183016599
0.010517267122923
0.010517349826750
0.010517431053950
0.010517510757011
0.010517588916535
0.010517665541943
0.010517740671380
0.010517814370820
0.010517886732398
0.010517957872016
0.010518027926298
0.010518097048960
0.010518165406709
0.010518233174757
0.010518300532078
0.010518367656517
0.010518434719880
0.010518501883149
0.010518569291939
0.010518637072341
0.010518705327276
0.010518774133482
0.010518843539228
0.010518913562837
0.010518984192073
0.010519055384408
0.010519127068168
0.010519199144517
0.010519271490215
0.010519343961074
0.010519416395987
0.010519488621452
0.010519560456428
0.010519631717427
0.010519702223692
0.010519771802339
0.010519840293317
0.010519907554064
0.010519973463709
0.010520037926700
0.010520100875740
0.010520162273915
0.010520222115941
0.010520280428470
0.010520337269436
0.010520392726453
0.010520446914314
0.010520499971683
0.010520552057078
0.010520603344283
0.010520654017347
0.010520704265293
0.010520754276724
0.010520804234436
0.010520854310207
0.010520904659880
0.010520955418867
0.010521006698194
0.010521058581204
0.010521111121021
0.010521164338861
0.010521218223273
0.010521272730360
0.010521327784993
0.010521383283002
0.010521439094289
0.010521495066767
0.010521551030988
0.010521606805307
0.010521662201400
0.010521717029959
0.010521771106376
0.010521824256252
0.010521876320588
0.010521927160510
0.010521976661434
0.010522024736580
0.010522071329737
0.010522116417227
0.010522160009010
0.010522202148876
0.010522242913698
0.010522282411746
0.010522320780086
0.010522358181123
0.010522394798404
0.010522430831813
0.010522466492356
0.010522501996733
0.010522537561930
0.010522573400047
0.010522609713561
0.010522646691210
0.010522684504630
0.010522723305826
0.010522763225545
0.010522804372538
0.010522846833695
0.010522890674989
0.010522935943144
0.010522982667891
0.010523030864675
0.010523080537581
0.010523131682215
0.010523184288170
0.010523238340637
0.010523293820574
0.010523350702751
0.010523408950865
0.010523468508773
0.010523529286784
0.010523591141818
0.010523653850108
0.010523717070976
0.010523780300068
0.010523842810231
0.010523903578010
0.010523961193479
0.010524013750832
0.010524058716840
0.010524092773934
0.010524111634281
0.010524109820900
0.010524080411451
0.010524014740059
0.010523902052167
0.010523729107228
0.010523479723807
0.010523134261565
0.010522669034573
0.010522055650465
0.010521260270176
0.010520242783384
0.010518955895368
0.010517344121844
0.010515342689476
0.010512876341260
0.010509858047817
0.010506187627971
0.010501750284701
0.010496415065811
0.010490033262344
0.010482436761971
0.010473436379220
0.010462820189497
0.010450351899308
0.010435769290879
0.010418782785419
0.010399074175419
0.010376295582563
0.010350068703885
0.010319984414445
0.010285602799948
0.010246453697012
0.010202037821942
0.010151828570623
0.010095274572110
0.010031803076352
0.009960824251923
0.009881736462296
0.009793932578803
0.009696807374770
0.009589766028151
0.009472233739239
0.009343666445705
0.009203562589330
0.009051475857574
0.008887028788977
0.008709927094651
0.008519974509592
0.008317087947910
0.008101312696405
0.007872837342308
0.007632008094786
0.007379342127416
0.007115539541804
0.006841493532505
0.006558298321978
0.006267254433113
0.005969870877355
0.005667863859948
0.005363151641333
0.005057845246046
0.004754234777826
0.004454771181958
0.004162043392419
0.003878750910969
0.003607671985984
0.003351627688162
0.003113442315085
0.002895900693301
0.002701703080889
0.002533418500788
0.002393437450390
0.002283925031098
0.002206775617444
0.002163570234159
0.002155537826831
0.002183521593751
0.002247951490345
0.002348823921612
0.002485689501893
0.002657649586170
0.002863362065958
0.003101056679946
0.003368559821343
0.003663328537915
0.003982493126388
0.004322907430441
0.004681205672321
0.005053864393681
0.005437267863353
0.005827775139416
0.006221786860160
0.006615809791712
0.007006517185460
0.007390803099398
0.007765829014791
0.008129061330183
0.008478298632403
0.008811688019143
0.009127730166532
0.009425273281960
0.009703496538543
0.009961884032760
0.010200190719949
0.010418402142414
0.010616690052162
0.010795366227443
0.010954836875040
0.011095559989207
0.011218007898599
0.011322636975810
0.011409866117642
0.011480065141454
0.011533553703338
0.011570610751907
0.011591493916150
0.011596467618659
0.011585838139799
0.011559993366876
0.011519444575571
0.011464867335522
0.011397138528728
0.011317366531925
0.011226911847332
0.011127395865806
0.011020695998675
0.010908926095991
0.010794401847867
0.010679591702769
0.010567054687884
0.010459367334273
0.010359042645867
0.010268444660660
0.010189702594679
0.010124628801669
0.010074644801766
0.010040719420086
0.010023322633823
0.010022398070080
0.010037356255426
0.010067089732937
0.010110010084020
0.010164105778411
0.010227018688097
0.010296136101451
0.010368694221024
0.010441888473502
0.010512985544189
0.010579431898661
0.010638953683559
0.010689643303075
0.010730028627664
0.010759121671538
0.010776444627065
0.010782032308167
0.010776411265266
0.010760557022437
0.010735831985778
0.010703907518774
0.010666674423398
0.010626146565109
0.010584362611340
0.010543290808446
0.010504741410103
0.010470290815505
0.010441220717061
0.010418474644582
0.010402633284046
0.010393908905280
0.010392158215982
0.010396912026373
0.010407419309244
0.010422702613233
0.010441621359532
0.010462939337048
0.010485392707905
0.010507755030987
0.010528896181924
0.010547832560896
0.010563766596238
0.010576114230626
0.010584519776154
0.010588858205691
0.010589225576471
0.010585918829696
0.010579406656222
0.010570293449917
0.010559278580794
0.010547113310122
0.010534557645367
0.010522339304221
0.010511116737678
0.010501447867408
0.010493765839042
0.010488362697463
0.010485381469558
0.010484816711058
0.010486523153542
0.010490231691649
0.010495571595020
0.010502097529709
0.010509319744111
0.010516735627403
0.010523860794070
0.010530257892736
0.010535561483032
0.010539497566907
0.010541896690921
0.010542699937411
0.010541957573057
0.010539820596082
0.010536525887525
0.010532376095500
0.010527715733137
0.010522905223152
0.010518294753473
0.010514199805808
0.010510880079395
0.010508523263218
0.010507234730143
0.010507033764034
0.010507856421773
0.010509564616905
0.010511960532487
0.010514805067238
0.010517838725147
0.010520803198848
0.010523461884518
0.010525617700924
0.010527126854832
0.010527907574320
0.010527943286247
0.010527280202895
0.010526019761913
0.010524306790686
0.010522314603971
0.010520228463937
0.010518228917631
0.010516476474375
0.010515098903526
0.010514182142247
0.010513765433777
0.010513840906124
0.010514357388653
0.010515227888320
0.010516339841835
0.010517567050670
0.010518782108052
0.010519868145234
0.010520728851431
0.010521295940641
0.010521533524032
0.010521439168136
0.010521041744263
0.010520396472050
0.010519577802746
0.010518670955372
0.010517762999027
0.010516934364455
0.010516251573340
0.010515761808473
0.010515489731848
0.010515436714710
0.010515582398616
0.010515888283833
0.010516302861163
0.010516767681043
0.010517223698135
0.010517617242488
0.010517905044711
0.010518057871435
