0.037509306892544
0.037516373421191
0.037520095174804
0.037521112039811
0.037520117325751
0.037517828326633
0.037514955717719
0.037512172570689
0.037510083956898
0.037509198319415
0.037509901993558
0.037512438400265
0.037516893484026
0.037523188880065
0.037531084048513
0.037540188197808
0.037549982246590
0.037559850375505
0.037569119949067
0.037577107810693
0.037583170247364
0.037586753362302
0.037587440254857
0.037584991341674
0.037579374393926
0.037570781416088
0.037559630325587
0.037546550453824
0.037532352095574
0.037517981585522
0.037504464568198
0.037492841142740
0.037484097311158
0.037479097564476
0.037478523462136
0.037482822688004
0.037492172329494
0.037506459086929
0.037525277868670
0.037547948873218
0.037573551920278
0.037600975582799
0.037628977690712
0.037656253099322
0.037681504284555
0.037703510352285
0.037721190404058
0.037733657831200
0.037740262934928
0.037740622200631
0.037734633496516
0.037722477335623
0.037704605069080
0.037681715424810
0.037654721155075
0.037624707720501
0.037592885953002
0.037560540556370
0.037528976179024
0.037499462682945
0.037473181177732
0.037451172410889
0.037434289202003
0.037423154752247
0.037418128802887
0.037419283694614
0.037426392326924
0.037438929774136
0.037456089841473
0.037476817128870
0.037499854234164
0.037523802629985
0.037547194582159
0.037568572358741
0.037586570037227
0.037599992579523
0.037607886616002
0.037609597632925
0.037604809014781
0.037593559623125
0.037576238208475
0.037553554813776
0.037526491261494
0.037496234626722
0.037464099093146
0.037431442599963
0.037399585094056
0.037369734944005
0.037342929163751
0.037319991620746
0.037301511518907
0.037287842353988
0.037279119468993
0.037275292522095
0.037276167824783
0.037281454767013
0.037290810501010
0.037303877704980
0.037320311506970
0.037339793357033
0.037362031575615
0.037386750230573
0.037413669657508
0.037442483122950
0.037472834681215
0.037504303117857
0.037536396020700
0.037568556579605
0.037600183872826
0.037630665391756
0.037659418653526
0.037685937210748
0.037709835406142
0.037730885982401
0.037749045198798
0.037764461379415
0.037777464680777
0.037788538095788
0.037798272029676
0.037807306896339
0.037816269813248
0.037825712397187
0.037836056743589
0.037847555874612
0.037860273341730
0.037874084447085
0.037888698966785
0.037903702633048
0.037918612287847
0.037932937858593
0.037946243360213
0.037958199135787
0.037968618531663
0.037977474064355
0.037984890665728
0.037991116492598
0.037996474706383
0.038001302205694
0.038005883200142
0.038010386490524
0.038014815217983
0.038018976638566
0.038022477277834
0.038024745854234
0.038025082960287
0.038022733050634
0.038016971217780
0.038007194923677
0.037993009607674
0.037974297106619
0.037951257160104
0.037924414841623
0.037894590317231
0.037862831523929
0.037830314726583
0.037798221956155
0.037767607562988
0.037739268108798
0.037713630254570
0.037690670016859
0.037669873781381
0.037650246990199
0.037630370849606
0.037608501285935
0.037582698360167
0.037550969141299
0.037511403313338
0.037462279136805
0.037402118224112
0.037329671116410
0.037243821799813
0.037143407718404
0.037026961899916
0.036892394635776
0.036736642699899
0.036555323209511
0.036342435799130
0.036090159797285
0.035788791806820
0.035426863077099
0.034991465320640
0.034468798627297
0.033844936786698
0.033106784980708
0.032243184116663
0.031246096901438
0.030111795007393
0.028841956116401
0.027444575693158
0.025934602000375
0.024334214485294
0.022672684911681
0.020985786450154
0.019314746679553
0.017704773853442
0.016203219234405
0.014857469021244
0.013712684702285
0.012809528205160
0.012182016182620
0.011855645122320
0.011845915509881
0.012157359735308
0.012783146414892
0.013705295661530
0.014895498497375
0.016316492300519
0.017923906183565
0.019668458534666
0.021498366109366
0.023361811802621
0.025209317420190
0.026995878309432
0.028682737558638
0.030238706747834
0.031640975388290
0.032875389254386
0.033936215668596
0.034825448451319
0.035551734078571
0.036129021587352
0.036575050667547
0.036909794747040
0.037153969108796
0.037327699322082
0.037449424281767
0.037535083105551
0.037597608415239
0.037646722477034
0.037689009417132
0.037728217976930
0.037765736211181
0.037801172750342
0.037832978730181
0.037859049669752
0.037877256430028
0.037885867563280
0.037883840349049
0.037870973069624
0.037847925194547
0.037816123951237
0.037777584417068
0.037734675311689
0.037689864014117
0.037645472247116
0.037603468926159
0.037565319639238
0.037531904004745
0.037503503669878
0.037479855820317
0.037460260493146
0.037443725246537
0.037429128143268
0.037415379619072
0.037401565479536
0.037387056661796
0.037371576030347
0.037355217786822
0.037338420473435
0.037321899484300
0.037306548996354
0.037293325943981
0.037283129889209
0.037276692342942
0.037274487387067
0.037276672583458
0.037283065488987
0.037293157045938
0.037306159124603
0.037321079974492
0.037336818641325
0.037352267777944
0.037366413845735
0.037378424464615
0.037387714492988
0.037393985063457
0.037397232944841
0.037397730881643
0.037395982612485
0.037392658760926
0.037388521471787
0.037384346380457
0.037380850214184
0.037378631112409
0.037378126801896
0.037379593335978
0.037383104517073
0.037388569687219
0.037395765582177
0.037404376624964
0.037414037517849
0.037424372305954
0.037435025152191
0.037445679709501
0.037456065959351
0.037465955424213
0.037475147474829
0.037483450794412
0.037490664753448
0.037496565402115
0.037500900015328
0.037503392739567
0.037503762085409
0.037501749037583
0.037497152691102
0.037489868831621
0.037479925976675
0.037467513222490
0.037452994844177
0.037436907919473
0.037419941137200
0.037402895183947
0.037386627401265
0.037371985482378
0.037359736566601
0.037350498982196
0.037344683958069
0.037342453844055
0.037343701823894
0.037348055943503
0.037354907752378
0.037363463254682
0.037372811485544
0.037382004138338
0.037390138483899
0.037396435474368
0.037400305447291
0.037401395174896
0.037399611983613
0.037395123073102
0.037388330721817
0.037379826495320
0.037370329612730
0.037360616064794
0.037351445775902
0.037343495010163
0.037337300376526
0.037333219310031
0.037331409981781
0.037331831447273
0.037334262724327
0.037338337627221
0.037343590763429
0.037349509254960
0.037355584538515
0.037361359013358
0.037366463259756
0.037370640904601
0.037373759787268
0.037375809686023
0.037376888318957
0.037377178477758
0.037376919877178
0.037376379552310
0.037375824413520
0.037375498933380
0.037375609995117
0.037376319811873
0.037377746677717
0.037379972276644
0.037383053475239
0.037387036043547
0.037391967629566
0.037397907551855
0.037404931525294
0.037413130214648
0.037422601412892
0.037433436549865
0.037445703039265
0.037459424573644
0.037474561810637
0.037490995927154
0.037508517255997
0.037526820701142
0.037545508921646
0.037564103467425
0.037582063238728
0.037598808917178
0.037613751457928
0.037626322394909
0.037636003621471
0.037642354463447
0.037645034229299
0.037643818947337
0.037638611612527
0.037629445887920
0.037616483764803
0.037600008119615
0.037580411372525
0.037558181533836
0.037533886826826
0.037508159829245
0.037481681729255
0.037455166905390
0.037429347678405
0.037404958804687
0.037382721132750
0.037363323854100
0.037347404952881
0.037335529777498
0.037328168083033
