0.114362124777220
0.113826917870468
0.113351931973744
0.112952141461241
0.112640473200392
0.112427421598132
0.112320730651196
0.112325152074882
0.112442286544536
0.112670512852940
0.113005007419813
0.113437854146002
0.113958242145899
0.114552746479643
0.115205684704328
0.115899539931197
0.116615439171515
0.117333674130381
0.118034250312421
0.118697449375695
0.119304389141424
0.119837565558643
0.120281361245203
0.120622505979058
0.120850475683831
0.120957818016109
0.120940394582391
0.120797532044393
0.120532076855008
0.120150351037839
0.119662009207757
0.119079799849913
0.118419236649051
0.117698188307554
0.116936397729630
0.116154943604627
0.115375659225905
0.114620524773627
0.113911050221966
0.113267666468887
0.112709142209282
0.112252043475543
0.111910251664740
0.111694554286260
0.111612320640911
0.111667272239672
0.111859355057310
0.112184717774095
0.112635797076344
0.113201507957793
0.113867533885204
0.114616708758461
0.115429479899067
0.116284438925505
0.117158905393374
0.118029546554070
0.118873015564974
0.119666589997037
0.120388792545789
0.121019976454620
0.121542859282730
0.121942990255811
0.122209138471201
0.122333591623653
0.122312357594433
0.122145264118645
0.121835954721531
0.121391782100110
0.120823603029186
0.120145481602072
0.119374310095219
0.118529358901147
0.117631768746464
0.116703999756223
0.115769252812299
0.114850879067447
0.113971793419751
0.113153907241005
0.112417594718102
0.111781205852430
0.111260637522870
0.110868972116082
0.110616191131902
0.110508968953912
0.110550549707749
0.110740707883368
0.111075791237751
0.111548842481559
0.112149794437620
0.112865731782867
0.113681211179162
0.114578630582293
0.115538637801261
0.116540567960059
0.117562899380060
0.118583717532894
0.119581177084338
0.120533952626645
0.121421669444067
0.122225306535896
0.122927565095321
0.123513196674229
0.123969286320254
0.124285487023293
0.124454202829986
0.124470718957022
0.124333278144168
0.124043103327678
0.123604367481191
0.123024112165998
0.122312116960433
0.121480722506625
0.120544610430601
0.119520543867609
0.118427072766604
0.117284208562129
0.116113073192066
0.114935527805973
0.113773786848003
0.112650023504051
0.111585972764524
0.110602538559553
0.109719411557357
0.108954704263056
0.108324609998092
0.107843092164843
0.107521609893738
0.107368885721909
0.107390720357897
0.107589858845880
0.107965911561302
0.108515332459112
0.109231455874193
0.110104591964568
0.111122179620841
0.112268994373338
0.113527407548562
0.114877691697523
0.116298366179528
0.117766575774331
0.119258494348622
0.120749744950916
0.122215827277661
0.123632543261493
0.124976411591055
0.126225062282972
0.127357602984188
0.128354949471770
0.129200113813877
0.129878444829052
0.130377816793561
0.130688763755685
0.130804558275458
0.130721234870490
0.130437559865489
0.129954950669074
0.129277348694479
0.128411051164226
0.127364507862766
0.126148089503827
0.124773834747298
0.123255183030034
0.121606700270956
0.119843804187184
0.117982495436669
0.116039100112840
0.114030028292876
0.111971552422139
0.109879608344215
0.107769620800629
0.105656354267127
0.103553789101962
0.101475022188840
0.099432190590167
0.097436416205259
0.095497769065562
0.093625246699442
0.091826766959097
0.090109171810557
0.088478239826745
0.086938705469192
0.085494283668043
0.084147698681009
0.082900716697172
0.081754182118442
0.080708057869396
0.079761470427855
0.078912760511541
0.078159540483643
0.077498759542381
0.076926777633620
0.076439448775959
0.076032214125658
0.075700204652567
0.075438352771044
0.075241511699829
0.075104580742817
0.075022634120966
0.074991050476641
0.075005639745866
0.075062763778647
0.075159446905334
0.075293472614574
0.075463462636095
0.075668935011838
0.075910338187301
0.076189058749005
0.076507401154695
0.076868538624846
0.077276435256845
0.077735740352756
0.078251656881277
0.078829786887413
0.079475957483412
0.080196031768187
0.080995709600477
0.081880323569518
0.082854635748574
0.083922640871192
0.085087381435081
0.086350779919375
0.087713492810658
0.089174790491219
0.090732466275431
0.092382777017476
0.094120416789863
0.095938524183357
0.097828722841036
0.099781193947332
0.101784778578762
0.103827107114721
0.105894752326097
0.107973402322913
0.110048049258571
0.112103189559515
0.114123031470065
0.116091705860978
0.117993476529030
0.119812946591154
0.121535258023768
0.123146281887583
0.124632797280852
0.125982657551313
0.127184942742738
0.128230097633394
0.129110055023069
0.129818344130550
0.130350184068757
0.130702562371015
0.130874298456592
0.130866091760191
0.130680554027618
0.130322225021748
0.129797570615795
0.129114962003161
0.128284634553185
0.127318624717172
0.126230683363179
0.125036164010979
0.123751884664366
0.122395962304010
0.120987619610483
0.119546964126122
0.118094740820841
0.116652059878356
0.115240102436149
0.113879807960697
0.112591547880084
0.111394790988225
0.110307766936842
0.109347134802275
0.108527664216939
0.107861936856794
0.107360076150320
0.107029512902737
0.106874794101723
0.106897441487612
0.107095865541780
0.107465339391046
0.107998035772336
0.108683128687769
0.109506959749987
0.110453267520971
0.111503476438236
0.112637040255743
0.113831833358028
0.115064581887660
0.116311325406486
0.117547898832075
0.118750423686817
0.119895797292988
0.120962168458180
0.121929388426049
0.122779426411270
0.123496739878435
0.124068590835880
0.124485300762549
0.124740438326525
0.124830935740320
0.124757131378637
0.124522738105788
0.124134738568726
0.123603210456344
0.122941086358354
0.122163854335154
0.121289206597366
0.120336644761636
0.119327050977132
0.118282234792870
0.117224465955675
0.116176003396364
0.115158630489031
0.114193206272836
0.113299241730376
0.112494509448406
0.111794694074836
0.111213089961294
0.110760351273759
0.110444298694472
0.110269785653896
0.110238625846429
0.110349582619149
0.110598419696284
0.110978011627511
0.111478511335450
0.112087571194461
0.112790613203587
0.113571143024428
0.114411101941642
0.115291250171754
0.116191574396850
0.117091711937261
0.117971383605948
0.118810827013849
0.119591221928181
0.120295099234556
0.120906725130078
0.121412452389665
0.121801030913327
0.122063870287796
0.122195247789499
0.122192456121576
0.122055886215112
0.121789041628332
0.121398482435136
0.120893697987471
0.120286909538926
0.119592805397206
0.118828212991662
0.118011713954530
0.117163209971646
0.116303448708201
0.115453520504300
0.114634337710898
0.113866109449331
0.113167825182156
0.112556760741465
0.112048020344379
0.111654127615801
0.111384677729819
0.111246061480529
0.111241270421336
0.111369790203685
0.111627586949553
0.112007188966973
0.112497863435080
0.113085884923965
0.113754889860320
0.114486308391132
0.115259862623225
0.116054118012168
0.116847072819573
0.117616769123296
0.118341907909054
0.119002450337949
0.119580187399730
0.120059260835438
0.120426619435898
0.120672396565976
0.120790196981800
0.120777283635601
0.120634658121540
0.120367031614289
0.119982686489161
0.119493232180847
0.118913262127450
0.118259921748926
0.117552400220809
0.116811361230591
0.116058329862807
0.115315054182542
0.114602860926050
0.113942024931228
0.113351171540173
0.112846730192499
0.112442455833300
0.112149032635378
0.111973771950870
0.111920413447428
0.111989035145691
0.112176074664150
