0.107949946986182
0.107175777158320
0.106418951004995
0.105688791795197
0.104994266739652
0.104343878061854
0.103745561283777
0.103206591978975
0.102733502097943
0.102332006809104
0.102006942626879
0.101762217419110
0.101600772703169
0.101524558456616
0.101534520487490
0.101630600234191
0.101811746698353
0.102075940058469
0.102420226369589
0.102840762626909
0.103332871359966
0.103891103830414
0.104509310830681
0.105180720023308
0.105898018721375
0.106653440988643
0.107438857932954
0.108245870077054
0.109065900715992
0.109890289207999
0.110710383194818
0.111517628805886
0.112303657967068
0.113060372006829
0.113780020829377
0.114455277003609
0.115079304197426
0.115645819467660
0.116149148995527
0.116584276935150
0.116946887117653
0.117233397424936
0.117440986715309
0.117567614247357
0.117612031608770
0.117573787213449
0.117453223483214
0.117251466880079
0.116970411001740
0.116612692996826
0.116181663598026
0.115681351110611
0.115116419731362
0.114492122608669
0.113814250088588
0.113089073623906
0.112323285853684
0.111523937388991
0.110698370866388
0.109854152853708
0.108999004212352
0.108140729536165
0.107287146298481
0.106446014345504
0.105624966375387
0.104831440037711
0.104072612277044
0.103355336526716
0.102686083334575
0.102070884971205
0.101515284533020
0.101024290007935
0.100602333720317
0.100253237515152
0.099980183979463
0.099785693932697
0.099671610348051
0.099639088794429
0.099688594414995
0.099819905384308
0.100032122712808
0.100323686196308
0.100692396240032
0.101135441222995
0.101649430009868
0.102230429165028
0.102874004377984
0.103575265571380
0.104328915132968
0.105129298691471
0.105970457843482
0.106846184234317
0.107750074400007
0.108675584790005
0.109616086410269
0.110564918553482
0.111515441116684
0.112461085045542
0.113395400488165
0.114312102288586
0.115205112500062
0.116068599649935
0.116897014540211
0.117685122420043
0.118428031417360
0.119121217165852
0.119760543609903
0.120342280013106
0.120863114235220
0.121320162377468
0.121710974926563
0.122033539553734
0.122286280746158
0.122468056464742
0.122578152034179
0.122616271479055
0.122582526523634
0.122477423473372
0.122301848193495
0.122057049394715
0.121744620428795
0.121366479787613
0.120924850489334
0.120422238524435
0.119861410523350
0.119245370796573
0.118577337887651
0.117860720769833
0.117099094808366
0.116296177602864
0.115455804817700
0.114581906103114
0.113678481205750
0.112749576364266
0.111799261083744
0.110831605381328
0.109850657594942
0.108860422846625
0.107864842251906
0.106867772966377
0.105872969160053
0.104884064008900
0.103904552791046
0.102937777172218
0.101986910761077
0.101054946009826
0.100144682529078
0.099258716878140
0.098399433882805
0.097568999522389
0.096769355416260
0.096002214927549
0.095269060888358
0.094571144936665
0.093909488440608
0.093284884971077
0.092697904268815
0.092148897637839
0.091638004683142
0.091165161297635
0.090730108791378
0.090332404045550
0.089971430564559
0.089646410292399
0.089356416053915
0.089100384478236
0.088877129260368
0.088685354617736
0.088523668801537
0.088390597527822
0.088284597200439
0.088204067806986
0.088147365379757
0.088112813925987
0.088098716745373
0.088103367067504
0.088125057957275
0.088162091452234
0.088212786911727
0.088275488573537
0.088348572328868
0.088430451740874
0.088519583345153
0.088614471282317
0.088713671322822
0.088815794352373
0.088919509392258
0.089023546232863
0.089126697760146
0.089227822054176
0.089325844335837
0.089419758832650
0.089508630627490
0.089591597544944
0.089667872119459
0.089736743677510
0.089797580553117
0.089849832442500
0.089893032889882
0.089926801882729
0.089950848521570
0.089964973717195
0.089969072856955
0.089963138372335
0.089947262132282
0.089921637581131
0.089886561536619
0.089842435562499
0.089789766831769
0.089729168400436
0.089661358818075
0.089587161009971
0.089507500376217
0.089423402065471
0.089335987394920
0.089246469402797
0.089156147535478
0.089066401486910
0.088978684223936
0.088894514246035
0.088815467142156
0.088743166519960
0.088679274393622
0.088625481125256
0.088583495021426
0.088555031690260
0.088541803266034
0.088545507606836
0.088567817567091
0.088610370440425
0.088674757659770
0.088762514831154
0.088875112165466
0.089013945359156
0.089180326960719
0.089375478245424
0.089600521606511
0.089856473457635
0.090144237628887
0.090464599228104
0.090818218930364
0.091205627652296
0.091627221564041
0.092083257390869
0.092573847958450
0.093098957940761
0.093658399777439
0.094251829737823
0.094878744121848
0.095538475602721
0.096230189732812
0.096952881651623
0.097705373052645
0.098486309483760
0.099294158072919
0.100127205786529
0.100983558341757
0.101861139905100
0.102757693717767
0.103670783792976
0.104597797831095
0.105535951495151
0.106482294181619
0.107433716409455
0.108386958934141
0.109338623673365
0.110285186506994
0.111223011986899
0.112148369962209
0.113057454093582
0.113946402196552
0.114811318319860
0.115648296430524
0.116453445544155
0.117222916107389
0.117952927410020
0.118639795778256
0.119279963277972
0.119870026638557
0.120406766094352
0.120887173831967
0.121308481728322
0.121668188065990
0.121964082919337
0.122194271916876
0.122357198101842
0.122451661633842
0.122476837099018
0.122432288223937
0.122317979818610
0.122134286806112
0.121882000229349
0.121562330158924
0.121176905459224
0.120727770401843
0.120217378145984
0.119648581133886
0.119024618475075
0.118349100416342
0.117625990014212
0.116859582143547
0.116054479989612
0.115215569181691
0.114347989734409
0.113457105968523
0.112548474586704
0.111627811082000
0.110700954657903
0.109773831839737
0.108852418957938
0.107942703685195
0.107050645811964
0.106182137448645
0.105342962848351
0.104538758051683
0.103774970564310
0.103056819289624
0.102389254951836
0.101776921259495
0.101224117075100
0.100734759872590
0.100312350780593
0.099959941524458
0.099680103593755
0.099474899973009
0.099345859781380
0.099293956170823
0.099319587831196
0.099422564444273
0.099602096415850
0.099856789195802
0.100184642469578
0.100583054471145
0.101048831626699
0.101578203690790
0.102166844482235
0.102809898266806
0.103502011767999
0.104237371717089
0.105009747780166
0.105812540624277
0.106638834808307
0.107481456108316
0.108333032813133
0.109186060455532
0.110032969378750
0.110866194478733
0.111678246410856
0.112461783506809
0.113209683614213
0.113915115048997
0.114571605839365
0.115173110440781
0.115714073113987
0.116189487182640
0.116594949423588
0.116926708890428
0.117181709529364
0.117357626014469
0.117452892306266
0.117466722521850
0.117399123795301
0.117250900902286
0.117023652521251
0.116719759103767
0.116342362426864
0.115895336999317
0.115383253589993
0.114811335238659
0.114185406196464
0.113511834323819
0.112797467546511
0.112049565035953
0.111275723835812
0.110483801704384
0.109681836979950
0.108877966304563
0.108080341060549
0.107297043383555
0.106536002616495
0.105804913060734
0.105111153864653
0.104461711866021
0.103863108173759
0.103321329237462
0.102841763109823
0.102429141558666
0.102087488631837
0.101820076220565
0.101629387105175
0.101517085901820
0.101483998260391
0.101530098592354
0.101654506533072
0.101855492266612
0.102130490762124
0.102476124890110
0.102888237304233
0.103361930890409
0.103891617499853
0.104471074597170
