0.042612194145335
0.042819691084605
0.043004411883344
0.043159708956130
0.043279580265220
0.043358782973491
0.043392921619874
0.043378508052012
0.043312991562976
0.043194759012339
0.043023106095353
0.042798182278709
0.042520913166454
0.042192905117118
0.041816337733605
0.041393850335382
0.040928428660307
0.040423297815146
0.039881826906432
0.039307449867771
0.038703605808816
0.038073700817192
0.037421091634508
0.036749090097370
0.036060985782912
0.035360083020785
0.034649747414494
0.033933456322780
0.033214847433829
0.032497759644275
0.031786260928018
0.031084658717443
0.030397489468166
0.029729485463801
0.029085518449517
0.028470521263019
0.027889390156472
0.027346871874342
0.026847440682158
0.026395171357874
0.025993614610022
0.025645681448440
0.025353542702763
0.025118549185559
0.024941176978471
0.024821001048930
0.024756698964377
0.024746084952720
0.024786173056466
0.024873266734885
0.025003071064725
0.025170822741328
0.025371432434846
0.025599633734695
0.025850132919997
0.026117754102573
0.026397574859558
0.026685048246010
0.026976107983822
0.027267254586175
0.027555621122352
0.027839018188567
0.028115958372377
0.028385661044170
0.028648038662305
0.028903665943566
0.029153733252543
0.029399985445505
0.029644647222266
0.029890335856874
0.030139962058630
0.030396619716074
0.030663465442050
0.030943589192224
0.031239877773768
0.031554873770991
0.031890633241206
0.032248586405452
0.032629406386300
0.033032891730773
0.033457868901466
0.033902121033239
0.034362348964784
0.034834169819103
0.035312157213617
0.035789925555826
0.036260258890028
0.036715282506526
0.037146673140193
0.037545901225061
0.037904496501568
0.038214326457048
0.038467875766271
0.038658514207741
0.038780740544260
0.038830390607057
0.038804799293735
0.038702908311224
0.038525314147153
0.038274253776850
0.037953528819550
0.037568372041457
0.037125263060025
0.036631702643162
0.036095956958541
0.035526784392927
0.034933158060369
0.034323996837241
0.033707916741787
0.033093012807212
0.032486679413653
0.031895474509580
0.031325030448842
0.030780011479681
0.030264115419698
0.029780114884921
0.029329931727335
0.028914737148174
0.028535069325699
0.028190960315076
0.027882064395223
0.027607780873295
0.027367365510087
0.027160026086258
0.026984999076006
0.026841605826189
0.026729287965502
0.026647622922228
0.026596321366283
0.026575209092186
0.026584196326195
0.026623237693119
0.026692286148244
0.026791244105804
0.026919914816411
0.027077956796430
0.027264843819133
0.027479832657345
0.027721940427038
0.027989933018891
0.028282325712302
0.028597396633064
0.028933213232777
0.029287671430669
0.029658546470476
0.030043553919671
0.030440418599441
0.030846948614535
0.031261111093264
0.031681105794465
0.032105432435397
0.032532947483752
0.032962906271340
0.033394986647824
0.033829291006915
0.034266324374533
0.034706947321933
0.035152303713463
0.035603724661013
0.036062611466671
0.036530301715345
0.037007923950721
0.037496247452800
0.037995534461104
0.038505402692334
0.039024706136330
0.039551441848071
0.040082689773806
0.040614591564182
0.041142372865846
0.041660411795094
0.042162354252001
0.042641274517242
0.043089877286463
0.043500735048485
0.043866552618693
0.044180448812321
0.044436243792381
0.044628739650328
0.044753981352378
0.044809485365899
0.044794424095223
0.044709755699754
0.044558290900876
0.044344690935186
0.044075393775153
0.043758468980635
0.043403404909416
0.043020835329971
0.042622215566944
0.042219460994824
0.041824562817827
0.041449197498469
0.041104346821981
0.040799945348615
0.040544570898108
0.040345191767506
0.040206981691995
0.040133210251899
0.040125212680435
0.040182439039798
0.040302578729514
0.040481752498116
0.040714760765626
0.040995374325678
0.041316651542841
0.041671265106795
0.042051821310431
0.042451155685292
0.042862590597235
0.043280142964587
0.043698673448361
0.044113972079243
0.044522779104161
0.044922743621061
0.045312326094440
0.045690653897065
0.046057341430102
0.046412288005030
0.046755467449659
0.047086723308027
0.047405582577861
0.047711099260436
0.048001736722398
0.048275295157895
0.048528887484235
0.048758964004546
0.048961383318541
0.049131524429566
0.049264432922705
0.049354992575407
0.049398112863991
0.049388922555387
0.049322959888230
0.049196350676717
0.049005966910209
0.048749559946763
0.048425864076283
0.048034667928308
0.047576852802875
0.047054398414916
0.046470357695879
0.045828803154981
0.045134747863107
0.044394044410824
0.043613265258264
0.042799567805894
0.041960547346596
0.041104080885266
0.040238164697012
0.039370748486000
0.038509569128684
0.037661987235625
0.036834830117500
0.036034245141230
0.035265567840941
0.034533209423930
0.033840568399755
0.033189970884176
0.032582643628809
0.032018722966915
0.031497301642161
0.031016513931997
0.030573657657891
0.030165349691508
0.029787709546583
0.029436563736261
0.029107661927897
0.028796894688561
0.028500501913422
0.028215260963489
0.027938644165574
0.027668936654039
0.027405307516485
0.027147829747630
0.026897447472817
0.026655892091678
0.026425552203127
0.026209305182782
0.026010320875430
0.025831849841518
0.025677009798477
0.025548584215554
0.025448846405776
0.025379420927310
0.025341191741675
0.025334263522623
0.025357978964007
0.025410991133596
0.025491386120760
0.025596847691329
0.025724852639661
0.025872883229740
0.026038641709275
0.026220251467454
0.026416430024788
0.026626620657713
0.026851071968898
0.027090857953658
0.027347834871732
0.027624535266758
0.027924003521371
0.028249581133854
0.028604653211712
0.028992370292097
0.029415361360134
0.029875454742073
0.030373423361193
0.030908769683345
0.031479563628431
0.032082343918594
0.032712089950015
0.033362267519495
0.034024947831626
0.034690995381727
0.035350316766730
0.035992159410158
0.036605446754275
0.037179134787358
0.037702573905983
0.038165860083055
0.038560160096926
0.038877997107039
0.039113485031385
0.039262502854318
0.039322803012559
0.039294051202463
0.039177798150896
0.038977386929863
0.038697802122027
0.038345469434084
0.037928016110729
0.037454003660456
0.036932644938310
0.036373517548724
0.035786284876821
0.035180434902127
0.034565045392501
0.033948582233269
0.033338735641838
0.032742296976647
0.032165076889078
0.031611863790445
0.031086420094425
0.030591512503323
0.030128971760849
0.029699776792821
0.029304157972349
0.028941714328051
0.028611539797672
0.028312354042331
0.028042633805581
0.027800741261552
0.027585046196989
0.027394039181996
0.027226433095189
0.027081250494824
0.026957894403256
0.026856200148217
0.026776466041102
0.026719460930685
0.026686407104561
0.026678937658562
0.026699028332513
0.026748904907791
0.026830928537534
0.026947462764431
0.027100727379748
0.027292645578263
0.027524691946434
0.027797749566734
0.028111984824819
0.028466748288033
0.028860509238040
0.029290830083051
0.029754384987395
0.030247024724745
0.030763887114426
0.031299549599975
0.031848217760693
0.032403941005033
0.032960844569072
0.033513365403568
0.034056478715045
0.034585901920000
0.035098263612731
0.035591226813898
0.036063558177230
0.036515137850116
0.036946908128121
0.037360762698241
0.037759381895710
0.038146022766667
0.038524275609745
0.038897800868867
0.039270061615918
0.039644067297875
0.040022143891929
0.040405744141141
0.040795309221076
0.041190190159603
