0.030745139905144
0.030759372390224
0.030778865371521
0.030803749728657
0.030834146410312
0.030870166342406
0.030911910346233
0.030959469064100
0.031012922890259
0.031072341905184
0.031137785811573
0.031209303870746
0.031286934838518
0.031370706899907
0.031460637602459
0.031556733788256
0.031658991525030
0.031767396037099
0.031881921637091
0.032002531659675
0.032129178398712
0.032261803049388
0.032400335657033
0.032544695074401
0.032694788929241
0.032850513604037
0.033011754229737
0.033178384695317
0.033350267674923
0.033527254674275
0.033709186097908
0.033895891338701
0.034087188891001
0.034282886488480
0.034482781267684
0.034686659958027
0.034894299098747
0.035105465283146
0.035319915430139
0.035537397082936
0.035757648734387
0.035980400178297
0.036205372885757
0.036432280405313
0.036660828785588
0.036890717018749
0.037121637503069
0.037353276522666
0.037585314742373
0.037817427715619
0.038049286403105
0.038280557700021
0.038510904969567
0.038739988580500
0.038967466446511
0.039192994565293
0.039416227555239
0.039636819187852
0.039854422914067
0.040068692382864
0.040279281950725
0.040485847180686
0.040688045329939
0.040885535825149
0.041077980724865
0.041265045168609
0.041446397812432
0.041621711250910
0.041790662425700
0.041952933020985
0.042108209846178
0.042256185206454
0.042396557261681
0.042529030374436
0.042653315447783
0.042769130253533
0.042876199751682
0.042974256401696
0.043063040466260
0.043142300308066
0.043211792680131
0.043271283010038
0.043320545678455
0.043359364292139
0.043387531951585
0.043404851513367
0.043411135847153
0.043406208087263
0.043389901878611
0.043362061616739
0.043322542681659
0.043271211665062
0.043207946590489
0.043132637125898
0.043045184788076
0.042945503138216
0.042833517967947
0.042709167475021
0.042572402427788
0.042423186317545
0.042261495497762
0.042087319309170
0.041900660189662
0.041701533767929
0.041489968939793
0.041266007926235
0.041029706312147
0.040781133064996
0.040520370532634
0.040247514419694
0.039962673742156
0.039665970759870
0.039357540887032
0.039037532580837
0.038706107208785
0.038363438895322
0.038009714348771
0.037645132669711
0.037269905142183
0.036884255009261
0.036488417234711
0.036082638252517
0.035667175706158
0.035242298179478
0.034808284920969
0.034365425563155
0.033914019838603
0.033454377293866
0.032986817002397
0.032511667277164
0.032029265383391
0.031539957251486
0.031044097189916
0.030542047597442
0.030034178673873
0.029520868128224
0.029002500882988
0.028479468773096
0.027952170238056
0.027421010005780
0.026886398766627
0.026348752836361
0.025808493806845
0.025266048183549
0.024721847009193
0.024176325473123
0.023629922506326
0.023083080362283
0.022536244184134
0.021989861558915
0.021444382059848
0.020900256777843
0.020357937843557
0.019817877941411
0.019280529817033
0.018746345779618
0.018215777200608
0.017689274010078
0.017167284192065
0.016650253280008
0.016138623853326
0.015632835036068
0.015133321998457
0.014640515462119
0.014154841209701
0.013676719599607
0.013206565086567
0.012744785748818
0.012291782822706
0.011847950245595
0.011413674208045
0.010989332716262
0.010575295165878
0.010171921928148
0.009779563949636
0.009398562366448
0.009029248133997
0.008671941673194
0.008326952533853
0.007994579075948
0.007675108169206
0.007368814911333
0.007075962365017
0.006796801313640
0.006531570035475
0.006280494095972
0.006043786157599
0.005821645806560
0.005614259395664
0.005421799902522
0.005244426802260
0.005082285953957
0.004935509500083
0.004804215778330
0.004688509245364
0.004588480412192
0.004504205791061
0.004435747853951
0.004383155002960
0.004346461553009
0.004325687727467
0.004320839667352
0.004331909454827
0.004358875151666
0.004401700853303
0.004460336758918
0.004534719257825
0.004624771032190
0.004730401175845
0.004851505328681
0.004987965825818
0.005139651860522
0.005306419659586
0.005488112669749
0.005684561753608
0.005895585393446
0.006120989901431
0.006360569634773
0.006614107214575
0.006881373747401
0.007162129048867
0.007456121868904
0.007763090118712
0.008082761099803
0.008414851735899
0.008759068808764
0.009115109199367
0.009482660135986
0.009861399451008
0.010250995848265
0.010651109182706
0.011061390754087
0.011481483616170
0.011911022902607
0.012349636170334
0.012796943760887
0.013252559179579
0.013716089492009
0.014187135736930
0.014665293354027
0.015150152624801
0.015641299124410
0.016138314182102
0.016640775347707
0.017148256861642
0.017660330125907
0.018176564173745
0.018696526135845
0.019219781701334
0.019745895572142
0.020274431909785
0.020804954774027
0.021337028553327
0.021870218387404
0.022404090582585
0.022938213020933
0.023472155564356
0.024005490455025
0.024537792713451
0.025068640535525
0.025597615689610
0.026124303914559
0.026648295319178
0.027169184783264
0.027686572359922
0.028200063678442
0.028709270346557
0.029213810350550
0.029713308451298
0.030207396574118
0.030695714190088
0.031177908686445
0.031653635723708
0.032122559577287
0.032584353461607
0.033038699835044
0.033485290684388
0.033923827787980
0.034354022957085
0.034775598255576
0.035188286198407
0.035591829929751
0.035985983382043
0.036370511417395
0.036745189953054
0.037109806072634
0.037464158124858
0.037808055811436
0.038141320265504
0.038463784121824
0.038775291579594
0.039075698458415
0.039364872247551
0.039642692148324
0.039909049109108
0.040163845852158
0.040406996891261
0.040638428539105
0.040858078903179
0.041065897869083
0.041261847070253
0.041445899843294
0.041618041168405
0.041778267594680
0.041926587150421
0.042063019238928
0.042187594520601
0.042300354782430
0.042401352796246
0.042490652167221
0.042568327174242
0.042634462603767
0.042689153578688
0.042732505383595
0.042764633287585
0.042785662365489
0.042795727318069
0.042794972291390
0.042783550695224
0.042761625020023
0.042729366651691
0.042686955683129
0.042634580721366
0.042572438688925
0.042500734618075
0.042419681436602
0.042329499743859
0.042230417576021
0.042122670159644
0.042006499652937
0.041882154874399
0.041749891018752
0.041609969360421
0.041462656945001
0.041308226269420
0.041146954951638
0.040979125390838
0.040805024419110
0.040624942945632
0.040439175594262
0.040248020335402
0.040051778112793
0.039850752465838
0.039645249147823
0.039435575740360
0.039222041264221
0.039004955786720
0.038784630025791
0.038561374950974
0.038335501381605
0.038107319582716
0.037877138859277
0.037645267149684
0.037412010619598
0.037177673257437
0.036942556473042
0.036706958701135
0.036471175011296
0.036235496726180
0.036000211049611
0.035765600706082
0.035531943592902
0.035299512446005
0.035068574520029
0.034839391282929
0.034612218124953
0.034387304081434
0.034164891568459
0.033945216130165
0.033728506196178
0.033514982847519
0.033304859589294
0.033098342128509
0.032895628155573
0.032696907128292
0.032502360057607
0.032312159294771
0.032126468320202
0.031945441534834
0.031769224055353
0.031597951515224
0.031431749873917
0.031270735237098
0.031115013690804
0.030964681152754
0.030819823243881
0.030680515182987
0.030546821707072
0.030418797019391
0.030296484766680
0.030179918046305
0.030069119443331
0.029964101096744
0.029864864793325
0.029771402086995
0.029683694440882
0.029601713388925
0.029525420713547
0.029454768635824
0.029389700014651
0.029330148551642
