0.004387614694177
0.004387630275631
0.004387645773784
0.004387661188715
0.004387676520498
0.004387691769211
0.004387706934928
0.004387722017727
0.004387737017681
0.004387751934867
0.004387766769357
0.004387781521226
0.004387796190548
0.004387810777396
0.004387825281844
0.004387839703963
0.004387854043827
0.004387868301506
0.004387882477073
0.004387896570599
0.004387910582154
0.004387924511810
0.004387938359635
0.004387952125701
0.004387965810076
0.004387979412829
0.004387992934029
0.004388006373744
0.004388019732043
0.004388033008992
0.004388046204659
0.004388059319110
0.004388072352413
0.004388085304633
0.004388098175836
0.004388110966087
0.004388123675451
0.004388136303994
0.004388148851778
0.004388161318868
0.004388173705328
0.004388186011220
0.004388198236607
0.004388210381552
0.004388222446117
0.004388234430363
0.004388246334352
0.004388258158144
0.004388269901800
0.004388281565379
0.004388293148943
0.004388304652550
0.004388316076259
0.004388327420129
0.004388338684219
0.004388349868585
0.004388360973285
0.004388371998377
0.004388382943918
0.004388393809963
0.004388404596568
0.004388415303791
0.004388425931684
0.004388436480304
0.004388446949705
0.004388457339940
0.004388467651064
0.004388477883131
0.004388488036192
0.004388498110300
0.004388508105508
0.004388518021867
0.004388527859430
0.004388537618246
0.004388547298366
0.004388556899841
0.004388566422721
0.004388575867055
0.004388585232893
0.004388594520282
0.004388603729271
0.004388612859909
0.004388621912242
0.004388630886319
0.004388639782185
0.004388648599888
0.004388657339472
0.004388666000985
0.004388674584470
0.004388683089973
0.004388691517539
0.004388699867211
0.004388708139034
0.004388716333049
0.004388724449301
0.004388732487832
0.004388740448684
0.004388748331898
0.004388756137516
0.004388763865578
0.004388771516124
0.004388779089195
0.004388786584828
0.004388794003061
0.004388801343930
0.004388808607471
0.004388815793713
0.004388822902684
0.004388829934405
0.004388836888887
0.004388843766128
0.004388850566103
0.004388857288755
0.004388863933981
0.004388870501603
0.004388876991336
0.004388883402737
0.004388889735126
0.004388895987475
0.004388902158247
0.004388908245162
0.004388914244860
0.004388920152423
0.004388925960686
0.004388931659270
0.004388937233218
0.004388942661071
0.004388947912207
0.004388952943123
0.004388957692325
0.004388962073304
0.004388965964945
0.004388969198514
0.004388971540082
0.004388972666941
0.004388972136118
0.004388969342608
0.004388963464294
0.004388953389733
0.004388937624103
0.004388914167439
0.004388880358054
0.004388832672480
0.004388766471632
0.004388675680945
0.004388552390220
0.004388386356702
0.004388164392713
0.004387869616962
0.004387480546732
0.004386970006543
0.004386303827977
0.004385439315368
0.004384323453326
0.004382890835025
0.004381061295262
0.004378737239916
0.004375800674102
0.004372109945449
0.004367496236853
0.004361759865092
0.004354666467789
0.004345943191322
0.004335275025812
0.004322301469501
0.004306613742339
0.004287752805704
0.004265208479605
0.004238419977816
0.004206778201899
0.004169630143612
0.004126285738025
0.004076027483164
0.004018123092811
0.003951841374419
0.003876471422161
0.003791345085392
0.003695862516371
0.003589520421130
0.003471942439164
0.003342910868819
0.003202398745812
0.003050601084310
0.002887963917063
0.002715209638059
0.002533357072980
0.002343734693419
0.002147985462664
0.001948061962619
0.001746210707794
0.001544944902318
0.001347005332478
0.001155309596576
0.000972890435478
0.000802824514415
0.000648153587800
0.000511800518820
0.000396483088053
0.000304628874914
0.000238294701010
0.000199094160520
0.000188136613436
0.000205980678002
0.000252604736011
0.000327396278769
0.000429161104489
0.000556152472386
0.000706119375612
0.000876372170171
0.001063862946732
0.001265277310507
0.001477133687246
0.001695885936698
0.001918024950033
0.002140175041179
0.002359181303508
0.002572184667416
0.002776682121854
0.002970570404153
0.003152172361419
0.003320246084746
0.003473977758532
0.003612959901465
0.003737157263603
0.003846863058235
0.003942648434545
0.004025308138353
0.004095805177196
0.004155217027581
0.004204685529408
0.004245372143188
0.004278419739077
0.004304921580503
0.004325897692211
0.004342278389321
0.004354894408963
0.004364472839384
0.004371637885333
0.004376915438104
0.004380740423656
0.004383465968330
0.004385373532865
0.004386683304932
0.004387564292920
0.004388143715856
0.004388515425592
0.004388747220465
0.004388887010236
0.004388967868597
0.004389012062886
0.004389034182919
0.004389043505796
0.004389045734791
0.004389044242095
0.004389040930706
0.004389036813239
0.004389032387138
0.004389027868424
0.004389023330734
0.004389018783478
0.004389014212659
0.004389009600031
0.004389004930546
0.004389000194080
0.004388995384787
0.004388990499789
0.004388985537969
0.004388980499093
0.004388975383278
0.004388970190714
0.004388964921552
0.004388959575876
0.004388954153715
0.004388948655058
0.004388943079880
0.004388937428146
0.004388931699820
0.004388925894868
0.004388920013258
0.004388914054958
0.004388908019936
0.004388901908160
0.004388895719599
0.004388889454220
0.004388883111989
0.004388876692874
0.004388870196840
0.004388863623853
0.004388856973878
0.004388850246881
0.004388843442826
0.004388836561677
0.004388829603398
0.004388822567952
0.004388815455302
0.004388808265411
0.004388800998241
0.004388793653753
0.004388786231910
0.004388778732671
0.004388771155999
0.004388763501852
0.004388755770191
0.004388747960975
0.004388740074163
0.004388732109714
0.004388724067586
0.004388715947738
0.004388707750125
0.004388699474707
0.004388691121438
0.004388682690276
0.004388674181177
0.004388665594096
0.004388656928988
0.004388648185808
0.004388639364510
0.004388630465048
0.004388621487377
0.004388612431449
0.004388603297216
0.004388594084632
0.004388584793648
0.004388575424217
0.004388565976289
0.004388556449815
0.004388546844746
0.004388537161031
0.004388527398622
0.004388517557466
0.004388507637514
0.004388497638713
0.004388487561011
0.004388477404358
0.004388467168699
0.004388456853982
0.004388446460155
0.004388435987162
0.004388425434950
0.004388414803465
0.004388404092651
0.004388393302454
0.004388382432818
0.004388371483687
0.004388360455004
0.004388349346713
0.004388338158756
0.004388326891077
0.004388315543617
0.004388304116318
0.004388292609121
0.004388281021968
0.004388269354799
0.004388257607554
0.004388245780173
0.004388233872595
0.004388221884761
0.004388209816608
0.004388197668074
0.004388185439099
0.004388173129619
0.004388160739572
0.004388148268894
0.004388135717523
0.004388123085394
0.004388110372442
0.004388097578605
0.004388084703815
0.004388071748009
0.004388058711121
0.004388045593083
0.004388032393831
0.004388019113296
0.004388005751413
0.004387992308113
0.004387978783328
0.004387965176991
0.004387951489032
0.004387937719382
0.004387923867973
0.004387909934734
0.004387895919595
0.004387881822486
0.004387867643337
0.004387853382074
0.004387839038629
0.004387824612927
0.004387810104898
0.004387795514468
0.004387780841565
0.004387766086114
0.004387751248043
0.004387736327278
0.004387721323743
0.004387706237364
0.004387691068066
0.004387675815774
0.004387660480411
0.004387645061902
0.004387629560170
0.004387613975137
