0.150477218383935
0.151334241571118
0.152278430329070
0.153304242092477
0.154405381527894
0.155574821458359
0.156804835419882
0.158087042382188
0.159412463734552
0.160771592188009
0.162154471800994
0.163550787918673
0.164949965448298
0.166341273591147
0.167713934930468
0.169057236643285
0.170360641566644
0.171613896904926
0.172807138508648
0.173930988876705
0.174976647319547
0.175935971053741
0.176801546360798
0.177566749315682
0.178225795955050
0.178773782094271
0.179206713300946
0.179521525778539
0.179716099097845
0.179789261830966
0.179740791190044
0.179571407752960
0.179282766274810
0.178877443444587
0.178358923260552
0.177731580476155
0.177000662323436
0.176172268464982
0.175253328871538
0.174251579082741
0.173175532094300
0.172034445937146
0.170838285881556
0.169597680119638
0.168323867758868
0.167028638001758
0.165724259494177
0.164423398997909
0.163139028779285
0.161884322401445
0.160672538956159
0.159516896163871
0.158430433196625
0.157425864525044
0.156515426542789
0.155710719163880
0.155022545002468
0.154460749113736
0.154034062580653
0.153749953458027
0.153614488717419
0.153632210861583
0.153806032785621
0.154137154248717
0.154625002983667
0.155267203015406
0.156059572192876
0.156996150274525
0.158069258164779
0.159269588099530
0.160586323748823
0.162007288372917
0.163519118363315
0.165107458753126
0.166757176619409
0.168452587750304
0.170177691533751
0.171916408759959
0.173652816928439
0.175371377717504
0.177057151509046
0.178695994256122
0.180274732521579
0.181781313183158
0.183204925069688
0.184536090636163
0.185766726672239
0.186890173937280
0.187901196494488
0.188795952346899
0.189571937732426
0.190227908090345
0.190763779249062
0.191180512791293
0.191479989819271
0.191664877466894
0.191738492489547
0.191704666112590
0.191567614047202
0.191331815201160
0.191001902139112
0.190582565800247
0.190078476380480
0.189494221650979
0.188834263334775
0.188102911517281
0.187304316442495
0.186442476461475
0.185521260368381
0.184544441895815
0.183515743757374
0.182438888331524
0.181317651885445
0.180155919146567
0.178957735046862
0.177727350591877
0.176469260040957
0.175188226922370
0.173889296838439
0.172577795529539
0.171259311246362
0.169939661108424
0.168624841781827
0.167320965466760
0.166034182819725
0.164770595021236
0.163536157711484
0.162336579930859
0.161177221499321
0.160062992432287
0.158998258010741
0.157986752995173
0.157031508199185
0.156134792228345
0.155298070659028
0.154521984302669
0.153806347500100
0.153150166649609
0.152551678424420
0.152008406414469
0.151517234266495
0.151074492825498
0.150676058324944
0.150317458351956
0.149993982139663
0.149700791716222
0.149433030565916
0.149185926720789
0.148954887583854
0.148735584263127
0.148524023741352
0.148316607788402
0.148110178110220
0.147902047788964
0.147690019575900
0.147472392027879
0.147247954812263
0.147015974732501
0.146776174143144
0.146528703431819
0.146274109156093
0.146013299250655
0.145747506484673
0.145478251073667
0.145207303059168
0.144936644786982
0.144668433563268
0.144404964365812
0.144148632349901
0.143901894822822
0.143667232371206
0.143447108907446
0.143243930547068
0.143060003423794
0.142897490776072
0.142758369877914
0.142644389617102
0.142557029725012
0.142497462816137
0.142466520487159
0.142464664744580
0.142491965971403
0.142548088507160
0.142632284707662
0.142743398081673
0.142879875786513
0.143039790421209
0.143220870704693
0.143420540287893
0.143635963642333
0.143864097711427
0.144101747818092
0.144345626203529
0.144592411531863
0.144838807733889
0.145081600674952
0.145317711307795
0.145544244197262
0.145758530564152
0.145958165272428
0.146141037459625
0.146305354767341
0.146449661352746
0.146572850040814
0.146674169103224
0.146753224219515
0.146809976190543
0.146844734938473
0.146858150250499
0.146851199617565
0.146825173397836
0.146781657413381
0.146722512981235
0.146649854300514
0.146566023075811
0.146473560261194
0.146375174861949
0.146273709831682
0.146172105245114
0.146073359102300
0.145980486315311
0.145896476627970
0.145824252406274
0.145766627394432
0.145726267643072
0.145705655868297
0.145707060482790
0.145732510447262
0.145783776921371
0.145862362452464
0.145969498137974
0.146106148847668
0.146273026214013
0.146470608714254
0.146699167799654
0.146958798698839
0.147249454255010
0.147570979969553
0.147923148331194
0.148305690519283
0.148718323683958
0.149160772221085
0.149632781765051
0.150134125001514
0.150664598833642
0.151224012894914
0.151812169862253
0.152428838459183
0.153073720424603
0.153746413037708
0.154446369016868
0.155172855739330
0.155924915755460
0.156701330498379
0.157500588926359
0.158320862595473
0.159159988362620
0.160015459585537
0.160884426339277
0.161763704829644
0.162649795872607
0.163538912040517
0.164427012861440
0.165309847302705
0.166183002673112
0.167041959034339
0.167882148210734
0.168699016513865
0.169488090338193
0.170245043821127
0.170965767779329
0.171646439121783
0.172283589890584
0.172874174989813
0.173415637533532
0.173905970583958
0.174343773873119
0.174728303922880
0.175059515819262
0.175338094778785
0.175565475588391
0.175743848025456
0.175876146486282
0.175966022280815
0.176017797393166
0.176036398959524
0.176027274268653
0.175996286729408
0.175949593952412
0.175893509832317
0.175834353260883
0.175778286815922
0.175731149421765
0.175698287529231
0.175684389785446
0.175693330428670
0.175728026728619
0.175790315683174
0.175880854870657
0.175999051843449
0.176143025743425
0.176309603940337
0.176494355467174
0.176691661885127
0.176894824994885
0.177096209564999
0.177287418019529
0.177459492864681
0.177603141585088
0.177708977849359
0.177767772170588
0.177770704702579
0.177709612640000
0.177577224743420
0.177367375830367
0.177075194651998
0.176697259391412
0.176231716043813
0.175678356130962
0.175038651516815
0.174315745476223
0.173514400570833
0.172640905252466
0.171702942393297
0.170709424088684
0.169670298053441
0.168596331705287
0.167498880579326
0.166389648033071
0.165280443281449
0.164182944652415
0.163108474591699
0.162067792391200
0.161070909896503
0.160126934594550
0.159243943524615
0.158428890426285
0.157687547469112
0.157024481829868
0.156443066323538
0.155945522279794
0.155532991911995
0.155205636573426
0.154962756556217
0.154802927481273
0.154724147869482
0.154723992190935
0.154799763571467
0.154948640403781
0.155167811367719
0.155454593810156
0.155806531062024
0.156221465064313
0.156697581614747
0.157233426603807
0.157827892747056
0.158480177499255
0.159189714008934
0.159956078092029
0.160778875222357
0.161657612409632
0.162591560522396
0.163579613080689
0.164620147768475
0.165710896885707
0.166848832674810
0.168030072926706
0.169249811521157
0.170502277618076
0.171780726132568
0.173077460944907
0.174383891069331
0.175690618784871
0.176987557568410
0.178264076611144
0.179509167784628
0.180711630183382
0.181860266830400
0.182944087802481
0.183952513917454
0.184875575218945
0.185704098782280
0.186429880826338
0.187045838724499
0.187546139232907
0.187926300064307
0.188183262797532
0.188315435994553
0.188322708268325
0.188206431878259
0.187969378201858
0.187615667120683
0.187150672950577
0.186580910028317
0.185913901432243
0.185158034559918
0.184322407412290
0.183416669445835
0.182450860759384
0.181435253191565
0.180380196630812
