0.006751033298579
0.006764038970509
0.006777867382584
0.006792439448758
0.006807686400864
0.006823549350925
0.006839977997261
0.006856928594790
0.006874361344020
0.006892237378321
0.006910515544567
0.006929149178012
0.006948083068747
0.006967250804926
0.006986572658025
0.007005954148855
0.007025285401014
0.007044441352056
0.007063282853150
0.007081658646527
0.007099408167774
0.007116365078353
0.007132361393921
0.007147232037546
0.007160819615488
0.007172979188348
0.007183582793977
0.007192523472172
0.007199718546339
0.007205111935156
0.007208675298398
0.007210407865489
0.007210334852122
0.007208504437770
0.007204983352367
0.007199851200444
0.007193193731234
0.007185095339014
0.007175631144244
0.007164859057988
0.007152812265359
0.007139492574715
0.007124865065764
0.007108854430787
0.007091343339477
0.007072173072043
0.007051146561134
0.007028033866338
0.007002579981988
0.006974514756890
0.006943564590737
0.006909465473201
0.006871976854184
0.006830895781995
0.006786070723418
0.006737414486841
0.006684915705853
0.006628648403293
0.006568779240087
0.006505572153605
0.006439390200046
0.006370694527556
0.006300040514703
0.006228071206569
0.006155508263344
0.006083140700600
0.006011811745000
0.005942404154161
0.005875824356842
0.005812985762712
0.005754791574123
0.005702117410260
0.005655794031694
0.005616590434896
0.005585197574994
0.005562212972780
0.005548126468985
0.005543307403489
0.005547993516491
0.005562281887972
0.005586122245861
0.005619312976077
0.005661500153604
0.005712179878091
0.005770704136915
0.005836290331700
0.005908034492105
0.005984928066488
0.006065878028817
0.006149729882865
0.006235292987941
0.006321367485816
0.006406771986974
0.006490371085924
0.006571101728776
0.006647997457883
0.006720209611409
0.006787024660291
0.006847877017550
0.006902356848303
0.006950212633033
0.006991348478986
0.007025816420924
0.007053804187752
0.007075619121373
0.007091669105343
0.007102441482736
0.007108481007524
0.007110367877926
0.007108696843662
0.007104058266219
0.007097021849928
0.007088123563144
0.007077856046569
0.007066662574834
0.007054934413229
0.007043011208576
0.007031183884697
0.007019699389062
0.007008766565040
0.006998562407024
0.006989237992957
0.006980923475897
0.006973731645512
0.006967759730983
0.006963089296146
0.006959784262175
0.006957887268974
0.006957414741089
0.006958351146480
0.006960643018816
0.006964193350935
0.006968856957182
0.006974437347375
0.006980685560136
0.006987301276103
0.006993936381994
0.007000200995789
0.007005671802952
0.007009902404887
0.007012435253478
0.007012814647662
0.007010600205063
0.007005380196655
0.006996784145259
0.006984494136936
0.006968254373041
0.006947878593243
0.006923255118111
0.006894349385528
0.006861203979519
0.006823936265437
0.006782733844968
0.006737848123194
0.006689586334541
0.006638302403706
0.006584387022017
0.006528257301562
0.006470346332598
0.006411092918963
0.006350931707199
0.006290283863445
0.006229548393569
0.006169094151426
0.006109252541642
0.006050310899796
0.005992506525817
0.005936021355936
0.005880977283202
0.005827432173772
0.005775376672052
0.005724731937575
0.005675348505047
0.005627006500629
0.005579417477102
0.005532228142983
0.005485026252078
0.005437348887423
0.005388693315503
0.005338530503167
0.005286321282399
0.005231535020337
0.005173670508663
0.005112278633943
0.005046986236299
0.004977520416339
0.004903732418547
0.004825620112444
0.004743348019491
0.004657263801882
0.004567910145584
0.004476031039117
0.004382571574102
0.004288670573448
0.004195645585382
0.004104970060093
0.004018242841742
0.003937150449787
0.003863422975715
0.003798784767639
0.003744901398279
0.003703324693281
0.003675437819107
0.003662402577008
0.003665111108417
0.003684144178023
0.003719738058548
0.003771761795834
0.003839706289684
0.003922686195878
0.004019455154200
0.004128434296986
0.004247753417320
0.004375303602968
0.004508799599891
0.004645849686135
0.004784030439549
0.004920963494348
0.005054391220371
0.005182248237661
0.005302725803162
0.005414326374208
0.005515906055580
0.005606703156249
0.005686351695032
0.005754879371578
0.005812690226972
0.005860532920344
0.005899456207413
0.005930753788685
0.005955901167264
0.005976487492996
0.005994145552150
0.006010483080172
0.006027018428483
0.006045123314258
0.006065974943009
0.006090519244422
0.006119446335861
0.006153178662986
0.006191871603179
0.006235425694056
0.006283509102149
0.006335588505962
0.006390966255312
0.006448821498071
0.006508252939350
0.006568321009894
0.006628087454237
0.006686650681577
0.006743175624580
0.006796917291588
0.006847237643584
0.006893615848600
0.006935652336871
0.006973067379921
0.007005695132778
0.007033474205120
0.007056435866090
0.007074690946798
0.007088416397583
0.007097842300518
0.007103239949998
0.007104911413950
0.007103180792155
0.007098387210580
0.007090879441996
0.007081011930302
0.007069141921632
0.007055627368823
0.007040825273725
0.007025090158580
0.007008772406557
0.006992216275362
0.006975757459738
0.006959720152280
0.006944413622175
0.006930128393862
0.006917132159180
0.006905665595076
0.006895938283092
0.006888124935943
0.006882362130688
0.006878745727820
0.006877329122470
0.006878122429699
0.006881092653395
0.006886164830813
0.006893224086352
0.006902118473043
0.006912662432835
0.006924640671230
0.006937812221643
0.006951914472297
0.006966666944651
0.006981774646534
0.006996930873109
0.007011819390729
0.007026116007515
0.007039489604341
0.007051602764636
0.007062112195323
0.007070669169370
0.007076920239412
0.007080508469907
0.007081075412534
0.007078264007836
0.007071722539200
0.007061109697701
0.007046100743678
0.007026394678609
0.007001722274055
0.006971854747335
0.006936612829118
0.006895875937898
0.006849591160391
0.006797781734142
0.006740554737017
0.006678107704981
0.006610733921823
0.006538826149745
0.006462878595834
0.006383486935443
0.006301346239043
0.006217246675116
0.006132066889607
0.006046764994569
0.005962367137157
0.005879953667357
0.005800642980306
0.005725573177627
0.005655881771366
0.005592683742322
0.005537048358610
0.005489975255870
0.005452370372181
0.005425022412110
0.005408580578765
0.005403534353555
0.005410196114502
0.005428687360398
0.005458929246385
0.005500638035188
0.005553325928149
0.005616307564702
0.005688712273950
0.005769501935866
0.005857494072768
0.005951389556098
0.006049804092123
0.006151302456026
0.006254434289370
0.006357770171881
0.006459936633282
0.006559648789833
0.006655739374912
0.006747183081170
0.006833115337149
0.006912844893939
0.006985859884179
0.007051827320939
0.007110586310752
0.007162135545806
0.007206615898526
0.007244289152728
0.007275514057312
0.007300720972986
0.007320386395731
0.007335008583203
0.007345085386773
0.007351095211513
0.007353481801264
0.007352643290939
0.007348925699659
0.007342620773008
0.007333967836583
0.007323159110519
0.007310347767326
0.007295657901680
0.007279195525299
0.007261059703288
0.007241353007338
0.007220190569029
0.007197707163699
0.007174061930151
0.007149440520753
0.007124054666947
0.007098139324020
0.007071947714910
0.007045744716683
0.007019799118766
0.006994375325680
0.006969725078630
0.006946079732727
0.006923643555107
0.006902588411339
0.006883050091991
0.006865126407700
0.006848877058826
0.006834325173347
0.006821460311292
