0.029029510328521
0.029030269793924
0.029031024999022
0.029031771623509
0.029032505755163
0.029033224050420
0.029033923860175
0.029034603316799
0.029035261380626
0.029035897846286
0.029036513311057
0.029037109108887
0.029037687214899
0.029038250125993
0.029038800723764
0.029039342126349
0.029039877536034
0.029040410089586
0.029040942718189
0.029041478023600
0.029042018176601
0.029042564842928
0.029043119140586
0.029043681630865
0.029044252343353
0.029044830833169
0.029045416266374
0.029046007527536
0.029046603341710
0.029047202402010
0.029047803493473
0.029048405604268
0.029049008016358
0.029049610369457
0.029050212694306
0.029050815413806
0.029051419312942
0.029052025480757
0.029052635229370
0.029053249996301
0.029053871236951
0.029054500314047
0.029055138390336
0.029055786329886
0.029056444612213
0.029057113262348
0.029057791798890
0.029058479201283
0.029059173896983
0.029059873768796
0.029060576182452
0.029061278034254
0.029061975818360
0.029062665712770
0.029063343682418
0.029064005596819
0.029064647358690
0.029065265038850
0.029065855011735
0.029066414085162
0.029066939617720
0.029067429617409
0.029067882815955
0.029068298714574
0.029068677598678
0.029069020521032
0.029069329254850
0.029069606220249
0.029069854388909
0.029070077172857
0.029070278303715
0.029070461708635
0.029070631388552
0.029070791303412
0.029070945267878
0.029071096859864
0.029071249343170
0.029071405604727
0.029071568106439
0.029071738851370
0.029071919364070
0.029072110684871
0.029072313378164
0.029072527554583
0.029072752906856
0.029072988758608
0.029073234124736
0.029073487781191
0.029073748341186
0.029074014334138
0.029074284283230
0.029074556777379
0.029074830533740
0.029075104447628
0.029075377627836
0.029075649416636
0.029075919395168
0.029076187376185
0.029076453387124
0.029076717647120
0.029076980541709
0.029077242598664
0.029077504467718
0.029077766905895
0.029078030769087
0.029078297009405
0.029078566676935
0.029078840923898
0.029079121008963
0.029079408299507
0.029079704270002
0.029080010495179
0.029080328637240
0.029080660426832
0.029081007637817
0.029081372055900
0.029081755440968
0.029082159482539
0.029082585747152
0.029083035615887
0.029083510209717
0.029084010299984
0.029084536201201
0.029085087643460
0.029085663621973
0.029086262221599
0.029086880414387
0.029087513828129
0.029088156483384
0.029088800495452
0.029089435736090
0.029090049447573
0.029090625798983
0.029091145371515
0.029091584556418
0.029091914846084
0.029092101996021
0.029092105033278
0.029091875085402
0.029091354003428
0.029090472752760
0.029089149547103
0.029087287702990
0.029084773195693
0.029081471901713
0.029077226518414
0.029071853157942
0.029065137620450
0.029056831360980
0.029046647175345
0.029034254643127
0.029019275380625
0.029001278173221
0.028979774075135
0.028954211584671
0.028923972024489
0.028888365278616
0.028846626060234
0.028797910905948
0.028741296112396
0.028675776848713
0.028600267692543
0.028513604846864
0.028414550298825
0.028301798178942
0.028173983568289
0.028029693981742
0.027867483725751
0.027685891288891
0.027483459871627
0.027258761098049
0.027010421876515
0.026737154288548
0.026437788286644
0.026111306873258
0.025756883317044
0.025373919841145
0.024962087095232
0.024521363602066
0.024052074255209
0.023554926842196
0.023031045482297
0.022481999805682
0.021909828666610
0.021317057182522
0.020706705928145
0.020082291192662
0.019447815331296
0.018807746411560
0.018166986568577
0.017530828740973
0.016904901754969
0.016295104052924
0.015707526715697
0.015148366795357
0.014623832344031
0.014140040882413
0.013702913383181
0.013318066134972
0.012990703086813
0.012725511436506
0.012526563307020
0.012397226341869
0.012340085936726
0.012356881606614
0.012448459666847
0.012614743987134
0.012854726072504
0.013166475147272
0.013547168289220
0.013993140004213
0.014499949973518
0.015062467075817
0.015674967212561
0.016331241977154
0.017024714831271
0.017748561207041
0.018495828858037
0.019259554844326
0.020032875758952
0.020809128178265
0.021581936831482
0.022345288612209
0.023093591265901
0.023821716345737
0.024525026794410
0.025199390238347
0.025841179731549
0.026447264219706
0.027014991378041
0.027542165683071
0.028027024594032
0.028468215540170
0.028864776044214
0.029216118781089
0.029522022707052
0.029782630640691
0.029998452884078
0.030170375694998
0.030299672715851
0.030388016885295
0.030437489952141
0.030450586514761
0.030430209547517
0.030379654657320
0.030302580830675
0.030202966159800
0.030085047935065
0.029953247505940
0.029812081378961
0.029666061067771
0.029519585164233
0.029376827891295
0.029241628966610
0.029117389902547
0.029006981861618
0.028912669864423
0.028836057518668
0.028778055532414
0.028738876141337
0.028718054283811
0.028714494976784
0.028726544964252
0.028752085414966
0.028788641318241
0.028833502338078
0.028883849292487
0.028936880164396
0.028989929638626
0.029040576589352
0.029086734685315
0.029126722287181
0.029159309017576
0.029183737712661
0.029199721831299
0.029207419719964
0.029207388329671
0.029200519986497
0.029187966575374
0.029171055970953
0.029151205721960
0.029129838868997
0.029108306371116
0.029087819971487
0.029069398497968
0.029053829630613
0.029041648140526
0.029033130578594
0.029028305430682
0.029026976912493
0.029028759896697
0.029033122978823
0.029039436414750
0.029047021605322
0.029055198953200
0.029063331251947
0.029070860255946
0.029077334682922
0.029082428574378
0.029085949637190
0.029087837866691
0.029088155365981
0.029087068792096
0.029084826248891
0.029081730690137
0.029078111985676
0.029074299740119
0.029070598749242
0.029067268654701
0.029064508941286
0.029062449946542
0.029061150057041
0.029060598786276
0.029060725001062
0.029061409216616
0.029062498638160
0.029063823503249
0.029065213278390
0.029066511380346
0.029067587311712
0.029068345398847
0.029068729669054
0.029068724770688
0.029068353192012
0.029067669341815
0.029066751292208
0.029065691133798
0.029064584946859
0.029063523349511
0.029062583454786
0.029061822870000
0.029061276127127
0.029060953668322
0.029060843253283
0.029060913429775
0.029061118535534
0.029061404592940
0.029061715423522
0.029061998346161
0.029062208921884
0.029062314354702
0.029062295333199
0.029062146280846
0.029061874154136
0.029061496069127
0.029061036135895
0.029060521929155
0.029059981020755
0.029059437950158
0.029058911922094
0.029058415408998
0.029057953714613
0.029057525438928
0.029057123686344
0.029056737788633
0.029056355277539
0.029055963840164
0.029055553020579
0.029055115486961
0.029054647755738
0.029054150342607
0.029053627384535
0.029053085838324
0.029052534403401
0.029051982335893
0.029051438317302
0.029050909516932
0.029050400947596
0.029049915165582
0.029049452315485
0.029049010475026
0.029048586219832
0.029048175307015
0.029047773370715
0.029047376531883
0.029046981845940
0.029046587541476
0.029046193036320
0.029045798749174
0.029045405751497
0.029045015322401
0.029044628477238
0.029044245538226
0.029043865804227
0.029043487358818
0.029043107034364
0.029042720527980
0.029042322646141
0.029041907640540
0.029041469590044
0.029041002782687
0.029040502056847
0.029039963070863
0.029039382483247
0.029038758039346
0.029038088572682
0.029037373938701
0.029036614904229
0.029035813017233
0.029034970478874
0.029034090034101
