0.092227384126676
0.092230215267627
0.092244505321682
0.092271314403251
0.092311306765126
0.092364720502541
0.092431346221277
0.092510516156792
0.092601105079310
0.092701544053430
0.092809847742173
0.092923655465766
0.093040285665350
0.093156802809663
0.093270095153717
0.093376961151734
0.093474201782742
0.093558715605614
0.093627593055880
0.093678206356908
0.093708291461505
0.093716018673402
0.093700049016505
0.093659574005505
0.093594337195532
0.093504636712100
0.093391308839069
0.093255693621039
0.093099584265382
0.092925162858611
0.092734925498262
0.092531600350492
0.092318062351759
0.092097248270391
0.091872075634207
0.091645368631144
0.091419793530698
0.091197805495240
0.090981607899040
0.090773124500863
0.090573984074821
0.090385516442254
0.090208758306135
0.090044466900677
0.089893139252212
0.089755034809648
0.089630199336970
0.089518488246918
0.089419587963250
0.089333034390100
0.089258228096179
0.089194446342689
0.089140852552403
0.089096504194157
0.089060360311117
0.089031290032420
0.089008083368210
0.088989465402239
0.088974114681427
0.088960686185553
0.088947838779506
0.088934266546944
0.088918732922579
0.088900106123255
0.088877394064034
0.088849776764811
0.088816634225450
0.088777567880983
0.088732414037930
0.088681248120879
0.088624379096175
0.088562334048842
0.088495833525657
0.088425758873868
0.088353113355336
0.088278979257065
0.088204473516612
0.088130704509973
0.088058732597840
0.087989536794373
0.087923989524733
0.087862840900024
0.087806713297431
0.087756106333757
0.087711411611040
0.087672935943168
0.087640931189594
0.087615628367029
0.087597273414433
0.087586161870835
0.087582669797358
0.087587278528578
0.087600591255529
0.087623339993665
0.087656382134973
0.087700686479032
0.087757309335185
0.087827361939417
0.087911970991259
0.088012234551298
0.088129175820889
0.088263697436325
0.088416538845392
0.088588239102970
0.088779107043128
0.088989200286977
0.089218313964854
0.089465979409410
0.089731472456012
0.090013830410504
0.090311876249464
0.090624248236190
0.090949432889130
0.091285799141512
0.091631631583545
0.091985160873964
0.092344589728155
0.092708113310238
0.093073933344357
0.093440265781045
0.093805342370875
0.094167406974748
0.094524707846237
0.094875487430541
0.095217971418057
0.095550358858036
0.095870815077303
0.096177468967866
0.096468415919611
0.096741727301849
0.096995466966108
0.097227714781557
0.097436596753868
0.097620320847048
0.097777217251878
0.097905781545221
0.098004718977325
0.098072988017750
0.098109841287138
0.098114862096475
0.098087994997410
0.098029569000978
0.097940312428505
0.097821358697130
0.097674242691733
0.097500887715823
0.097303583328831
0.097084954653296
0.096847923963736
0.096595665545493
0.096331554937074
0.096059113747491
0.095781951278353
0.095503704187722
0.095227975418626
0.094958273588185
0.094697954000480
0.094450162411448
0.094217782638035
0.094003389064284
0.093809205048051
0.093637068166522
0.093488403147539
0.093364203208691
0.093265020360304
0.093190965018246
0.093141715018086
0.093116533829072
0.093114297445110
0.093133529095852
0.093172440593930
0.093228978836623
0.093300875735437
0.093385699677679
0.093480906549391
0.093583888383203
0.093692017844584
0.093802687034464
0.093913339454851
0.094021494437649
0.094124763848190
0.094220861410298
0.094307605521398
0.094382916895279
0.094444812749452
0.094491399511596
0.094520866130740
0.094531480029742
0.094521587523528
0.094489620162904
0.094434107968626
0.094353699928319
0.094247191481532
0.094113558063591
0.093951993166412
0.093761948852230
0.093543176266470
0.093295763472082
0.093020167891066
0.092717240797077
0.092388241649426
0.092034840571802
0.091659107925120
0.091263490658456
0.090850775894071
0.090424042957613
0.089986605749551
0.089541947920865
0.089093653725461
0.088645337646465
0.088200575919508
0.087762842904070
0.087335454899102
0.086921523489235
0.086523919881441
0.086145250994754
0.085787847346931
0.085453762091114
0.085144779937801
0.084862434191268
0.084608029763103
0.084382669816363
0.084187283646518
0.084022653513463
0.083889438384920
0.083788192909640
0.083719380377333
0.083683378906213
0.083680480593561
0.083710883837687
0.083774679463555
0.083871831638562
0.084002154836165
0.084165288287622
0.084360669457560
0.084587508094523
0.084844762354798
0.085131118390411
0.085444974644629
0.085784431923704
0.086147290122510
0.086531052281468
0.086932936446101
0.087349895589374
0.087778645638332
0.088215701417402
0.088657420078062
0.089100051327407
0.089539793498350
0.089972854227944
0.090395514238114
0.090804192459893
0.091195510526481
0.091566354502663
0.091913931639264
0.092235819960246
0.092530008621702
0.092794927234706
0.093029462718325
0.093232962736209
0.093405225351585
0.093546475183670
0.093657327027718
0.093738738570025
0.093791954443663
0.093818444386709
0.093819838641711
0.093797863940268
0.093754283426634
0.093690843678921
0.093609231589204
0.093511043282575
0.093397766521582
0.093270777200112
0.093131349632440
0.092980679446980
0.092819917060180
0.092650208990969
0.092472743729805
0.092288798538182
0.092099783449450
0.091907278879785
0.091713063631938
0.091519130660810
0.091327688730957
0.091141148981927
0.090962096369364
0.090793246905406
0.090637392518191
0.090497336129072
0.090375820157548
0.090275452069810
0.090198630763338
0.090147477519110
0.090123774962064
0.090128916972584
0.090163871822542
0.090229160015328
0.090324847443509
0.090450553596982
0.090605473714607
0.090788413025169
0.090997830613241
0.091231890006296
0.091488513333296
0.091765435861416
0.092060257872547
0.092370491179194
0.092693598073471
0.093027021118188
0.093368202884276
0.093714595469664
0.094063660356405
0.094412859832759
0.094759641787075
0.095101420139327
0.095435553490426
0.095759324724606
0.096069924290626
0.096364439717220
0.096639853598811
0.096893051838736
0.097120843384020
0.097319992058152
0.097487260428657
0.097619464968264
0.097713541115310
0.097766616241729
0.097776088023833
0.097739705305335
0.097655648262605
0.097522604541418
0.097339838039324
0.097107247158622
0.096825409646213
0.096495611556974
0.096119858410246
0.095700867233428
0.095242038877833
0.094747410722304
0.094221590620561
0.093669673668899
0.093097144042689
0.092509764745378
0.091913458607823
0.091314184247537
0.090717810930705
0.090129996363353
0.089556071366959
0.089000935169065
0.088468964668468
0.087963940530925
0.087488992354047
0.087046564433394
0.086638402893801
0.086265564151893
0.085928443880110
0.085626824882627
0.085359941600754
0.085126558369256
0.084925058070378
0.084753537499469
0.084609905578661
0.084491980540151
0.084397582347945
0.084324616928813
0.084271149225134
0.084235462643121
0.084216103123257
0.084211906774984
0.084222010761492
0.084245847858404
0.084283125808667
0.084333793223289
0.084397994306405
0.084476015090804
0.084568224140439
0.084675010800539
0.084796724051685
0.084933614857596
0.085085784599679
0.085253141783572
0.085435368707754
0.085631899229480
0.085841908178538
0.086064312385214
0.086297782734588
0.086540766161886
0.086791516085829
0.087048129456866
0.087308588386681
0.087570804230394
0.087832662012708
0.088092063217074
0.088346965180281
0.088595415636870
0.088835581317237
0.089065769897586
0.089284445004811
0.089490234371234
0.089681931591448
