0.024674837766127
0.024657918796259
0.024640420110688
0.024622417853096
0.024603992406148
0.024585226716692
0.024566204742938
0.024547010090347
0.024527724887798
0.024508428938013
0.024489199157401
0.024470109301942
0.024451229958552
0.024432628766656
0.024414370823129
0.024396519215793
0.024379135626492
0.024362280944275
0.024346015832109
0.024330401196415
0.024315498517005
0.024301370005075
0.024288078568268
0.024275687573744
0.024264260412283
0.024253859877950
0.024244547388539
0.024236382081125
0.024229419824454
0.024223712194988
0.024219305466040
0.024216239659324
0.024214547705381
0.024214254753668
0.024215377665020
0.024217924708935
0.024221895476297
0.024227281005455
0.024234064106672
0.024242219857812
0.024251716233356
0.024262514820380
0.024274571569459
0.024287837526100
0.024302259489543
0.024317780550619
0.024334340468616
0.024351875858477
0.024370320173392
0.024389603483365
0.024409652066551
0.024430387846281
0.024451727721570
0.024473582851654
0.024495857964813
0.024518450767616
0.024541251532255
0.024564142936460
0.024587000222524
0.024609691729450
0.024632079835658
0.024654022329778
0.024675374204953
0.024695989848749
0.024715725577742
0.024734442444284
0.024752009224191
0.024768305479222
0.024783224578171
0.024796676555736
0.024808590689442
0.024818917681678
0.024827631346102
0.024834729714574
0.024840235501668
0.024844195887547
0.024846681605587
0.024847785347437
0.024847619524065
0.024846313445826
0.024844010006722
0.024840861976986
0.024837028023318
0.024832668586877
0.024827941755180
0.024822999264974
0.024817982768945
0.024813020489662
0.024808224369823
0.024803687808942
0.024799484053832
0.024795665284453
0.024792262408961
0.024789285553411
0.024786725203869
0.024784553933097
0.024782728621835
0.024781193067166
0.024779880858479
0.024778718395682
0.024777627924785
0.024776530472572
0.024775348574146
0.024774008703763
0.024772443339342
0.024770592612943
0.024768405521954
0.024765840697412
0.024762866745521
0.024759462195267
0.024755615098301
0.024751322336716
0.024746588700054
0.024741425794936
0.024735850849724
0.024729885473068
0.024723554419719
0.024716884410245
0.024709903043787
0.024702637835242
0.024695115400601
0.024687360806887
0.024679397096359
0.024671244988492
0.024662922757708
0.024654446279906
0.024645829236449
0.024637083460321
0.024628219405606
0.024619246717966
0.024610174880550
0.024601013906200
0.024591775043266
0.024582471458227
0.024573118854042
0.024563735978492
0.024554344972000
0.024544971499884
0.024535644609970
0.024526396253540
0.024517260406232
0.024508271726216
0.024499463690242
0.024490866154286
0.024482502294686
0.024474384897815
0.024466511981179
0.024458861746017
0.024451386880234
0.024444008250284
0.024436608040667
0.024429022419278
0.024421033825657
0.024412362996733
0.024402660861071
0.024391500448126
0.024378368973972
0.024362660280285
0.024343667819619
0.024320578398181
0.024292466907946
0.024258292303596
0.024216895106401
0.024166996746283
0.024107201084026
0.024035998485881
0.023951772850465
0.023852812009399
0.023737321934860
0.023603445184531
0.023449283992551
0.023272928368923
0.023072489494611
0.022846138590963
0.022592151296709
0.022308957401851
0.021995195565145
0.021649772383051
0.021271924888067
0.020861285241364
0.020417946059939
0.019942524496327
0.019436222886490
0.018900883518047
0.018339034867476
0.017753926532448
0.017149550064543
0.016530643006614
0.015902673672607
0.015271804585360
0.014644833013010
0.014029107712621
0.013432421787734
0.012862882472958
0.012328759642906
0.011838315865929
0.011399621839450
0.011020362002098
0.010707635964463
0.010467762080998
0.010306089949581
0.010226828828006
0.010232898863569
0.010325811621238
0.010505585661404
0.010770701871116
0.011118101922571
0.011543231667203
0.012040129537664
0.012601558202117
0.013219175884825
0.013883742028979
0.014585350426908
0.015313681668380
0.016058265836626
0.016808745873798
0.017555131980293
0.018288037817978
0.018998890140800
0.019680104735553
0.020325223153717
0.020929006564105
0.021487485051901
0.021997962719920
0.022458980898609
0.022870243534740
0.023232510310797
0.023547464173189
0.023817560667826
0.024045866773602
0.024235896793595
0.024391452342640
0.024516472614339
0.024614899994817
0.024690564801442
0.024747091554356
0.024787827827715
0.024815795458754
0.024833662785514
0.024843735690332
0.024847964578251
0.024847964029295
0.024845041723750
0.024840233326060
0.024834340288565
0.024827967955126
0.024821561856507
0.024815440644606
0.024809824665347
0.024804859682067
0.024800635703114
0.024797201220313
0.024794573419892
0.024792745084784
0.024791688974798
0.024791360462343
0.024791699133067
0.024792629951006
0.024794064454164
0.024795902304626
0.024798033380011
0.024800340469940
0.024802702538295
0.024804998432676
0.024807110867135
0.024808930472040
0.024810359693208
0.024811316328413
0.024811736509616
0.024811576970806
0.024810816480956
0.024809456366766
0.024807520097877
0.024805051955709
0.024802114853621
0.024798787418491
0.024795160479798
0.024791333140053
0.024787408618350
0.024783490065843
0.024779676547770
0.024776059371516
0.024772718915253
0.024769722078649
0.024767120438417
0.024764949149658
0.024763226592067
0.024761954720734
0.024761120047110
0.024760695148552
0.024760640586216
0.024760907101425
0.024761437960108
0.024762171322678
0.024763042531554
0.024763986228856
0.024764938240575
0.024765837188739
0.024766625817801
0.024767252043775
0.024767669752973
0.024767839390476
0.024767728385757
0.024767311464105
0.024766570887647
0.024765496659719
0.024764086712013
0.024762347076918
0.024760292029442
0.024757944165915
0.024755334372204
0.024752501624080
0.024749492558045
0.024746360753281
0.024743165674708
0.024739971243259
0.024736844021419
0.024733851028339
0.024731057227596
0.024728522759542
0.024726300016874
0.024724430684352
0.024722942879407
0.024721848538397
0.024721141192418
0.024720794266877
0.024720760020733
0.024720969215746
0.024721331574666
0.024721737052201
0.024722057905851
0.024722151517583
0.024721863883826
0.024721033662077
0.024719496638995
0.024717090468004
0.024713659514700
0.024709059645694
0.024703162800708
0.024695861198068
0.024687071039343
0.024676735598842
0.024664827606812
0.024651350860414
0.024636341022755
0.024619865596384
0.024602023082695
0.024582941361785
0.024562775347748
0.024541703991581
0.024519926717470
0.024497659388056
0.024475129900496
0.024452573517867
0.024430228040432
0.024408328918887
0.024387104407791
0.024366770852622
0.024347528198825
0.024329555806474
0.024313008649748
0.024298013976550
0.024284668499826
0.024273036188038
0.024263146717172
0.024254994639778
0.024248539317263
0.024243705649262
0.024240385618218
0.024238440648135
0.024237704754292
0.024237988436125
0.024239083239652
0.024240766889904
0.024242808869450
0.024244976297720
0.024247039948840
0.024248780234525
0.024249992973928
0.024250494775051
0.024250127862329
0.024248764202142
0.024246308801535
0.024242702084245
0.024237921280930
0.024231980805668
0.024224931626644
0.024216859673849
0.024207883358901
0.024198150310445
0.024187833451694
0.024177126563798
0.024166239489251
0.024155393133323
0.024144814418759
0.024134731340162
0.024125368250468
0.024116941493728
0.024109655477227
0.024103699253140
0.024099243656629
