9.727514017625023875e-04
9.748471572419443315e-04
9.771967200403615904e-04
9.798082089349452808e-04
9.826900896613447942e-04
9.858511920567529247e-04
9.893007281623041396e-04
9.930483113476636439e-04
9.971039765208212884e-04
1.001478201492142723e-03
1.006181929565831950e-03
1.011226593439905775e-03
1.016624140496796315e-03
1.022387059576148520e-03
1.028528409328544925e-03
1.035061848251131542e-03
1.042001666520952878e-03
1.049362819740798109e-03
1.057160964734717374e-03
1.065412497522006622e-03
1.074134593626249962e-03
1.083345250876897262e-03
1.093063334873620607e-03
1.103308627304883062e-03
1.114101877313754350e-03
1.125464856132351709e-03
1.137420415212771164e-03
1.149992548109492977e-03
1.163206456378862181e-03
1.177088619792361927e-03
1.191666871178045147e-03
1.206970476227057706e-03
1.223030218643184454e-03
1.239878491026490982e-03
1.257549391928401141e-03
1.276078829545926677e-03
1.295504632562988158e-03
1.315866668690394460e-03
1.337206971503422702e-03
1.359569876226935769e-03
1.383002165173786470e-03
1.407553223606023210e-03
1.433275206855391020e-03
1.460223219610666968e-03
1.488455508369802924e-03
1.518033668131437124e-03
1.549022864513244788e-03
1.581492072581471529e-03
1.615514333802485838e-03
1.651167032655395791e-03
1.688532194592729484e-03
1.727696807192085661e-03
1.768753166526001184e-03
1.811799250964435653e-03
1.856939124848358156e-03
1.904283374708225923e-03
1.953949580970596248e-03
2.006062828388553362e-03
2.060756258761477916e-03
2.118171669874923183e-03
2.178460164993939636e-03
2.241782857700929700e-03
2.308311637366719689e-03
2.378230001111078951e-03
2.451733958738689344e-03
2.529033017832520158e-03
2.610351256985700419e-03
2.695928496027269819e-03
2.786021573094655136e-03
2.880905739516272015e-03
2.980876184728108603e-03
3.086249704853033255e-03
3.197366530175413217e-03
3.314592328538117603e-03
3.438320403729854154e-03
3.568974110238767698e-03
3.707009508366636806e-03
3.852918286673624390e-03
4.007230982105787834e-03
4.170520532019940732e-03
4.343406196717224284e-03
4.526557896132375400e-03
4.720701010088527994e-03
4.926621698137647470e-03
5.145172802596598496e-03
5.377280407141021325e-03
5.623951133386947618e-03
5.886280269546032874e-03
6.165460838711809416e-03
6.462793729965720345e-03
6.779699033654718043e-03
7.117728743330947391e-03
7.478581011512940545e-03
7.864116175259316596e-03
8.276374801328891667e-03
8.717598040360674885e-03
9.190250626176595453e-03
9.697046911351835108e-03
1.024098039526524784e-02
1.082535727795834804e-02
1.145383466473530107e-02
1.213046415556204814e-02
1.285974168363860325e-02
1.364666462359229865e-02
1.449679737717579978e-02
1.541634687012492788e-02
1.641224966657069823e-02
1.749227273788134251e-02
1.866513032446025927e-02
1.994061981864352420e-02
2.132978019544767151e-02
2.284507725186075977e-02
2.450062081767484870e-02
2.631242021294849867e-02
2.829868560092344693e-02
3.048018458553869436e-02
3.288066551071668758e-02
3.552736153539852448e-02
3.845159280957030634e-02
4.168948811774546986e-02
4.528285237931660434e-02
4.928021263478551961e-02
5.373808288914978804e-02
5.872249777362428813e-02
6.431087683577846326e-02
7.059429585881929481e-02
7.768025949704027155e-02
8.569609131083130715e-02
9.479308363622737654e-02
1.051515812436011332e-01
1.169872098887180800e-01
1.305585037338965748e-01
1.461762335892503872e-01
1.642147890462811177e-01
1.851260176303098082e-01
2.094559651145525003e-01
2.378649791519086287e-01
2.711516101354604080e-01
3.102806314868127302e-01
3.564152489360221665e-01
4.109530891339017167e-01
4.755647291766944562e-01
5.522321816010926643e-01
6.432826655414201067e-01
7.514099131125091535e-01
8.796709087380937264e-01
1.031440128627647113e+00
1.210296031459781485e+00
1.419806181255063526e+00
1.663169179776837314e+00
1.942666017203855233e+00
2.258874735647531828e+00
2.609616786080589890e+00
2.988639550321267713e+00
3.384106674751470756e+00
3.777074198773341163e+00
4.140278193154352415e+00
4.437738720734698994e+00
4.625865645272734028e+00
4.656878600362450271e+00
4.485344290722748539e+00
4.078390601821522132e+00
3.429588162635774928e+00
2.575553860838669440e+00
1.613083455521992171e+00
7.132604314281387747e-01
1.278717471584282783e-01
1.830628267995332847e-01
1.255968274290507392e+00
3.732383699075845662e+00
7.947364156374549182e+00
1.411541042130796697e+01
2.226158209673768340e+01
3.216805979859772435e+01
4.335099471925893511e+01
5.507906208308287432e+01
6.643804048626779490e+01
7.643617952890522815e+01
8.413528728352984842e+01
8.878500887351850679e+01
8.993498139843116235e+01
8.750262519671247219e+01
8.178285386241117294e+01
7.339796141592034928e+01
6.319834750148702085e+01
5.213441524531888405e+01
4.112458746822186129e+01
3.094308664382063156e+01
2.214471044941877764e+01
1.503438702523885340e+01
9.679445016413399827e+00
5.954659421093943195e+00
3.605735321838380969e+00
2.316332495961205495e+00
1.766364671935168218e+00
1.673851428094568217e+00
1.817633783420418814e+00
2.042613805746656741e+00
2.252144322021878864e+00
2.393574455209844576e+00
2.442923432103574211e+00
2.393574455236295861e+00
2.252144322072747507e+00
2.042613805818043637e+00
1.817633783506885869e+00
1.673851428189601087e+00
1.766364672031735417e+00
2.316332496052357914e+00
3.605735321917839631e+00
5.954659421156608623e+00
9.679445016455725082e+00
1.503438702525904702e+01
2.214471044941682720e+01
3.094308664379815355e+01
4.112458746818174404e+01
5.213441524526491833e+01
6.319834750142331359e+01
7.339796141585098610e+01
8.178285386233979182e+01
8.750262519664195793e+01
8.993498139836378868e+01
8.878500887345603587e+01
8.413528728347354502e+01
7.643617952885622913e+01
6.643804048622706659e+01
5.507906208305111306e+01
4.335099471923661696e+01
3.216805979858480669e+01
2.226158209673357291e+01
1.411541042131153567e+01
7.947364156384267631e+00
3.732383699089962370e+00
1.255968274307258437e+00
1.830628268173268847e-01
1.278717471759585333e-01
7.132604314444401794e-01
1.613083455536437061e+00
2.575553860850930299e+00
3.429588162645766491e+00
4.078390601829333661e+00
4.485344290728593641e+00
4.656878600366610499e+00
4.625865645275514026e+00
4.437738720736398079e+00
4.140278193155245923e+00
3.777074198773660019e+00
3.384106674751407695e+00
2.988639550320964844e+00
2.609616786080153794e+00
2.258874735647035781e+00
1.942666017203347417e+00
1.663169179776346152e+00
1.419806181254606114e+00
1.210296031459364929e+00
1.031440128627273634e+00
8.796709087377625469e-01
7.514099131122178310e-01
6.432826655411649774e-01
5.522321816008705087e-01
4.755647291765013884e-01
4.109530891337342950e-01
3.564152489358772269e-01
3.102806314866874970e-01
2.711516101353521613e-01
2.378649791518150369e-01
2.094559651144714540e-01
1.851260176302396698e-01
1.642147890462202775e-01
1.461762335891975129e-01
1.305585037338505283e-01
1.169872098886779455e-01
1.051515812435660363e-01
9.479308363619656785e-02
8.569609131080427322e-02
7.768025949701642952e-02
7.059429585879822833e-02
6.431087683575979763e-02
5.872249777360773887e-02
5.373808288913503595e-02
4.928021263477237734e-02
4.528285237930484292e-02
4.168948811773492968e-02
3.845159280956083475e-02
3.552736153539001740e-02
3.288066551070900623e-02
3.048018458553176241e-02
2.829868560091717070e-02
2.631242021294280184e-02
2.450062081766968269e-02
2.284507725185605520e-02
2.132978019544339021e-02
1.994061981863962107e-02
1.866513032445669615e-02
1.749227273787808123e-02
1.641224966656770756e-02
1.541634687012219396e-02
1.449679737717328096e-02
1.364666462358999841e-02
1.285974168363648515e-02
1.213046415556009311e-02
1.145383466473350216e-02
1.082535727795669658e-02
1.024098039526371608e-02
9.697046911350419574e-03
9.190250626175284002e-03
8.717598040359462314e-03
8.276374801327769301e-03
7.864116175258274027e-03
7.478581011511967365e-03
7.117728743330041866e-03
6.779699033653872366e-03
6.462793729964927576e-03
6.165460838711068689e-03
5.886280269545338117e-03
5.623951133386294494e-03
5.377280407140408100e-03
5.145172802596024303e-03
4.926621698137111441e-03
4.720701010088020587e-03
4.526557896131899218e-03
4.343406196716775858e-03
4.170520532019522664e-03
4.007230982105391449e-03
3.852918286673255328e-03
3.707009508366287259e-03
3.568974110238441570e-03
3.438320403729548409e-03
3.314592328537828772e-03
3.197366530175142166e-03
3.086249704852779985e-03
2.980876184727868777e-03
2.880905739516049537e-03
2.786021573094443066e-03
2.695928496027069025e-03
2.610351256985511334e-03
2.529033017832344084e-03
2.451733958738520642e-03
2.378230001110916755e-03
2.308311637366567901e-03
2.241782857700785718e-03
2.178460164993804328e-03
2.118171669874792211e-03
2.060756258761355184e-03
2.006062828388436269e-03
1.953949580970484358e-03
1.904283374708118370e-03
1.856939124848257325e-03
1.811799250964339809e-03
1.768753166525908159e-03
1.727696807191998491e-03
1.688532194592646434e-03
1.651167032655314910e-03
1.615514333802409727e-03
1.581492072581399538e-03
1.549022864513175399e-03
1.518033668131371205e-03
1.488455508369740691e-03
1.460223219610608638e-03
1.433275206855333123e-03
1.407553223605967699e-03
1.383002165173731826e-03
1.359569876226884595e-03
1.337206971503373263e-03
1.315866668690348056e-03
1.295504632562944789e-03
1.276078829545884826e-03
1.257549391928360592e-03
1.239878491026454119e-03
1.223030218643150844e-03
1.206970476227027349e-03
1.191666871178015657e-03
1.177088619792335689e-03
1.163206456378840280e-03
1.149992548109474329e-03
1.137420415212755335e-03
1.125464856132337614e-03
1.114101877313742424e-03
1.103308627304872870e-03
1.093063334873612801e-03
1.083345250876887071e-03
1.074134593626245408e-03
1.065412497521998382e-03
1.057160964734708917e-03
1.049362819740789002e-03
1.042001666520942036e-03
1.035061848251118532e-03
1.028528409328531264e-03
1.022387059576130956e-03
1.016624140496777667e-03
1.011226593439884958e-03
1.006181929565808531e-03
1.001478201492116051e-03
9.971039765207946170e-04
9.930483113476363220e-04
9.893007281622766009e-04
9.858511920567245186e-04
9.826900896613183396e-04
9.798082089349183926e-04
9.771967200403355695e-04
9.748471572419193949e-04
