0.020716190290317
0.020846636185854
0.020975098752175
0.021101479857502
0.021225683509443
0.021347616032570
0.021467186225897
0.021584305498014
0.021698887976820
0.021810850590049
0.021920113112524
0.022026598176255
0.022130231240433
0.022230940519949
0.022328656873192
0.022423313652435
0.022514846522740
0.022603193257792
0.022688293523049
0.022770088657872
0.022848521468658
0.022923536044434
0.022995077604853
0.023063092388283
0.023127527584916
0.023188331316815
0.023245452663937
0.023298841732649
0.023348449761396
0.023394229257011
0.023436134154861
0.023474119996386
0.023508144118518
0.023538165850724
0.023564146716683
0.023586050638708
0.023603844143643
0.023617496569044
0.023626980267963
0.023632270809550
0.023633347171318
0.023630191917322
0.023622791355101
0.023611135663230
0.023595218980980
0.023575039452029
0.023550599215484
0.023521904339632
0.023488964696597
0.023451793779311
0.023410408465501
0.023364828736499
0.023315077361248
0.023261179557727
0.023203162644876
0.023141055698124
0.023074889220632
0.023004694840720
0.022930505043782
0.022852352944611
0.022770272103705
0.022684296389096
0.022594459883627
0.022500796836543
0.022403341657702
0.022302128952566
0.022197193596204
0.022088570844656
0.021976296481908
0.021860407000314
0.021740939811385
0.021617933482477
0.021491427993173
0.021361465003121
0.021228088121141
0.021091343163747
0.020951278390110
0.020807944700251
0.020661395783923
0.020511688209402
0.020358881444097
0.020203037802423
0.020044222320384
0.019882502560557
0.019717948355180
0.019550631498572
0.019380625402764
0.019208004731886
0.019032845031355
0.018855222367387
0.018675212990811
0.018492893036983
0.018308338270922
0.018121623884020
0.017932824346053
0.017742013313897
0.017549263596569
0.017354647174890
0.017158235273174
0.016960098479811
0.016760306913127
0.016558930428379
0.016356038860998
0.016151702300053
0.015945991384488
0.015738977612927
0.015530733656003
0.015321333658467
0.015110853517004
0.014899371119069
0.014686966528300
0.014473722103440
0.014259722540051
0.014045054827792
0.013829808120215
0.013614073518792
0.013397943777680
0.013181512940306
0.012964875922688
0.012748128061264
0.012531364644605
0.012314680448687
0.012098169294402
0.011881923643843
0.011666034248971
0.011450589862733
0.011235677019092
0.011021379884934
0.010807780183778
0.010594957188786
0.010382987780836
0.010171946566276
0.009961906048412
0.009752936846405
0.009545107955101
0.009338487038933
0.009133140752449
0.008929135079106
0.008726535678751
0.008525408232840
0.008325818775137
0.008127833994611
0.007931521496848
0.007736950010654
0.007544189527917
0.007353311367173
0.007164388154715
0.006977493721216
0.006792702916456
0.006610091349508
0.006429735066125
0.006251710178788
0.006076092467577
0.005902956971341
0.005732377588686
0.005564426706883
0.005399174874228
0.005236690527920
0.005077039785452
0.004920286303352
0.004766491203114
0.004615713060742
0.004468007953665
0.004323429557005
0.004182029280253
0.004043856435274
0.003908958426964
0.003777380958596
0.003649168244716
0.003524363225115
0.003403007773795
0.003285142896943
0.003170808913700
0.003060045613178
0.002952892380855
0.002849388287419
0.002749572133543
0.002653482445138
0.002561157415348
0.002472634792028
0.002387951712437
0.002307144490234
0.002230248363239
0.002157297213530
0.002088323273894
0.002023356836179
0.001962425977525
0.001905556319638
0.001852770834288
0.001804089705227
0.001759530252940
0.001719106924515
0.001682831346690
0.001650712436293
0.001622756559097
0.001598967725782
0.001579347812430
0.001563896792677
0.001552612969328
0.001545493194611
0.001542533070112
0.001543727119534
0.001549068929464
0.001558551255150
0.001572166089752
0.001589904696592
0.001611757604618
0.001637714567782
0.001667764489361
0.001701895312756
0.001740093880933
0.001782345767676
0.001828635085189
0.001878944274149
0.001933253884118
0.001991542353906
0.002053785802876
0.002119957845080
0.002190029438195
0.002263968778498
0.002341741251379
0.002423309444274
0.002508633225561
0.002597669889076
0.002690374359876
0.002786699452965
0.002886596173315
0.002990014042853
0.003096901438513
0.003207205924910
0.003320874565835
0.003437854200407
0.003558091672196
0.003681534002705
0.003808128503901
0.003937822827865
0.004070564954689
0.004206303122384
0.004344985704682
0.004486561044060
0.004630977248321
0.004778181959535
0.004928122104392
0.005080743635034
0.005235991269447
0.005393808240519
0.005554136062913
0.005716914327017
0.005882080529140
0.006049569946894
0.006219315568034
0.006391248079866
0.006565295924553
0.006741385423294
0.006919440969349
0.007099385286545
0.007281139746263
0.007464624732377
0.007649760040430
0.007836465294745
0.008024660365555
0.008214265767596
0.008405203022234
0.008597394966890
0.008790765998325
0.008985242239881
0.009180751626952
0.009377223909219
0.009574590572464
0.009772784686515
0.009971740689058
0.010171394117362
0.010371681301418
0.010572539032555
0.010773904221462
0.010975713558728
0.011177903189871
0.011380408415388
0.011583163424912
0.011786101073165
0.011989152704101
0.012192248028457
0.012395315058812
0.012598280105078
0.012801067832028
0.013003601378863
0.013205802538963
0.013407591995707
0.013608889607835
0.013809614735191
0.014009686593233
0.014209024622446
0.014407548857208
0.014605180277751
0.014801841128981
0.014997455191067
0.015191947988906
0.015385246930745
0.015577281370138
0.015767982589830
0.015957283710687
0.016145119533073
0.016331426321889
0.016516141549348
0.016699203611483
0.016880551535069
0.017060124691270
0.017237862530863
0.017413704353659
0.017587589121929
0.017759455324566
0.017929240895666
0.018096883188398
0.018262319002684
0.018425484663357
0.018586316144209
0.018744749232514
0.018900719728182
0.019054163671485
0.019205017593140
0.019353218780285
0.019498705551583
0.019641417534126
0.019781295934276
0.019918283793963
0.020052326223642
0.020183370603038
0.020311366741357
0.020436266989762
0.020558026300726
0.020676602231350
0.020791954890684
0.020904046834353
0.021012842913074
0.021118310084652
0.021220417201428
0.021319134786761
0.021414434814619
0.021506290505815
0.021594676152756
0.021679566982006
0.021760939060695
0.021838769249173
0.021913035198670
0.021983715389418
0.022050789202015
0.022114237012991
0.022174040304739
0.022230181780071
0.022282645472746
0.022331416846965
0.022376482881001
0.022417832132356
0.022455454783967
0.022489342672724
0.022519489302808
0.022545889846982
0.022568541139127
0.022587441660961
0.022602591525348
0.022613992457959
0.022621647778587
0.022625562383194
0.022625742727947
0.022622196816994
0.022614934196535
0.022603965958620
0.022589304758892
0.022570964852966
0.022548962156063
0.022523314329787
0.022494040898462
0.022461163395332
0.022424705536221
0.022384693415330
0.022341155714922
0.022294123918082
0.022243632511905
0.022189719167574
0.022132424884031
0.022071794083394
0.022007874648811
0.021940717898871
0.021870378496751
0.021796914296455
0.021720386132580
0.021640857563448
0.021558394580018
0.021473065294466
0.021384939622578
0.021294088973317
0.021200585957136
0.021104504122192
0.021005917724814
0.020904901537792
0.020801530697522
0.020695880588989
0.020588026766203
0.020478044904899
0.020366010784132
0.020252000293545
