0.020817349663323
0.020874098355855
0.020933339708677
0.020995279421378
0.021060120682202
0.021128063599782
0.021199304644858
0.021274036103297
0.021352445541618
0.021434715286168
0.021521021916985
0.021611535777304
0.021706420499567
0.021805832548731
0.021909920783555
0.022018826036499
0.022132680712757
0.022251608408894
0.022375723551477
0.022505131055997
0.022639926006367
0.022780193355154
0.022926007644693
0.023077432749148
0.023234521637553
0.023397316157804
0.023565846841530
0.023740132729757
0.023920181219198
0.024105987929020
0.024297536587875
0.024494798940976
0.024697734676972
0.024906291374358
0.025120404467152
0.025339997229539
0.025564980779200
0.025795254099016
0.026030704076840
0.026271205563043
0.026516621445512
0.026766802741810
0.027021588708192
0.027280806965180
0.027544273639416
0.027811793521506
0.028083160239579
0.028358156448299
0.028636554033070
0.028918114329180
0.029202588355644
0.029489717063511
0.029779231598401
0.030070853577060
0.030364295377696
0.030659260443903
0.030955443601946
0.031252531391214
0.031550202407607
0.031848127659679
0.032145970937299
0.032443389192623
0.032740032933160
0.033035546626691
0.033329569117817
0.033621734055871
0.033911670333946
0.034199002538760
0.034483351411065
0.034764334316296
0.035041565725136
0.035314657703647
0.035583220412608
0.035846862615663
0.036105192195873
0.036357816680243
0.036604343771737
0.036844381888331
0.037077540708553
0.037303431722991
0.037521668791195
0.037731868703368
0.037933651746231
0.038126642272393
0.038310469272566
0.038484766949893
0.038649175295664
0.038803340665658
0.038946916356314
0.039079563179925
0.039200950038004
0.039310754491982
0.039408663330330
0.039494373131227
0.039567590819831
0.039628034219233
0.039675432594134
0.039709527186275
0.039730071740652
0.039736833021524
0.039729591317231
0.039708140932809
0.039672290669422
0.039621864289607
0.039556700967322
0.039476655721838
0.039381599834466
0.039271421247163
0.039146024942051
0.039005333300923
0.038849286443797
0.038677842545622
0.038490978130269
0.038288688340941
0.038070987186193
0.037837907760770
0.037589502440507
0.037325843050567
0.037047021006358
0.036753147426464
0.036444353217021
0.036120789126983
0.035782625773763
0.035430053638831
0.035063283032841
0.034682544029961
0.034288086371109
0.033880179335872
0.033459111582916
0.033025190958795
0.032578744275085
0.032120117053863
0.031649673241588
0.031167794891528
0.030674881814912
0.030171351201087
0.029657637206973
0.029134190516229
0.028601477868561
0.028059981559688
0.027510198912549
0.026952641720374
0.026387835662325
0.025816319692473
0.025238645402908
0.024655376361878
0.024067087427885
0.023474364040707
0.022877801490422
0.022278004165490
0.021675584781055
0.021071163588656
0.020465367568573
0.019858829606088
0.019252187652983
0.018646083875627
0.018041163791039
0.017438075392355
0.016837468265154
0.016239992696108
0.015646298775475
0.015057035494948
0.014472849842400
0.013894385895085
0.013322283912853
0.012757179432955
0.012199702368015
0.011650476108742
0.011110116632969
0.010579231622569
0.010058419589827
0.009548269014807
0.009049357495241
0.008562250910468
0.008087502600901
0.007625652564486
0.007177226671601
0.006742735899797
0.006322675589736
0.005917524723686
0.005527745227839
0.005153781299718
0.004796058761870
0.004454984443001
0.004130945587655
0.003824309295489
0.003535421991144
0.003264608925638
0.003012173710171
0.002778397883150
0.002563540511198
0.002367837824820
0.002191502889365
0.002034725311835
0.001897670984023
0.001780481862399
0.001683275785107
0.001606146326326
0.001549162688218
0.001512369630602
0.001495787438393
0.001499411926826
0.001523214484366
0.001567142153159
0.001631117746805
0.001715040005149
0.001818783785751
0.001942200291580
0.002085117334452
0.002247339633644
0.002428649149060
0.002628805448251
0.002847546106545
0.003084587139474
0.003339623466624
0.003612329405996
0.003902359197877
0.004209347557222
0.004532910253437
0.004872644716467
0.005228130667999
0.005598930776576
0.005984591335387
0.006384642961426
0.006798601314719
0.007225967836272
0.007666230503352
0.008118864600722
0.008583333506399
0.009059089490496
0.009545574525711
0.010042221107982
0.010548453085848
0.011063686497035
0.011587330410784
0.012118787774453
0.012657456262900
0.013202729129198
0.013753996055211
0.014310644000586
0.014872058048739
0.015437622248414
0.016006720449432
0.016578737131261
0.017153058223064
0.017729071913923
0.018306169451955
0.018883745931071
0.019461201064185
0.020037939941683
0.020613373774042
0.021186920617500
0.021758006081740
0.022326064018588
0.022890537190786
0.023450877919930
0.024006548712727
0.024557022864784
0.025101785041166
0.025640331833054
0.026172172289850
0.026696828426159
0.027213835703120
0.027722743483613
0.028223115460944
0.028714530060634
0.029196580815028
0.029668876710474
0.030131042506890
0.030582719029589
0.031023563433279
0.031453249438235
0.031871467538653
0.032277925183296
0.032672346928552
0.033054474564106
0.033424067211459
0.033780901395576
0.034124771090007
0.034455487735856
0.034772880235018
0.035076794918143
0.035367095487851
0.035643662937715
0.035906395447613
0.036155208256040
0.036390033510053
0.036610820093490
0.036817533434196
0.037010155290971
0.037188683520984
0.037353131828443
0.037503529495305
0.037639921094826
0.037762366188792
0.037870939009243
0.037965728125560
0.038046836097737
0.038114379116729
0.038168486632697
0.038209300972051
0.038236976944111
0.038251681438276
0.038253593012521
0.038242901474091
0.038219807453201
0.038184521970583
0.038137265999673
0.038078270024243
0.038007773592245
0.037926024866639
0.037833280173926
0.037729803551127
0.037615866291881
0.037491746492359
0.037357728597625
0.037214102949080
0.037061165333579
0.036899216534806
0.036728561887434
0.036549510834606
0.036362376489209
0.036167475199422
0.035965126118952
0.035755650782376
0.035539372685963
0.035316616874325
0.035087709533215
0.034852977588777
0.034612748313511
0.034367348939189
0.034117106276958
0.033862346344809
0.033603394002593
0.033340572594727
0.033074203600722
0.032804606293651
0.032532097406630
0.032256990807407
0.031979597181101
0.031700223721152
0.031419173828503
0.031136746819041
0.030853237639311
0.030568936590514
0.030284129060766
0.029999095265650
0.029714109997013
0.029429442380030
0.029145355638511
0.028862106868447
0.028579946819788
0.028299119686468
0.028019862904659
0.027742406959295
0.027466975198871
0.027193783658554
0.026923040891651
0.026654947809492
0.026389697529783
0.026127475233518
0.025868458030547
0.025612814833891
0.025360706242943
0.025112284435682
0.024867693070045
0.024627067194630
0.024390533168899
0.024158208593080
0.023930202247953
0.023706614044759
0.023487534985426
0.023273047133378
0.023063223595132
0.022858128512965
0.022657817068872
0.022462335500099
0.022271721126472
0.022086002389810
0.021905198905647
0.021729321527517
0.021558372424035
0.021392345168998
0.021231224844720
0.021074988158778
0.020923603574369
0.020777031454400
0.020635224219459
0.020498126519748
0.020365675421055
0.020237800604790
0.020114424582077
0.019995462921859
0.019880824492931
0.019770411719758
0.019664120851899
0.019561842246805
0.019463460665707
0.019368855582248
0.019277901503463
0.019190468302663
