0.020155984141975
0.020239435253574
0.020326773607475
0.020418135583652
0.020513651261500
0.020613444055258
0.020717630366595
0.020826319254845
0.020939612125283
0.021057602435803
0.021180375422247
0.021308007842600
0.021440567740175
0.021578114225883
0.021720697279593
0.021868357570554
0.022021126296791
0.022179025043356
0.022342065659241
0.022510250152754
0.022683570605098
0.022862009101879
0.023045537682224
0.023234118305171
0.023427702832979
0.023626233030974
0.023829640583532
0.024037847125808
0.024250764290770
0.024468293771138
0.024690327395783
0.024916747220165
0.025147425630370
0.025382225460329
0.025621000121789
0.025863593746612
0.026109841341005
0.026359568951269
0.026612593840674
0.026868724677088
0.027127761730977
0.027389497083434
0.027653714843883
0.027920191377123
0.028188695539406
0.028458988923233
0.028730826110586
0.029003954934302
0.029278116747341
0.029553046699671
0.029828474022549
0.030104122319942
0.030379709866878
0.030654949914502
0.030929551001639
0.031203217272639
0.031475648801338
0.031746541920912
0.032015589559452
0.032282481581058
0.032546905132277
0.032808544993679
0.033067083936391
0.033322203083386
0.033573582275328
0.033820900440767
0.034063835970472
0.034302067095675
0.034535272269993
0.034763130554799
0.034985322007776
0.035201528074386
0.035411431981994
0.035614719136336
0.035811077520032
0.036000198092828
0.036181775193218
0.036355506941107
0.036521095641136
0.036678248186292
0.036826676461393
0.036966097746046
0.037096235116622
0.037216817846821
0.037327581806348
0.037428269857221
0.037518632247219
0.037598426999962
0.037667420301092
0.037725386880023
0.037772110386714
0.037807383762906
0.037831009607246
0.037842800533730
0.037842579522873
0.037830180265017
0.037805447495175
0.037768237318811
0.037718417527956
0.037655867907049
0.037580480527901
0.037492160033177
0.037390823907799
0.037276402737673
0.037148840455155
0.037008094570675
0.036854136389946
0.036686951216208
0.036506538536957
0.036312912194622
0.036106100540697
0.035886146572806
0.035653108054248
0.035407057615551
0.035148082837611
0.034876286316014
0.034591785706133
0.034294713748681
0.033985218275365
0.033663462194349
0.033329623455273
0.032983894993572
0.032626484653909
0.032257615092551
0.031877523658545
0.031486462253614
0.031084697170697
0.030672508911118
0.030250191980398
0.029818054662762
0.029376418774429
0.028925619395827
0.028466004582893
0.027997935057672
0.027521783878466
0.027037936089824
0.026546788352698
0.026048748555131
0.025544235403898
0.025033677997530
0.024517515381208
0.023996196084062
0.023470177639410
0.022939926088554
0.022405915468742
0.021868627285976
0.021328549973347
0.020786178335638
0.020242012980947
0.019696559740116
0.019150329074788
0.018603835474931
0.018057596846699
0.017512133891525
0.016967969477343
0.016425628002902
0.015885634756095
0.015348515267290
0.014814794658643
0.014284996990388
0.013759644605115
0.013239257471051
0.012724352525373
0.012215443018582
0.011713037860966
0.011217640972199
0.010729750635099
0.010249858854583
0.009778450722840
0.009316003791758
0.008862987453584
0.008419862330862
0.007987079676594
0.007565080785625
0.007154296418200
0.006755146236626
0.006368038255964
0.005993368309648
0.005631519530889
0.005282861850726
0.004947751513532
0.004626530610774
0.004319526633772
0.004027052046195
0.003749403876989
0.003486863334385
0.003239695441619
0.003008148694950
0.002792454744510
0.002592828098516
0.002409465851286
0.002242547435506
0.002092234399120
0.001958670207187
0.001841980069002
0.001742270790736
0.001659630653804
0.001594129319125
0.001545817757392
0.001514728205427
0.001500874148658
0.001504250329683
0.001524832782885
0.001562578894965
0.001617427491274
0.001689298947711
0.001778095327990
0.001883700545957
0.002005980552661
0.002144783547799
0.002299940215132
0.002471263981428
0.002658551298439
0.002861581947402
0.003080119365490
0.003313910993627
0.003562688645032
0.003826168893829
0.004104053483038
0.004396029751203
0.004701771076927
0.005020937340513
0.005353175401928
0.005698119594229
0.006055392231643
0.006424604131381
0.006805355148341
0.007197234721756
0.007599822432899
0.008012688572876
0.008435394719593
0.008867494322920
0.009308533297102
0.009758050619439
0.010215578934272
0.010680645161301
0.011152771107250
0.011631474079927
0.012116267503697
0.012606661535403
0.013102163679803
0.013602279403548
0.014106512746791
0.014614366931492
0.015125344965517
0.015638950241638
0.016154687130564
0.016672061567136
0.017190581628879
0.017709758106059
0.018229105062499
0.018748140386357
0.019266386330143
0.019783370039264
0.020298624068408
0.020811686885119
0.021322103359933
0.021829425242488
0.022333211623049
0.022833029378910
0.023328453605186
0.023819068029537
0.024304465410385
0.024784247918249
0.025258027499822
0.025725426224486
0.026186076612968
0.026639621947895
0.027085716566020
0.027524026131960
0.027954227893284
0.028376010916855
0.028789076306342
0.029193137400878
0.029587919954843
0.029973162298812
0.030348615481731
0.030714043394402
0.031069222874423
0.031413943792719
0.031748009121871
0.032071234986439
0.032383450695540
0.032684498757943
0.032974234879975
0.033252527946572
0.033519259985806
0.033774326117265
0.034017634484677
0.034249106173169
0.034468675111619
0.034676287960517
0.034871903985809
0.035055494919196
0.035227044805384
0.035386549836765
0.035534018176065
0.035669469767447
0.035792936136630
0.035904460180521
0.036004095946921
0.036091908404837
0.036167973205929
0.036232376437653
0.036285214368631
0.036326593186778
0.036356628730732
0.036375446215112
0.036383179950125
0.036379973056041
0.036365977173037
0.036341352166920
0.036306265831202
0.036260893586009
0.036205418174295
0.036140029355795
0.036064923599169
0.035980303772746
0.035886378834283
0.035783363520124
0.035671478034134
0.035550947736764
0.035422002834589
0.035284878070640
0.035139812415829
0.034987048761764
0.034826833615213
0.034659416794472
0.034485051127870
0.034303992154627
0.034116497828265
0.033922828222742
0.033723245241496
0.033518012329525
0.033307394188653
0.033091656496091
0.032871065626403
0.032645888376971
0.032416391697027
0.032182842420331
0.031945507001547
0.031704651256366
0.031460540105408
0.031213437321943
0.030963605283452
0.030711304727040
0.030456794508729
0.030200331366630
0.029942169688012
0.029682561280274
0.029421755145828
0.029159997260915
0.028897530358346
0.028634593714215
0.028371422938582
0.028108249770176
0.027845301875139
0.027582802649869
0.027320971028012
0.027060021291663
0.026800162886869
0.026541600243499
0.026284532599601
0.026029153830355
0.025775652281744
0.025524210609088
0.025275005620608
0.025028208126168
0.024783982791405
0.024542487997434
0.024303875706345
0.024068291332726
0.023835873621451
0.023606754531992
0.023381059129527
0.023158905483125
0.022940404571293
0.022725660195211
0.022514768899938
0.022307819903932
0.022104895037201
0.021906068688413
0.021711407761312
0.021520971640759
0.021334812168741
0.021152973630684
0.020975492752384
0.020802398707893
0.020633713138655
0.020469450184195
0.020309616524655
0.020154211435432
0.020003226854172
0.019856647460348
0.019714450767624
0.019576607229175
0.019443080356118
0.019313826849161
0.019188796743551
0.019067933567358
0.018951174513109
