0.001155213507259
0.001167126692624
0.001178952133046
0.001190682259202
0.001202316457762
0.001213862153948
0.001225335695607
0.001236762993453
0.001248179879975
0.001259632159484
0.001271175333539
0.001282873999310
0.001294800932735
0.001307035883335
0.001319664122577
0.001332774802361
0.001346459193914
0.001360808889715
0.001375914061430
0.001391861874993
0.001408735169340
0.001426611507830
0.001445562710644
0.001465654972572
0.001486949663294
0.001509504896827
0.001533377943251
0.001558628539446
0.001585323136650
0.001613540101577
0.001643375865053
0.001674951988036
0.001708423090138
0.001743985560685
0.001781886947670
0.001822435896021
0.001866012484061
0.001913078786304
0.001964189472218
0.002020002234852
0.002081287830420
0.002148939500559
0.002223981543193
0.002307576795919
0.002401032797816
0.002505806401546
0.002623506617639
0.002755895486916
0.002904886794937
0.003072542464138
0.003261066484584
0.003472796272968
0.003710191381125
0.003975819509731
0.004272339819550
0.004602483571177
0.004969032164254
0.005374792688134
0.005822571137361
0.006315143486648
0.006855224860694
0.007445437073540
0.008088274849770
0.008786071074996
0.009540961455242
0.010354848993445
0.011229368715788
0.012165853100456
0.013165298676182
0.014228334267184
0.015355191364405
0.016545677100074
0.017799150293215
0.019114501017717
0.020490134121854
0.021923957098698
0.023413372670861
0.024955276410569
0.026546059667591
0.028181618023369
0.029857365430345
0.031568254131573
0.033308800387878
0.035073115968898
0.036854945291144
0.038647708011619
0.040444546810529
0.042238380022239
0.044021958700767
0.045787927635988
0.047528889770180
0.049237473402773
0.050906401514959
0.052528562496306
0.054097081513356
0.055605391726357
0.057047304535274
0.058417078020827
0.059709482740827
0.060919864046959
0.062044200102616
0.063079154808422
0.064022124878745
0.064871280359476
0.065625597934391
0.066284886433966
0.066849804035975
0.067321866730863
0.067703447715790
0.067997767478507
0.068208874434688
0.068341616088893
0.068401600798680
0.068395150332321
0.068329243521616
0.068211451421271
0.068049864493662
0.067853012441356
0.067629777408029
0.067389301360259
0.067140888546764
0.066893904006951
0.066657669165985
0.066441355608193
0.066253878163496
0.066103788472184
0.065999170211071
0.065947537168509
0.065955735346722
0.066029850247240
0.066175120459103
0.066395858620039
0.066695380758529
0.067075944950053
0.067538700134524
0.068083645844942
0.068709603490432
0.069414199721353
0.070193862281165
0.071043828620573
0.071958167415547
0.072929812993556
0.073950612533284
0.075011385763775
0.076101996750885
0.077211437223718
0.078327920762869
0.079438987047311
0.080531615239056
0.081592345475696
0.082607407341814
0.083562854102244
0.084444701404322
0.085239069093486
0.085932324737676
0.086511227421587
0.086963070352362
0.087275820814200
0.087438256020582
0.087440093439563
0.087272114209442
0.086926278318904
0.086395830296827
0.085675394241681
0.084761057118020
0.083650439356980
0.082342751917803
0.080838839097112
0.079141206510411
0.077254033814942
0.075183171892763
0.072936124366519
0.070522013475904
0.067951530498923
0.065236871056945
0.062391655794624
0.059430837073472
0.056370592459625
0.053228205920669
0.050021937771871
0.046770884527481
0.043494829916731
0.040214088415651
0.036949342723893
0.033721476679624
0.030551405154486
0.027459902504195
0.024467431168144
0.021593972013268
0.018858858003371
0.016280612745274
0.013876795417850
0.011663853529720
0.009656984876760
0.007870009982368
0.006315256202630
0.005003454566074
0.003943650294903
0.003143127822592
0.002607350983013
0.002339918900141
0.002342537956482
0.002615010064184
0.003155237306836
0.003959242863939
0.005021207975455
0.006333524552217
0.007886862890985
0.009670253811825
0.011671184401861
0.013875706424461
0.016268556337869
0.018833285763284
0.021552401150343
0.024407511308828
0.027379481409833
0.030448592008192
0.033594701601163
0.036797411216300
0.040036229514487
0.043290736901918
0.046540747167478
0.049766465198936
0.052948639382269
0.056068707352569
0.059108933841648
0.062052539455692
0.064883819315220
0.067588250597960
0.070152588142003
0.072564947390362
0.074814874087581
0.076893400272928
0.078793086251569
0.080508048363474
0.082033972508330
0.083368113521952
0.084509280634190
0.085457809368868
0.086215520371499
0.086785665769254
0.087172863778673
0.087383022379072
0.087423252962284
0.087301774951780
0.087027812455339
0.086611484074945
0.086063687044866
0.085395976903696
0.084620443928299
0.083749587567057
0.082796190106674
0.081773190791273
0.080693561584973
0.079570185730032
0.078415740202608
0.077242583107861
0.076062646986396
0.074887338925695
0.073727448284278
0.072593062743853
0.071493493306739
0.070437208753526
0.069431779970447
0.068483834448354
0.067599021146856
0.066781985809050
0.066036356705654
0.065364740683283
0.064768729291082
0.064248914664067
0.063804914751137
0.063435407391690
0.063138172667933
0.062910142890816
0.062747459516851
0.062645536241095
0.062599127468873
0.062602401335502
0.062649016419467
0.062732201280387
0.062844835948392
0.062979534496189
0.063128727838772
0.063284745928065
0.063439898540270
0.063586553891870
0.063717214365342
0.063824588677120
0.063901659877407
0.063941748633233
0.063938571311987
0.063886292451588
0.063779571274635
0.063613601976512
0.063384147590584
0.063087567306500
0.062720837189450
0.062281564318161
0.061767994426786
0.061179013199996
0.060514141430801
0.059773524306505
0.058957915139121
0.058068653902251
0.057107640976440
0.056077306539160
0.054980576063700
0.053820832413161
0.052601875031595
0.051327876743988
0.050003338680571
0.048633043838883
0.047222009789487
0.045775441018533
0.044298681382811
0.042797167131002
0.041276380918958
0.039741807217451
0.038198889478506
0.036652989391644
0.035109348524634
0.033573052605206
0.032048998661163
0.030541865196911
0.029056085545084
0.027595824493162
0.026164958247152
0.024767057757944
0.023405375401193
0.022082834968816
0.020802024899745
0.019565194649558
0.018374254073340
0.017230775673549
0.016135999545037
0.015090840832631
0.014095899502802
0.013151472220036
0.012257566110271
0.011413914188320
0.010619992223227
0.009875036814965
0.009178064457548
0.008527891367359
0.007923153861040
0.007362329074484
0.006843755823087
0.006365655413314
0.005926152226515
0.005523293907708
0.005155071004508
0.004819435914341
0.004514321011471
0.004237655838937
0.003987383264260
0.003761474511538
0.003557942996261
0.003374856902752
0.003210350457563
0.003062633865270
0.002930001886015
0.002810841046666
0.002703635489675
0.002606971475496
0.002519540565815
0.002440141525738
0.002367680993520
0.002301172976228
0.002239737239044
0.002182596664444
0.002129073665381
0.002078585743652
0.002030640290776
0.001984828733953
0.001940820133827
0.001898354343845
0.001857234842840
0.001817321353101
0.001778522355440
0.001740787610743
0.001704100794004
0.001668472342038
0.001633932609876
0.001600525423324
0.001568302106435
0.001537316052732
0.001507617898097
0.001479251341468
0.001452249646997
0.001426632848371
0.001402405662770
0.001379556108695
0.001358054808840
0.001337854946682
0.001318892833578
0.001301089032373
0.001284349973848
0.001268569994149
0.001253633714739
0.001239418681601
