0.001360976500596
0.001361148713057
0.001361202372449
0.001361124737639
0.001360923239931
0.001360624901570
0.001360272669031
0.001359919157568
0.001359618720469
0.001359419039503
0.001359353535080
0.001359435796356
0.001359656944253
0.001359986405336
0.001360376056473
0.001360767178039
0.001361099207872
0.001361318989439
0.001361389104485
0.001361293992032
0.001361042868587
0.001360668934179
0.001360224905991
0.001359775482224
0.001359387817828
0.001359121416542
0.001359018958793
0.001359099471648
0.001359354918903
0.001359750792864
0.001360230697012
0.001360724308308
0.001361157589787
0.001361463767190
0.001361593443607
0.001361522327260
0.001361255377943
0.001360826690873
0.001360295058974
0.001359735794597
0.001359229954815
0.001358852516198
0.001358661223999
0.001358687767839
0.001358932618943
0.001359364346500
0.001359923586550
0.001360531158785
0.001361099213735
0.001361543835233
0.001361797289120
0.001361818135456
0.001361597706796
0.001361161960782
0.001360568370330
0.001359898225917
0.001359245389831
0.001358703065539
0.001358350449873
0.001358241176019
0.001358395222936
0.001358795492792
0.001359389607699
0.001360096741624
0.001360818586661
0.001361452956718
0.001361908141517
0.001362115996436
0.001362041909132
0.001361690202370
0.001361104157185
0.001360360585295
0.001359559641108
0.001358811235430
0.001358219900757
0.001357870192564
0.001357814658159
0.001358066069672
0.001358595045375
0.001359333451126
0.001360183181535
0.001361029176884
0.001361754939477
0.001362258454019
0.001362466341213
0.001362344294112
0.001361902334362
0.001361194115630
0.001360310301614
0.001359366848354
0.001358489716690
0.001357798036120
0.001357387968360
0.001357319445596
0.001357607593063
0.001358220035571
0.001359080513037
0.001360078393394
0.001361082883263
0.001361960102374
0.001362590791554
0.001362886319821
0.001362800858908
0.001362338078317
0.001361551418581
0.001360537833621
0.001359425746733
0.001358358727507
0.001357476969154
0.001356898951905
0.001356705677210
0.001356929547811
0.001357549388637
0.001358492325943
0.001359642366156
0.001360854653029
0.001361973642692
0.001362852916044
0.001363374114412
0.001363462569097
0.001363097589633
0.001362316031549
0.001361208600994
0.001359909266505
0.001358579023093
0.001357385980442
0.001356484233129
0.001355994153600
0.001355986602891
0.001356473095258
0.001357403235331
0.001358669857035
0.001360121340985
0.001361579688652
0.001362862198698
0.001363804115425
0.001364279462285
0.001364217457315
0.001363612413209
0.001362525794012
0.001361080042060
0.001359444789997
0.001357817012285
0.001356397433904
0.001355366006286
0.001354859419146
0.001354953418518
0.001355652165390
0.001356886056017
0.001358518428237
0.001360360514972
0.001362193002701
0.001363791729607
0.001364954515840
0.001365525925261
0.001365416941911
0.001364617089028
0.001363197364337
0.001361303417388
0.001359139531820
0.001356945065258
0.001354965913362
0.001353424192454
0.001352489599064
0.001352255767990
0.001352724422160
0.001353799242757
0.001355290281270
0.001356928510763
0.001358388911526
0.001359319446447
0.001359372527863
0.001358235204099
0.001355654353028
0.001351453666441
0.001345540098624
0.001337898645905
0.001328575696069
0.001317652589419
0.001305212312192
0.001291303252464
0.001275904568823
0.001258897871099
0.001240049556558
0.001219007301874
0.001195312949502
0.001168432459782
0.001137801873413
0.001102886508491
0.001063249070501
0.001018621137320
0.000968971720849
0.000914566387606
0.000856010779021
0.000794273292186
0.000730683096427
0.000666901458691
0.000604866385313
0.000546712692173
0.000494671615948
0.000450955811507
0.000417636902312
0.000396523554164
0.000389048262265
0.000396170659009
0.000418304193711
0.000455271578310
0.000506292544182
0.000570005351246
0.000644521284360
0.000727509220517
0.000816305403027
0.000908041947205
0.000999786430941
0.001088684264662
0.001172095423888
0.001247717561267
0.001313688455107
0.001368662127150
0.001411854676240
0.001443057809809
0.001462620083404
0.001471397848290
0.001470679732301
0.001462090025785
0.001447477518914
0.001428797069589
0.001407991432698
0.001386880642718
0.001367065535219
0.001349850871659
0.001336192075413
0.001326667896734
0.001321479516707
0.001320474799733
0.001323194734030
0.001328937674850
0.001336835922788
0.001345938502815
0.001355293801834
0.001364025983147
0.001371399800609
0.001376869524959
0.001380109082457
0.001381022080961
0.001379732035638
0.001376554675783
0.001371955590895
0.001366497549636
0.001360782515363
0.001355393634919
0.001350842278108
0.001347524577180
0.001345690918917
0.001345430568367
0.001346672168865
0.001349199397419
0.001352679689657
0.001356702806770
0.001360825199419
0.001364615701530
0.001367698094099
0.001369786509091
0.001370710449649
0.001370427303142
0.001369021507889
0.001366690875591
0.001363721837274
0.001360456447000
0.001357254740974
0.001354456437179
0.001352345937659
0.001351124168950
0.001350890014086
0.001351633036248
0.001353237981188
0.001355500300745
0.001358150793390
0.001360886529076
0.001363404610597
0.001365435084105
0.001366769469361
0.001367281914711
0.001366940831737
0.001365809935098
0.001364038786066
0.001361844085056
0.001359483953799
0.001357228184069
0.001355327828260
0.001353987526840
0.001353343610048
0.001353450319596
0.001354275550818
0.001355706425110
0.001357563890374
0.001359624539311
0.001361647044516
0.001363400123293
0.001364688816090
0.001365376101917
0.001365397451069
0.001364766760626
0.001363573131834
0.001361969012171
0.001360151215494
0.001358337137081
0.001356739005399
0.001355539200732
0.001354869503771
0.001354796637945
0.001355315699449
0.001356352121428
0.001357771806788
0.001359398107303
0.001361033537275
0.001362483579614
0.001363579730815
0.001364199060839
0.001364278015371
0.001363818904382
0.001362888414244
0.001361608442418
0.001360140468235
0.001358665431571
0.001357361603914
0.001356383144366
0.001355841914723
0.001355794700388
0.001356237302475
0.001357106115760
0.001358286892002
0.001359629520112
0.001360966938531
0.001362135816607
0.001362996456502
0.001363449494949
0.001363447406224
0.001362999469535
0.001362169682227
0.001361067972959
0.001359835888561
0.001358628594464
0.001357595460749
0.001356861653014
0.001356512993808
0.001356585928172
0.001357063771952
0.001357879627133
0.001358925514563
0.001360066504979
0.001361158019598
0.001362064096250
0.001362674321030
0.001362917318297
0.001362769147066
0.001362255610078
0.001361448258746
0.001360454674183
0.001359404320843
0.001358431815425
0.001357659761698
0.001357183334770
0.001357058553869
0.001357295694024
0.001357858618006
0.001358670047010
0.001359622029744
0.001360590211711
0.001361450033041
0.001362092753567
0.001362439245895
0.001362449803741
0.001362128742726
0.001361523254326
0.001360716721668
0.001359817421143
0.001358944123985
0.001358210501236
0.001357710374416
0.001357505726248
0.001357619009013
0.001358030713245
0.001358682462703
0.001359485174810
0.001360331164600
0.001361108560966
0.001361716113126
0.001362076429598
0.001362145915243
0.001361920122984
0.001361433854959
0.001360756050064
0.001359980187563
0.001359211527437
0.001358552919265
0.001358091088604
0.001357885230695
0.001357959417583
0.001358299801170
0.001358856942550
