0.342342215907911
0.343940414659937
0.345776969103649
0.347838786099336
0.350110687107583
0.352575604859488
0.355214793459440
0.358008049198797
0.360933939386274
0.363970036548149
0.367093155415364
0.370279590194604
0.373505349715727
0.376746388159780
0.379978829200837
0.383179181543160
0.386324544002899
0.389392798471878
0.392362789308492
0.395214487926235
0.397929141589895
0.400489405679301
0.402879458934391
0.405085101447545
0.407093835412265
0.408894928865042
0.410479462862838
0.411840362716800
0.412972414049095
0.413872264551318
0.414538412398502
0.414971182313061
0.415172690279675
0.415146797889276
0.414899057242285
0.414436647274092
0.413768302285075
0.412904233370136
0.411856043354261
0.410636635756616
0.409260118230935
0.407741700867646
0.406097589696242
0.404344875695813
0.402501419607924
0.400585732848393
0.398616854831728
0.396614227051899
0.394597564303542
0.392586723476512
0.390601570410901
0.388661845357912
0.386787027651804
0.384996200258314
0.383307914924072
0.381740058708708
0.380309722735545
0.379033074047230
0.377925231498471
0.377000146657900
0.376270490723877
0.375747548482940
0.375441120352674
0.375359433551239
0.375509063421078
0.375894865902826
0.376519922105094
0.377385495845623
0.378491004948138
0.379834006967834
0.381410199887117
0.383213438174147
0.385235764432608
0.387467456694903
0.389897091227116
0.392511620526496
0.395296466005239
0.398235624672500
0.401311788953342
0.404506478622085
0.407800183680806
0.411172516883263
0.414602374491172
0.418068103753776
0.421547675522998
0.425018860354055
0.428459406394810
0.431847217335795
0.435160528675764
0.438378080555789
0.441479285428153
0.444444388856120
0.447254621788556
0.449892342721269
0.452341168246257
0.454586090603252
0.456613580985059
0.458411677510586
0.459970056965496
0.461280089618895
0.462334876651683
0.463129269974323
0.463659874462944
0.463925032897030
0.463924794132673
0.463660865285553
0.463136548921189
0.462356666450325
0.461327469100169
0.460056537973373
0.458552674814262
0.456825785174758
0.454886755711471
0.452747327351901
0.450419966044732
0.447917732759907
0.445254154332285
0.442443096652305
0.439498641601486
0.436434969012939
0.433266244810645
0.430006516346831
0.426669615817321
0.423269072490118
0.419818034333925
0.416329199481739
0.412814757810100
0.409286342758989
0.405754993361573
0.402231126299107
0.398724517646968
0.395244293835506
0.391798931217403
0.388396263514623
0.385043496315721
0.381747227711079
0.378513474091252
0.375347700093734
0.372254851666317
0.369239391220721
0.366305333876927
0.363456283845133
0.360695470055808
0.358025780226554
0.355449792644200
0.352969805039220
0.350587860034704
0.348305766760890
0.346125118337552
0.344047305038311
0.342073523062115
0.340204778946958
0.338441889768288
0.336785479368459
0.335235970963299
0.333793576565554
0.332458283751148
0.331229840370791
0.330107737874177
0.329091193964399
0.328179135334098
0.327370181249799
0.326662628745698
0.326054440161433
0.325543233710264
0.325126277694923
0.324800488900465
0.324562435588618
0.324408345400445
0.324334118347140
0.324335344937189
0.324407329356501
0.324545117490588
0.324743529459022
0.324997196225290
0.325300599752762
0.325648116101480
0.326034060802204
0.326452735803285
0.326898477262133
0.327365703445452
0.327848962008589
0.328342975943487
0.328842687514199
0.329343299537689
0.329840313413742
0.330329563360514
0.330807246370856
0.331269947468245
0.331714659910304
0.332138800062029
0.332540216740113
0.332917194913921
0.333268453737257
0.333593138977478
0.333890810003053
0.334161421586513
0.334405300874006
0.334623119964022
0.334815864622783
0.334984799740788
0.335131432200861
0.335257471880947
0.335364791552847
0.335455386459866
0.335531334360942
0.335594756816081
0.335647782458256
0.335692512950896
0.335730992269302
0.335765179870345
0.335796928229354
0.335827965128718
0.335859880981243
0.335894121364934
0.335931984837134
0.335974625986093
0.336023063570055
0.336078193488425
0.336140806229494
0.336211608345035
0.336291247416423
0.336380339900618
0.336479501179260
0.336589377081515
0.336710676112666
0.336844201596553
0.336990882932240
0.337151805173826
0.337328236167764
0.337521650523873
0.337733749754068
0.337966477985308
0.338222032738919
0.338502870365051
0.338811705826567
0.339151506637930
0.339525480879455
0.339937059322278
0.340389871812259
0.340887718169067
0.341434533957732
0.342034351582146
0.342691257232259
0.343409344287518
0.344192663838346
0.345045173034897
0.345970682007519
0.346972800127260
0.348054882387100
0.349219976685992
0.350470772788646
0.351809553714335
0.353238150278038
0.354757899467213
0.356369607287171
0.358073516647734
0.359869280793594
0.361755942701229
0.363731920776649
0.365795001092056
0.367942336296962
0.370170451232058
0.372475255164612
0.374852060454718
0.377295607354937
0.379800094544664
0.382359214907726
0.384966195979580
0.387613844421584
0.390294593825973
0.393000555117407
0.395723568796583
0.398455258268061
0.401187083507999
0.403910394357074
0.406616482767724
0.409296633391644
0.411942171960886
0.414544510991979
0.417095192424917
0.419585926895566
0.422008629429040
0.424355451430892
0.426618808941112
0.428791407200994
0.430866261664073
0.432836715657904
0.434696454972392
0.436439519711662
0.438060313799019
0.439553612567140
0.440914568897727
0.442138718395042
0.443221984085720
0.444160681132159
0.444951522028447
0.445591622716011
0.446078510011547
0.446410130682523
0.446584862437218
0.446601527017765
0.446459405498126
0.446158255795965
0.445698332310530
0.445080407499859
0.444305795112527
0.443376374693771
0.442294616895456
0.441063609036137
0.439687080282887
0.438169425762620
0.436515728858363
0.434731780906859
0.432824097488520
0.430799930490738
0.428667275130200
0.426434871141558
0.424112197376782
0.421709459113748
0.419237567442994
0.416708110188003
0.414133313916747
0.411525996718695
0.408899511551729
0.406267680105005
0.403644717274987
0.401045146509908
0.398483706440465
0.395975249377754
0.393534632420848
0.391176602072139
0.388915673405394
0.386766004966575
0.384741270707393
0.382854530354385
0.381118099699373
0.379543422359105
0.378140944591499
0.376919994772329
0.375888669129451
0.375053725301670
0.374420485236791
0.373992748868986
0.373772719920568
0.373760945058676
0.373956267504563
0.374355796044184
0.374954890224441
0.375747162342339
0.376724496645734
0.377877085966827
0.379193485805181
0.380660685667918
0.382264197264350
0.383988158942483
0.385815455549198
0.387727852697351
0.389706144234483
0.391730311532590
0.393779693059100
0.395833162548692
0.397869313976467
0.399866651436541
0.401803781958881
0.403659609251328
0.405413526334736
0.407045605045886
0.408536780416475
0.409869027994408
0.411025532256119
0.411990844363147
0.412751027641052
0.413293789302129
0.413608597092461
0.413686779716712
0.413521610077954
0.413108370562126
0.412444399795182
0.411529120502835
0.410364048305267
0.408952781480497
0.407300971926817
0.405416277745522
0.403308298046758
0.400988490752725
0.398470074330718
0.395767914532553
0.392898397345266
0.389879289468998
0.386729587731544
0.383469358923931
0.380119571597894
0.376701921404260
0.373238651571211
0.369752370124473
0.366265865438045
0.362801921675652
0.359383135641210
0.356031736501938
0.352769409782877
