0.095791674281363
0.096027739771768
0.096280361047621
0.096550708632095
0.096839868027885
0.097148785825863
0.097478222134280
0.097828709494001
0.098200518235613
0.098593628131954
0.099007706193222
0.099442090519908
0.099895780243016
0.100367431708941
0.100855361175724
0.101357554349107
0.101871683078739
0.102395129443820
0.102925017280853
0.103458250952319
0.103991560842407
0.104521554720868
0.105044773770626
0.105557751762590
0.106057075614847
0.106539445419710
0.107001731980701
0.107441029981078
0.107854705104205
0.108240433730474
0.108596234222718
0.108920489251398
0.109211959067180
0.109469786065484
0.109693491371658
0.109882964478405
0.110038447169736
0.110160513058552
0.110250044049354
0.110308204925604
0.110336417072990
0.110336332112386
0.110309805959388
0.110258873580856
0.110185724509355
0.110092679024009
0.109982164823432
0.109856694005633
0.109718840225179
0.109571216004507
0.109416450313498
0.109257166674586
0.109095962174688
0.108935387847208
0.108777930909747
0.108625999295432
0.108481908796293
0.108347872953109
0.108225995593131
0.108118265657651
0.108026553702324
0.107952609223372
0.107898057789771
0.107864396868679
0.107852989235679
0.107865052971394
0.107901647260869
0.107963653521433
0.108051751769521
0.108166392570905
0.108307765370727
0.108475764436075
0.108669954031284
0.108889534754523
0.109133313168533
0.109399676940922
0.109686577660802
0.109991523318086
0.110311582127687
0.110643398968900
0.110983225212879
0.111326962155414
0.111670217688036
0.112008375258706
0.112336673623529
0.112650295399970
0.112944462022832
0.113214532394092
0.113456102318692
0.113665101736078
0.113837886791774
0.113971323938957
0.114062863506750
0.114110600505663
0.114113320844539
0.114070531588957
0.113982474379016
0.113850121625950
0.113675155604270
0.113459931033250
0.113207422184857
0.112921155953931
0.112605132672056
0.112263736733608
0.111901639327439
0.111523695729061
0.111134839705947
0.110739977623508
0.110343884812981
0.109951106676414
0.109565866860321
0.109191984630313
0.108832803326831
0.108491131480380
0.108169197818050
0.107868621008152
0.107590394574880
0.107334886981180
0.107101856438544
0.106890479572756
0.106699392671631
0.106526743881859
0.106370254424511
0.106227286677674
0.106094916842616
0.105970009874706
0.105849294425049
0.105729435700467
0.105607104398850
0.105479040199384
0.105342108662799
0.105193350801804
0.105030024990814
0.104849641270324
0.104649988440681
0.104429154611240
0.104185542057902
0.103917877335422
0.103625217587728
0.103306953905016
0.102962812402106
0.102592853456756
0.102197469272050
0.101777379639764
0.101333625509105
0.100867559734043
0.100380834206644
0.099875382502935
0.099353397185689
0.098817301031802
0.098269711679764
0.097713399516494
0.097151239025841
0.096586154280504
0.096021059745597
0.095458798042612
0.094902076761499
0.094353406770119
0.093815044720988
0.093288942565597
0.092776706834489
0.092279570212942
0.091798377534739
0.091333587738905
0.090885292607453
0.090453252259498
0.090036946462347
0.089635639886360
0.089248458536176
0.088874473797190
0.088512789902228
0.088162630201609
0.087823417452486
0.087494843457896
0.087176923792025
0.086870034036153
0.086574924889436
0.086292714660985
0.086024858928564
0.085773098486210
0.085539388012098
0.085325809081658
0.085134472147113
0.084967412832468
0.084826488298908
0.084713279487458
0.084629004736239
0.084574449616364
0.084549916876153
0.084555199191512
0.084589576071693
0.084651834855561
0.084740314348678
0.084852968387568
0.084987445555329
0.085141180477098
0.085311491638521
0.085495680515456
0.085691126974788
0.085895376376848
0.086106214532566
0.086321727580223
0.086540344875115
0.086760864054300
0.086982458474413
0.087204668157374
0.087427376163824
0.087650772909571
0.087875311326184
0.088101655939993
0.088330628916730
0.088563155917692
0.088800214272364
0.089042785532506
0.089291813975219
0.089548172106913
0.089812633720241
0.090085854598750
0.090368360567401
0.090660542261669
0.090962655736239
0.091274827853872
0.091597065279397
0.091929265845065
0.092271231044364
0.092622678445960
0.092983252894677
0.093352535481816
0.093730049424165
0.094115262192044
0.094507583473259
0.094906358850821
0.095310859402768
0.095720267791935
0.096133661785936
0.096549996510971
0.096968087070778
0.097386593424737
0.097804009586765
0.098218659251836
0.098628699857666
0.099032136831691
0.099426849355029
0.099810628405144
0.100181227140095
0.100536422894651
0.100874089218539
0.101192275554164
0.101489291384403
0.101763791040317
0.102014854899041
0.102242062470372
0.102445552900434
0.102626068729645
0.102784979329100
0.102924281284267
0.103046574058023
0.103155010490930
0.103253223015162
0.103345227791002
0.103435310238186
0.103527896547215
0.103627416643777
0.103738164680891
0.103864163403216
0.104009038641632
0.104175909751123
0.104367301021618
0.104585078011772
0.104830411440975
0.105103769802008
0.105404940312748
0.105733076302803
0.106086767721224
0.106464130239327
0.106862907481173
0.107280580299483
0.107714476762918
0.108161876645819
0.108620104704216
0.109086607851044
0.109559012456882
0.110035159331394
0.110513115403439
0.110991162624947
0.111467766083849
0.111941524636172
0.112411108477272
0.112875188900936
0.113332365993641
0.113781100150887
0.114219653075949
0.114646043343781
0.115058020719960
0.115453062271321
0.115828391961644
0.116181023973458
0.116507828523573
0.116805617533359
0.117071246259070
0.117301725956896
0.117494341911888
0.117646770742068
0.117757190821058
0.117824379945305
0.117847794985012
0.117827629161122
0.117764843726910
0.117661172131718
0.117519096127474
0.117341794663995
0.117133067726926
0.116897238430005
0.116639037620633
0.116363475948926
0.116075708758191
0.115780899270597
0.115484085375686
0.115190054908490
0.114903233669827
0.114627589645381
0.114366555980704
0.114122974325392
0.113899059228149
0.113696383394934
0.113515882854528
0.113357880437832
0.113222125483793
0.113107847338978
0.113013820011016
0.112938435251497
0.112879781358762
0.112835725080185
0.112803994132437
0.112782258025879
0.112768205059712
0.112759613539094
0.112754415451770
0.112750751034012
0.112747012862616
0.112741878342308
0.112734329727803
0.112723661135219
0.112709472363072
0.112691649755937
0.112670334794813
0.112645881570318
0.112618804765041
0.112589720212121
0.112559280478660
0.112528108215752
0.112496730196344
0.112465515008367
0.112434617272621
0.112403931011659
0.112373054416199
0.112341267758464
0.112307525614220
0.112270463910959
0.112228421655414
0.112179476547203
0.112121493091942
0.112052181317073
0.111969163789776
0.111870048353703
0.111752503845432
0.111614336020114
0.111453560998531
0.111268473729271
0.111057709220582
0.110820294616412
0.110555690550186
0.110263820590771
0.109945087983805
0.109600379278360
0.109231054807347
0.108838926357404
0.108426222718567
0.107995544145112
0.107549807084400
0.107092180836084
0.106626018082103
0.106154781467699
0.105681968601263
0.105211037960586
0.104745338228512
0.104288043517780
0.103842096771678
0.103410163338866
0.102994596319167
0.102597414772723
0.102220295296624
0.101864576828398
0.101531277868741
0.101221124665795
0.100934588311103
0.100671928203603
0.100433238978390
0.100218497800739
0.100027608911780
0.099860442488369
