0.220887545183354
0.221742700501059
0.222496192403291
0.223121618632149
0.223596876327243
0.223905046693587
0.224035103560878
0.223982417191423
0.223749031436124
0.223343700034320
0.222781676273513
0.222084259097487
0.221278107769734
0.220394346032768
0.219467485009001
0.218534201523409
0.217632014767783
0.216797908979805
0.216066952836047
0.215470967378552
0.215037293407692
0.214787706361370
0.214737521832529
0.214894928211775
0.215260574721206
0.215827433644896
0.216580945236234
0.217499443011711
0.218554846366941
0.219713597119500
0.220937807121926
0.222186575886129
0.223417430551071
0.224587835771416
0.225656718386621
0.226585951140327
0.227341741260665
0.227895873296814
0.228226761068053
0.228320270678735
0.228170284987602
0.227778989350442
0.227156868510802
0.226322414812659
0.225301558073270
0.224126837124454
0.222836341876688
0.221472462494644
0.220080488654824
0.218707106700397
0.217398845685314
0.216200524738479
0.215153753863894
0.214295538263778
0.213657032619069
0.213262486621204
0.213128416598476
0.213263030532274
0.213665925356100
0.214328066439264
0.215232049861340
0.216352638775301
0.217657556133006
0.219108507596337
0.220662400857669
0.222272721099144
0.223891017154763
0.225468449287579
0.226957347492980
0.228312728972323
0.229493724912635
0.230464869919864
0.231197212282711
0.231669209527467
0.231867381239085
0.231786699597236
0.231430707194624
0.230811361125697
0.229948611700535
0.228869733094013
0.227608431445089
0.226203763066127
0.224698901245796
0.223139794426262
0.221573761169482
0.220048068234270
0.218608537277815
0.217298223258378
0.216156203704842
0.215216512848564
0.214507248445539
0.214049872248724
0.213858717834780
0.213940712161689
0.214295310134413
0.214914634856111
0.215783810372800
0.216881468758414
0.218180409456977
0.219648385960862
0.221248993162186
0.222942628017388
0.224687496414985
0.226440640198985
0.228158960015444
0.229800211844109
0.231323957577403
0.232692452652024
0.233871456381606
0.234830953167538
0.235545775097719
0.235996118533170
0.236167949117983
0.236053291248196
0.235650399444035
0.234963810350423
0.234004275314516
0.232788574729766
0.231339216658552
0.229684023700475
0.227855613689656
0.225890781585940
0.223829791848885
0.221715592600316
0.219592964918456
0.217507622572870
0.215505279300966
0.213630702235733
0.211926771216047
0.210433564352033
0.209187490304502
0.208220487219476
0.207559307116233
0.207224902770841
0.207231931810094
0.207588389905623
0.208295381733569
0.209347034860685
0.210730558065554
0.212426441942212
0.214408796099075
0.216645813985056
0.219100353457127
0.221730618737490
0.224490927455543
0.227332545064695
0.230204568072528
0.233054837205239
0.235830861800589
0.238480737327645
0.240954038893352
0.243202674837069
0.245181685956239
0.246849977477540
0.248170972526352
0.249113177506619
0.249650651452112
0.249763373034664
0.249437500515916
0.248665521519956
0.247446291106480
0.245784958262909
0.243692782632252
0.241186845068069
0.238289657462436
0.235028679217164
0.231435749693508
0.227546447934613
0.223399392843323
0.219035498737061
0.214497202701902
0.209827681336263
0.205070075219281
0.200266739677884
0.195458540094128
0.190684209047464
0.185979781010888
0.181378118132395
0.176908537885053
0.172596550144787
0.168463707669885
0.164527570151694
0.160801778142414
0.157296229414858
0.154017346843336
0.150968423878788
0.148150031270940
0.145560466984217
0.143196230345807
0.141052501396639
0.139123607187257
0.137403458324737
0.135885941344266
0.134565255322358
0.133436184409072
0.132494301453266
0.131736101435238
0.131159066812700
0.130761669947555
0.130543320353292
0.130504266458798
0.130645462835765
0.130968414340345
0.131475008378293
0.132167345566236
0.133047577522270
0.134117758505255
0.135379715291398
0.136834937202862
0.138484485767709
0.140328921268469
0.142368241586955
0.144601827407137
0.147028387091963
0.149645894458660
0.152451513249475
0.155441503295225
0.158611105118213
0.161954401902255
0.165464160223791
0.169131653521877
0.172946474808911
0.176896347412827
0.180966944432263
0.185141728939538
0.189401827674230
0.193725950963665
0.198090370859231
0.202468968006404
0.206833355632087
0.211153086334086
0.215395944225182
0.219528321573858
0.223515675564721
0.227323057348317
0.230915702330709
0.234259667820728
0.237322501836953
0.240073925176357
0.242486507827284
0.244536320499432
0.246203542434999
0.247473007716461
0.248334673927126
0.248783999156411
0.248822215862917
0.248456492896601
0.247699979917344
0.246571731418430
0.245096510469524
0.243304475050939
0.241230752395752
0.238914909045950
0.236400326340323
0.233733492780961
0.230963226181154
0.228139839699910
0.225314266840722
0.222537161258786
0.219857987799519
0.217324121592502
0.214979972247086
0.212866150225502
0.211018692281393
0.209468362411038
0.208240044030774
0.207352238024465
0.206816679861099
0.206638087135265
0.206814046618345
0.207335047230724
0.208184662283608
0.209339880946374
0.210771585250765
0.212445165149208
0.214321260323993
0.216356613735038
0.218505018442757
0.220718336195995
0.222947563772250
0.225143921221649
0.227259935096350
0.229250489512583
0.231073818526163
0.232692414799471
0.234073831853598
0.235191360251709
0.236024561732090
0.236559649457539
0.236789707006777
0.236714743326930
0.236341585415116
0.235683614830930
0.234760358105590
0.233596944577804
0.232223448052152
0.230674130878398
0.228986610562757
0.227200969853359
0.225358831434263
0.223502417985830
0.221673617516047
0.219913072642811
0.218259311021619
0.216747932472856
0.215410866662895
0.214275713509519
0.213365176867751
0.212696600533397
0.212281614178310
0.212125895477936
0.212229053362184
0.212584635953749
0.213180265285034
0.213997899238395
0.215014219276065
0.216201140375757
0.217526437149415
0.218954477410521
0.220447051516813
0.221964282731506
0.223465600729647
0.224910757366616
0.226260861082373
0.227479404007336
0.228533254134078
0.229393583981446
0.230036707140787
0.230444795060489
0.230606448456353
0.230517100843629
0.230179235831635
0.229602404908719
0.228803038328089
0.227804048189572
0.226634229667030
0.225327473294671
0.223921808020709
0.222458301083390
0.220979846392075
0.219529877758637
0.218151046810569
0.216883907561994
0.215765650309758
0.214828926705857
0.214100805541523
0.213601895029312
0.213345662310930
0.213337974723849
0.213576880245311
0.214052636747005
0.214747991509478
0.215638704145463
0.216694297950574
0.217879017014036
0.219152959439031
0.220473350973916
0.221795918441750
0.223076318738373
0.224271576970043
0.225341486597668
0.226249925278768
0.226966042437693
0.227465278391786
0.227730180015510
0.227750984292957
0.227525948511052
0.227061414063690
0.226371599623887
0.225478128523234
0.224409304263092
0.223199156866450
0.221886290956458
0.220512573718641
0.219121706987297
0.217757732341326
0.216463521089657
0.215279302212084
0.214241280599973
0.213380395283714
0.212721262786140
0.212281344426458
0.212070368516921
0.212090029215701
0.212333973658445
0.212788078272997
0.213431004308055
0.214235012015504
0.215167003055193
0.216189751954043
0.217263280221259
0.218346321309132
0.219397821249257
0.220378418632853
0.221251848690087
0.221986219506566
0.222555113747258
0.222938476401415
0.223123257700275
0.223103790114715
0.222881888791270
