0.186654524557793
0.187970431549202
0.189363469252039
0.190822960881006
0.192337732209979
0.193896209272707
0.195486516221375
0.197096572356608
0.198714187504368
0.200327155094257
0.201923342478858
0.203490778213733
0.205017736181037
0.206492816576238
0.207905023878286
0.209243841982262
0.210499306686012
0.211662075687659
0.212723496171355
0.213675669939079
0.214511515895007
0.215224829515893
0.215810338758244
0.216263755673874
0.216581822843024
0.216762353601496
0.216804264946752
0.216707601966884
0.216473552652926
0.216104452032568
0.215603774702140
0.214976115030957
0.214227154560505
0.213363616411494
0.212393206831862
0.211324544354380
0.210167077368549
0.208930991232103
0.207627106338082
0.206266768800133
0.204861735610461
0.203424056252597
0.201965952809825
0.200499700597668
0.199037511267021
0.197591420178596
0.196173179647687
0.194794159411785
0.193465255395602
0.192196807552463
0.190998527262979
0.189879434485383
0.188847804590225
0.187911124586391
0.187076058264333
0.186348419651684
0.185733154098587
0.185234326284473
0.184855114460485
0.184597810306003
0.184463823874367
0.184453693221472
0.184567098439665
0.184802879946372
0.185159060990822
0.185632874433051
0.186220793908873
0.186918569516975
0.187721268146803
0.188623318508309
0.189618560830025
0.190700301065733
0.191861369300336
0.193094181882242
0.194390806643497
0.195743030411815
0.197142427881591
0.198580430804327
0.200048396391299
0.201537673799070
0.203039667595385
0.204545897180023
0.206048051259846
0.207538036644848
0.209008020834275
0.210450468089289
0.211858168929226
0.213224263229806
0.214542257330945
0.215806035766593
0.217009868398481
0.218148413860520
0.219216720294349
0.220210224375306
0.221124749591258
0.221956504646888
0.222702082728395
0.223358462186793
0.223923008992092
0.224393481088058
0.224768034550769
0.225045231237172
0.225224047414710
0.225303882701455
0.225284568526914
0.225166375254079
0.224950017086899
0.224636653925365
0.224227889420078
0.223725764614759
0.223132746740192
0.222451712926784
0.221685928823408
0.220839022334877
0.219914952906446
0.218917976979138
0.217852610403296
0.216723588720856
0.215535826302523
0.214294375350943
0.213004385753857
0.211671066694531
0.210299650805521
0.208895361493436
0.207463383876582
0.206008839575214
0.204536765387617
0.203052095686241
0.201559648188330
0.200064112604922
0.198570041559146
0.197081843095654
0.195603774080755
0.194139933818523
0.192694257278849
0.191270507444788
0.189872266430613
0.188502925189857
0.187165671813345
0.185863478599427
0.184599088250705
0.183374999702784
0.182193454210982
0.181056422403054
0.179965593043931
0.178922364249508
0.177927837830385
0.176982817345791
0.176087810308017
0.175243034806189
0.174448430624454
0.173703674724810
0.173008200760159
0.172361222090539
0.171761757605887
0.171208659521787
0.170700642218673
0.170236311145165
0.169814190806280
0.169432750906866
0.169090429817882
0.168785654672409
0.168516857572442
0.168282487586880
0.168081018434893
0.167910951965523
0.167770817751847
0.167659169305473
0.167574577574143
0.167515622503610
0.167480883518524
0.167468929802262
0.167478311231511
0.167507550749977
0.167555138851250
0.167619530690817
0.167699146170068
0.167792373141702
0.167897573687190
0.168013093224551
0.168137272029788
0.168268458607861
0.168405024237413
0.168545377944106
0.168687981133859
0.168831361140938
0.168974123014874
0.169114958980397
0.169252655149248
0.169386095233079
0.169514261192587
0.169636230948110
0.169751173460086
0.169858341652561
0.169957063789751
0.170046734015728
0.170126802824802
0.170196768240899
0.170256168447608
0.170304576528001
0.170341597849607
0.170366870471745
0.170380068769021
0.170380910266493
0.170369165480582
0.170344670366613
0.170307340800713
0.170257188380430
0.170194336723835
0.170119037387085
0.170031684509520
0.169932827334058
0.169823179837330
0.169703626833974
0.169575226085401
0.169439206136518
0.169296959812930
0.169150033524849
0.169000112730165
0.168849004096316
0.168698615058527
0.168550931591666
0.168407995088174
0.168271879261010
0.168144667967377
0.168028434777564
0.167925224998186
0.167837040707046
0.167765829176738
0.167713474866555
0.167681794958116
0.167672538211699
0.167687386737974
0.167727960124437
0.167795821235470
0.167892482926205
0.168019414877108
0.168178049769711
0.168369788082879
0.168596000889110
0.168858030165570
0.169157186296136
0.169494742619053
0.169871927059085
0.170289911062305
0.170749796215284
0.171252599068896
0.171799234792214
0.172390500348031
0.173027057904638
0.173709419177997
0.174437931335341
0.175212764990178
0.176033904685664
0.176901142107059
0.177814072093756
0.178772091348253
0.179774399573925
0.180820002626139
0.181907717141504
0.183036176025712
0.184203834137278
0.185408973505928
0.186649707471145
0.187923983216532
0.189229582304661
0.190564118977947
0.191925036174994
0.193309599408204
0.194714888846093
0.196137790130683
0.197574984625704
0.199022939924528
0.200477901539313
0.201935886738196
0.203392681491666
0.204843841431191
0.206284697614537
0.207710367737482
0.209115773238082
0.210495662516347
0.211844640250600
0.213157202543714
0.214427777390832
0.215650769737274
0.216820610202538
0.217931806393635
0.218978995625972
0.219956997817853
0.220860867327604
0.221685942559760
0.222427892274722
0.223082757688785
0.223646989639316
0.224117480302802
0.224491589179501
0.224767163285023
0.224942551704491
0.225016614856941
0.224988728977155
0.224858786440867
0.224627192632164
0.224294860076436
0.223863200538679
0.223334115718792
0.222709987068452
0.221993665116526
0.221188458531572
0.220298122982032
0.219326849688497
0.218279253409456
0.217160359472464
0.215975589365357
0.214730744343999
0.213431986497959
0.212085816745160
0.210699049299478
0.209278782267368
0.207832364174313
0.206367356390336
0.204891491606079
0.203412628695339
0.201938704475560
0.200477683033052
0.199037503405396
0.197626026500861
0.196250982178468
0.194919917408961
0.193640146386305
0.192418703363864
0.191262298854770
0.190177279669591
0.189169593076726
0.188244755172881
0.187407823355005
0.186663372603241
0.186015475128356
0.185467682816999
0.185023011831780
0.184683928696642
0.184452337223307
0.184329565711669
0.184316353982044
0.184412839963257
0.184618545758778
0.184932363331569
0.185352540174362
0.185876665551784
0.186501658100673
0.187223755741808
0.188038508979468
0.188940778735085
0.189924739872197
0.190983891518524
0.192111075178113
0.193298501455619
0.194537785993446
0.195819994960074
0.197135700137292
0.198475043348445
0.199827809664504
0.201183508533973
0.202531461720589
0.203860896711531
0.205161044088604
0.206421237242681
0.207631012761663
0.208780209834662
0.209859067087792
0.210858315393050
0.211769265363347
0.212583888452077
0.213294890802750
0.213895779229220
0.214380918937304
0.214745582811009
0.214985992270882
0.215099349859131
0.215083863810601
0.214938764927275
0.214664316087412
0.214261814691900
0.213733588286604
0.213082983508850
0.212314348399765
0.211433008013346
0.210445233150345
0.209358201961814
0.208179954113937
0.206919337191320
0.205585945045958
0.204190047877096
0.202742513952828
0.201254723054438
0.199738471932522
0.198205872301147
0.196669242150792
0.195140991420119
0.193633503316618
0.192159012803266
0.190729483959357
