0.034534435020440
0.034752355602104
0.034959831367573
0.035154478056932
0.035334011140158
0.035496281721312
0.035639324042529
0.035761414058499
0.035861137300869
0.035937462998679
0.035989820267985
0.036018171233855
0.036023075295457
0.036005738469047
0.035968041900607
0.035912544257785
0.035842453785428
0.035761567302315
0.035674175257390
0.035584934050379
0.035498709028220
0.035420393752118
0.035354713139370
0.035306019770564
0.035278093880388
0.035273958205611
0.035295718865190
0.035344442751856
0.035420080522423
0.035521442231561
0.035646230051319
0.035791129487702
0.035951957210998
0.036123860248059
0.036301558045605
0.036479616007933
0.036652736732797
0.036816053483866
0.036965409579630
0.037097607434611
0.037210611994682
0.037303695244073
0.037377511250416
0.037434094725678
0.037476780137352
0.037510042789727
0.037539267767181
0.037570456934523
0.037609888070101
0.037663743428459
0.037737727384844
0.037836694141638
0.037964306668874
0.038122747061526
0.038312496345674
0.038532198540788
0.038778619636859
0.039046707279387
0.039329751624915
0.039619642319758
0.039907211166786
0.040182645081806
0.040435949687617
0.040657440602042
0.040838237349959
0.040970734011347
0.041049021280545
0.041069236553953
0.041029821905199
0.040931674196092
0.040778176890172
0.040575109110486
0.040330433801171
0.040053973177455
0.039756985640086
0.039451663661505
0.039150576528954
0.038866085009739
0.038609756805277
0.038391811976063
0.038220626321874
0.038102318044918
0.038040439041164
0.038035787061549
0.038086349024830
0.038187379257925
0.038331609726259
0.038509582744587
0.038710090567206
0.038920700957538
0.039128343598751
0.039319929239794
0.039482971916886
0.039606184516472
0.039680019341793
0.039697128126123
0.039652719946372
0.039544800515956
0.039374282112558
0.039144959628563
0.038863354605956
0.038538435318958
0.038181226697222
0.037804328870241
0.037421367132411
0.037046399003038
0.036693305671475
0.036375195423082
0.036103845650008
0.035889207836954
0.035738996607941
0.035658379706197
0.035649780874846
0.035712802257744
0.035844267408962
0.036038380549459
0.036286992593661
0.036579959917825
0.036905578055043
0.037251069636068
0.037603104061269
0.037948325645342
0.038273867328665
0.038567828450010
0.038819697428988
0.039020703373166
0.039164084428869
0.039245264933895
0.039261937886013
0.039214053689402
0.039103720364198
0.038935024201173
0.038713783040112
0.038447246807895
0.038143761573634
0.037812414112712
0.037462673816417
0.037104047783570
0.036745763173587
0.036396488513353
0.036064102790523
0.035755518011389
0.035476557641557
0.035231890170659
0.035025014126043
0.034858288361165
0.034732999489122
0.034649457010886
0.034607106050739
0.034604647664962
0.034640157398391
0.034711194052459
0.034814892389549
0.034948035597468
0.035107105622713
0.035288311792261
0.035487600323538
0.035700649225339
0.035922854593860
0.036149315310410
0.036374823587032
0.036593868655882
0.036800660168576
0.036989176609894
0.037153242317048
0.037286634639752
0.037383220508073
0.037437119338121
0.037442886949291
0.037395713136169
0.037291623867026
0.037127677882911
0.036902146834534
0.036614668075354
0.036266359850798
0.035859889871882
0.035399490087607
0.034890912791875
0.034341325905745
0.033759148228928
0.033153828503144
0.032535575112446
0.031915045999324
0.031303010745480
0.030709998613731
0.030145947557793
0.029619869695195
0.029139548457053
0.028711281567818
0.028339682200900
0.028027548175162
0.027775806013918
0.027583533226493
0.027448058463512
0.027365135429550
0.027329182807489
0.027333579152277
0.027370998928727
0.027433773755829
0.027514261602500
0.027605206239538
0.027700069725490
0.027793322075811
0.027880674470437
0.027959245282173
0.028027651702614
0.028086023615189
0.028135940404536
0.028180295374705
0.028223096154254
0.028269212687886
0.028324086972674
0.028393420451485
0.028482855833050
0.028597670026195
0.028742493869269
0.028921072473703
0.029136077401755
0.029388978724773
0.029679981454113
0.030008027117157
0.030370857587693
0.030765134888591
0.031186607760528
0.031630313497191
0.032090802006863
0.032562368346346
0.033039280107352
0.033515986986676
0.033987301559382
0.034448542574736
0.034895634849204
0.035325162856732
0.035734378219007
0.036121164283091
0.036483963658687
0.036821676813730
0.037133541468656
0.037419003499695
0.037677590316221
0.037908797217674
0.038111996106376
0.038286374217149
0.038430908339878
0.038544377498466
0.038625414366683
0.038672593011828
0.038684548021238
0.038660117832168
0.038598503279969
0.038499431103301
0.038363311467417
0.038191378522375
0.037985803602008
0.037749771857692
0.037487514842952
0.037204293728486
0.036906330318344
0.036600685727412
0.036295089330064
0.035997723259827
0.035716970195304
0.035461134284425
0.035238146730408
0.035055268703092
0.034918804788485
0.034833840115210
0.034804013596279
0.034831338424730
0.034916079117101
0.035056692090158
0.035249834086908
0.035490439858559
0.035771867492936
0.036086106796612
0.036424043326715
0.036775768161761
0.037130921418086
0.037479055959670
0.037810006790275
0.038114251305503
0.038383245935350
0.038609725709754
0.038787954883650
0.038913918887786
0.038985450424947
0.039002285385637
0.038966047275608
0.038880161885546
0.038749706846672
0.038581203368551
0.038382359725324
0.038161777843396
0.037928635572555
0.037692357848610
0.037462289965330
0.037247385584521
0.037055920973400
0.036895245342205
0.036771575158519
0.036689838050306
0.036653569499186
0.036664863093588
0.036724372779004
0.036831363419998
0.036983804170756
0.037178497712481
0.037411237408171
0.037676983874904
0.037970052381737
0.038284302824827
0.038613324765370
0.038950611076898
0.039289715058383
0.039624387340549
0.039948690452370
0.040257090430373
0.040544526258065
0.040806459138591
0.041038904566349
0.041238450824726
0.041402267868094
0.041528110537535
0.041614319722500
0.041659824445827
0.041664146966275
0.041627411925912
0.041550359396644
0.041434360486315
0.041281433039758
0.041094254001495
0.040876164276204
0.040631161500007
0.040363876073257
0.040079526136238
0.039783847901340
0.039482998871383
0.039183432929315
0.038891748009688
0.038614508963800
0.038358050196184
0.038128264555142
0.037930386672900
0.037768780342583
0.037646740470599
0.037566320554052
0.037528196430090
0.037531576187318
0.037574164616602
0.037652188448726
0.037760485959622
0.037892661439503
0.038041301673168
0.038198248144210
0.038354915351757
0.038502642615673
0.038633064238798
0.038738481067233
0.038812215484929
0.038848931798218
0.038844904860930
0.038798221657467
0.038708903338699
0.038578938776742
0.038412224901958
0.038214413698589
0.037992670522867
0.037755353110014
0.037511624991990
0.037271020806664
0.037042983918910
0.036836398713797
0.036659140732752
0.036517667436875
0.036416670794930
0.036358810170430
0.036344540250087
0.036372044198839
0.036437277076059
0.036534119068902
0.036654632577408
0.036789411911362
0.036928009608344
0.037059419406445
0.037172592913598
0.037256965166545
0.037302963664275
0.037302476126587
0.037249254135187
0.037139232865416
0.036970751155743
0.036744660984085
0.036464320780671
0.036135472636265
0.035766009080147
0.035365640424950
0.034945478442477
0.034517556113056
0.034094306189049
0.033688023189107
0.033310334108999
