0.035956732670655
0.036222083483564
0.036467211457894
0.036692267153154
0.036897792092275
0.037084635644033
0.037253870683817
0.037406710954281
0.037544432500763
0.037668301018531
0.037779506465545
0.037879105898997
0.037967975205695
0.038046770219458
0.038115897642301
0.038175496186555
0.038225428398728
0.038265283673193
0.038294392974039
0.038311855718638
0.038316579106822
0.038307329885699
0.038282798117040
0.038241671971401
0.038182721935640
0.038104892126384
0.038007395700478
0.037889810700569
0.037752172128224
0.037595055654722
0.037419648209738
0.037227800768262
0.037022059008620
0.036805668144489
0.036582549127616
0.036357244543674
0.036134833832330
0.035920818891402
0.035720982600646
0.035541224244456
0.035387377144503
0.035265014957215
0.035179253979559
0.035134559384632
0.035134563536830
0.035181904392907
0.035278091477153
0.035423406041872
0.035616840821792
0.035856083312156
0.036137544807516
0.036456435603965
0.036806884870907
0.037182101821286
0.037574573033110
0.037976289177510
0.038378993060075
0.038774439843529
0.039154659639653
0.039512212371559
0.039840424933252
0.040133601215113
0.040387196507758
0.040597949112400
0.040763963627063
0.040884742283629
0.040961162806677
0.040995403466800
0.040990818216532
0.040951766930291
0.040883407725028
0.040791460024479
0.040681948364675
0.040560937852902
0.040434272634928
0.040307328665229
0.040184791504407
0.040070468803879
0.039967145621721
0.039876488810339
0.039799004512087
0.039734050395715
0.039679901779066
0.039633868331968
0.039592455757543
0.039551564822768
0.039506718449118
0.039453306361674
0.039386836086622
0.039303178912425
0.039198799790667
0.039070961022017
0.038917890898137
0.038738910176047
0.038534511253736
0.038306387088870
0.038057409144395
0.037791555844858
0.037513795081087
0.037229926117512
0.036946387761453
0.036670040793822
0.036407933404741
0.036167058716863
0.035954113427043
0.035775266185188
0.035635943605530
0.035540640828860
0.035492762390226
0.035494497862645
0.035546735408931
0.035649015039930
0.035799522098709
0.035995120306053
0.036231422640947
0.036502897406807
0.036803006056197
0.037124368710660
0.037458952809123
0.037798279934813
0.038133645592520
0.038456346521598
0.038757910024619
0.039030319760431
0.039266232491458
0.039459180391203
0.039603753715959
0.039695758934286
0.039732347800038
0.039712113359977
0.039635149513463
0.039503071493191
0.039318995510476
0.039087476797438
0.038814406365203
0.038506867957687
0.038172957883405
0.037821571615129
0.037462162216475
0.037104476739652
0.036758277692906
0.036433057453693
0.036137754062438
0.035880477135230
0.035668252653804
0.035506795108693
0.035400314879195
0.035351367836410
0.035360752970715
0.035427462403033
0.035548686482941
0.035719874859973
0.035934852501030
0.036185987687602
0.036464407137201
0.036760251631547
0.037062963975324
0.037361599824475
0.037645150974072
0.037902870132802
0.038124586069268
0.038300998312284
0.038423941321819
0.038486609197791
0.038483733519206
0.038411708746108
0.038268661694801
0.038054463822638
0.037770687333140
0.037420508331211
0.037008562318723
0.036540759125605
0.036024065835239
0.035466267316139
0.034875714565569
0.034261071179448
0.033631067886119
0.032994274244515
0.032358895359383
0.031732599878922
0.031122383702669
0.030534471842006
0.029974258851592
0.029446286297551
0.028954253952125
0.028501059897866
0.028088863563572
0.027719164954188
0.027392893008509
0.027110496126923
0.026872028435768
0.026677226250470
0.026525570400421
0.026416331501843
0.026348596816376
0.026321278912699
0.026333107856488
0.026382609997197
0.026468077516702
0.026587533689946
0.026738699235891
0.026918965185594
0.027125377363171
0.027354636887775
0.027603120104316
0.027866920099346
0.028141910532295
0.028423830996658
0.028708391610962
0.028991393115088
0.029268857498179
0.029537163184371
0.029793178112697
0.030034383711857
0.030258982814151
0.030465984981031
0.030655263510486
0.030827579529748
0.030984569993891
0.031128698045399
0.031263165963350
0.031391792757298
0.031518860250041
0.031648933155369
0.031786660106236
0.031936563748836
0.032102828824561
0.032289097565903
0.032498281703881
0.032732399913019
0.032992448616582
0.033278312771679
0.033588721603763
0.033921252334003
0.034272382827473
0.034637591883567
0.035011503697873
0.035388070954692
0.035760789165746
0.036122933348932
0.036467807022672
0.036788992839278
0.037080594034601
0.037337456245837
0.037555360131974
0.037731176582751
0.037862978057010
0.037950101662460
0.037993161870624
0.037994013134740
0.037955665020509
0.037882154646349
0.037778383145784
0.037649924408981
0.037502815453176
0.037343338358195
0.037177803757677
0.037012345403831
0.036852734358439
0.036704219968898
0.036571403052765
0.036458144744515
0.036367512373267
0.036301761664592
0.036262352615510
0.036249994691556
0.036264715634264
0.036305947219701
0.036372620820569
0.036463265613230
0.036576102724239
0.036709129487187
0.036860189212626
0.037027023372985
0.037207304766484
0.037398651936254
0.037598626768365
0.037804718666086
0.038014319900280
0.038224697588267
0.038432968199243
0.038636080492762
0.038830812364789
0.039013786227519
0.039181506334610
0.039330419955394
0.039457002590571
0.039557865611799
0.039629882908735
0.039670331450498
0.039677039219387
0.039648532846661
0.039584176549989
0.039484293695723
0.039350262518050
0.039184578227317
0.038990874910640
0.038773902223389
0.038539453820636
0.038294246693510
0.038045752951089
0.037801988007526
0.037571261475005
0.037361899204852
0.037181946747588
0.037038865916045
0.036939237049706
0.036888479931396
0.036890606063060
0.036948014157714
0.037061339271078
0.037229364029190
0.037448997985292
0.037715328362272
0.038021742427945
0.038360118645645
0.038721080686184
0.039094305524670
0.039468874315820
0.039833652670291
0.040177685447814
0.040490590320838
0.040762934194858
0.040986577115290
0.041154969527647
0.041263390635706
0.041309118037435
0.041291521698597
0.041212078515319
0.041074307069854
0.040883625541104
0.040647138936464
0.040373364715998
0.040071908351840
0.039753102295832
0.039427623136004
0.039106102358535
0.038798746081422
0.038514978408208
0.038263121715854
0.038050125319839
0.037881351654981
0.037760426492793
0.037689156916248
0.037667517924928
0.037693705777894
0.037764253618377
0.037874202667540
0.038017320408039
0.038186355762068
0.038373320338709
0.038569784391837
0.038767176179335
0.038957073912128
0.039131480374863
0.039283071522497
0.039405411832627
0.039493130841405
0.039542057029942
0.039549306980409
0.039513329415235
0.039433905307210
0.039312106651961
0.039150217688836
0.038951623315734
0.038720670154181
0.038462506180798
0.038182905058395
0.037888081290974
0.037584502115967
0.037278701663283
0.036977102387178
0.036685848148315
0.036410652624998
0.036156665998505
0.035928362119441
0.035729447648295
0.035562793997605
0.035430392303525
0.035333331133798
0.035271796203298
0.035245091017724
0.035251677094960
0.035289232211369
0.035354724972033
0.035444503892126
0.035554399082614
0.035679834539482
0.035815948926179
0.035957722603201
0.036100108491311
0.036238164157836
0.036367182298209
0.036482816564333
0.036581199491485
0.036659049125243
0.036713760881953
0.036743481223306
0.036747159918185
0.036724578027703
0.036676349298184
