0.048472069473890
0.048494572501462
0.048564596456489
0.048680610020971
0.048839843704001
0.049038355859335
0.049271129652998
0.049532198722479
0.049814798523289
0.050111539674142
0.050414599006924
0.050715923519254
0.051007442031283
0.051281279078021
0.051529965434773
0.051746639683858
0.051925235389884
0.052060648758483
0.052148882105542
0.052187159052154
0.052174008071955
0.052109311835266
0.051994320697814
0.051831629646666
0.051625119015614
0.051379860288017
0.051101989287368
0.050798549984922
0.050477313000909
0.050146573614359
0.049814934702600
0.049491080484964
0.049183547230838
0.048900497199546
0.048649502004209
0.048437341334896
0.048269822545340
0.048151626015099
0.048086180463587
0.048075571536751
0.048120486038148
0.048220193163624
0.048372563054285
0.048574121938619
0.048820142123508
0.049104764146187
0.049421147543078
0.049761645951573
0.050118001657554
0.050481554250271
0.050843457757260
0.051194900509740
0.051527322032541
0.051832621455469
0.052103352294054
0.052332898930821
0.052515630724503
0.052647030361635
0.052723793818698
0.052743900098515
0.052706649716772
0.052612671719447
0.052463899786893
0.052263518705568
0.052015883146661
0.051726411268451
0.051401456145975
0.051048158420989
0.050674283854177
0.050288049650670
0.049897943522265
0.049512539451353
0.049140314040124
0.048789467173518
0.048467750505775
0.048182307008692
0.047939524505328
0.047744905765508
0.047602957368150
0.047517099147708
0.047489595644778
0.047521510579155
0.047612684961854
0.047761739063880
0.047966098066444
0.048222040831955
0.048524770859341
0.048868508123201
0.049246600146401
0.049651650323082
0.050075661197499
0.050510190118404
0.050946514434077
0.051375803175976
0.051789292005667
0.052178458077091
0.052535191400846
0.052851959294985
0.053121960572903
0.053339266256766
0.053498943816570
0.053597162219941
0.053631275433762
0.053599882440498
0.053502862312224
0.053341383413786
0.053117886371125
0.052836041027429
0.052500678202924
0.052117697657296
0.051693954210031
0.051237124486890
0.050755557214577
0.050258110366350
0.049753978756868
0.049252515885682
0.048763053929144
0.048294725777222
0.047856292905329
0.047455982665825
0.047101338286781
0.046799084487390
0.046555011173148
0.046373877175026
0.046259335462012
0.046213880703291
0.046238819502856
0.046334263092581
0.046499141765931
0.046731239877597
0.047027249836306
0.047382843188023
0.047792756630696
0.048250890622701
0.048750418144892
0.049283901147640
0.049843412253514
0.050420659385381
0.051007111138588
0.051594120903691
0.052173047960951
0.052735373997949
0.053272813735892
0.053777418578373
0.054241672409962
0.054658578864223
0.055021739547049
0.055325422839062
0.055564623010141
0.055735109461643
0.055833465971310
0.055857119857325
0.055804361007582
0.055674350744812
0.055467120524556
0.055183560497442
0.054825398015544
0.054395166228928
0.053896163005705
0.053332400517880
0.052708545965200
0.052029854057072
0.051302092034084
0.050531458179317
0.049724494938383
0.048887997927578
0.048028922253344
0.047154287684776
0.046271084306615
0.045386180326047
0.044506233707725
0.043637609264107
0.042786302731312
0.041957873215143
0.041157385200857
0.040389361089146
0.039657744956915
0.038965877953859
0.038316485444855
0.037711675704819
0.037152949678382
0.036641221042525
0.036176845566588
0.035759658559766
0.035389019038805
0.035063859143107
0.034782737274136
0.034543893440949
0.034345305352268
0.034184743903066
0.034059826853931
0.033968069685951
0.033906932823094
0.033873864637157
0.033866339876649
0.033881893379355
0.033918149128998
0.033972844890218
0.034043852795948
0.034129196361781
0.034227064460032
0.034335822801181
0.034454023443824
0.034580412789947
0.034713938426114
0.034853755050524
0.034999229589450
0.035149945463960
0.035305705828565
0.035466535477161
0.035632681006851
0.035804608754392
0.035982999978871
0.036168742761526
0.036362920131007
0.036566793999258
0.036781784606646
0.037009445320127
0.037251432798349
0.037509472724410
0.037785321501408
0.038080724497905
0.038397371610424
0.038736851068567
0.039100602536853
0.039489870659132
0.039905660240952
0.040348694269489
0.040819375928597
0.041317755679369
0.041843504347863
0.042395892996784
0.042973780164082
0.043575606837243
0.044199399306960
0.044842779817777
0.045502984716070
0.046176889596598
0.046861040776015
0.047551692282046
0.048244847445324
0.048936304120206
0.049621702542042
0.050296574849888
0.050956395362161
0.051596630782964
0.052212789631742
0.052800470320769
0.053355407444784
0.053873515986038
0.054350933267414
0.054784058598117
0.055169590644083
0.055504562613517
0.055786375373565
0.056012828605787
0.056182150066866
0.056293022949660
0.056344611243499
0.056336582877904
0.056269130308973
0.056142988081163
0.055959446778608
0.055720362678694
0.055428162344964
0.055085841354260
0.054696956350325
0.054265609657198
0.053796425772642
0.053294519194351
0.052765453207250
0.052215189473873
0.051650028514747
0.051076541433022
0.050501493517312
0.049931760637527
0.049374239619042
0.048835754029333
0.048322957027483
0.047842233101085
0.047399600639069
0.047000617356763
0.046650290597392
0.046352994480813
0.046112395756851
0.045931390050638
0.045812049966885
0.045755586256628
0.045762322953419
0.045831687066395
0.045962213086711
0.046151562232535
0.046396556037335
0.046693223586534
0.047036861437654
0.047422105025915
0.047843010166145
0.048293143116079
0.048765677566499
0.049253496869473
0.049749299803986
0.050245708204262
0.050735374833990
0.051211089972965
0.051665885284056
0.052093133640792
0.052486643712519
0.052840748219006
0.053150384875013
0.053411169144135
0.053619458008664
0.053772404038087
0.053867999104682
0.053905107153516
0.053883485490117
0.053803794107364
0.053667592639203
0.053477324608412
0.053236288734085
0.052948597186256
0.052619120823478
0.052253421625947
0.051857672741816
0.051438566795650
0.051003213361451
0.050559026772117
0.050113605714858
0.049674606338250
0.049249610860878
0.048845993912318
0.048470789043090
0.048130558000002
0.047831265466609
0.047578162006578
0.047375677913768
0.047227330562113
0.047135647659388
0.047102108542521
0.047127105312539
0.047209925201487
0.047348755101548
0.047540708680389
0.047781875970800
0.048067394772705
0.048391542658500
0.048747847845294
0.049129216706720
0.049528075258299
0.049936521577661
0.050346485826400
0.050749894333008
0.051138834082648
0.051505713942539
0.051843419031454
0.052145454814902
0.052406077767765
0.052620409784517
0.052784533922331
0.052895569521373
0.052951725245004
0.052952329105469
0.052897835072732
0.052789806390914
0.052630876234429
0.052424686812161
0.052175808462458
0.051889640665691
0.051572297228351
0.051230478159134
0.050871330961001
0.050502304204018
0.050130996323495
0.049765002609791
0.049411763324413
0.049078415796731
0.048771653232072
0.048497592800681
0.048261655383024
0.048068459124972
0.047921728710516
0.047824221993035
0.047777675341586
0.047782768757920
0.047839111504701
0.047945248656791
0.048098688646859
0.048295951525474
0.048532637296254
0.048803513321670
0.049102619428376
0.049423388977712
0.049758783813424
0.050101440662144
0.050443826251267
0.050778398132816
0.051097767970721
0.051394863872440
0.051663088233985
0.051896467528852
0.052089790513992
0.052238731455264
