1.962903210809656116e+02
1.963810176908293101e+02
1.964657938618652224e+02
1.965433681676350943e+02
1.966137088226757328e+02
1.966779645275357780e+02
1.967381622775918686e+02
1.967967392444036818e+02
1.968560116602767778e+02
1.969176972081949089e+02
1.969825954320796200e+02
1.970504954264335993e+02
1.971203290399132300e+02
1.971905321870916055e+02
1.972595290023320445e+02
1.973262243814617705e+02
1.973903868528410896e+02
1.974528269880404707e+02
1.975153219508754887e+02
1.975802944327044770e+02
1.976503112787359555e+02
1.977275105723706190e+02
1.978130856108099920e+02
1.979069450622603199e+02
1.980076320842261453e+02
1.981125290230772578e+02
1.982183108880282703e+02
1.983215544132936827e+02
1.984193732003562332e+02
1.985099418508388851e+02
1.985927954154706754e+02
1.986688400585236138e+02
1.987400755981889233e+02
1.988090958334393008e+02
1.988784832166905971e+02
1.989502385051310398e+02
1.990253775309630271e+02
1.991037876987753066e+02
1.991843750974305749e+02
1.992654634541555652e+02
1.993453449615067257e+02
1.994228449880502012e+02
1.994977573337813510e+02
1.995710359014267965e+02
1.996446860839420481e+02
1.997213715696638019e+02
1.998038225008205586e+02
1.998941819855148765e+02
1.999934470908649757e+02
2.001011422897227021e+02
2.002153114439601325e+02
2.003328405837326898e+02
2.004500453710807903e+02
2.005633930966732237e+02
2.006701951558740689e+02
2.007691109831229141e+02
2.008603478648326188e+02
2.009455129603116461e+02
2.010271571122103467e+02
2.011081243716276390e+02
2.011908681590882395e+02
2.012769026181058223e+02
2.013665235393723947e+02
2.014588651743403034e+02
2.015522738870220678e+02
2.016448981548128359e+02
2.017353375954883461e+02
2.018231763349054404e+02
2.019092532955453976e+02
2.019955877852909794e+02
2.020849670324670910e+02
2.021802908685154705e+02
2.022838348398652215e+02
2.023966191141981881e+02
2.025180489931507850e+02
2.026459281132475212e+02
2.027768532223710736e+02
2.029069029413267913e+02
2.030324569801479697e+02
2.031509469231148444e+02
2.032613548528511558e+02
2.033643387199514905e+02
2.034619579699516692e+02
2.035570753044557364e+02
2.036525938460416683e+02
2.037507311544133586e+02
2.038525207586500869e+02
2.039576702528628402e+02
2.040648083043103327e+02
2.041720466233810782e+02
2.042776956216108601e+02
2.043809281682511880e+02
2.044821974070882789e+02
2.045832799261704054e+02
2.046869178446315516e+02
2.047961452358959775e+02
2.049134751115590234e+02
2.050401673861006202e+02
2.051757825362655581e+02
2.053181530361290470e+02
2.054637939328328855e+02
2.056086550039328245e+02
2.057490226516013081e+02
2.058823367316888380e+02
2.060077087644074538e+02
2.061260085213184823e+02
2.062395040993256430e+02
2.063511634993594726e+02
2.064638186995074705e+02
2.065794294822718769e+02
2.066986529159643169e+02
2.068208338156382524e+02
2.069444074384895771e+02
2.070675839697096876e+02
2.071891007168581496e+02
2.073088073307666264e+02
2.074278984635933512e+02
2.075487130794033703e+02
2.076741493724305769e+02
2.078068603527145228e+02
2.079484628251242953e+02
2.080989913058537013e+02
2.082567587421888220e+02
2.084186688579242741e+02
2.085808959694979876e+02
2.087397459001753077e+02
2.088924659993685964e+02
2.090377949713467274e+02
2.091761245148857142e+02
2.093092572916968379e+02
2.094398540227847150e+02
2.095707350855946061e+02
2.097042215640574057e+02
2.098416688294366850e+02
2.099832801886565221e+02
2.101282143144689485e+02
2.102749400391587073e+02
2.104217556829272837e+02
2.105673734611192458e+02
2.107114604347082718e+02
2.108550162565319965e+02
2.110004578917799449e+02
2.111512921837953627e+02
2.113113167935959495e+02
2.114834173862858506e+02
2.116682120556390885e+02
2.118629775847914800e+02
2.120613845845576009e+02
2.122544735285398474e+02
2.124329702814151801e+02
2.125905117687967163e+02
2.127267910092537022e+02
2.128492858098291549e+02
2.129723599124698694e+02
2.131132506573018190e+02
2.132856774939150455e+02
2.134931332194348954e+02
2.137247632401565056e+02
2.139565142207175654e+02
2.141586598244317088e+02
2.143081636077241683e+02
2.144015275325490961e+02
2.144621262870018654e+02
2.145367715515075133e+02
2.146798516102198846e+02
2.149290255514902697e+02
2.152819500616276969e+02
2.156860059400335672e+02
2.160501463296815245e+02
2.162794774210223636e+02
2.163215818381372628e+02
2.162040708204459634e+02
2.160412993533190615e+02
2.159982627040425882e+02
2.162200089202452773e+02
2.167578929338572209e+02
2.175378797627795677e+02
2.184098209105946751e+02
2.192861590042053308e+02
2.203315061551085705e+02
2.221201359409846248e+02
2.256608417538938340e+02
2.322159809416667144e+02
2.429146351388101266e+02
2.582567152174755165e+02
2.776857031832869893e+02
2.994300806171027034e+02
3.207523535820864709e+02
3.386083308572372061e+02
3.505525338517583123e+02
3.555950797793632887e+02
3.546831829510991270e+02
3.505752929049388058e+02
3.470759603645064999e+02
3.478358884035732217e+02
3.551031634885019912e+02
3.688616900430765781e+02
3.866822102690891825e+02
4.043731682564213088e+02
4.172380480174860509e+02
4.215271488268916755e+02
4.155980629324395750e+02
4.003990905965015372e+02
3.791265292056359613e+02
3.561922418517166307e+02
3.358675332472180344e+02
3.210620358492777768e+02
3.126244348352839779e+02
3.093497000109509258e+02
3.086254079209938368e+02
3.074414394112770879e+02
3.033937610296612775e+02
2.953571593128626205e+02
2.836538983489973589e+02
2.697386573428265137e+02
2.555801853873763321e+02
2.429936315698241174e+02
2.331503954023974075e+02
2.263900777637027772e+02
2.223314443642443052e+02
2.201774242109724469e+02
2.190656095138954811e+02
2.183349456041470944e+02
2.176409814562912857e+02
2.169237923227745455e+02
2.162851538753687350e+02
2.158493983481682790e+02
2.156672749376695606e+02
2.156882175296519222e+02
2.157917749989208573e+02
2.158474290118469696e+02
2.157687179313714410e+02
2.155390148367075085e+02
2.152039862568169610e+02
2.148409082092159679e+02
2.145221757827520719e+02
2.142886883580067661e+02
2.141412437359504679e+02
2.140491351573779184e+02
2.139686950269410772e+02
2.138624588654555509e+02
2.137116249191979591e+02
2.135187605627310745e+02
2.133020596688988917e+02
2.130852366373625841e+02
2.128877275429478573e+02
2.127186122617984836e+02
2.125755104565042757e+02
2.124476533945255312e+02
2.123210929625759604e+02
2.121837984654300726e+02
2.120290050873588825e+02
2.118561774166729208e+02
2.116698885474889664e+02
2.114774917391268900e+02
2.112865902326662990e+02
2.111030831978986839e+02
2.109301662018444290e+02
2.107682770460538109e+02
2.106157217949821074e+02
2.104696254535988942e+02
2.103268927858912321e+02
2.101849712543925364e+02
2.100423187963273790e+02
2.098985596814153496e+02
2.097543575735379306e+02
2.096110605717232716e+02
2.094701953351607813e+02
2.093329130957183963e+02
2.091995121994231681e+02
2.090691640118099883e+02
2.089399376667382739e+02
2.088091519519852000e+02
2.086739932025568010e+02
2.085322526965993291e+02
2.083829854363794425e+02
2.082268960455685090e+02
2.080663214712242848e+02
2.079047887953498162e+02
2.077462483506852777e+02
2.075941800956948953e+02
2.074508136313046975e+02
2.073166746592697791e+02
2.071905799267144062e+02
2.070700751915890123e+02
2.069521843334768505e+02
2.068342500435371676e+02
2.067146234682207080e+02
2.065930082204328073e+02
2.064703686095301691e+02
2.063484415767796349e+02
2.062290084367006671e+02
2.061131522318389386e+02
2.060007295775508283e+02
2.058902221864852891e+02
2.057790219586875367e+02
2.056640771052008461e+02
2.055427215376089691e+02
2.054134553931915548e+02
2.052764559017159343e+02
2.051336709488286374e+02
2.049884615534151635e+02
2.048448820034955133e+02
2.047067837236426442e+02
2.045769747857679022e+02
2.044566496524225272e+02
2.043452290491478038e+02
2.042406390536741014e+02
2.041399421308566389e+02
2.040401423108407926e+02
2.039389457136539932e+02
2.038352760306115954e+02
2.037294161117105205e+02
2.036227511635185294e+02
2.035171976474862845e+02
2.034144857353342672e+02
2.033155003278262143e+02
2.032198672098274415e+02
2.031259028114172906e+02
2.030309471469121263e+02
2.029319963875150563e+02
2.028264713383174467e+02
2.027129214722630763e+02
2.025914800373243168e+02
2.024639492557292328e+02
2.023334887400628190e+02
2.022039803904829682e+02
2.020792235725569412e+02
2.019621551707848823e+02
2.018542805307212689e+02
2.017554464004496708e+02
2.016640004391781531e+02
2.015772859977578548e+02
2.014923398576129046e+02
2.014066143431276146e+02
2.013185444621510669e+02
2.012278246437556959e+02
2.011353362894504926e+02
2.010427569273978179e+02
2.009519616944438098e+02
2.008643784981919111e+02
2.007804675444590998e+02
2.006994624217786622e+02
2.006194426658108796e+02
2.005377238515339400e+02
2.004514716786231361e+02
2.003583906695684504e+02
2.002573192814853655e+02
2.001485854910117439e+02
2.000340342813988741e+02
1.999167166211194058e+02
1.998003094267186839e+02
1.996883985465706246e+02
1.995837873958303135e+02
1.994879858131390620e+02
1.994009895953031730e+02
1.993213920686707752e+02
1.992467917056759461e+02
1.991743925030963851e+02
1.991016521503976264e+02
1.990268261269384027e+02
1.989492846164341131e+02
1.988695360051284524e+02
1.987889618270701249e+02
1.987093364209578397e+02
1.986322543536078342e+02
1.985586086020447851e+02
1.984882484942518772e+02
1.984199023578212859e+02
1.983513864578362700e+02
1.982800541061824902e+02
1.982033824878377004e+02
1.981195625658415338e+02
1.980279564229832658e+02
1.979293163624044496e+02
1.978257137738289657e+02
1.977201906888234078e+02
1.976162083044590076e+02
1.975170108369005959e+02
1.974250403007636123e+02
1.973415248172298675e+02
1.972663232675985228e+02
1.971980518570554182e+02
1.971344564482288035e+02
1.970729420876260178e+02
1.970111393540001927e+02
1.969473825692789433e+02
1.968809979450758760e+02
1.968123447099347914e+02
1.967426087895514968e+02
1.966734039970428114e+02
1.966062777620216480e+02
1.965422381945917607e+02
1.964814128249348073e+02
1.964229185758443919e+02
1.963649745801774316e+02
1.963052351106881019e+02
1.962412710932907203e+02
1.961710959471367346e+02
1.960936216894475592e+02
