0.042453938372614
0.042442867610867
0.042404676808815
0.042340552064903
0.042252840679815
0.042144967260628
0.042021301489643
0.041886982693017
0.041747708279723
0.041609494766997
0.041478421392039
0.041360367173811
0.041260752693911
0.041184297791566
0.041134805814668
0.041114984056553
0.041126308576434
0.041168939806875
0.041241693267144
0.041342067411417
0.041466328239809
0.041609647887340
0.041766292081901
0.041929849225046
0.042093491990291
0.042250260833386
0.042393357734705
0.042516437895800
0.042613887021562
0.042681072247043
0.042714555703245
0.042712261127362
0.042673585757844
0.042599451942849
0.042492295345453
0.042355989251582
0.042195707168910
0.042017728535140
0.041829194820084
0.041637825501238
0.041451605219998
0.041278454802424
0.041125899689394
0.041000749622096
0.040908803149363
0.040854589667208
0.040841160296742
0.040869937007288
0.040940627071464
0.041051207292399
0.041197979578796
0.041375696481238
0.041577752367752
0.041796433133544
0.042023214828587
0.042249099456082
0.042464974538100
0.042661981935135
0.042831880894062
0.042967390408932
0.043062496709320
0.043112713013340
0.043115280543484
0.043069302126744
0.042975802390243
0.042837711508631
0.042659772538272
0.042448375458945
0.042211324009850
0.041957544132241
0.041696745205380
0.041439047190679
0.041194588203993
0.040973127863565
0.040783661979851
0.040634063756958
0.040530765681828
0.040478494728105
0.040480071459843
0.040536281167614
0.040645822402990
0.040805335305084
0.041009509049939
0.041251264717748
0.041522006979876
0.041811935366856
0.042110403589179
0.042406313530247
0.042688529183863
0.042946295016749
0.043169643028358
0.043349773162937
0.043479392687293
0.043553001646261
0.043567113490278
0.043520402362059
0.043413771243195
0.043250338095495
0.043035340176960
0.042775959754650
0.042481077362795
0.042160961454419
0.041826905667034
0.041490826878209
0.041164838690837
0.040860815905413
0.040589965872662
0.040362422361779
0.040186876737628
0.040070259847195
0.040017486125462
0.040031269117231
0.040112014963872
0.040257797525466
0.040464415810513
0.040725531382970
0.041032880524889
0.041376553262033
0.041745329009647
0.042127056652271
0.042509065404026
0.042878591853397
0.043223208206499
0.043531236910073
0.043792137542736
0.043996853071677
0.044138104224588
0.044210622749325
0.044211316640242
0.044139362905224
0.043996226031592
0.043785602882710
0.043513297224592
0.043187029355505
0.042816188314848
0.042411535817963
0.041984872354204
0.041548676766686
0.041115731091367
0.040698742474729
0.040309973633580
0.039960892601480
0.039661851469675
0.039421802531103
0.039248058734924
0.039146103720435
0.039119454987958
0.039169582042936
0.039295879676329
0.039495694971327
0.039764405197527
0.040095542504341
0.040480960281562
0.040911035233122
0.041374898617813
0.041860689746710
0.042355824683011
0.042847273150477
0.043321836901678
0.043766423202189
0.044168307625078
0.044515380992831
0.044796376022773
0.045001069998824
0.045120460580775
0.045146912647803
0.045074274834319
0.044897965135238
0.044615025619573
0.044224146884892
0.043725663403041
0.043121521345699
0.042415220836228
0.041611734854225
0.040717407226316
0.039739832278213
0.038687718807828
0.037570741077176
0.036399379522231
0.035184753855021
0.033938451190119
0.032672351776279
0.031398454858884
0.030128707143683
0.028874836277659
0.027648191706889
0.026459595209414
0.025319203326451
0.024236383819232
0.023219608151420
0.022276361828508
0.021413074206338
0.020635069103206
0.019946537208714
0.019350530875943
0.018848981414068
0.018442738473394
0.018131630545875
0.017914545008242
0.017789525532847
0.017753884107707
0.017804324368876
0.017937072482959
0.018148011452814
0.018432814480245
0.018787072927304
0.019206414488608
0.019686607430125
0.020223647166884
0.020813822036147
0.021453755858549
0.022140425743901
0.022871154559794
0.023643578502469
0.024455591248705
0.025305267180080
0.026190767111715
0.027110230783136
0.028061661039654
0.029042805115327
0.030051038697413
0.031083258490999
0.032135788804833
0.033204307249746
0.034283793994260
0.035368508182615
0.036451994121852
0.037527118727084
0.038586140523255
0.039620809285862
0.040622494211700
0.041582337391232
0.042491428350765
0.043340994583668
0.044122602326769
0.044828361383890
0.045451127567190
0.045984696323489
0.046423981332493
0.046765172294137
0.047005866742431
0.047145171506567
0.047183770354780
0.047123955367435
0.046969620656319
0.046726218139855
0.046400676163325
0.046001282785563
0.045537536509248
0.045019968085140
0.044459937750659
0.043869412854271
0.043260731258839
0.042646356203757
0.042038628436557
0.041449521403380
0.040890405121348
0.040371824055353
0.039903293900102
0.039493121641101
0.039148252652620
0.038874147904710
0.038674693614049
0.038552144903725
0.038507104254018
0.038538534748245
0.038643807362080
0.038818780827785
0.039057911941006
0.039354393579856
0.039700317184450
0.040086856007999
0.040504465103518
0.040943093756132
0.041392405910294
0.041842004071769
0.042281652181919
0.042701493060335
0.043092256183961
0.043445451807980
0.043753547727368
0.044010125319536
0.044210011890260
0.044349386760332
0.044425858973878
0.044438514977327
0.044387935108285
0.044276178245005
0.044106734499602
0.043884446391520
0.043615399511686
0.043306784280584
0.042966731011522
0.042604121107494
0.042228377836717
0.041849240735299
0.041476528259031
0.041119893830002
0.040788580875057
0.040491182807311
0.040235414133636
0.040027898955643
0.039873983046565
0.039777575413269
0.039741024778411
0.039765035736606
0.039848628453172
0.039989144696086
0.040182301743084
0.040422294317435
0.040701943218267
0.041012887772855
0.041345817703490
0.041690738529586
0.042037263276874
0.042374922099693
0.042693480495072
0.042983256147613
0.043235424131771
0.043442300241213
0.043597592627970
0.043696612717395
0.043736437502845
0.043716016786402
0.043636220673751
0.043499824595079
0.043311431240928
0.043077330996026
0.042805304643492
0.042504374213272
0.042184509780651
0.041856301706584
0.041530609183290
0.041218196948909
0.040929372620509
0.040673637237139
0.040459361292494
0.040293497775591
0.040181342550379
0.040126350830274
0.040130016594884
0.040191819620302
0.040309242428201
0.040477856987034
0.040691478510081
0.040942381280015
0.041221569176394
0.041519091574140
0.041824393592327
0.042126688367524
0.042415338155083
0.042680230660637
0.042912137091523
0.043103038995475
0.043246412005547
0.043337456102379
0.043373263887986
0.043352920574449
0.043277531849166
0.043150178397963
0.042975798553894
0.042761003194341
0.042513829533133
0.042243442752379
0.041959796401721
0.041673264082653
0.041394256067686
0.041132835130195
0.040898345951076
0.040699072013312
0.040541932906642
0.040432233474169
0.040373474293397
0.040367230667075
0.040413104691067
0.040508752167282
0.040649983247998
0.040830932847148
0.041044294147616
0.041281606080158
0.041533583548561
0.041790477513334
0.042042450891035
0.042279955626926
0.042494096280607
0.042676966029765
0.042821942123909
0.042923929462661
0.042979543065036
0.042987222651594
0.042947275280078
0.042861844845762
0.042734810163105
0.042571616167042
0.042379045396243
0.042164939241258
0.041937880365472
0.041706849160918
0.041480868028716
0.041268647642110
0.041078249148522
