0.043143692331236
0.043152039306233
0.043160160688241
0.043167901656740
0.043175154977030
0.043181873894442
0.043188080144222
0.043193866382816
0.043199392769342
0.043204877868582
0.043210584476746
0.043216801358173
0.043223822198337
0.043231923304242
0.043241341702298
0.043252255287551
0.043264766565620
0.043278891305720
0.043294553102571
0.043311584445472
0.043329734438606
0.043348682835876
0.043368059577539
0.043387468577170
0.043406514138418
0.043424828111578
0.043442095755902
0.043458078273832
0.043472630138366
0.043485709644434
0.043497381567557
0.043507811384006
0.043517251160060
0.043526017907263
0.043534465871866
0.043542954821900
0.043551816857579
0.043561324549160
0.043571663261433
0.043582910332709
0.043595023335675
0.043607838977435
0.043621083339274
0.043634393176826
0.043647346979140
0.043659503511946
0.043670444740344
0.043679819427006
0.043687383406490
0.043693032593265
0.043696825209371
0.043698990501405
0.043699922304829
0.043700157122337
0.043700337801659
0.043701165298099
0.043703342254059
0.043707513093856
0.043714205909579
0.043723781526162
0.043736394745984
0.043751971896358
0.043770207496422
0.043790581226826
0.043812394566400
0.043834824619069
0.043856990965491
0.043878030003637
0.043897170333384
0.043913802395955
0.043927535853210
0.043938239080646
0.043946056589007
0.043951402065523
0.043954926875071
0.043957466091535
0.043959966235218
0.043963400674573
0.043968679937065
0.043976564834268
0.043987590265998
0.044002006816718
0.044019745849462
0.044040411854363
0.044063303487663
0.044087462245750
0.044111745277679
0.044134916665943
0.044155749793476
0.044173132318809
0.044186164900743
0.044194245185347
0.044197129662834
0.044194967728386
0.044188304494649
0.044178051419251
0.044165426420097
0.044151867640656
0.044138927196191
0.044128152908418
0.044120967090892
0.044118551802816
0.044121749622389
0.044130987935613
0.044146233076009
0.044166978511097
0.044192268809747
0.044220758516810
0.044250802489753
0.044280571892492
0.044308188053224
0.044331864909355
0.044350049884670
0.044361552835960
0.044365653193725
0.044362176589405
0.044351534056375
0.044334719222922
0.044313261658422
0.044289137535370
0.044264641852714
0.044242229436549
0.044224334591615
0.044213181423138
0.044210598300278
0.044217850535248
0.044235504993313
0.044263338970926
0.044300303290979
0.044344546248559
0.044393500958348
0.044444034041349
0.044492648745203
0.044535730869944
0.044569821647291
0.044591898373672
0.044599641469473
0.044591666009517
0.044567696826983
0.044528669098897
0.044476740801330
0.044415209356825
0.044348331824890
0.044281055626038
0.044218674465910
0.044166431213183
0.044129095356223
0.044110546743890
0.044113399135629
0.044138696328044
0.044185710163539
0.044251863650373
0.044332794043781
0.044422560576404
0.044513990284894
0.044599143892729
0.044669872882405
0.044718429629186
0.044738085605201
0.044723708882892
0.044672251947905
0.044583104393558
0.044458272346188
0.044302357103683
0.044122318823111
0.043927026295072
0.043726609843042
0.043531650034332
0.043352249018160
0.043197042820769
0.043072220889499
0.042980622880400
0.042920981708664
0.042887376133816
0.042868945874034
0.042849908001368
0.042809896012323
0.042724623574073
0.042566854745351
0.042307642759483
0.041917781508928
0.041369398849909
0.040637609728577
0.039702140641553
0.038548835512864
0.037170956806114
0.035570204384936
0.033757387776554
0.031752704312627
0.029585595144443
0.027294172243267
0.024924231023081
0.022527883990787
0.020161869742474
0.017885607723831
0.015759081682136
0.013840643098459
0.012184829780462
0.010840294137641
0.009847930601697
0.009239282552769
0.009035296502417
0.009245475840418
0.009867468946539
0.010887107728281
0.012278893514958
0.014006908540389
0.016026113751767
0.018283978083325
0.020722371223930
0.023279641767722
0.025892795822365
0.028499687886510
0.031041136189680
0.033462878674052
0.035717293217743
0.037764816255855
0.039575007232212
0.041127221785063
0.042410873611706
0.043425282868921
0.044179126990450
0.044689527151770
0.044980819499471
0.045083073937001
0.045030434042905
0.044859359025458
0.044606852068747
0.044308758758597
0.043998214453241
0.043704310662295
0.043451038117794
0.043256548872174
0.043132762235598
0.043085320611868
0.043113882348875
0.043212720664400
0.043371581590943
0.043576740658115
0.043812188491623
0.044060870229962
0.044305902958928
0.044531699265818
0.044724933248911
0.044875297327853
0.044976013180242
0.045024077072980
0.045020237626940
0.044968721460270
0.044876738041102
0.044753808400154
0.044610972252422
0.044459933950361
0.044312209227560
0.044178331895348
0.044067172840038
0.043985413434955
0.043937202664581
0.043924012863148
0.043944694092705
0.043995712927524
0.044071548796118
0.044165210927260
0.044268832003048
0.044374291229066
0.044473819793886
0.044560545429347
0.044628939561628
0.044675139708009
0.044697130516302
0.044694778268587
0.044669724872290
0.044625157495152
0.044565478347395
0.044495905132313
0.044422036044801
0.044349413791791
0.044283121057387
0.044227435457442
0.044185565804802
0.044159484033370
0.044149859061496
0.044156090870704
0.044176435741913
0.044208207440457
0.044248034556279
0.044292151419711
0.044336699102520
0.044378013904365
0.044412883210957
0.044438752382002
0.044453871003961
0.044457372009432
0.044449282406814
0.044430469298204
0.044402529165361
0.044367631823800
0.044328332820842
0.044287369309851
0.044247454578966
0.044211085530687
0.044180375640215
0.044156923450080
0.044141723696806
0.044135124933316
0.044136834225398
0.044145966364014
0.044161132225124
0.044180558572678
0.044202229851255
0.044224041428927
0.044243953366624
0.044260134108548
0.044271084472942
0.044275733902930
0.044273503009737
0.044264328874099
0.044248652211689
0.044227368185533
0.044201745186684
0.044173318132033
0.044143764588796
0.044114773199572
0.044087914358831
0.044064522836511
0.044045601065743
0.044031750172892
0.044023133645534
0.044019475969913
0.044020095820875
0.044023970670930
0.044029827219677
0.044036250032908
0.044041799390274
0.044045128689654
0.044045091902411
0.044040832505607
0.044031846956548
0.044018017981281
0.043999615531401
0.043977265999011
0.043951892930743
0.043924634819334
0.043896747375136
0.043869498837064
0.043844067280536
0.043821448495848
0.043802381891251
0.043787300133703
0.043776306043591
0.043769177812922
0.043765401142718
0.043764224615788
0.043764732733408
0.043765929706079
0.043766826402256
0.043766522865278
0.043764279483924
0.043759571162073
0.043752120543544
0.043741908338939
0.043729160882635
0.043714317029893
0.043697978213112
0.043680846771715
0.043663658455048
0.043647115225974
0.043631824171213
0.043618247509057
0.043606667473796
0.043597168377380
0.043589636547922
0.043583777269739
0.043579146437729
0.043575193504355
0.043571311522709
0.043566889719431
0.043561364073206
0.043554261798085
0.043545236374636
0.043534090751062
0.043520787451929
0.043505445480593
0.043488324984566
0.043469801585717
0.043450332993612
0.043430420978031
0.043410571957956
0.043391259375402
0.043372890690734
0.043355781305798
0.043340137048237
0.043326046096732
0.043313480455272
0.043302306353421
0.043292302309481
0.043283183084222
0.043274627401758
0.043266307135617
0.043257915653838
0.043249193177353
