0.001018537895313
0.001018537645911
0.001018531328301
0.001018519462884
0.001018502999647
0.001018483245234
0.001018461762675
0.001018440251434
0.001018420416963
0.001018403839732
0.001018391853749
0.001018385443871
0.001018385169758
0.001018391122289
0.001018402915792
0.001018419716688
0.001018440306376
0.001018463173566
0.001018486629028
0.001018508933997
0.001018528432429
0.001018543677042
0.001018553539494
0.001018557296307
0.001018554683983
0.001018545919095
0.001018531681830
0.001018513064238
0.001018491487147
0.001018468592069
0.001018446116368
0.001018425761195
0.001018409062281
0.001018397273439
0.001018391271650
0.001018391490973
0.001018397890306
0.001018409957438
0.001018426749068
0.001018446963709
0.001018469041891
0.001018491285999
0.001018511990570
0.001018529573081
0.001018542695244
0.001018550365514
0.001018552014996
0.001018547540935
0.001018537314483
0.001018522152143
0.001018503253081
0.001018482107105
0.001018460380345
0.001018439787384
0.001018421959612
0.001018408319876
0.001018399973009
0.001018397620626
0.001018401506695
0.001018411398056
0.001018426601407
0.001018446015448
0.001018468214235
0.001018491555374
0.001018514304823
0.001018534768750
0.001018551422425
0.001018563026274
0.001018568720264
0.001018568089401
0.001018561195362
0.001018548571816
0.001018531183834
0.001018510354451
0.001018487664012
0.001018464829959
0.001018443576266
0.001018425502443
0.001018411962142
0.001018403960586
0.001018402078665
0.001018406429461
0.001018416650517
0.001018431932401
0.001018451081388
0.001018472611432
0.001018494858399
0.001018516107803
0.001018534726295
0.001018549286829
0.001018558677944
0.001018562188798
0.001018559563469
0.001018551020349
0.001018537235167
0.001018519288922
0.001018498584714
0.001018476739817
0.001018455461244
0.001018436414301
0.001018421094179
0.001018410710367
0.001018406092729
0.001018407626391
0.001018415220403
0.001018428312536
0.001018445909829
0.001018466661739
0.001018488960265
0.001018511059320
0.001018531204181
0.001018547761007
0.001018559336433
0.001018564877974
0.001018563747388
0.001018555761209
0.001018541195134
0.001018520751640
0.001018495492999
0.001018466744436
0.001018435974396
0.001018404660568
0.001018374151328
0.001018345532513
0.001018319508960
0.001018296308979
0.001018275618075
0.001018256545868
0.001018237627446
0.001018216857654
0.001018191754037
0.001018159441869
0.001018116752703
0.001018060326676
0.001017986708243
0.001017892425208
0.001017774041968
0.001017628179476
0.001017451496696
0.001017240630870
0.001016992096746
0.001016702147649
0.001016366603816
0.001015980655565
0.001015538650362
0.001015033873781
0.001014458334405
0.001013802562178
0.001013055428343
0.001012203993309
0.001011233386466
0.001010126719494
0.001008865032202
0.001007427267620
0.001005790271156
0.001003928807299
0.001001815586671
0.000999421296368
0.000996714627409
0.000993662294741
0.000990229047542
0.000986377670282
0.000982068978086
0.000977261813038
0.000971913051081
0.000965977631739
0.000959408624974
0.000952157350773
0.000944173567547
0.000935405744997
0.000925801435731
0.000915307757756
0.000903871996978
0.000891442335341
0.000877968706218
0.000863403774536
0.000847704034832
0.000830831016458
0.000812752581348
0.000793444296524
0.000772890860716
0.000751087562240
0.000728041743619
0.000703774247144
0.000678320814792
0.000651733415259
0.000624081470467
0.000595452953437
0.000565955328981
0.000535716308034
0.000504884385769
0.000473629132858
0.000442141208567
0.000410632063855
0.000379333302641
0.000348495670050
0.000318387638073
0.000289293561953
0.000261511384977
0.000235349875433
0.000211125387407
0.000189158146984
0.000169768077094
0.000153270187773
0.000139969573527
0.000130156075579
0.000124098683469
0.000122039767268
0.000124189247850
0.000130718827645
0.000141756417214
0.000157380903330
0.000177617411155
0.000202433216109
0.000231734459575
0.000265363816285
0.000303099249855
0.000344653976398
0.000389677734558
0.000437759433858
0.000488431222490
0.000541173981149
0.000595424211982
0.000650582252188
0.000706021701266
0.000761099910509
0.000815169344386
0.000867589587184
0.000917739735937
0.000965030893677
0.001008918456407
0.001048913874220
0.001084595562457
0.001115618643607
0.001141723215264
0.001162740864167
0.001178599181124
0.001189324076067
0.001195039745914
0.001195966209202
0.001192414389144
0.001184778799104
0.001173527959276
0.001159192748278
0.001142352965781
0.001123622449538
0.001103633149442
0.001083018609919
0.001062397347613
0.001042356631726
0.001023437177946
0.001006119252407
0.000990810649094
0.000977836952804
0.000967434431149
0.000959745814904
0.000954819128963
0.000952609629308
0.000952984788882
0.000955732161179
0.000960569839695
0.000967159128595
0.000975118950063
0.000984041440882
0.000993508138824
0.001003106131296
0.001012443536561
0.001021163712460
0.001028957638849
0.001035573996065
0.001040826560087
0.001044598651431
0.001046844504338
0.001047587559513
0.001046915821298
0.001044974551976
0.001041956695467
0.001038091523906
0.001033632078203
0.001028842023513
0.001023982559736
0.001019300014502
0.001015014701903
0.001011311556646
0.001008332954015
0.001006174006192
0.001004880491449
0.001004449431772
0.001004832194193
0.001005939859354
0.001007650484786
0.001009817796643
0.001012280777335
0.001014873581312
0.001017435209047
0.001019818399871
0.001021897265687
0.001023573275785
0.001024779312452
0.001025481640881
0.001025679767395
0.001025404289004
0.001024712956814
0.001023685278480
0.001022416064482
0.001021008374764
0.001019566343469
0.001018188349137
0.001016960957296
0.001015953994942
0.001015217027181
0.001014777401715
0.001014639914288
0.001014788035726
0.001015186536359
0.001015785253732
0.001016523680460
0.001017336005167
0.001018156223311
0.001018922946607
0.001019583578165
0.001020097581826
0.001020438653251
0.001020595690743
0.001020572558445
0.001020386726109
0.001020066951263
0.001019650235263
0.001019178329911
0.001018694093086
0.001018237989313
0.001017845005312
0.001017542204216
0.001017347079745
0.001017266798760
0.001017298343636
0.001017429491241
0.001017640499096
0.001017906316732
0.001018199105311
0.001018490833439
0.001018755722492
0.001018972339270
0.001019125174735
0.001019205600635
0.001019212155979
0.001019150176938
0.001019030841360
0.001018869747684
0.001018685183630
0.001018496259928
0.001018321087419
0.001018175162430
0.001018070097411
0.001018012794558
0.001018005113646
0.001018044036315
0.001018122282153
0.001018229291611
0.001018352460481
0.001018478492912
0.001018594735803
0.001018690366797
0.001018757329302
0.001018790938579
0.001018790119330
0.001018757273668
0.001018697814867
0.001018619433385
0.001018531184398
0.001018442498738
0.001018362220758
0.001018297767787
0.001018254487841
0.001018235267484
0.001018240413095
0.001018267799432
0.001018313252434
0.001018371111276
0.001018434899893
0.001018498031539
0.001018554471839
0.001018599295291
0.001018629086050
0.001018642153720
0.001018638556603
0.001018619945742
0.001018589261096
0.001018550324354
0.001018507380232
0.001018464639156
0.001018425869364
0.001018394076627
0.001018371296588
0.001018358509796
0.001018355674831
0.001018361862180
0.001018375461958
0.001018394433189
0.001018416561372
0.001018439694133
