0.022660423389091
0.022725081825838
0.022786503011052
0.022844613838781
0.022899344982236
0.022950630932014
0.022998410026484
0.023042624474503
0.023083220370689
0.023120147703443
0.023153360355954
0.023182816100417
0.023208476585698
0.023230307318702
0.023248277639682
0.023262360691760
0.023272533384912
0.023278776354684
0.023281073915908
0.023279414011681
0.023273788157882
0.023264191383496
0.023250622167005
0.023233082369128
0.023211577162161
0.023186114956194
0.023156707322449
0.023123368914011
0.023086117384197
0.023044973302804
0.022999960070498
0.022951103831555
0.022898433385205
0.022841980095806
0.022781777802043
0.022717862725389
0.022650273378028
0.022579050470425
0.022504236818745
0.022425877252303
0.022344018521219
0.022258709204441
0.022169999618302
0.022077941725762
0.021982589046476
0.021883996567824
0.021782220657037
0.021677318974529
0.021569350388558
0.021458374891317
0.021344453516542
0.021227648258749
0.021108021994158
0.020985638403393
0.020860561896025
0.020732857537009
0.020602590975081
0.020469828373158
0.020334636340770
0.020197081868582
0.020057232265015
0.019915155094990
0.019770918120825
0.019624589245285
0.019476236456789
0.019325927776791
0.019173731209308
0.019019714692612
0.018863946053054
0.018706492961015
0.018547422888955
0.018386803071546
0.018224700467856
0.018061181725553
0.017896313147092
0.017730160657865
0.017562789776250
0.017394265585544
0.017224652707715
0.017054015278943
0.016882416926897
0.016709920749696
0.016536589296511
0.016362484549758
0.016187667908820
0.016012200175257
0.015836141539440
0.015659551568566
0.015482489195993
0.015305012711835
0.015127179754777
0.014949047305043
0.014770671678469
0.014592108521620
0.014413412807909
0.014234638834649
0.014055840221001
0.013877069906755
0.013698380151897
0.013519822536913
0.013341447963776
0.013163306657572
0.012985448168714
0.012807921375705
0.012630774488392
0.012454055051679
0.012277809949653
0.012102085410076
0.011926927009213
0.011752379676951
0.011578487702168
0.011405294738331
0.011232843809266
0.011061177315092
0.010890337038265
0.010720364149721
0.010551299215076
0.010383182200857
0.010216052480750
0.010049948841824
0.009884909490722
0.009720972059790
0.009558173613124
0.009396550652520
0.009236139123308
0.009076974420051
0.008919091392102
0.008762524348991
0.008607307065652
0.008453472787451
0.008301054235033
0.008150083608962
0.008000592594146
0.007852612364054
0.007706173584704
0.007561306418431
0.007418040527416
0.007276405076997
0.007136428738729
0.006998139693226
0.006861565632755
0.006726733763610
0.006593670808241
0.006462403007164
0.006332956120640
0.006205355430136
0.006079625739564
0.005955791376309
0.005833876192051
0.005713903563386
0.005595896392249
0.005479877106155
0.005365867658256
0.005253889527224
0.005143963716979
0.005036110756244
0.004930350697974
0.004826703118627
0.004725187117320
0.004625821314856
0.004528623852645
0.004433612391523
0.004340804110479
0.004250215705301
0.004161863387153
0.004075762881083
0.003991929424484
0.003910377765515
0.003831122161481
0.003754176377200
0.003679553683348
0.003607266854803
0.003537328168998
0.003469749404280
0.003404541838302
0.003341716246439
0.003281282900249
0.003223251565984
0.003167631503152
0.003114431463154
0.003063659687983
0.003015323909010
0.002969431345855
0.002925988705352
0.002885002180616
0.002846477450208
0.002810419677427
0.002776833509706
0.002745723078136
0.002717091997120
0.002690943364154
0.002667279759747
0.002646103247480
0.002627415374205
0.002611217170398
0.002597509150648
0.002586291314307
0.002577563146287
0.002571323618012
0.002567571188522
0.002566303805739
0.002567518907876
0.002571213425017
0.002577383780835
0.002586025894477
0.002597135182591
0.002610706561509
0.002626734449579
0.002645212769635
0.002666134951619
0.002689493935336
0.002715282173347
0.002743491633993
0.002774113804549
0.002807139694493
0.002842559838905
0.002880364301964
0.002920542680561
0.002963084108011
0.003007977257855
0.003055210347752
0.003104771143453
0.003156646962844
0.003210824680057
0.003267290729641
0.003326031110777
0.003387031391542
0.003450276713198
0.003515751794514
0.003583440936096
0.003653328024730
0.003725396537719
0.003799629547205
0.003876009724481
0.003954519344255
0.004035140288892
0.004117854052590
0.004202641745506
0.004289484097808
0.004378361463647
0.004469253825041
0.004562140795659
0.004657001624493
0.004753815199419
0.004852560050619
0.004953214353873
0.005055755933700
0.005160162266343
0.005266410482589
0.005374477370414
0.005484339377447
0.005595972613239
0.005709352851335
0.005824455531140
0.005941255759570
0.006059728312481
0.006179847635870
0.006301587846845
0.006424922734352
0.006549825759656
0.006676270056581
0.006804228431484
0.006933673362983
0.007064577001418
0.007196911168052
0.007330647354009
0.007465756718945
0.007602210089454
0.007739977957210
0.007879030476847
0.008019337463573
0.008160868390532
0.008303592385904
0.008447478229765
0.008592494350691
0.008738608822131
0.008885789358554
0.009034003311362
0.009183217664602
0.009333399030472
0.009484513644636
0.009636527361364
0.009789405648508
0.009943113582325
0.010097615842178
0.010252876705108
0.010408860040321
0.010565529303590
0.010722847531602
0.010880777336272
0.011039280899044
0.011198319965202
0.011357855838222
0.011517849374185
0.011678260976288
0.011839050589467
0.012000177695180
0.012161601306366
0.012323279962623
0.012485171725630
0.012647234174856
0.012809424403585
0.012971699015295
0.013134014120433
0.013296325333616
0.013458587771307
0.013620756050000
0.013782784284954
0.013944626089530
0.014106234575149
0.014267562351946
0.014428561530133
0.014589183722141
0.014749380045563
0.014909101126964
0.015068297106585
0.015226917643999
0.015384911924757
0.015542228668075
0.015698816135601
0.015854622141313
0.016009594062586
0.016163678852480
0.016316823053287
0.016468972811378
0.016620073893397
0.016770071703841
0.016918911304065
0.017066537432751
0.017212894527874
0.017357926750209
0.017501578008407
0.017643791985666
0.017784512168043
0.017923681874417
0.018061244288137
0.018197142490379
0.018331319495227
0.018463718286498
0.018594281856320
0.018722953245484
0.018849675585565
0.018974392142828
0.019097046363902
0.019217581923241
0.019335942772344
0.019452073190732
0.019565917838658
0.019677421811543
0.019786530696096
0.019893190628093
0.019997348351785
0.020098951280885
0.020197947561098
0.020294286134128
0.020387916803122
0.020478790299474
0.020566858350929
0.020652073750911
0.020734390428990
0.020813763522411
0.020890149448582
0.020963505978435
0.021033792310541
0.021100969145886
0.021164998763172
0.021225845094539
0.021283473801566
0.021337852351424
0.021388950093031
0.021436738333076
0.021481190411753
0.021522281778034
0.021559990064350
0.021594295160468
0.021625179286437
0.021652627064381
0.021676625588985
0.021697164496473
0.021714236031893
0.021727835114498
0.021737959401047
0.021744609346803
0.021747788264029
0.021747502377781
0.021743760878776
0.021736575973130
0.021725962928759
0.021711940118215
0.021694529057756
0.021673754442440
0.021649644177009
0.021622229402390
0.021591544517564
0.021557627196631
0.021520518400854
0.021480262385482
0.021436906701170
0.021390502189804
0.021341102974549
0.021288766443946
