2.058864477622673328e-01
2.100421119871689890e-01
2.143257255480327250e-01
2.187418990987803902e-01
2.232954436682994259e-01
2.279913808753176174e-01
2.328349537443948625e-01
2.378316381635942889e-01
2.429871550271198721e-01
2.483074831098153190e-01
2.537988727238148501e-01
2.594678602117117538e-01
2.653212833347942667e-01
2.713662976195646004e-01
2.776103937309088998e-01
2.840614159456031906e-01
2.907275818061651473e-01
2.976175030412370193e-01
3.047402078463957165e-01
3.121051646265690094e-01
3.197223073102950508e-01
3.276020623552887145e-01
3.357553775750984348e-01
3.441937529280820751e-01
3.529292734223151151e-01
3.619746443037329398e-01
3.713432287100361107e-01
3.810490879891518246e-01
3.911070248998873566e-01
4.015326299320369774e-01
4.123423310055681079e-01
4.235534468346827675e-01
4.351842442661665311e-01
4.472539999365721108e-01
4.597830666222132989e-01
4.727929446952688908e-01
4.863063591400549335e-01
5.003473426293680859e-01
5.149413252120386142e-01
5.301152312198277317e-01
5.458975840650053257e-01
5.623186196710485696e-01
5.794104093577974179e-01
5.972069930906034330e-01
6.157445241023639104e-01
6.350614260072084960e-01
6.551985636492555498e-01
6.761994290682641351e-01
6.981103441201508275e-01
7.209806814651820162e-01
7.448631058332568777e-01
7.698138376965062424e-01
7.958929417280509178e-01
8.231646427050168802e-01
8.516976718289719361e-01
8.815656467909122052e-01
9.128474893076387042e-01
9.456278843060974548e-01
9.799977854395924837e-01
1.016054972192021788e+00
1.053904664471079222e+00
1.093660201319298197e+00
1.135443791192293439e+00
1.179387342179152753e+00
1.225633381584037895e+00
1.274336075464263640e+00
1.325662360047297206e+00
1.379793198442765823e+00
1.436924977748464727e+00
1.497271063542327862e+00
1.561063530880457240e+00
1.628555093311285118e+00
1.700021254096278467e+00
1.775762706828954318e+00
1.856108015998908733e+00
1.941416611789045010e+00
2.032082137556162849e+00
2.128536193059904491e+00
2.231252521603087402e+00
2.340751694852614584e+00
2.457606355241554130e+00
2.582447082513747993e+00
2.715968958149098000e+00
2.858938909061049749e+00
3.012203920012706426e+00
3.176700212532564738e+00
3.353463496538050759e+00
3.543640409125017321e+00
3.748501262674880152e+00
3.969454231048169301e+00
4.208061107476473772e+00
4.466054769910619449e+00
4.745358487829422600e+00
5.048107197312662109e+00
5.376670856568067869e+00
5.733679969606686022e+00
6.122053328323822541e+00
6.545027969119209033e+00
7.006191264864759738e+00
7.509514971142981388e+00
8.059390910993442958e+00
8.660667807818677844e+00
9.318688553754903126e+00
1.003932692233619761e+01
1.082902239121037624e+01
1.169481132513064026e+01
1.264435227517890326e+01
1.368594257393363023e+01
1.482852274978193563e+01
1.608166455592358446e+01
1.745553763043983508e+01
1.896084900677056595e+01
2.060874893067839508e+01
2.241069578366610315e+01
2.437827246205883114e+01
2.652294643979898581e+01
2.885576609947825233e+01
3.138698691434195354e+01
3.412562286807178680e+01
3.707892124583955251e+01
4.025176268694092130e+01
4.364599309580542297e+01
4.725969940020421234e+01
5.108644666653385258e+01
5.511449879280569064e+01
5.932604750794149595e+01
6.369647285219240018e+01
6.819365047178095551e+01
7.277730462656205646e+01
7.739837897542085443e+01
8.199835963502589209e+01
8.650843932113509993e+01
9.084836520443001007e+01
9.492478167345515772e+01
9.862888820004735635e+01
1.018333206278591092e+02
1.043883839422466906e+02
1.061181792081248858e+02
1.068178408533630659e+02
1.062540763669809536e+02
1.041724661430342849e+02
1.003164167230210069e+02
9.446397828610722058e+01
8.648942829134915655e+01
7.645584455497188969e+01
6.474193509035752925e+01
5.220028648243369673e+01
4.033445547155581323e+01
3.146934952792046403e+01
2.887487719098117367e+01
3.679031805240954611e+01
6.029118379422193641e+01
1.049470631428792586e+02
1.762426049760912292e+02
2.787757708092606208e+02
4.153039376451856697e+02
5.857692442500629113e+02
7.864842203985920150e+02
1.009679485442134705e+03
1.243592414080530943e+03
1.473203251989306864e+03
1.681610588509076479e+03
1.851902865489174474e+03
1.969258510794869835e+03
2.022928228559734407e+03
2.007744693476711973e+03
1.924876031426507780e+03
1.781677364705555647e+03
1.590667822126958981e+03
1.367827006688811707e+03
1.130525113404297144e+03
8.954481969488640516e+02
6.768483404254072866e+02
4.853522035857842525e+02
3.274299250830099481e+02
2.054939584391221956e+02
1.184935584627616407e+02
6.281277390128852289e+01
3.327106243296887556e+01
2.405691734406659066e+01
2.947992003430429264e+01
4.448783992590723813e+01
6.494862342992959725e+01
8.773407968720363215e+01
1.106606325065320959e+02
1.323451884135686214e+02
1.520260022470500303e+02
1.693848983899582379e+02
1.843928652100524630e+02
1.971888179946588764e+02
2.079925500548185937e+02
2.170476625848991716e+02
2.245879567181237348e+02
2.308204861922615123e+02
2.359193393455416867e+02
2.400255690024700357e+02
2.432500749071419932e+02
2.456774271331428849e+02
2.473695102046920340e+02
2.483684672181390454e+02
2.486987770605970809e+02
2.483684672181502435e+02
2.473695102047143166e+02
2.456774271331759110e+02
2.432500749071854216e+02
2.400255690025236106e+02
2.359193393456050956e+02
2.308204861923347835e+02
2.245879567182072662e+02
2.170476625849938159e+02
2.079925500549256583e+02
1.971888179947802087e+02
1.843928652101901946e+02
1.693848983901147278e+02
1.520260022472272681e+02
1.323451884137679428e+02
1.106606325067538990e+02
8.773407968744666618e+01
6.494862343019092066e+01
4.448783992618200500e+01
2.947992003458568178e+01
2.405691734434578777e+01
3.327106243323506618e+01
6.281277390152898477e+01
1.184935584629620990e+02
2.054939584392676579e+02
3.274299250830862320e+02
4.853522035857802166e+02
6.768483404253169056e+02
8.954481969486887465e+02
1.130525113404045896e+03
1.367827006688499523e+03
1.590667822126604733e+03
1.781677364705178434e+03
1.924876031426123518e+03
2.007744693476330895e+03
2.022928228559364015e+03
1.969258510794516496e+03
1.851902865488845237e+03
1.681610588508780893e+03
1.473203251989056525e+03
1.243592414080337221e+03
1.009679485442005216e+03
7.864842203985290325e+02
5.857692442500617744e+02
4.153039376452362035e+02
2.787757708093491829e+02
1.762426049762032960e+02
1.049470631430020546e+02
6.029118379434562769e+01
3.679031805252757437e+01
2.887487719108985829e+01
3.146934952801818852e+01
4.033445547164221523e+01
5.220028648250907111e+01
6.474193509042245864e+01
7.645584455502708465e+01
8.648942829139544131e+01
9.446397828614554726e+01
1.003164167230523418e+02
1.041724661430596797e+02
1.062540763670014030e+02
1.068178408533795221e+02
1.061181792081381872e+02
1.043883839422574766e+02
1.018333206278679199e+02
9.862888820005460389e+01
9.492478167346112627e+01
9.084836520443491281e+01
8.650843932113909318e+01
8.199835963502911795e+01
7.739837897542339817e+01
7.277730462656398913e+01
6.819365047178239081e+01
6.369647285219339494e+01
5.932604750794210702e+01
5.511449879280596065e+01
5.108644666653385258e+01
4.725969940020399918e+01
4.364599309580501085e+01
4.025176268694038129e+01
3.707892124583890592e+01
3.412562286807106204e+01
3.138698691434117194e+01
2.885576609947744586e+01
2.652294643979816868e+01
2.437827246205801401e+01
2.241069578366529669e+01
2.060874893067761349e+01
1.896084900676981277e+01
1.745553763043911033e+01
1.608166455592289168e+01
1.482852274978128548e+01
1.368594257393301206e+01
1.264435227517832239e+01
1.169481132513009847e+01
1.082902239120987176e+01
1.003932692233572510e+01
9.318688553754466142e+00
8.660667807818271058e+00
8.059390910993066370e+00
7.509514971142634110e+00
7.006191264864439994e+00
6.545027969118914157e+00
6.122053328323548982e+00
5.733679969606435556e+00
5.376670856567837831e+00
5.048107197312450722e+00
4.745358487829226313e+00
4.466054769910439148e+00
4.208061107476307683e+00
3.969454231048016979e+00
3.748501262674739376e+00
3.543640409124888535e+00
3.353463496537932631e+00
3.176700212532455048e+00
3.012203920012605174e+00
2.858938909060956934e+00
2.715968958149011847e+00
2.582447082513668946e+00
2.457606355241479967e+00
2.340751694852546194e+00
2.231252521603024341e+00
2.128536193059845871e+00
2.032082137556108226e+00
1.941416611788994606e+00
1.856108015998862548e+00
1.775762706828911019e+00
1.700021254096238277e+00
1.628555093311247814e+00
1.561063530880422379e+00
1.497271063542295222e+00
1.436924977748434529e+00
1.379793198442737623e+00
1.325662360047271005e+00
1.274336075464238993e+00
1.225633381584014803e+00
1.179387342179131215e+00
1.135443791192273011e+00
1.093660201319279324e+00
1.053904664471061237e+00
1.016054972192005135e+00
9.799977854395771626e-01
9.456278843060826889e-01
9.128474893076246044e-01
8.815656467908992155e-01
8.516976718289595016e-01
8.231646427050052228e-01
7.958929417280398155e-01
7.698138376964958063e-01
7.448631058332471078e-01
7.209806814651725793e-01
6.981103441201420567e-01
6.761994290682554754e-01
6.551985636492474452e-01
6.350614260072008355e-01
6.157445241023566940e-01
5.972069930905965496e-01
5.794104093577907566e-01
5.623186196710424634e-01
5.458975840649995526e-01
5.301152312198220695e-01
5.149413252120333961e-01
5.003473426293630899e-01
4.863063591400502705e-01
4.727929446952645054e-01
4.597830666222091356e-01
4.472539999365681140e-01
4.351842442661628674e-01
4.235534468346792147e-01
4.123423310055646662e-01
4.015326299320338688e-01
3.911070248998843590e-01
3.810490879891491600e-01
3.713432287100335571e-01
3.619746443037304973e-01
3.529292734223127281e-01
3.441937529280798547e-01
3.357553775750963254e-01
3.276020623552868827e-01
3.197223073102931634e-01
3.121051646265671775e-01
3.047402078463939956e-01
2.976175030412353539e-01
2.907275818061635375e-01
2.840614159456015808e-01
2.776103937309073455e-01
2.713662976195631016e-01
2.653212833347927124e-01
2.594678602117103106e-01
2.537988727238134623e-01
2.483074831098139312e-01
2.429871550271185399e-01
2.378316381635929566e-01
2.328349537443935025e-01
2.279913808753163407e-01
2.232954436682981769e-01
2.187418990987791689e-01
2.143257255480315870e-01
2.100421119871678788e-01
