0.001652110450793
0.001652620361910
0.001652764035150
0.001652526044659
0.001651924415374
0.001651009240102
0.001649858475175
0.001648571271451
0.001647259414558
0.001646037615686
0.001645013497153
0.001644278146336
0.001643898064757
0.001643909220074
0.001644313727815
0.001645079462517
0.001646142644258
0.001647413188352
0.001648782365610
0.001650132118905
0.001651345236321
0.001652315504482
0.001652956964500
0.001653211467557
0.001653053870980
0.001652494416685
0.001651578074666
0.001650380894337
0.001649003663572
0.001647563407364
0.001646183445098
0.001644982851563
0.001644066221047
0.001643514611466
0.001643378448185
0.001643673003171
0.001644376848129
0.001645433428676
0.001646755641658
0.001648233041880
0.001649741079486
0.001651151594191
0.001652343682419
0.001653214017717
0.001653685746820
0.001653715200075
0.001653295836086
0.001652459071346
0.001651271906846
0.001649831533505
0.001648257353847
0.001646681077222
0.001645235711379
0.001644044370230
0.001643209837794
0.001642805769615
0.001642870280092
0.001643402467855
0.001644362188026
0.001645673109888
0.001647228823823
0.001648901505267
0.001650552427330
0.001652043455868
0.001653248574462
0.001654064479503
0.001654419358147
0.001654279108626
0.001653650471170
0.001652580791629
0.001651154417661
0.001649486006263
0.001647711278272
0.001645975968993
0.001644423876523
0.001643184987934
0.001642364661567
0.001642034761300
0.001642227482266
0.001642932390007
0.001644096933901
0.001645630412514
0.001647411086136
0.001649295873469
0.001651131856225
0.001652768664744
0.001654070742068
0.001654928489371
0.001655267382042
0.001655054306106
0.001654300586218
0.001653061441418
0.001651431891790
0.001649539425262
0.001647533995767
0.001645576141046
0.001643824162845
0.001642421391805
0.001641484557396
0.001641094199839
0.001641287902576
0.001642056902904
0.001643346372338
0.001645059368044
0.001647064165309
0.001649204411422
0.001651311314986
0.001653216919435
0.001654767418703
0.001655835463794
0.001656330482590
0.001656206185875
0.001655464648915
0.001654156623077
0.001652378025492
0.001650262853713
0.001647973053437
0.001645686108637
0.001643581305971
0.001641825734608
0.001640561109949
0.001639892452576
0.001639879516344
0.001640531652016
0.001641806531198
0.001643612859335
0.001645816899153
0.001648252330601
0.001650732713045
0.001653065610216
0.001655067304378
0.001656576973665
0.001657469240212
0.001657664113959
0.001657133549487
0.001655904086333
0.001654055337898
0.001651714408098
0.001649046624390
0.001646243257315
0.001643507128850
0.001641037176845
0.001639013128122
0.001637581431653
0.001636843515547
0.001636847263639
0.001637582371736
0.001638979957387
0.001640916481690
0.001643221720555
0.001645690219745
0.001648095405589
0.001650205320820
0.001651798827823
0.001652681079075
0.001652697100137
0.001651742461134
0.001649770218787
0.001646793578096
0.001642884031305
0.001638165059645
0.001632801806876
0.001626987429412
0.001620927074597
0.001614820618467
0.001608845394186
0.001603140154806
0.001597791437990
0.001592823340966
0.001588191482316
0.001583781639484
0.001579413227163
0.001574847444867
0.001569799595560
0.001563954784252
0.001556985966620
0.001548573149895
0.001538422463419
0.001526283820703
0.001511965988358
0.001495348053950
0.001476386532397
0.001455117652275
0.001431654698385
0.001406180632241
0.001378936543667
0.001350206781587
0.001320301849662
0.001289540315859
0.001258231062733
0.001226657190972
0.001195062783053
0.001163643542921
0.001132542063828
0.001101848156886
0.001071604318507
0.001041816049235
0.001012466383559
0.000983533673946
0.000955011413552
0.000926928698639
0.000899369836372
0.000872491603581
0.000846536758443
0.000821842594803
0.000798843597406
0.000778067589688
0.000760125144267
0.000745692427147
0.000735488045951
0.000730244846247
0.000730677926021
0.000737450397025
0.000751138597745
0.000772198545688
0.000800935401456
0.000837477604495
0.000881757136695
0.000933497086640
0.000992207340103
0.001057188830534
0.001127546368412
0.001202209652777
0.001279961674278
0.001359473367327
0.001439343077275
0.001518139191383
0.001594444149631
0.001666898008340
0.001734239776414
0.001795344876122
0.001849257288740
0.001895215217142
0.001932669416811
0.001961293695787
0.001980987444078
0.001991870405220
0.001994270229548
0.001988703634729
0.001975852231766
0.001956534244624
0.001931673453639
0.001902266725410
0.001869351457337
0.001833974169256
0.001797161326575
0.001759893290255
0.001723082071553
0.001687553337418
0.001654032879098
0.001623137534735
0.001595370357481
0.001571119653185
0.001550661382434
0.001534164334723
0.001521697438757
0.001513238570932
0.001508684259921
0.001507859753070
0.001510529002578
0.001516404237650
0.001525154904320
0.001536415868559
0.001549794882817
0.001564879404331
0.001581242920084
0.001598450974649
0.001616067111594
0.001633658926976
0.001650804396712
0.001667098582088
0.001682160744417
0.001695641816901
0.001707232095836
0.001716668931271
0.001723744125545
0.001728310692948
0.001730288599633
0.001729669093781
0.001726517253533
0.001720972424989
0.001713246293035
0.001703618420937
0.001692429206064
0.001680070322852
0.001666972853682
0.001653593436287
0.001640398875390
0.001627849769301
0.001616383782745
0.001606399249929
0.001598239812734
0.001592180785606
0.001588417890581
0.001587058924164
0.001588118805578
0.001591518317773
0.001597086694882
0.001604568039623
0.001613631379698
0.001623884001899
0.001634887544864
0.001646176194175
0.001657276213835
0.001667725972038
0.001677095580824
0.001685005271387
0.001691141670066
0.001695271223271
0.001697250139398
0.001697030367339
0.001694661307708
0.001690287146580
0.001684139903337
0.001676528484792
0.001667824227362
0.001658443578605
0.001648828710252
0.001639426959828
0.001630670061357
0.001622954143626
0.001616621445641
0.001611944623622
0.001609114405372
0.001608231191102
0.001609301012034
0.001612236048200
0.001616859684905
0.001622915864252
0.001630082275147
0.001637986733038
0.001646225939448
0.001654385689429
0.001662061519260
0.001668878761237
0.001674510999201
0.001678695996625
0.001681248295114
0.001682067849038
0.001681144263441
0.001678556427129
0.001674467569595
0.001669116006819
0.001662802064791
0.001655871868927
0.001648698851824
0.001641663952070
0.001635135546453
0.001629450172850
0.001624895060056
0.001621693385700
0.001619993038786
0.001619859476654
0.001621273047048
0.001624130906000
0.001628253414205
0.001633394651907
0.001639256468238
0.001645505287837
0.001651790746321
0.001657765125302
0.001663102513242
0.001667516633299
0.001670776353113
0.001672718020472
0.001673253946246
0.001672376572083
0.001670158103359
0.001666745643989
0.001662352124593
0.001657243554492
0.001651723337368
0.001646114557905
0.001640741262436
0.001635909813626
0.001631891393865
0.001628906664347
0.001627113460468
0.001626598226258
0.001627371671359
0.001629368886221
0.001632453889289
0.001636428319324
0.001641043742147
0.001646016828452
0.001651046490726
0.001655831952771
0.001660090671977
0.001663575045561
0.001666086907034
0.001667488953855
0.001667712433529
0.001666760642303
0.001664708044468
0.001661695085728
0.001657919035203
0.001653621431382
0.001649072913107
0.001644556374785
0.001640349485637
0.001636707649668
