0.016997208847819
0.016995414902575
0.016993556935379
0.016991944605859
0.016990872364344
0.016990587861804
0.016991264117688
0.016992978525962
0.016995701175380
0.016999294069051
0.017003521734278
0.017008072525550
0.017012588764709
0.017016702857508
0.017020075788029
0.017022434010189
0.017023600782329
0.017023518438165
0.017022258922140
0.017020021063694
0.017017114411654
0.017013930860258
0.017010906624658
0.017008478222691
0.017007036867998
0.017006885987259
0.017008206396013
0.017011033007786
0.017015245866012
0.017020576879783
0.017026632051876
0.017032927373040
0.017038935088331
0.017044135876643
0.017048071752355
0.017050394284718
0.017050903070669
0.017049570267451
0.017046548314502
0.017042159622646
0.017036868819801
0.017031239933278
0.017025882475237
0.017021391613705
0.017018288325661
0.017016965559087
0.017017645953990
0.017020355625870
0.017024916995222
0.017030961798626
0.017037963421430
0.017045285746583
0.017052244014140
0.017058171904415
0.017062488328258
0.017064757310772
0.017064734908492
0.017062398259371
0.017057953524317
0.017051821483179
0.017044601706154
0.017037018326007
0.017029852282641
0.017023866317787
0.017019729822575
0.017017950797460
0.017018821648158
0.017022384354229
0.017028418811974
0.017036456026527
0.017045815503942
0.017055663887943
0.017065089813931
0.017073188311877
0.017079147039511
0.017082326275310
0.017082324991859
0.017079026441848
0.017072618432636
0.017063585693519
0.017052674258679
0.017040830374518
0.017029118858841
0.017018627867508
0.017010368468662
0.017005178140548
0.017003637213127
0.017006006353989
0.017012191516220
0.017021740450852
0.017033872129753
0.017047537462030
0.017061506778627
0.017074476969735
0.017085189130960
0.017092546308061
0.017095720565571
0.017094239205027
0.017088041502643
0.017077499717559
0.017063401154589
0.017046891498871
0.017029383177625
0.017012435829788
0.016997618768252
0.016986367327829
0.016979845992810
0.016978831062038
0.016983624306286
0.016994006676821
0.017009237812228
0.017028103130209
0.017049006018842
0.017070098436072
0.017089439473537
0.017105168501170
0.017115677681262
0.017119768133137
0.017116774937011
0.017106648456642
0.017089982975248
0.017067988100273
0.017042403425439
0.017015362103295
0.016989213810938
0.016966321633787
0.016948850252175
0.016938564193915
0.016936654639596
0.016943611309118
0.016959152443620
0.016982221098278
0.017011050275080
0.017043293339601
0.017076210220416
0.017106894624394
0.017132523408214
0.017150606724579
0.017159216877149
0.017157175077633
0.017144178435948
0.017120854293472
0.017088735042058
0.017050153349378
0.017008064650311
0.016965810255417
0.016926839891578
0.016894416428797
0.016871327590279
0.016859629381049
0.016860443776395
0.016873829043869
0.016898735263681
0.016933050639637
0.016973736638497
0.017017042495978
0.017058782818130
0.017094656466828
0.017120581121546
0.017133016183702
0.017129247188589
0.017107607580961
0.017067618379626
0.017010032527466
0.016936778090617
0.016850802343286
0.016755826526941
0.016656028095844
0.016555673013231
0.016458724711758
0.016368458388092
0.016287109236430
0.016215581078102
0.016153237812080
0.016097794529095
0.016045318441001
0.015990342484414
0.015926087095035
0.015844778729696
0.015738047693627
0.015597383078864
0.015414619393553
0.015182427895778
0.014894785750258
0.014547397797590
0.014138048761967
0.013666867848900
0.013136492577516
0.012552124012540
0.011921470977714
0.011254586045185
0.010563600853038
0.009862372413666
0.009166055410980
0.008490617977769
0.007852320083938
0.007267174483423
0.006750410225477
0.006315958115988
0.005975976304965
0.005740432463666
0.005616756877863
0.005609578291462
0.005720551547594
0.005948283048035
0.006288356842332
0.006733460827746
0.007273609163554
0.007896453666433
0.008587673761064
0.009331431628177
0.010110876645737
0.010908681182993
0.011707588398308
0.012490952007688
0.013243248101349
0.013950540023130
0.014600879082873
0.015184626390538
0.015694684284840
0.016126629540872
0.016478744611354
0.016751947394054
0.016949624222992
0.017077374755265
0.017142680984910
0.017154515600769
0.017122907189929
0.017058481282823
0.016971996891344
0.016873897998165
0.016773898441651
0.016680616867123
0.016601275969798
0.016541477247514
0.016505059038468
0.016494041878412
0.016508661318513
0.016547484449133
0.016607602627921
0.016684889463845
0.016774310109515
0.016870265502208
0.016966953496805
0.017058727959643
0.017140436922924
0.017207721881798
0.017257262254622
0.017286951875225
0.017295998043327
0.017284937968144
0.017255572189076
0.017210819488025
0.017154502627866
0.017091078650944
0.017025331143965
0.016962044541280
0.016905681967975
0.016860088160013
0.016828237574353
0.016812044953988
0.016812251485449
0.016828394528109
0.016858863045116
0.016901034734262
0.016951484893312
0.017006251714447
0.017061138411868
0.017112029703990
0.017155198955893
0.017187582872972
0.017207003015827
0.017212317426833
0.017203491030050
0.017181579780227
0.017148630298977
0.017107503404863
0.017061635975234
0.017014760470817
0.016970604796920
0.016932596679426
0.016903596262961
0.016885678221414
0.016879980501375
0.016886631241470
0.016904758891519
0.016932583644230
0.016967581573452
0.017006706916318
0.017046653246265
0.017084131254570
0.017116139740356
0.017140207286827
0.017154584885279
0.017158374202916
0.017151581878322
0.017135096665293
0.017110592866095
0.017080369722814
0.017047141734057
0.017013798785790
0.016983157207757
0.016957723223051
0.016939488747407
0.016929776280705
0.016929145028261
0.016937364823460
0.016953458403542
0.016975806654887
0.017002306112945
0.017030563730992
0.017058111073140
0.017082618859632
0.017102093265313
0.017115037462018
0.017120565377035
0.017118459169878
0.017109167080719
0.017093743604810
0.017073738926245
0.017051048771395
0.017027738966279
0.017005860759917
0.016987273290951
0.016973488444096
0.016965550910382
0.016963962785424
0.016968657852183
0.016979026189606
0.016993985331917
0.017012090259983
0.017031671366072
0.017050987445088
0.017068379876629
0.017082414510672
0.017091999283433
0.017096468097873
0.017095624753432
0.017089744394239
0.017079533729174
0.017066054828871
0.017050620323477
0.017034670066635
0.017019640626844
0.017006839235565
0.016997333071617
0.016991863090537
0.016990789188200
0.016994070551974
0.017001281868609
0.017011662908028
0.017024196156936
0.017037704872854
0.017050962351930
0.017062802469928
0.017072221707011
0.017078463868496
0.017081080458652
0.017079961984270
0.017075338145089
0.017067747667996
0.017057981214683
0.017047003106904
0.017035859373384
0.017025580683123
0.017017089009708
0.017011116358222
0.017008142638338
0.017008357905975
0.017011651896390
0.017017631245564
0.017025662274226
0.017034934917280
0.017044541525474
0.017053563009416
0.017061154246549
0.017066620871899
0.017069480497196
0.017069502957503
0.017066726219588
0.017061446907954
0.017054186793490
0.017045638821750
0.017036598125021
0.017027884792214
0.017020265842897
0.017014383809445
0.017010698585764
0.017009447830897
0.017010629359090
0.017014006788192
0.017019137467088
0.017025419578656
0.017032153521600
0.017038611382415
0.017044107636792
0.017048064225360
0.017050063821633
0.017049886374978
0.017047525735253
0.017043185171769
