0.007810444526803
0.007814899689480
0.007819637312818
0.007824685960406
0.007830051855332
0.007835717143656
0.007841640111418
0.007847757469419
0.007853988645183
0.007860241838741
0.007866421424497
0.007872436131988
0.007878207329395
0.007883676678027
0.007888812432609
0.007893613734613
0.007898112382038
0.007902371750720
0.007906482775751
0.007910557158376
0.007914718222160
0.007919090079053
0.007923785958762
0.007928896683539
0.007934480320035
0.007940554001092
0.007947088781879
0.007954008182691
0.007961190789338
0.007968476952058
0.007975679271663
0.007982596216517
0.007989027906333
0.007994792857014
0.007999744328958
0.008003784876839
0.008006877770752
0.008009054146382
0.008010415034905
0.008011127802044
0.008011416962225
0.008011549794261
0.008011817632502
0.008012514104263
0.008013911896010
0.008016239828191
0.008019662081081
0.008024261331127
0.008030027330058
0.008036852100119
0.008044532451973
0.008052779990089
0.008061238194074
0.008069505597391
0.008077163572141
0.008083806811744
0.008089074318152
0.008092678572809
0.008094430615989
0.008094258979161
0.008092220798317
0.008088503958594
0.008083419746576
0.008077386172315
0.008070902818753
0.008064518730071
0.008058795413092
0.008054267452960
0.008051403501091
0.008050570456533
0.008052003521996
0.008055784478041
0.008061830002933
0.008069891204481
0.008079564767947
0.008090315312945
0.008101507749093
0.008112447681969
0.008122427301558
0.008130773730846
0.008136896557960
0.008140331243280
0.008140775289869
0.008138114482430
0.008132437112317
0.008124034875435
0.008113390006481
0.008101149138835
0.008088085292354
0.008075050229078
0.008062920121155
0.008052537996320
0.008044656725474
0.008039886370310
0.008038649508561
0.008041147709106
0.008047341664147
0.008056946641099
0.008069443945385
0.008084108048618
0.008100048001660
0.008116260786415
0.008131693428178
0.008145310048295
0.008156159629710
0.008163440126129
0.008166554682688
0.008165156148250
0.008159176725199
0.008148840483609
0.008134657510685
0.008117399609841
0.008098058635950
0.008077789680644
0.008057842332016
0.008039484061146
0.008023920378157
0.008012216711716
0.008005226973500
0.008003533466916
0.008007402200259
0.008016756800092
0.008031173139061
0.008049895556358
0.008071874231424
0.008095821951583
0.008120287272920
0.008143739988259
0.008164663955886
0.008181651764880
0.008193495458326
0.008199267626876
0.008198387623893
0.008190668421117
0.008176340681448
0.008156051916380
0.008130840047661
0.008102082223198
0.008071421256508
0.008040673476647
0.008011723004918
0.007986408438238
0.007966408553302
0.007953133904595
0.007947631047975
0.007950505577372
0.007961869236092
0.007981315099614
0.008007923287576
0.008040297930278
0.008076634283814
0.008114813060593
0.008152517323410
0.008187365783176
0.008217055135377
0.008239503246384
0.008252984616737
0.008256249640354
0.008248619756916
0.008230051643186
0.008201165065326
0.008163230851178
0.008118117550024
0.008068197621359
0.008016216315317
0.007965128651297
0.007917911944107
0.007877363051847
0.007845890823580
0.007825315023322
0.007816683240438
0.007820116932828
0.007834696786715
0.007858396044529
0.007888068409776
0.007919494672271
0.007947489420012
0.007966066245741
0.007968656859673
0.007948376633927
0.007898326475803
0.007811918694290
0.007683212808876
0.007507246151091
0.007280343698496
0.007000391897259
0.006667062277689
0.006281972416240
0.005848774182282
0.005373162130959
0.004862798239597
0.004327152787304
0.003777264882853
0.003225429784586
0.002684823557757
0.002169078618188
0.001691826171027
0.001266223348231
0.000904483885840
0.000617431404101
0.000414093739317
0.000301355343546
0.000283682572818
0.000362933817770
0.000538263015520
0.000806121267412
0.001160357242008
0.001592412946148
0.002091607481573
0.002645497747617
0.003240301865246
0.003861368526042
0.004493673625711
0.005122324505739
0.005733051942749
0.006312670697328
0.006849490928454
0.007333665024171
0.007757457288451
0.008115427323987
0.008404521704334
0.008624072465066
0.008775704884286
0.008863160791343
0.008892047072389
0.008869521983341
0.008803934210080
0.008704431237547
0.008580554443010
0.008441838389704
0.008297431078266
0.008155750463495
0.008024190445113
0.007908886904127
0.007814551314950
0.007744376168046
0.007700013047529
0.007681620883418
0.007687978792839
0.007716655178446
0.007764222485501
0.007826505325378
0.007898848617279
0.007976392013573
0.008054337156593
0.008128195232314
0.008194003775762
0.008248503654331
0.008289269497395
0.008314789427163
0.008324492641592
0.008318726068238
0.008298683816436
0.008266295383771
0.008224080418467
0.008174979221257
0.008122169033286
0.008068876473399
0.008018196260011
0.007972925608844
0.007935422492861
0.007907494361911
0.007890322041473
0.007884421469835
0.007889643804488
0.007905212345796
0.007929792797457
0.007961591706569
0.007998476582653
0.008038110246446
0.008078091444619
0.008116093700581
0.008149994744552
0.008177989645171
0.008198681895985
0.008211148121809
0.008214973676920
0.008210258116176
0.008197591234563
0.008178001995991
0.008152884121021
0.008123903300105
0.008092891884194
0.008061737437055
0.008032271692768
0.008006166248342
0.007984840756528
0.007969388508270
0.007960523164787
0.007958549085948
0.007963356283159
0.007974439584276
0.007990940217513
0.008011706778118
0.008035371503462
0.008060437003813
0.008085368116175
0.008108683387987
0.008129040858387
0.008145313270767
0.008156648587988
0.008162512642222
0.008162711874567
0.008157395336533
0.008147036363382
0.008132395515516
0.008114467450140
0.008094415271505
0.008073496565503
0.008052985719349
0.008034097241296
0.008017914627701
0.008005328890604
0.007996990189339
0.007993275148773
0.007994271449565
0.007999780204468
0.008009335554488
0.008022239894737
0.008037612232331
0.008054446440229
0.008071675642870
0.008088238679821
0.008103144555728
0.008115530996244
0.008124713673072
0.008130223305595
0.008131828648789
0.008129544285492
0.008123623097903
0.008114534238943
0.008102928300732
0.008089592132040
0.008075396344800
0.008061238937931
0.008047988634365
0.008036431467680
0.008027223875773
0.008020855081915
0.008017620901564
0.008017610349742
0.008020705588679
0.008026594902794
0.008034797572015
0.008044698786023
0.008055592145924
0.008066726871674
0.008077356597647
0.008086786606689
0.008094416523281
0.008099775844398
0.008102550206031
0.008102596927477
0.008099949100704
0.008094808249676
0.008087526324722
0.008078578471981
0.008068528584684
0.008057990066549
0.008047584492747
0.008037900927113
0.008029458544233
0.008022674922546
0.008017841941690
0.008015110665819
0.008014485963558
0.008015830948478
0.008018880666808
0.008023263855595
0.008028531084168
0.008034187207199
0.008039725822231
0.008044663351160
0.008048570455374
0.008051098738317
0.008052001067199
0.008051144328396
0.008048513983268
0.008044210372883
0.008038437290530
0.008031483860493
0.008023701195288
0.008015475623132
0.008007200463060
0.007999248366907
0.007991946145944
0.007985553765833
0.007980248846685
0.007976117572839
0.007973152432543
0.007971256707074
0.007970255148300
0.007969909857543
0.007969940036149
0.007970044042130
0.007969922071999
0.007969297797650
0.007967937420664
0.007965664847757
0.007962372020396
0.007958023822153
