0.153783349343557
0.154897436792278
0.156024397419635
0.157154915706866
0.158279742231686
0.159389770731761
0.160476111089073
0.161530158052803
0.162543655589876
0.163508756796363
0.164418079321837
0.165264756255707
0.166042482404686
0.166745555859449
0.167368914712634
0.167908168755650
0.168359625954275
0.168720313487899
0.168987993137918
0.169161170830384
0.169239100176915
0.169221779916071
0.169109945232358
0.168905053018786
0.168609261246790
0.168225402709187
0.167756953502131
0.167207996705114
0.166583181798773
0.165887680423884
0.165127139128303
0.164307629769002
0.163435598233363
0.162517812117596
0.161561307952838
0.160573338504064
0.159561320587891
0.158532783767401
0.157495320190896
0.156456535752582
0.155424002671606
0.154405213516733
0.153407536650681
0.152438173033903
0.151504114313474
0.150612102129207
0.149768588594777
0.148979697954226
0.148251189470074
0.147588421664308
0.146996318102627
0.146479334980568
0.146041430832331
0.145686038734765
0.145416041415843
0.145233749696258
0.145140884692178
0.145138564186106
0.145227293531484
0.145406961396579
0.145676840577098
0.146035594018105
0.146481286088332
0.147011399048419
0.147622854553387
0.148312039933359
0.149074838909013
0.149906666323001
0.150802506408114
0.151756954068958
0.152764258627099
0.153818369469785
0.154912983048233
0.156041590691353
0.157197526732051
0.158374016483092
0.159564223644748
0.160761296774305
0.161958414494618
0.163148829163498
0.164325908765298
0.165483176819634
0.166614350129206
0.167713374208881
0.168774456252597
0.169792095504291
0.170761110905382
0.171676665896543
0.172534290257110
0.173329898873674
0.174059807341462
0.174720744319639
0.175309860585074
0.175824734758830
0.176263375715383
0.176624221725261
0.176906136426215
0.177108401764458
0.177230708093632
0.177273141663078
0.177236169766267
0.177120623852930
0.176927680932676
0.176658843612437
0.176315919113853
0.175900997609662
0.175416430200297
0.174864806824261
0.174248934359605
0.173571815131163
0.172836625990657
0.172046698087412
0.171205497398130
0.170316606037628
0.169383704330651
0.168410553589862
0.167400979518140
0.166358856135361
0.165288090121483
0.164192605468639
0.163076328344501
0.161943172086522
0.160797022269922
0.159641721820158
0.158481056170801
0.157318738498619
0.156158395097099
0.155003550976088
0.153857615797275
0.152723870271670
0.151605453155531
0.150505348985033
0.149426376687371
0.148371179197721
0.147342214198016
0.146341746076217
0.145371839184685
0.144434352454728
0.143530935402738
0.142663025542494
0.141831847199429
0.141038411706369
0.140283518947019
0.139567760203462
0.138891522256856
0.138254992685983
0.137658166305795
0.137100852686580
0.136582684693186
0.136103127981888
0.135661491389234
0.135256938141873
0.134888497808642
0.134555078905770
0.134255482053312
0.133988413566099
0.133752499346503
0.133546298930036
0.133368319519545
0.133217029830635
0.133090873561534
0.132988282295860
0.132907687648015
0.132847532468853
0.132806280944448
0.132782427443298
0.132774503996844
0.132781086333990
0.132800798431237
0.132832315584547
0.132874366055241
0.132925731388161
0.132985245543754
0.133051793024510
0.133124306208426
0.133201762126090
0.133283178932079
0.133367612325113
0.133454152163856
0.133541919507255
0.133630064279841
0.133717763725415
0.133804221768247
0.133888669351598
0.133970365771462
0.134048600971229
0.134122698713188
0.134192020497656
0.134255970062244
0.134313998264000
0.134365608127379
0.134410359831684
0.134447875413254
0.134477842969828
0.134500020176217
0.134514236950567
0.134520397147167
0.134518479193120
0.134508535630104
0.134490691566556
0.134465142088131
0.134432148712966
0.134392035011741
0.134345181539326
0.134292020244224
0.134233028533434
0.134168723173876
0.134099654207512
0.134026399046385
0.133949556897158
0.133869743643500
0.133787587290106
0.133703724045962
0.133618795097580
0.133533444096991
0.133448315365090
0.133364052789403
0.133281299377147
0.133200697409775
0.133122889134273
0.133048517919040
0.132978229797975
0.132912675324868
0.132852511660849
0.132798404819761
0.132751031999391
0.132711083929860
0.132679267173816
0.132656306315857
0.132642945980936
0.132639952622965
0.132648116025922
0.132668250460331
0.132701195438552
0.132747816013234
0.132809002564731
0.132885670025949
0.132978756496929
0.133089221206997
0.133218041789451
0.133366210842619
0.133534731761510
0.133724613836021
0.133936866624370
0.134172493623733
0.134432485273441
0.134717811339204
0.135029412739127
0.135368192883376
0.135735008609055
0.136130660799883
0.136555884786478
0.137011340627637
0.137497603375944
0.138015153432602
0.138564367096805
0.139145507414643
0.139758715431450
0.140404001950314
0.141081239897805
0.141790157396338
0.142530331640525
0.143301183672340
0.144101974146665
0.144931800174101
0.145789593321770
0.146674118844273
0.147583976205954
0.148517600941585
0.149473267885439
0.150449095778347
0.151443053239301
0.152452966062428
0.153476525772989
0.154511299348078
0.155554739980254
0.156604198736613
0.157656936943414
0.158710139108315
0.159760926180355
0.160806368942462
0.161843501333980
0.162869333511353
0.163880864474003
0.164875094109225
0.165849034543533
0.166799720727137
0.167724220221499
0.168619642205007
0.169483145756679
0.170311947520086
0.171103328887055
0.171854642871074
0.172563320861859
0.173226879463843
0.173842927621348
0.174409174221711
0.174923436344875
0.175383648294552
0.175787871503794
0.176134305358332
0.176421298926833
0.176647363530815
0.176811186031334
0.176911642657069
0.176947813152237
0.176918994984540
0.176824717325507
0.176664754498858
0.176439138588214
0.176148170902907
0.175792432019930
0.175372790149248
0.174890407607666
0.174346745230495
0.173743564598224
0.173082928004607
0.172367196140310
0.171599023510376
0.170781351641860
0.169917400168920
0.169010655904750
0.168064860023207
0.167083993477487
0.166072260779868
0.165034072256499
0.163974024876483
0.162896881737023
0.161807550268613
0.160711059208484
0.159612534378945
0.158517173301663
0.157430218681069
0.156356930800399
0.155302558893005
0.154272311578996
0.153271326491683
0.152304639258463
0.151377152043992
0.150493601907550
0.149658529268378
0.148876246809553
0.148150809180119
0.147485983873945
0.146885223670561
0.146351641016347
0.145887984703513
0.145496619169564
0.145179506692066
0.144938192694825
0.144773794313960
0.144686992299393
0.144678026251981
0.144746693122955
0.144892348833800
0.145113912815064
0.145409875214491
0.145778306490999
0.146216869093001
0.146722830918110
0.147293080266287
0.147924142028948
0.148612194900327
0.149353089451958
0.150142366972703
0.150975279041901
0.151846807867462
0.152751687480085
0.153684425925607
0.154639328635871
0.155610523182305
0.156591985623192
0.157577568644758
0.158561031667479
0.159536073043684
0.160496364412311
0.161435587204537
0.162347471213377
0.163225835054990
0.164064628263805
0.164857974681458
0.165600216725247
0.166285960058246
0.166910118133894
0.167467956053912
0.167955133161711
0.168367743793531
0.168702355626014
0.168956045090017
0.169126429363956
0.169211694512904
0.169210619399156
0.169122595052473
0.168947639250837
0.168686406122565
0.168340190635573
0.167910927888290
0.167401187158023
0.166814160696914
0.166153647293378
0.165424030640097
