0.157811212137049
0.158813298236756
0.159783852290365
0.160715152578745
0.161599932743189
0.162431439213375
0.163203481985331
0.163910478232691
0.164547488318322
0.165110243877891
0.165595167771460
0.165999385841041
0.166320730567553
0.166557736884192
0.166709630568506
0.166776309795200
0.166758320578389
0.166656826958036
0.166473576884115
0.166210864817530
0.165871492094787
0.165458726091385
0.164976259165935
0.164428168275195
0.163818876022686
0.163153113746255
0.162435887070133
0.161672444153374
0.160868246668658
0.160028943353221
0.159160345797101
0.158268405981760
0.157359194962688
0.156438882008790
0.155513713473353
0.154589990678392
0.153674046145354
0.152772217597877
0.151890819291497
0.151036110383828
0.150214260238220
0.149431310744808
0.148693135934834
0.148005399347214
0.147373509770974
0.146802576124957
0.146297362340315
0.145862243176841
0.145501161928368
0.145217590954891
0.145014495921469
0.144894304530352
0.144858880408816
0.144909502668257
0.145046851488235
0.145270999911435
0.145581411870297
0.145976946311977
0.146455867152191
0.147015858676356
0.147654045922373
0.148367019525360
0.149150864481060
0.150001192289519
0.150913175970579
0.151881587492572
0.152900837219330
0.153965015051221
0.155067933006533
0.156203169053119
0.157364112051049
0.158544007699864
0.159736005395656
0.160933205891795
0.162128709622918
0.163315665496344
0.164487319882656
0.165637065452245
0.166758489414028
0.167845420622971
0.168891974942199
0.169892598180159
0.170842105880566
0.171735719227599
0.172569096345588
0.173338358323022
0.174040109375713
0.174671450681456
0.175229987565042
0.175713829882207
0.176121585637392
0.176452348064503
0.176705676593543
0.176881572309776
0.176980448677125
0.177003098435772
0.176950657688402
0.176824568255101
0.176626539399974
0.176358510012114
0.176022612260148
0.175621137636594
0.175156506170269
0.174631239419109
0.174047937669527
0.173409261571132
0.172717918236465
0.171976651643473
0.171188237002766
0.170355478599736
0.169481210499621
0.168568299416502
0.167619648997165
0.166638204758967
0.165626958945611
0.164588954623016
0.163527288424501
0.162445111464071
0.161345628061648
0.160232092057220
0.159107800624213
0.157976085619057
0.156840302617186
0.155703817880523
0.154569993573937
0.153442171595987
0.152323656411862
0.151217697274954
0.150127470200489
0.149056060014025
0.148006442744196
0.146981468568581
0.145983845459444
0.145016123618291
0.144080680739516
0.143179708108093
0.142315197517365
0.141488928991931
0.140702459317627
0.139957111414024
0.139253964632069
0.138593846116158
0.137977323430992
0.137404698713466
0.136876004662363
0.136391002718168
0.135949183806631
0.135549772018437
0.135191731570652
0.134873777341985
0.134594389193608
0.134351830182328
0.134144168647053
0.133969304007847
0.133824995966222
0.133708896642793
0.133618585042347
0.133551603104630
0.133505492489569
0.133477831164881
0.133466268818057
0.133468560107065
0.133482594797393
0.133506423907040
0.133538281093929
0.133576598667861
0.133620017785866
0.133667392587973
0.133717788241698
0.133770473078298
0.133824905212786
0.133880714233018
0.133937678712657
0.133995700440624
0.134054776359984
0.134114969268051
0.134176378344613
0.134239110546877
0.134303253840170
0.134368853126650
0.134435889596427
0.134504264063625
0.134573784672381
0.134644159173282
0.134714991788109
0.134785784508369
0.134855942518321
0.134924783302547
0.134991548896061
0.135055420664683
0.135115535965862
0.135171006034988
0.135220934466525
0.135264435709797
0.135300653070129
0.135328775791872
0.135348054893678
0.135357817522036
0.135357479680115
0.135346557270044
0.135324675453417
0.135291576383929
0.135247125395937
0.135191315743282
0.135124271975155
0.135046252013019
0.134957647958190
0.134858985618658
0.134750922701091
0.134634245575185
0.134509864487812
0.134378807088147
0.134242210125913
0.134101309205326
0.133957426518172
0.133811956540340
0.133666349754699
0.133522094556055
0.133380697596159
0.133243662932508
0.133112470447363
0.132988554096386
0.132873280622611
0.132767929425137
0.132673674297759
0.132591567746592
0.132522528555640
0.132467333194347
0.132426611552970
0.132400847353374
0.132390383419573
0.132395431810589
0.132416088625967
0.132452353100147
0.132504150415073
0.132571357490114
0.132653830862909
0.132751435662074
0.132864074598565
0.132991715871664
0.133134418900114
0.133292356849331
0.133465835029660
0.133655304384317
0.133861369462860
0.134084790479017
0.134326479271523
0.134587489213529
0.134868999339995
0.135172293173416
0.135498732917078
0.135849729843702
0.136226711829417
0.136631089063740
0.137064219003328
0.137527371629948
0.138021696023673
0.138548189173983
0.139107667830283
0.139700744046108
0.140327804906115
0.140988996750475
0.141684214036477
0.142413092810059
0.143175008608656
0.143969078487315
0.144794166757538
0.145648893955875
0.146531648518288
0.147440600626192
0.148373717708377
0.149328781126158
0.150303403631407
0.151295047263096
0.152301041430287
0.153318601012066
0.154344844380865
0.155376811319493
0.156411480849564
0.157445789016461
0.158476646682057
0.159500957361388
0.160515635104597
0.161517622374584
0.162503907808145
0.163471543679483
0.164417662816582
0.165339494658851
0.166234380095380
0.167099784692661
0.167933309913049
0.168732701944042
0.169495857804998
0.170220828472078
0.170905818861755
0.171549184634448
0.172149425917034
0.172705178189528
0.173215200729011
0.173678363144942
0.174093630665482
0.174460048936849
0.174776729169542
0.175042834501247
0.175257568442061
0.175420166221573
0.175529889769629
0.175586026935560
0.175587895389014
0.175534851455925
0.175426303933719
0.175261732710015
0.175040711789175
0.174762936121412
0.174428251439713
0.174036686150225
0.173588484199135
0.173084137760293
0.172524418556089
0.171910406641587
0.171243515547498
0.170525512788248
0.169758534891940
0.168945096291818
0.168088091625802
0.167190791211484
0.166256829688701
0.165290188040281
0.164295169403976
0.163276369266614
0.162238640777964
0.161187056031558
0.160126864229699
0.159063447678899
0.158002276551724
0.156948863304084
0.155908717559001
0.154887302164838
0.153889991015505
0.152922029090214
0.151988495039011
0.151094266515085
0.150243988342602
0.149442043515041
0.148692526947554
0.147999221860207
0.147365578647353
0.146794696090585
0.146289304795833
0.145851752774699
0.145483993140899
0.145187573948479
0.144963630253083
0.144812878524989
0.144735613577150
0.144731708189125
0.144800615604902
0.144941375058038
0.145152620431134
0.145432592090257
0.145779151851881
0.146189800944865
0.146661700728981
0.147191695830741
0.147776339263901
0.148411919022624
0.149094485575895
0.149819879657657
0.150583759741980
0.151381628618494
0.152208858540544
0.153060714505684
0.153932375341516
0.154818952404440
0.155715505848192
0.156617058575083
0.157518608137660
0.158415137003225
0.159301621720246
0.160173041626568
0.161024387808258
0.161850673050125
0.162646943511766
0.163408292815357
0.164129879144961
0.164806945834961
0.165434845772868
0.166009069765910
0.166525278829752
0.166979340160318
0.167367366355315
0.167685757269780
0.167931243728301
0.168100932182914
0.168192349305851
0.168203485444684
0.168132835845899
0.167979438572046
0.167742908095330
0.167423463643246
0.167021951494529
