0.009458353016080
0.009457735569951
0.009458751255929
0.009461435342054
0.009465757342527
0.009471621219976
0.009478868137177
0.009487281682186
0.009496595394591
0.009506502329918
0.009516666317800
0.009526734500474
0.009536350684257
0.009545169000203
0.009552867352553
0.009559160135863
0.009563809723884
0.009566636274673
0.009567525455752
0.009566433768196
0.009563391236717
0.009558501330809
0.009551938086226
0.009543940502603
0.009534804397757
0.009524871998292
0.009514519635556
0.009504143992413
0.009494147406579
0.009484922777994
0.009476838649081
0.009470225026760
0.009465360493492
0.009462461112040
0.009461671566422
0.009463058901843
0.009466609132060
0.009472226877050
0.009479738080927
0.009488895743896
0.009499388487098
0.009510851659746
0.009522880598217
0.009535045560639
0.009546907791339
0.009558036120138
0.009568023473998
0.009576502674163
0.009583160911195
0.009587752332704
0.009590108242779
0.009590144496043
0.009587865769838
0.009583366511937
0.009576828483981
0.009568514948317
0.009558761673190
0.009547965053545
0.009536567757486
0.009525042407255
0.009513873884608
0.009503540910439
0.009494497584871
0.009487155585168
0.009481867703954
0.009478913369579
0.009478486725197
0.009480687755373
0.009485516841704
0.009492873005846
0.009502555963771
0.009514271973972
0.009527643319733
0.009542221126968
0.009557501089431
0.009572941557599
0.009587983350414
0.009602070574433
0.009614671685799
0.009625300008969
0.009633532933625
0.009639029047767
0.009641542529673
0.009640934212389
0.009637178848581
0.009630368237155
0.009620710021426
0.009608522126467
0.009594222964969
0.009578317700628
0.009561381009701
0.009544036919366
0.009526936420451
0.009510733647334
0.009496061485426
0.009483507503660
0.009473591114006
0.009466742831323
0.009463286445556
0.009463424825759
0.009467229954815
0.009474637648691
0.009485447249639
0.009499326404511
0.009515820853609
0.009534368968852
0.009554320599332
0.009574959614281
0.009595529384414
0.009615260318394
0.009633398476785
0.009649234225356
0.009662129865824
0.009671545196790
0.009677060010789
0.009678392624188
0.009675413662309
0.009668154479094
0.009656809773631
0.009641734168993
0.009623432735138
0.009602545659579
0.009579827489213
0.009556121576210
0.009532330552305
0.009509383821976
0.009488203199229
0.009469667909398
0.009454580232245
0.009443633072608
0.009437380708450
0.009436213883623
0.009440340285621
0.009449771280575
0.009464315573564
0.009483580228348
0.009506979224340
0.009533749458571
0.009562973825661
0.009593610739053
0.009624529201578
0.009654548302250
0.009682479817766
0.009707172439517
0.009727556036574
0.009742684307473
0.009751774172187
0.009754240312199
0.009749723380944
0.009738110576820
0.009719547492501
0.009694440421276
0.009663448606084
0.009627466250555
0.009587594463309
0.009545103665823
0.009501387348373
0.009457908396054
0.009416139515707
0.009377499563735
0.009343287794014
0.009314618205526
0.009292356263980
0.009277060295132
0.009268929796914
0.009267762791972
0.009272924143542
0.009283326489769
0.009297425120963
0.009313227739483
0.009328319613311
0.009339904174213
0.009344858632984
0.009339803702059
0.009321186044641
0.009285371624168
0.009228747723007
0.009147831048127
0.009039379056457
0.008900501424063
0.008728768459621
0.008522313229789
0.008279924225455
0.008001125553895
0.007686241890455
0.007336445759302
0.006953785128253
0.006541189787392
0.006102455522428
0.005642205677100
0.005165830308272
0.004679403755693
0.004189582057989
0.003703482229728
0.003228545954067
0.002772390725499
0.002342651882733
0.001946819290190
0.001592072647532
0.001285119522332
0.001032040206800
0.000838143393689
0.000707836450650
0.000644513751208
0.000650466101845
0.000726813799166
0.000873465271913
0.001089102625187
0.001371194725729
0.001716037766078
0.002118822541004
0.002573726981300
0.003074031836801
0.003612256800594
0.004180313836448
0.004769674026274
0.005371543906449
0.005977047020576
0.006577406288632
0.007164122781755
0.007729146598406
0.008265035758194
0.008765099357895
0.009223521660765
0.009635464303110
0.009997144386620
0.010305886864842
0.010560150309375
0.010759525836987
0.010904709673646
0.010997450506187
0.011040473408607
0.011037382710558
0.010992546684945
0.010910967356391
0.010798139061788
0.010659899620274
0.010502278087780
0.010331343078982
0.010153055538319
0.009973129636290
0.009796905164708
0.009629234415185
0.009474386061120
0.009335968039356
0.009216870859236
0.009119232171151
0.009044422821013
0.008993054019208
0.008965004679144
0.008959467447636
0.008975011471528
0.009009659534698
0.009060976867427
0.009126168683897
0.009202183348603
0.009285818011151
0.009373823580874
0.009463006034875
0.009550321259657
0.009632960909359
0.009708427112499
0.009774594262002
0.009829756566844
0.009872660513482
0.009902521866663
0.009919027317384
0.009922321346265
0.009912979300041
0.009891968064893
0.009860596052361
0.009820454482895
0.009773352152056
0.009721245990771
0.009666169781854
0.009610163370832
0.009555204612613
0.009503146131829
0.009455658750649
0.009414183162206
0.009379891110626
0.009353656991124
0.009336040417604
0.009327279932781
0.009327297669103
0.009335714419230
0.009351874253254
0.009374877535841
0.009403620958052
0.009436843012368
0.009473173209921
0.009511183268804
0.009549438492347
0.009586547605074
0.009621209418520
0.009652254854352
0.009678683051830
0.009699690522787
0.009714692581393
0.009723336558366
0.009725506600347
0.009721320144841
0.009711116440005
0.009695437737427
0.009675004016961
0.009650682298472
0.009623451750426
0.009594365915401
0.009564513435188
0.009534978672271
0.009506803590816
0.009480952181164
0.009458278590894
0.009439499968049
0.009425174834100
0.009415687592945
0.009411239555293
0.009411846623331
0.009417343546745
0.009427394435973
0.009441509009425
0.009459063865237
0.009479327910664
0.009501490958356
0.009524694411878
0.009548062915292
0.009570735833984
0.009591897465819
0.009610804951015
0.009626812952796
0.009639394314510
0.009648156057330
0.009652850259777
0.009653379549714
0.009649797134271
0.009642301486468
0.009631225992515
0.009617024034513
0.009600250133932
0.009581537906964
0.009561575679699
0.009541080676276
0.009520772724998
0.009501348425440
0.009483456684479
0.009467676462840
0.009454497479042
0.009444304498386
0.009437365695574
0.009433825425748
0.009433701576089
0.009436887504291
0.009443158407251
0.009452181808812
0.009463531714681
0.009476705860459
0.009491145378971
0.009506256139073
0.009521430961779
0.009536071902337
0.009549611798658
0.009561534326541
0.009571391868486
0.009578820592761
0.009583552249225
0.009585422314042
0.009584374252031
0.009580459808090
0.009573835382614
0.009564754685127
0.009553557990431
0.009540658438090
0.009526525914981
0.009511669138770
0.009496616614987
0.009481897170330
0.009468020769191
0.009455460299394
0.009444634967939
0.009435895880052
0.009429514287804
0.009425672891483
0.009424460461469
0.009425869925150
0.009429799936703
0.009436059822116
0.009444377671985
0.009454411244705
0.009465761246383
0.009477986474513
0.009490620252644
0.009503187544961
0.009515222123863
0.009526283170544
0.009535970717800
0.009543939394279
0.009549909998271
0.009553678514025
0.009555122281307
0.009554203135756
0.009550967449576
