0.001349670481253
0.001323705914711
0.001297159191010
0.001270148206612
0.001242797232015
0.001215235911925
0.001187597973020
0.001160019669253
0.001132638009788
0.001105588827921
0.001079004759805
0.001053013208997
0.001027734376241
0.001003279433277
0.000979748914750
0.000957231393701
0.000935802494018
0.000915524278182
0.000896445031440
0.000878599445077
0.000862009182634
0.000846683794818
0.000832621932433
0.000819812792773
0.000808237724435
0.000797871908967
0.000788686035559
0.000780647887346
0.000773723764584
0.000767879680844
0.000763082282638
0.000759299460015
0.000756500634454
0.000754656730037
0.000753739853034
0.000753722722849
0.000754577912494
0.000756276968633
0.000758789489003
0.000762082238181
0.000766118380994
0.000770856906407
0.000776252303829
0.000782254538890
0.000788809357860
0.000795858929787
0.000803342814409
0.000811199223050
0.000819366520237
0.000827784896849
0.000836398132228
0.000845155353607
0.000854012697121
0.000862934775795
0.000871895866394
0.000880880738424
0.000889885064609
0.000898915371783
0.000907988513506
0.000917130669573
0.000926375901731
0.000935764318025
0.000945339919049
0.000955148216787
0.000965233729850
0.000975637466855
0.000986394512098
0.000997531824345
0.001009066350535
0.001021003542054
0.001033336342471
0.001046044693370
0.001059095580134
0.001072443613601
0.001086032117648
0.001099794668400
0.001113657009047
0.001127539246397
0.001141358222158
0.001155029944273
0.001168471961792
0.001181605570890
0.001194357749576
0.001206662733815
0.001218463167541
0.001229710782275
0.001240366587694
0.001250400581067
0.001259791009761
0.001268523245460
0.001276588350162
0.001283981431176
0.001290699894285
0.001296741710266
0.001302103809645
0.001306780713872
0.001310763498174
0.001314039162947
0.001316590467400
0.001318396252530
0.001319432251805
0.001319672358560
0.001319090290803
0.001317661568424
0.001315365696108
0.001312188429020
0.001308123988446
0.001303177091861
0.001297364666652
0.001290717128879
0.001283279127620
0.001275109680663
0.001266281657468
0.001256880598847
0.001247002897966
0.001236753402291
0.001226242528916
0.001215583014683
0.001204886445779
0.001194259727871
0.001183801666094
0.001173599823836
0.001163727819997
0.001154243206555
0.001145186042638
0.001136578248961
0.001128423789119
0.001120709683626
0.001113407820786
0.001106477487723
0.001099868507269
0.001093524833882
0.001087388436261
0.001081403277079
0.001075519192477
0.001069695476117
0.001063903984691
0.001058131603437
0.001052381940406
0.001046676155496
0.001041052872862
0.001035567171091
0.001030288692140
0.001025298955198
0.001020688002855
0.001016550542211
0.001012981770807
0.001010073095035
0.001007907955912
0.001006557973211
0.001006079603939
0.001006511485600
0.001007872599744
0.001010161348530
0.001013355588535
0.001017413614198
0.001022276030731
0.001027868405719
0.001034104542852
0.001040890182552
0.001048126905204
0.001055715994934
0.001063562016795
0.001071575868613
0.001079677090592
0.001087795250655
0.001095870270026
0.001103851609985
0.001111696304479
0.001119365891606
0.001126822366473
0.001134023345213
0.001140916691484
0.001147434909091
0.001153489644481
0.001158966667879
0.001163721709869
0.001167577519707
0.001170322482087
0.001171711080719
0.001171466431129
0.001169285023531
0.001164843722451
0.001157808966478
0.001147848003427
0.001134641887806
0.001117899863792
0.001097374662717
0.001072878164123
0.001044296808034
0.001011606106855
0.000974883591133
0.000934319536222
0.000890224857483
0.000843035629677
0.000793313780253
0.000741743623510
0.000689124039550
0.000636356253707
0.000584427333413
0.000534389684158
0.000487336987922
0.000444377179907
0.000406603196079
0.000375062339399
0.000350725201246
0.000334455132454
0.000326979282180
0.000328862210843
0.000340483034776
0.000362016976060
0.000393422073197
0.000434431660474
0.000484553050643
0.000543072662577
0.000609067629444
0.000681423710760
0.000758859120831
0.000839953684248
0.000923182543343
0.001006953479871
0.001089646779557
0.001169656468756
0.001245431691102
0.001315516971459
0.001378590135660
0.001433496717374
0.001479279785939
0.001515204268089
0.001540775007506
0.001555748003425
0.001560134486330
0.001554197717720
0.001538442634177
0.001513598685293
0.001480596432683
0.001440538675537
0.001394667040288
0.001344325111842
0.001290919286814
0.001235878591746
0.001180614729384
0.001126483593277
0.001074749426316
0.001026552694848
0.000982882610748
0.000944555064483
0.000912196539072
0.000886234364976
0.000866893457111
0.000854199455114
0.000847987974699
0.000847919478844
0.000853499099637
0.000864100590808
0.000878993472381
0.000897372345943
0.000918387314347
0.000941174433759
0.000964885158446
0.000988713807462
0.001011922184011
0.001033860608354
0.001053984778138
0.001071868039712
0.001087208833753
0.001099833261292
0.001109692895276
0.001116858131409
0.001121507524336
0.001123913685816
0.001124426426379
0.001123453897532
0.001121442536221
0.001118856625957
0.001116158270372
0.001113788526635
0.001112150370901
0.001111594069451
0.001112405412073
0.001114797133487
0.001118903709906
0.001124779576710
0.001132400675418
0.001141669108939
0.001152420568370
0.001164434096634
0.001177443677286
0.001191151083486
0.001205239393727
0.001219386577967
0.001233278579572
0.001246621363408
0.001259151465914
0.001270644665694
0.001280922489178
0.001289856370699
0.001297369395303
0.001303435660890
0.001308077399327
0.001311360089675
0.001313385876759
0.001314285672049
0.001314210358644
0.001313321546852
0.001311782330719
0.001309748479366
0.001307360461478
0.001304736648750
0.001301967977514
0.001299114270398
0.001296202335620
0.001293225874347
0.001290147140571
0.001286900217006
0.001283395698255
0.001279526512008
0.001275174562719
0.001270217852008
0.001264537716687
0.001258025829246
0.001250590625985
0.001242162863570
0.001232700053374
0.001222189582143
0.001210650394063
0.001198133180063
0.001184719091677
0.001170517065673
0.001155659908770
0.001140299346398
0.001124600283117
0.001108734553428
0.001092874459012
0.001077186391553
0.001061824829390
0.001046926972220
0.001032608242364
0.001018958835637
0.001006041452055
0.000993890279065
0.000982511240468
0.000971883465647
0.000961961878661
0.000952680757867
0.000943958075972
0.000935700399626
0.000927808107969
0.000920180681634
0.000912721817671
0.000905344141261
0.000897973310887
0.000890551348430
0.000883039067561
0.000875417520697
0.000867688434268
0.000859873651770
0.000852013651531
0.000844165249197
0.000836398631475
0.000828793896170
0.000821437292657
0.000814417365903
0.000807821205795
0.000801730992019
0.000796221003807
0.000791355234858
0.000787185718056
0.000783751624278
0.000781079156720
0.000779182218914
0.000778063793240
0.000777717929380
0.000778132210539
0.000779290541158
0.000781176084186
0.000783774169660
0.000787074999470
0.000791075985587
0.000795783579865
0.000801214481748
0.000807396144138
0.000814366535642
0.000822173157249
0.000830871351219
0.000840521977505
0.000851188566356
0.000862934083386
0.000875817463700
0.000889890083947
0.000905192344664
0.000921750529995
0.000939574098259
0.000958653535510
0.000978958876614
0.001000438965723
0.001023021492312
0.001046613801776
0.001071104443146
0.001096365382299
0.001122254779086
