0.182693685306724
0.182789957450638
0.182889382386224
0.182992799243337
0.183101009449145
0.183214760469584
0.183334731642563
0.183461522967386
0.183595647539255
0.183737528086769
0.183887497798926
0.184045805333870
0.184212623604908
0.184388061660750
0.184572178737181
0.184764999374661
0.184966528386102
0.185176764432095
0.185395711022565
0.185623383913999
0.185859814103278
0.186105045920125
0.186359130071976
0.186622111875116
0.186894015287968
0.187174823719235
0.187464458887743
0.187762759237680
0.188069459541661
0.188384173340321
0.188706379763774
0.189035416058771
0.189370476815978
0.189710620473488
0.190054783191859
0.190401799685555
0.190750430091886
0.191099391499591
0.191447392381161
0.191793167907763
0.192135513998136
0.192473317977990
0.192805583909061
0.193131450978869
0.193450203804401
0.193761274064853
0.194064233501153
0.194358778957816
0.194644710747433
0.194921906142216
0.195190290197353
0.195449806352322
0.195700389314754
0.195941942595803
0.196174322740398
0.196397331798297
0.196610718945415
0.196814191433526
0.197007434273676
0.197190137302913
0.197362027604923
0.197522904708667
0.197672675623636
0.197811386622033
0.197939248768783
0.198056654534028
0.198164183385837
0.198262595021687
0.198352809807308
0.198435876989373
0.198512932262219
0.198585147221865
0.198653674056551
0.198719589431097
0.198783841863031
0.198847206918275
0.198910254249697
0.198973329862723
0.199036556042481
0.199099850164911
0.199162962210667
0.199225529295060
0.199287144023366
0.199347432089510
0.199406133368927
0.199463179917331
0.199518763864753
0.199573388255171
0.199627894463772
0.199683460930999
0.199741569553085
0.199803938094954
0.199872419340159
0.199948870231340
0.200034996827389
0.200132183339129
0.200241315629088
0.200362611204362
0.200495468744837
0.200638350471596
0.200788710090327
0.200942977607146
0.201096610026211
0.201244213870720
0.201379741745263
0.201496760949859
0.201588787677489
0.201649675819985
0.201674045131769
0.201657729719532
0.201598224788180
0.201495107500960
0.201350406884324
0.201168898051453
0.200958297694027
0.200729340792018
0.200495722735436
0.200273896389499
0.200082719849149
0.199942957448851
0.199876643703978
0.199906326918254
0.200054215844224
0.200341258684767
0.200786188553021
0.201404572988453
0.202207907039104
0.203202789615837
0.204390221235641
0.205765057914064
0.207315650945297
0.209023695807426
0.210864305711121
0.212806316696594
0.214812822048708
0.216841924547412
0.218847686115200
0.220781246171444
0.222592072833409
0.224229305345800
0.225643142042141
0.226786225932001
0.227614979771699
0.228090844224575
0.228181376369699
0.227861171206899
0.227112575682743
0.225926172811897
0.224301022324613
0.222244653535061
0.219772815384769
0.216908997466157
0.213683743895452
0.210133788849902
0.206301048139116
0.202231505145153
0.197974031721389
0.193579185151225
0.189098021082358
0.184580959596938
0.180076737447773
0.175631474237876
0.171287874239367
0.167084578957130
0.163055678770751
0.159230385353617
0.155632860365238
0.152282190397639
0.149192493535766
0.146373139314250
0.143829061406156
0.141561141087657
0.139566639350823
0.137839656393983
0.136371598969478
0.135151638539245
0.134167146183273
0.133404093516102
0.132847412284659
0.132481308650874
0.132289531231493
0.132255594631876
0.132362962363487
0.132595194609146
0.132936067269053
0.133369669096781
0.133880483565185
0.134453461464959
0.135074089232740
0.135728456745647
0.136403326924965
0.137086208081774
0.137765428620086
0.138430212581193
0.139070753638042
0.139678284577736
0.140245139065291
0.140764802558629
0.141231949615907
0.141642465454398
0.141993450422208
0.142283206957489
0.142511209557199
0.142678059183472
0.142785424331411
0.142835971610369
0.142833289108900
0.142781805996563
0.142686711756171
0.142553878148847
0.142389786518085
0.142201462378256
0.141996418458186
0.141782606537946
0.141568377585192
0.141362448922315
0.141173876487301
0.141012029730318
0.140886566344049
0.140807403875064
0.140784685309245
0.140828735956835
0.140950009361129
0.141159020488740
0.141466265092115
0.141882124825458
0.142416758402183
0.143079979765837
0.143881124872061
0.144828909218148
0.145931278688378
0.147195256595649
0.148626789989408
0.150230598371568
0.152010027927291
0.153966914253813
0.156101456378235
0.158412104617195
0.160895464569409
0.163546219266386
0.166357071253591
0.169318706145590
0.172419779000445
0.175646924691493
0.178984793313567
0.182416111535964
0.185921770692639
0.189480942264926
0.193071221246675
0.196668797669446
0.200248656291919
0.203784804111893
0.207250524934737
0.210618659728244
0.213861910915014
0.216953168111420
0.219865852133169
0.222574273373534
0.225053999947409
0.227282230310810
0.229238164441497
0.230903367131244
0.232262116521877
0.233301730739846
0.234012865367291
0.234389774546009
0.234430528752020
0.234137182704377
0.233515887477985
0.232576941665696
0.231334777364783
0.229807877827593
0.228018624793569
0.225993074786594
0.223760664993226
0.221353850710744
0.218807677746152
0.216159294537703
0.213447410139280
0.210711705536636
0.207992207034777
0.205328631648679
0.202759715524691
0.200322537394364
0.198051849889490
0.195979432197135
0.194133477972329
0.192538032617358
0.191212493941726
0.190171189797793
0.189423045508083
0.188971352731814
0.188813649839135
0.188941721863574
0.189341725692699
0.189994443359370
0.190875663155779
0.191956684876196
0.193204941889063
0.194584729051759
0.196058021835692
0.197585368562314
0.199126834506405
0.200642973947482
0.202095804183794
0.203449754193562
0.204672560142147
0.205736080372199
0.206617003923616
0.207297429020873
0.207765291305290
0.208014625804942
0.208045651609481
0.207864673796110
0.207483803147409
0.206920500395040
0.206196957880282
0.205339337397806
0.204376888340060
0.203340974854779
0.202264044360073
0.201178572255906
0.200116018896091
0.199105834759454
0.198174548256016
0.197344967755451
0.196635525320356
0.196059784411629
0.195626127703501
0.195337634340662
0.195192148761886
0.195182535897223
0.195297110422156
0.195520221119858
0.195832965541766
0.196214005315554
0.196640448834503
0.197088765826508
0.197535697538323
0.197959127010184
0.198338876120569
0.198657399648631
0.198900351370526
0.199057002960436
0.199120502949129
0.199087969913442
0.198960421121913
0.198742544734718
0.198442330050544
0.198070575934418
0.197640302211190
0.197166092279887
0.196663397360923
0.196147833559748
0.195634502309362
0.195137362796778
0.194668681801585
0.194238582148589
0.193854705916634
0.193522002901710
0.193242648875703
0.193016092192878
0.192839221550132
0.192706642462200
0.192611045498507
0.192543645733833
0.192494670332139
0.192453869800987
0.192411028255017
0.192356448986838
0.192281393683934
0.192178456622679
0.192041858945386
0.191867652480177
0.191653827270649
0.191400321806053
0.191108939646639
0.190783180498945
0.190427997610763
0.190049496456358
0.189654591939837
0.189250642674601
0.188845081263970
0.188445058925870
0.188057121333683
0.187686930289502
0.187339042945274
0.187016756910238
0.186722025917235
0.186455446962341
0.186216316176550
0.186002747318302
0.185811843853525
0.185639913249186
0.185482710445886
0.185335696554359
0.185194298658913
0.185054157186497
0.184911348553664
0.184762572642930
0.184605296964645
