0.002021883503530
0.002022342494454
0.002022733233521
0.002023031295709
0.002023217339559
0.002023278306520
0.002023208274944
0.002023008913890
0.002022689504086
0.002022266517861
0.002021762775182
0.002021206217661
0.002020628365135
0.002020062538777
0.002019541949572
0.002019097760391
0.002018757233232
0.002018542070173
0.002018467047249
0.002018539025281
0.002018756401406
0.002019109040759
0.002019578700814
0.002020139932703
0.002020761416132
0.002021407658775
0.002022040968820
0.002022623592019
0.002023119893151
0.002023498457123
0.002023733987250
0.002023808887702
0.002023714433158
0.002023451450645
0.002023030465127
0.002022471290302
0.002021802077545
0.002021057867230
0.002020278716054
0.002019507499657
0.002018787510312
0.002018159983499
0.002017661693768
0.002017322759044
0.002017164783250
0.002017199450271
0.002017427658657
0.002017839257244
0.002018413408688
0.002019119572533
0.002019919063846
0.002020767109663
0.002021615295513
0.002022414269855
0.002023116556844
0.002023679318686
0.002024066908470
0.002024253063144
0.002024222603732
0.002023972535340
0.002023512471505
0.002022864344485
0.002022061403009
0.002021146539707
0.002020170029596
0.002019186796304
0.002018253352157
0.002017424579999
0.002016750537274
0.002016273465553
0.002016025181000
0.002016025003441
0.002016278354492
0.002016776120025
0.002017494830837
0.002018397670046
0.002019436268840
0.002020553206468
0.002021685088361
0.002022766040425
0.002023731430126
0.002024521607614
0.002025085454100
0.002025383530603
0.002025390637885
0.002025097627304
0.002024512340924
0.002023659605673
0.002022580258161
0.002021329231185
0.002019972786895
0.002018585032123
0.002017243895460
0.002016026780705
0.002015006135123
0.002014245181893
0.002013794063271
0.002013686624181
0.002013938035711
0.002014543415782
0.002015477552031
0.002016695772503
0.002018135946096
0.002019721530455
0.002021365523625
0.002022975120852
0.002024456832660
0.002025721787587
0.002026690924805
0.002027299779813
0.002027502580893
0.002027275404861
0.002026618186337
0.002025555433432
0.002024135571211
0.002022428909214
0.002020524306574
0.002018524683667
0.002016541598517
0.002014689165286
0.002013077637545
0.002011807007710
0.002010960983943
0.002010601695869
0.002010765450554
0.002011459811477
0.002012662207714
0.002014320201489
0.002016353453485
0.002018657331564
0.002021108014726
0.002023568855622
0.002025897686562
0.002027954690588
0.002029610414641
0.002030753479345
0.002031297541270
0.002031187089608
0.002030401709207
0.002028958514047
0.002026912546200
0.002024355040743
0.002021409571700
0.002018226211900
0.002014973954247
0.002011831746916
0.002008978584382
0.002006583164311
0.002004793662919
0.002003728194919
0.002003466507043
0.002004043405894
0.002005444343267
0.002007603477908
0.002010404406915
0.002013683618346
0.002017236566481
0.002020826120138
0.002024192990972
0.002027067620642
0.002029182901009
0.002030287026620
0.002030155739235
0.002028603223658
0.002025490954571
0.002020733875171
0.002014303407746
0.002006226949389
0.001996583686347
0.001985496759772
0.001973122024400
0.001959633849259
0.001945208605144
0.001930006656306
0.001914153813480
0.001897723303071
0.001880719355703
0.001863063511386
0.001844584675521
0.001825013840082
0.001803984210342
0.001781037255347
0.001755634938173
0.001727178090691
0.001695030589630
0.001658548680168
0.001617114494905
0.001570172544698
0.001517267727620
0.001458083226319
0.001392476552964
0.001320511963414
0.001242487503298
0.001158955070374
0.001070732078038
0.000978903578839
0.000884814045275
0.000790048395862
0.000696402282427
0.000605842102532
0.000520455650097
0.000442394748329
0.000373811602451
0.000316790947371
0.000273280330746
0.000245021051138
0.000233482353615
0.000239801464673
0.000264731922279
0.000308602427453
0.000371288117497
0.000452195748894
0.000550263794552
0.000663977923896
0.000791401765828
0.000930222276556
0.001077808469998
0.001231281741195
0.001387595545033
0.001543621803496
0.001696241121728
0.001842433709438
0.001979367838668
0.002104482725508
0.002215562901131
0.002310801430494
0.002388849734330
0.002448852256474
0.002490464775143
0.002513855761426
0.002519690817029
0.002509100850931
0.002483635256056
0.002445201898153
0.002395996207787
0.002338422053716
0.002275007356671
0.002208317565969
0.002140870161533
0.002075053260076
0.002013051200758
0.001956779671893
0.001907832530045
0.001867441973855
0.001836453187947
0.001815313990292
0.001804079423745
0.001802430653354
0.001809706989110
0.001824949370556
0.001846953244047
0.001874328450645
0.001905563533860
0.001939091778226
0.001973356303799
0.002006871665023
0.002038279627497
0.002066397111035
0.002090254676799
0.002109124381804
0.002122536305511
0.002130283549118
0.002132415997084
0.002129223591481
0.002121210284144
0.002109060182611
0.002093597680206
0.002075743548674
0.002056469067891
0.002036750269932
0.002017524286890
0.001999649620022
0.001983871902234
0.001970796419799
0.001960868308159
0.001954360957664
0.001951372776185
0.001951832074316
0.001955509482418
0.001962036992238
0.001970932452294
0.001981628145893
0.001993501950435
0.002005909520199
0.002018215952143
0.002029825481974
0.002040207909441
0.002048920658164
0.002055625624817
0.002060100252052
0.002062242554959
0.002062070127749
0.002059713441706
0.002055404004213
0.002049458170614
0.002042257576442
0.002034227280520
0.002025812775510
0.002017457030580
0.002009578682576
0.002002552391748
0.001996692232364
0.001992238806062
0.001989350556700
0.001988099540787
0.001988471678874
0.001990371291772
0.001993629521734
0.001998016062202
0.002003253478026
0.002009033296992
0.002015032996714
0.002020932999571
0.002026432821556
0.002031265595439
0.002035210299318
0.002038101161911
0.002039833877580
0.002040368438513
0.002039728569389
0.002037997922281
0.002035313347974
0.002031855696862
0.002027838711849
0.002023496652709
0.002019071333273
0.002014799258654
0.002010899520375
0.002007563045362
0.002004943704515
0.002003151673462
0.002002249308704
0.002002249663688
0.002003117628921
0.002004773545201
0.002007099016232
0.002009944542146
0.002013138513684
0.002016497051414
0.002019834147480
0.002022971569411
0.002025748015614
0.002028027067732
0.002029703562577
0.002030708101092
0.002031009518274
0.002030615250412
0.002029569648264
0.002027950391074
0.002025863251273
0.002023435538705
0.002020808612560
0.002018129886386
0.002015544765316
0.002013188944850
0.002011181468472
0.002009618889320
0.002008570812342
0.002008077012065
0.002008146231779
0.002008756677607
0.002009858130560
0.002011375515901
0.002013213696300
0.002015263196838
0.002017406528646
0.002019524755540
0.002021503945128
0.002023241162142
0.002024649695807
0.002025663262582
0.002026238987658
0.002026359039356
0.002026030866244
0.002025286063063
0.002024177964422
0.002022778130839
0.002021171946831
0.002019453592585
0.002017720677511
0.002016068834567
0.002014586568480
0.002013350629682
0.002012422150304
0.002011843731417
0.002011637614409
0.002011805007491
0.002012326574029
0.002013164026443
0.002014262710975
0.002015555017871
0.002016964410933
0.002018409841914
0.002019810300159
0.002021089246653
0.002022178694025
0.002023022719062
0.002023580230255
0.002023826857627
0.002023755883018
0.002023378183077
