3.328551977792204752e+02
3.388600468771960550e+02
3.450184552445149393e+02
3.513354356893918293e+02
3.578161996092236450e+02
3.644661662551530981e+02
3.712909724953689192e+02
3.782964831075406096e+02
3.854888016330851315e+02
3.928742818280501297e+02
4.004595397479422445e+02
4.082514665064018118e+02
4.162572417504387658e+02
4.244843478980521922e+02
4.329405851872200515e+02
4.416340875889828794e+02
4.505733396409361831e+02
4.597671942619266474e+02
4.692248916127971370e+02
4.789560790733610247e+02
4.889708324106694590e+02
4.992796782195342189e+02
5.098936177224273933e+02
5.208241520225423073e+02
5.320833089111215486e+02
5.436836713381360369e+02
5.556384076638805709e+02
5.679613038185656251e+02
5.806667975071380852e+02
5.937700146076670080e+02
6.072868079236641279e+02
6.212337984645712368e+02
6.356284194417117988e+02
6.504889631846428983e+02
6.658346311986050523e+02
6.816855876034942412e+02
6.980630162152983758e+02
7.149891815536827835e+02
7.324874940843434388e+02
7.505825800322644454e+02
7.693003561320084600e+02
7.886681097144676187e+02
8.087145845659391625e+02
8.294700730356297527e+02
8.509665149123399033e+02
8.732376036397919279e+02
8.963189004947312242e+02
9.202479574116880485e+02
9.450644492050206509e+02
9.708103160125970135e+02
9.975299168674565635e+02
1.025270195394911752e+03
1.054080858733935656e+03
1.084014570894712733e+03
1.115127161890160778e+03
1.147477854120235179e+03
1.181129507644919613e+03
1.216148886158561709e+03
1.252606945675468523e+03
1.290579148159031774e+03
1.330145802576018696e+03
1.371392436138872199e+03
1.414410198815801095e+03
1.459296304546483043e+03
1.506154513006210891e+03
1.555095656220183855e+03
1.606238214850634904e+03
1.659708949571511766e+03
1.715643593619966396e+03
1.774187613383622647e+03
1.835497044762212681e+03
1.899739414050212872e+03
1.967094753243763762e+03
2.037756721005709096e+03
2.111933842056374033e+03
2.189850879529648410e+03
2.271750356886012923e+03
2.357894248356395110e+03
2.448565859663326592e+03
2.544071924001373645e+03
2.644744942045130301e+03
2.750945799196661937e+03
2.863066698515628559e+03
2.981534453953462616e+03
3.106814195834546808e+03
3.239413549234882339e+03
3.379887356304707282e+03
3.528843026043548889e+03
3.686946610041138683e+03
3.854929720849179830e+03
4.033597431719748329e+03
4.223837323430981996e+03
4.426629877113466137e+03
4.643060453084779510e+03
4.874333146937986385e+03
5.121786878491573589e+03
5.386914150697450168e+03
5.671383019602053537e+03
5.977062950235627795e+03
6.306055406670528100e+03
6.660730250609718496e+03
7.043769319276490933e+03
7.458218943118180505e+03
7.907553676618410464e+03
8.395754188644155874e+03
8.927403137435198005e+03
9.507803991612570826e+03
1.014312920789531199e+04
1.084060599020138943e+04
1.160875006825972741e+04
1.245766054344541408e+04
1.339939178113351227e+04
1.444842138946939485e+04
1.562223613376605681e+04
1.694205953034844788e+04
1.843374476491645328e+04
2.012885281505981402e+04
2.206592572054625998e+04
2.429194521517925023e+04
2.686393236618755327e+04
2.985058780086040861e+04
3.333378642853056954e+04
3.740961673039913148e+04
4.218848618214091402e+04
4.779360155095141090e+04
5.435689061432006565e+04
6.201120021478331182e+04
7.087746051383312442e+04
8.104556612932018470e+04
9.254814977537223604e+04
1.053273850365875260e+05
1.191965837017265148e+05
1.338006578282195842e+05
1.485822831077245937e+05
1.627633091871929355e+05
1.753527744334558956e+05
1.851927388830106938e+05
1.910500270730261109e+05
1.917552729348148277e+05
1.863806389349133824e+05
1.744356735483795637e+05
1.560496017661069054e+05
1.321013119813195080e+05
1.042587094908042345e+05
7.489901316984729783e+04
4.690075000258185901e+04
2.332360975529262214e+04
7.018439405556728161e+03
2.297585343394435142e+02
4.261249148839274312e+03
1.926738054108379220e+04
4.421232165388476278e+04
7.700531719869071094e+04
1.147873876919561735e+05
1.543158815677391540e+05
1.923776552338896436e+05
2.261615127427015104e+05
2.535348047396288603e+05
2.731930210558640538e+05
2.846781956127710873e+05
2.882855233760132105e+05
2.848931805942321662e+05
2.757561086117237573e+05
2.623013291016558651e+05
2.459529569660191773e+05
2.280029672551768017e+05
2.095321397484587505e+05
1.913766247485519270e+05
1.741301837139588315e+05
1.581702232608482009e+05
1.436964403236009821e+05
1.307731531233632995e+05
1.193692127627188020e+05
1.093920526919938566e+05
1.007145395638937480e+05
9.319471534564190370e+04
8.668932567759594531e+04
8.106236072224075906e+04
7.618985705268998572e+04
7.196206347131307120e+04
6.828386109544723877e+04
6.507411044164164196e+04
6.226440688428682188e+04
5.979757196712054429e+04
5.762609158076631866e+04
5.571062787592926179e+04
5.401867338732117787e+04
5.252337694781797472e+04
5.120254632253220188e+04
5.003781794128304318e+04
4.901397649462519621e+04
4.811840413030167110e+04
4.734063883008637640e+04
4.667202304614234163e+04
4.610542599969885487e+04
4.563502565179995145e+04
4.525613891851052176e+04
4.496509104517827654e+04
4.475911710247333394e+04
4.463629031258803298e+04
4.459547338741294516e+04
4.463629031258796749e+04
4.475911710247321753e+04
4.496509104517809465e+04
4.525613891851028893e+04
4.563502565179966041e+04
4.610542599969849834e+04
4.667202304614191962e+04
4.734063883008587436e+04
4.811840413030110358e+04
4.901397649462453410e+04
5.003781794128229376e+04
5.120254632253133605e+04
5.252337694781698519e+04
5.401867338732004282e+04
5.571062787592796667e+04
5.762609158076481253e+04
5.979757196711879806e+04
6.226440688428479189e+04
6.507411044163924089e+04
6.828386109544438659e+04
7.196206347130969516e+04
7.618985705268599850e+04
8.106236072223610245e+04
8.668932567759059020e+04
9.319471534563590831e+04
1.007145395638873015e+05
1.093920526919872791e+05
1.193692127627126320e+05
1.307731531233582646e+05
1.436964403235980426e+05
1.581702232608482591e+05
1.741301837139628478e+05
1.913766247485606000e+05
2.095321397484723711e+05
2.280029672551950789e+05
2.459529569660412089e+05
2.623013291016801959e+05
2.757561086117488449e+05
2.848931805942566134e+05
2.882855233760361443e+05
2.846781956127925077e+05
2.731930210558846593e+05
2.535348047396498732e+05
2.261615127427238622e+05
1.923776552339135960e+05
1.543158815677638922e+05
1.147873876919799368e+05
7.700531719871127279e+04
4.421232165390004229e+04
1.926738054109243967e+04
4.261249148840761336e+03
2.297585343338363941e+02
7.018439405544228066e+03
2.332360975527319169e+04
4.690075000255517079e+04
7.489901316981314449e+04
1.042587094907630526e+05
1.321013119812728546e+05
1.560496017660576035e+05
1.744356735483314260e+05
1.863806389348703960e+05
1.917552729347803979e+05
1.910500270730023331e+05
1.851927388829981210e+05
1.753527744334535673e+05
1.627633091871988145e+05
1.485822831077362061e+05
1.338006578282343689e+05
1.191965837017422600e+05
1.053273850366026309e+05
9.254814977538571111e+04
8.104556612933150609e+04
7.087746051384226303e+04
6.201120021479047864e+04
5.435689061432555172e+04
4.779360155095558730e+04
4.218848618214408634e+04
3.740961673040158348e+04
3.333378642853250494e+04
2.985058780086198385e+04
2.686393236618887022e+04
2.429194521518038891e+04
2.206592572054725679e+04
2.012885281506070169e+04
1.843374476491725000e+04
1.694205953034916092e+04
1.562223613376670073e+04
1.444842138946997875e+04
1.339939178113403977e+04
1.245766054344589065e+04
1.160875006826016033e+04
1.084060599020178597e+04
1.014312920789567579e+04
9.507803991612905520e+03
8.927403137435503595e+03
8.395754188644434180e+03
7.907553676618666941e+03
7.458218943118418792e+03
7.043769319276709211e+03
6.660730250609921313e+03
6.306055406670715456e+03
5.977062950235802418e+03
5.671383019602215427e+03
5.386914150697601144e+03
5.121786878491713651e+03
4.874333146938117352e+03
4.643060453084901383e+03
4.426629877113580733e+03
4.223837323431089317e+03
4.033597431719849737e+03
3.854929720849274418e+03
3.686946610041227359e+03
3.528843026043632563e+03
3.379887356304785953e+03
3.239413549234956008e+03
3.106814195834616839e+03
2.981534453953528100e+03
2.863066698515690859e+03
2.750945799196721055e+03
2.644744942045185780e+03
2.544071924001426396e+03
2.448565859663375704e+03
2.357894248356442404e+03
2.271750356886057489e+03
2.189850879529690701e+03
2.111933842056414051e+03
2.037756721005747295e+03
1.967094753243799914e+03
1.899739414050247433e+03
1.835497044762245423e+03
1.774187613383654025e+03
1.715643593619995954e+03
1.659708949571540188e+03
1.606238214850662189e+03
1.555095656220210003e+03
1.506154513006235902e+03
1.459296304546507145e+03
1.414410198815824060e+03
1.371392436138894482e+03
1.330145802576040296e+03
1.290579148159052465e+03
1.252606945675488532e+03
1.216148886158580808e+03
1.181129507644938258e+03
1.147477854120253141e+03
1.115127161890177831e+03
1.084014570894729331e+03
1.054080858733951573e+03
1.025270195394927214e+03
9.975299168674711154e+02
9.708103160126108833e+02
9.450644492050339522e+02
9.202479574117010088e+02
8.963189004947436160e+02
8.732376036398037513e+02
8.509665149123513856e+02
8.294700730356405529e+02
8.087145845659495080e+02
7.886681097144776231e+02
7.693003561320181234e+02
7.505825800322738814e+02
7.324874940843524200e+02
7.149891815536915374e+02
6.980630162153065612e+02
6.816855876035021993e+02
6.658346311986126693e+02
6.504889631846504017e+02
6.356284194417189610e+02
6.212337984645780580e+02
6.072868079236709491e+02
5.937700146076733745e+02
5.806667975071443379e+02
5.679613038185717642e+02
5.556384076638862552e+02
5.436836713381417212e+02
5.320833089111270056e+02
5.208241520225476506e+02
5.098936177224326229e+02
4.992796782195392780e+02
4.889708324106744044e+02
4.789560790733657427e+02
4.692248916128017413e+02
4.597671942619310812e+02
4.505733396409404463e+02
4.416340875889869722e+02
4.329405851872240873e+02
4.244843478980559439e+02
4.162572417504426312e+02
4.082514665064054498e+02
4.004595397479457120e+02
3.928742818280534834e+02
3.854888016330885421e+02
3.782964831075438497e+02
3.712909724953720456e+02
3.644661662551560539e+02
3.578161996092266577e+02
3.513354356893947852e+02
3.450184552445177815e+02
3.388600468771987835e+02
