1.463023036164700919e-01
1.501426609297278059e-01
1.540246635837363431e-01
1.580271214555126202e-01
1.622602950363375429e-01
1.668442961679704184e-01
1.718792638877528756e-01
1.774137381743543795e-01
1.834195598780490322e-01
1.897816582809181973e-01
1.963088955643809974e-01
2.027678930283110803e-01
2.089361999458791697e-01
2.146654695284009873e-01
2.199408853634956529e-01
2.249212462022573411e-01
2.299457465335194850e-01
2.354987639226387430e-01
2.421322253831002524e-01
2.503549282931654685e-01
2.605075340499109493e-01
2.726486601400842091e-01
2.864796855549938681e-01
3.013324109774821458e-01
3.162345041598217388e-01
3.300538420787496596e-01
3.417066630388345128e-01
3.503988479316770266e-01
3.558578735491203515e-01
3.585078475702692113e-01
3.595433914009899534e-01
3.608704044914847753e-01
3.649017086818828748e-01
3.742204688537055790e-01
3.911501764398494507e-01
4.172923637223814319e-01
4.531077804928497765e-01
4.976201598534749082e-01
5.483121778188796425e-01
6.012610310075947595e-01
6.515285760483209287e-01
6.937824001974490784e-01
7.230850204570007378e-01
7.357546334793978460e-01
7.301780585241723909e-01
7.074490623727207605e-01
6.717154876338156111e-01
6.301464753898744497e-01
5.924740250236306682e-01
5.701163655323590040e-01
5.749476509996663820e-01
6.178320151384127934e-01
7.070828014033792019e-01
8.470336500086961262e-01
1.036912768490827252e+00
1.270193300881383935e+00
1.534552154377906819e+00
1.812510546156028024e+00
2.082757805713863597e+00
2.322083158878445630e+00
2.507766663115220673e+00
2.620218345114845970e+00
2.645611042753689635e+00
2.578232785428275609e+00
2.422291696906258895e+00
2.192940648126557424e+00
1.916347824808670053e+00
1.628718182893694300e+00
1.374262666128640564e+00
1.202208958687274176e+00
1.163040767687824051e+00
1.304233704858879239e+00
1.665817254376470657e+00
2.276128202724538863e+00
3.148127561045410694e+00
4.276629223937616686e+00
5.636735763719258330e+00
7.183698662038190186e+00
8.854322754000380158e+00
1.056992494853746400e+01
1.224074336543443664e+01
1.377158290578611144e+01
1.506838441246347493e+01
1.604532347979549556e+01
1.663198693935264671e+01
1.678014409614081615e+01
1.646962861109441079e+01
1.571287682552506659e+01
1.455772904212898844e+01
1.308818971910203111e+01
1.142295647373307332e+01
9.711659719254225109e+00
8.128896034835989326e+00
6.866278829463071887e+00
6.122858889786320091e+00
6.094375339159288529e+00
6.961877127697254863e+00
8.880302689652641135e+00
1.196762102966190255e+01
1.629512478302913081e+01
2.187943017435597781e+01
2.867668552731840848e+01
3.657942205786979173e+01
4.541639751659597124e+01
5.495568064167991196e+01
6.491109621340173419e+01
7.495199181303546254e+01
8.471609823385576021e+01
9.382504428524239870e+01
1.019018718487463104e+02
1.085897056078591731e+02
1.135705953339153211e+02
1.165834956970610392e+02
1.174403971013779540e+02
1.160397708319407144e+02
1.123767210481434660e+02
1.065495031692950363e+02
9.876231909940509013e+01
8.932448116378124325e+01
7.864611072537711323e+01
6.723049526808483733e+01
5.566309683277182074e+01
4.459704755910180296e+01
3.473487006089077056e+01
2.680620842707941520e+01
2.154161234696603699e+01
1.964289582125871192e+01
2.175124206104365499e+01
2.841493081031703483e+01
4.005915820730076149e+01
5.696072240349868565e+01
7.923021028511317354e+01
1.068036669593018502e+02
1.394445954531962286e+02
1.767556777002343438e+02
2.181980949965898731e+02
2.631150841084204899e+02
3.107557146461290927e+02
3.602950494613234582e+02
4.108479321878676274e+02
4.614755142814068449e+02
5.111859645094166922e+02
5.589331144526784101e+02
6.036185310391650773e+02
6.441031645942957766e+02
6.792339606350628856e+02
7.078885779814572743e+02
7.290378802513572509e+02
7.418217287330363661e+02
7.456295958650341618e+02
7.401745180643881667e+02
7.255476976192483107e+02
7.022421553051423189e+02
6.711373240751571529e+02
6.334419746468331596e+02
5.905995378679943997e+02
5.441665701424321924e+02
4.956805080031040234e+02
4.465358141521163589e+02
3.978873406474184549e+02
3.505959995631560560e+02
3.052250673082974686e+02
2.620867091392633483e+02
2.213291122717700148e+02
1.830466766383082415e+02
1.473906277037922621e+02
1.146563413606867954e+02
8.532706861209490512e+01
6.006125225848941085e+01
3.962106629268475899e+01
2.475137781566499484e+01
1.602890560787501073e+01
1.370886841187271443e+01
1.759927808797140969e+01
2.699042248901690400e+01
4.065916367240863849e+01
5.695560896517629601e+01
7.396548287391058807e+01
8.972762054693052391e+01
1.024749610319989301e+02
1.108613769716661466e+02
1.141369582529756599e+02
1.122412049607698208e+02
1.057960443425173622e+02
9.599669019374127288e+01
8.441541387939996355e+01
7.274833857309471341e+01
6.254570969786796297e+01
5.496979321830892218e+01
5.062078345608276209e+01
4.946032739938241463e+01
5.084619443790530369e+01
5.367290434000248922e+01
5.659495143265655770e+01
5.829477410941414206e+01
5.774937482193224980e+01
5.444901335919839624e+01
4.852887114759187881e+01
4.078884060947691381e+01
3.259527306830704418e+01
2.567847847142935791e+01
2.185762078243571338e+01
2.273734241656563526e+01
2.942579404766958362e+01
4.232080343266087397e+01
6.100016051479888546e+01
8.423522886398211540e+01
1.101271385481318390e+02
1.363450290346470126e+02
1.604295042622858034e+02
1.801143349927178008e+02
1.936171249526137785e+02
1.998554361401637891e+02
1.985576587722797797e+02
1.902554544305615423e+02
1.761638705925071235e+02
1.579729579877680123e+02
1.375879845691059700e+02
1.168620238726761471e+02
9.736386676709301469e+01
8.021623777631452867e+01
6.602577620959574745e+01
5.490966067947260143e+01
4.660705503698154928e+01
4.064960086950060258e+01
3.655627027471824420e+01
3.401536080570864584e+01
3.302044184960910655e+01
3.393667747454070849e+01
3.748724578581064293e+01
4.466407316711939046e+01
5.658022042019337050e+01
7.429076857699563163e+01
9.861346256592672432e+01
1.299791579239328314e+02
1.683357754221760842e+02
2.131193796996857088e+02
2.632941326253767897e+02
3.174514109845570715e+02
3.739493075556923714e+02
4.310684986072918718e+02
4.871597299628495534e+02
5.407617687751198901e+02
5.906756435932322802e+02
6.359898598271478249e+02
6.760603020293045802e+02
7.104560845007202943e+02
7.388874430738967476e+02
7.611332207454673835e+02
7.769836048405575184e+02
7.862091564556372987e+02
7.885609176101653475e+02
7.837997839184363329e+02
7.717476392215623946e+02
7.523489342010404926e+02
7.257299879206882451e+02
6.922443359046120577e+02
6.524955182713234763e+02
6.073330390026956138e+02
5.578219166753495983e+02
5.051904039152063319e+02
4.507633904730852237e+02
3.958903428424862341e+02
3.418763360377654976e+02
2.899230754659160993e+02
2.410842829474440521e+02
1.962370201366556159e+02
1.560680011226080239e+02
1.210721216960614868e+02
9.155952121382372866e+01
6.766749333013740397e+01
4.937428909976333813e+01
3.651300695689845099e+01
2.878499899745655810e+01
2.577324280121955269e+01
2.695673204331786721e+01
3.172705299959164904e+01
3.940798616885105332e+01
4.927834404759057918e+01
6.059751636659918006e+01
7.263252979671619869e+01
8.468498424495369648e+01
9.611607822370964982e+01
1.063680830503587345e+02
1.149810088655563334e+02
1.216037247515968289e+02
1.259993402073577613e+02
1.280451309291182156e+02
1.277276364985470281e+02
1.251337495703519380e+02
1.204386703464850541e+02
1.138915563802778763e+02
1.057996057684310074e+02
9.651121660732066232e+01
8.639879721338130025e+01
7.584177050269597942e+01
6.521031447340502041e+01
5.485038915328035358e+01
4.507059478764850269e+01
3.613136624301792210e+01
2.823692356737866049e+01
2.153026879141979322e+01
1.609135520383194518e+01
1.193837527993516012e+01
9.031937356989761412e+00
7.281747212575765182e+00
6.555291983485466822e+00
6.687946954416627676e+00
7.493891111035448915e+00
8.777220901008519149e+00
1.034268684923896409e+01
1.200553752279100905e+01
1.360003368396423795e+01
1.498628751256506142e+01
1.605518385403230752e+01
1.673124934187403312e+01
1.697344742305088516e+01
1.677398841745885960e+01
1.615534845448355483e+01
1.516578352405394448e+01
1.387369907649810941e+01
1.236128656162822637e+01
1.071786252110434923e+01
9.033341879244717987e+00
7.392245658822209187e+00
5.868587297427738214e+00
4.521905595138394851e+00
3.394621867455597020e+00
2.510800627440670674e+00
1.876293860653966306e+00
1.480155320239573635e+00
1.297129383304495009e+00
1.290954164531420201e+00
1.418174924792823255e+00
1.632144051887058245e+00
1.886889054776704322e+00
2.140559282592681800e+00
2.358212754965956393e+00
2.513772120457024251e+00
2.591057453802104060e+00
2.583886503784247335e+00
2.495312890299751896e+00
2.336142700388475379e+00
2.122923985618219600e+00
1.875637391243629937e+00
1.615327097993738414e+00
1.361899195046891720e+00
1.132281535117143800e+00
9.390890963981877171e-01
7.898775614492595798e-01
6.870019209083644274e-01
6.280334403006244681e-01
6.066338728297141492e-01
6.137457829967393197e-01
6.389359319410451432e-01
6.717263759630888176e-01
7.027644518177362798e-01
7.247152011961994766e-01
7.328032855284333236e-01
7.249801739921059029e-01
7.017400810379798015e-01
6.656489374916696455e-01
6.206799207700539611e-01
5.714638062307987321e-01
5.225617644097161341e-01
4.778534552636359289e-01
4.401074452594468389e-01
4.107685149827792204e-01
3.899623970012890406e-01
3.766878324322013305e-01
3.691426728938470569e-01
3.651177971847234804e-01
3.623908478148307744e-01
3.590604368640258892e-01
3.537781992686082067e-01
3.458574877482935572e-01
3.352597541792200486e-01
3.224790955088456257e-01
3.083591939964424600e-01
2.938832931713725727e-01
2.799766557798947231e-01
2.673532060245132347e-01
2.564258527206774163e-01
2.472859814428571001e-01
2.397444958400547776e-01
2.334168342804550655e-01
2.278290181634607392e-01
2.225214223379142764e-01
2.171310255367130404e-01
2.114400482418622718e-01
2.053873281589259081e-01
1.990466917944743175e-01
1.925824566847693098e-01
1.861951409755773224e-01
1.800702771356481324e-01
1.743404067133316193e-01
1.690658455095126744e-01
1.642348501436062813e-01
1.597795236829969157e-01
1.556010045299967559e-01
