0.013985320601066
0.013983551228149
0.013982823956406
0.013983133676490
0.013984448731190
0.013986714724249
0.013989858474836
0.013993791876047
0.013998415462177
0.014003621543852
0.014009296828147
0.014015324498330
0.014021585781166
0.014027961075529
0.014034330752100
0.014040575758316
0.014046578174719
0.014052221868248
0.014057393375363
0.014061983124426
0.014065887074093
0.014069008804888
0.014071262056838
0.014072573659962
0.014072886759071
0.014072164192667
0.014070391850224
0.014067581805334
0.014063775006025
0.014059043299669
0.014053490579190
0.014047252860250
0.014040497135096
0.014033418896854
0.014026238286213
0.014019194878111
0.014012541196048
0.014006535112422
0.014001431361015
0.013997472448585
0.013994879302870
0.013993842031024
0.013994511182963
0.013996989916750
0.014001327446945
0.014007514122254
0.014015478426654
0.014025086130800
0.014036141740499
0.014048392299979
0.014061533513338
0.014075218052052
0.014089065823748
0.014102675891603
0.014115639658095
0.014127554864608
0.014138039911967
0.014146747978321
0.014153380401077
0.014157698799481
0.014159535443954
0.014158801426807
0.014155492255336
0.014149690570884
0.014141565793949
0.014131370603090
0.014119434270952
0.014106153000398
0.014091977523365
0.014077398339986
0.014062929081137
0.014049088568857
0.014036382221573
0.014025283500426
0.014016216115669
0.014009537705552
0.014005525662910
0.014004365716883
0.014006143780336
0.014010841450845
0.014018335409294
0.014028400801179
0.014040718518990
0.014054886137327
0.014070432094075
0.014086832568982
0.014103530392844
0.014119955232332
0.014135544242140
0.014149762360232
0.014162121444488
0.014172197508386
0.014179645406301
0.014184210440092
0.014185736501289
0.014184170519420
0.014179563148540
0.014172065782350
0.014161924135548
0.014149468758149
0.014135102954901
0.014119288659525
0.014102530861133
0.014085361197429
0.014068321317611
0.014051946580131
0.014036750590984
0.014023211011970
0.014011756981338
0.014002758396907
0.013996517220107
0.013993260873044
0.013993137724171
0.013996214594270
0.014002476165400
0.014011826141813
0.014024089993365
0.014039019107100
0.014056296179257
0.014075541695056
0.014096321363882
0.014118154399490
0.014140522555252
0.014162879840194
0.014184662850119
0.014205301647687
0.014224231114901
0.014240902680819
0.014254796297388
0.014265432498495
0.014272384334205
0.014275288926722
0.014273858350301
0.014267889498177
0.014257272569178
0.014241997788954
0.014222159978718
0.014197960600757
0.014169706946344
0.014137808188619
0.014102768100189
0.014065174330614
0.014025684249896
0.013985007486524
0.013943885417490
0.013903067997688
0.013863288440949
0.013825236378842
0.013789530220430
0.013756689511267
0.013727108138787
0.013701029250847
0.013678522742752
0.013659466125286
0.013643529513380
0.013630165374461
0.013618603551173
0.013607851929768
0.013596702968517
0.013583746136013
0.013567386143175
0.013545866691016
0.013517299304080
0.013479696681648
0.013431009879026
0.013369168532479
0.013292123265438
0.013197889361473
0.013084590761451
0.012950503437498
0.012794097213893
0.012614075143180
0.012409409602690
0.012179374350380
0.011923571867119
0.011641955413252
0.011334845338038
0.011002939299281
0.010647316174693
0.010269433573855
0.009871118987598
0.009454554737410
0.009022257008490
0.008577049363402
0.008122031236206
0.007660541996796
0.007196121249647
0.006732466088169
0.006273386064041
0.005822756649418
0.005384471968578
0.004962397555298
0.004560323854245
0.004181921131339
0.003830696392093
0.003509952831722
0.003222752259958
0.002971880860757
0.002759818566021
0.002588712246489
0.002460352854746
0.002376156597159
0.002337150164678
0.002343960017458
0.002396805694760
0.002495497108389
0.002639435773185
0.002827619929238
0.003058653514717
0.003330758952368
0.003641793713707
0.003989270619895
0.004370381824718
0.004782026401107
0.005220841417160
0.005683236340250
0.006165430549213
0.006663493666182
0.007173388343754
0.007691015062919
0.008212258416173
0.008733034272684
0.009249337152517
0.009757287079197
0.010253175138209
0.010733506947134
0.011195043243668
0.011634836822849
0.012050265105124
0.012439057692113
0.012799318365578
0.013129541104183
0.013428619828485
0.013695851732183
0.013930934211474
0.014133955558429
0.014305379732414
0.014446025659838
0.014557041631482
0.014639875463892
0.014696241163255
0.014728082874868
0.014737536918009
0.014726892695598
0.014698553232728
0.014654996041494
0.014598734936009
0.014532283336395
0.014458119509352
0.014378654101321
0.014296200233313
0.014212946348657
0.014130931939564
0.014052026227723
0.013977909838823
0.013910059490503
0.013849735705854
0.013797973567352
0.013755576535264
0.013723113365976
0.013700918174855
0.013689093691278
0.013687517746521
0.013695853015846
0.013713560002567
0.013739913203793
0.013774020335831
0.013814844423871
0.013861228478901
0.013911922398653
0.013965611643594
0.014020947158330
0.014076575938260
0.014131171585459
0.014183464160418
0.014232268620626
0.014276511144908
0.014315252674886
0.014347709061590
0.014373267284527
0.014391497310071
0.014402159272231
0.014405205787691
0.014400779353782
0.014389204917812
0.014370977844025
0.014346747635558
0.014317297888680
0.014283523061433
0.014246402725216
0.014206974033417
0.014166303183982
0.014125456672064
0.014085473124289
0.014047336478417
0.014011951222561
0.013980120338585
0.013952526507337
0.013929717031865
0.013912092822088
0.013899901663856
0.013893235870749
0.013892034291796
0.013896088526175
0.013905053080195
0.013918459095626
0.013935731184384
0.013956206825269
0.013979157715625
0.014003812426091
0.014029379680976
0.014055071580661
0.014080126095927
0.014103828196604
0.014125529027540
0.014144662612130
0.014160759645653
0.014173458035086
0.014182509946297
0.014187785230444
0.014189271215765
0.014187068965120
0.014181386210071
0.014172527275134
0.014160880397565
0.014146902925301
0.014131104935433
0.014114031855456
0.014096246687775
0.014078312433717
0.014060775286530
0.014044149114757
0.014028901689914
0.014015443028643
0.014004116123363
0.013995190231492
0.013988856786506
0.013985227889800
0.013984337245426
0.013986143315123
0.013990534402451
0.013997335325277
0.014006315307099
0.014017196710177
0.014029664246242
0.014043374331550
0.014057964298856
0.014073061235336
0.014088290277721
0.014103282258992
0.014117680659870
0.014131147868799
0.014143370792447
0.014154065882638
0.014162983653749
0.014169912757336
0.014174683659447
0.014177171933668
0.014177301143017
0.014175045240910
0.014170430380262
0.014163535985102
0.014154494915182
0.014143492544427
0.014130764581251
0.014116593483837
0.014101303366378
0.014085253351310
0.014068829394940
0.014052434695460
0.014036478878332
0.014021366238893
0.014007483400222
0.013995186810244
0.013984790550903
0.013976554959796
0.013970676568128
0.013967279836381
0.013966411120707
0.013968035229858
0.013972034837290
0.013978212899911
0.013986298108878
0.013995953264944
0.014006786337526
0.014018363839712
0.014030226037403
0.014041903415720
0.014052933755096
0.014062879127113
0.014071342109119
0.014077980538136
0.014082520178239
0.014084764759536
0.014084602957391
0.014082012012715
0.014077057841699
0.014069891639137
0.014060743135828
0.014049910819626
0.014037749563897
