0.100937986353258
0.100430391810008
0.099941820714790
0.099472842786607
0.099023985557144
0.098595809639423
0.098188971450871
0.097804269350128
0.097442670104749
0.097105313736645
0.096793496033565
0.096508629301053
0.096252183189660
0.096025608596732
0.095830248645608
0.095667241531038
0.095537420543712
0.095441216820242
0.095378570295695
0.095348853970550
0.095350815966779
0.095382542979057
0.095441447681130
0.095524281487477
0.095627172866247
0.095745690220338
0.095874927265204
0.096009607891239
0.096144206749737
0.096273081274149
0.096390610555248
0.096491336426759
0.096570102267987
0.096622185360784
0.096643419109053
0.096630301994096
0.096580090751634
0.096490875872887
0.096361638115957
0.096192285238073
0.095983668608147
0.095737579728766
0.095456726993923
0.095144693249575
0.094805874930487
0.094445403743782
0.094069052081320
0.093683123589151
0.093294330615549
0.092909660602571
0.092536233872200
0.092181155669007
0.091851365729521
0.091553489019448
0.091293691575299
0.091077545567590
0.090909907733498
0.090794815179417
0.090735402210851
0.090733841304034
0.090791310600634
0.090907989408685
0.091083082167912
0.091314870236007
0.091600789732289
0.091937532599223
0.092321167072676
0.092747272946165
0.093211086421083
0.093707648989723
0.094231954721022
0.094779090513596
0.095344364332711
0.095923417127098
0.096512314983979
0.097107619071624
0.097706431977606
0.098306420115031
0.098905812878949
0.099503380138676
0.100098390407295
0.100690552609277
0.101279944757226
0.101866933050787
0.102452084938993
0.103036079567414
0.103619618796284
0.104203341661970
0.104787744797796
0.105373110963502
0.105959447480000
0.106546436043093
0.107133395101048
0.107719255721468
0.108302551629079
0.108881423848629
0.109453640114327
0.110016628889376
0.110567527461077
0.111103243132802
0.111620526028550
0.112116051475640
0.112586509365254
0.113028697347721
0.113439614245718
0.113816549712919
0.114157165975168
0.114459567506434
0.114722354741407
0.114944658424175
0.115126151933041
0.115267039881540
0.115368022432029
0.115430236011670
0.115455172419294
0.115444579575605
0.115400348316933
0.115324390586868
0.115218515073278
0.115084306718326
0.114923016563344
0.114735468067492
0.114521985370275
0.114282347986024
0.114015775175307
0.113720941801332
0.113396025926932
0.113038786823459
0.112646670531026
0.112216938709571
0.111746815322684
0.111233644759205
0.110675054364669
0.110069114052592
0.109414485705064
0.108710555447189
0.107957542570266
0.107156579850045
0.106309761214228
0.105420154103148
0.104491775378850
0.103529531205088
0.102539122876847
0.101526922055650
0.100499820201442
0.099465058123408
0.098430042448331
0.097402156383160
0.096388572397979
0.095396074359729
0.094430896205555
0.093498583473184
0.092603882937667
0.091750664288045
0.090941876277703
0.090179538173182
0.089464765690566
0.088797829031743
0.088178239198112
0.087604857542748
0.087076022587279
0.086589687523959
0.086143561573970
0.085735248485558
0.085362375913794
0.085022710190465
0.084714252012359
0.084435309780004
0.084184548628119
0.083961014522326
0.083764134074642
0.083593691881610
0.083449788154893
0.083332780151737
0.083243211397434
0.083181732917770
0.083149020678594
0.083145693189733
0.083172232811737
0.083228913754563
0.083315739129651
0.083432388762189
0.083578178835781
0.083752033865871
0.083952471009868
0.084177596337911
0.084425112414054
0.084692336367914
0.084976227557347
0.085273423912529
0.085580286086411
0.085892948590446
0.086207377143811
0.086519431489519
0.086824932917472
0.087119735675309
0.087399801341999
0.087661275092720
0.087900562607862
0.088114406190116
0.088299958469773
0.088454851919392
0.088577262283452
0.088665963973561
0.088720375498646
0.088740593101613
0.088727410964074
0.088682326618371
0.088607530566352
0.088505879537149
0.088380853307874
0.088236495543925
0.088077339669511
0.087908321331267
0.087734679545186
0.087561849095425
0.087395347159574
0.087240657447211
0.087103115337939
0.086987797576492
0.086899420015511
0.086842246686275
0.086820013125707
0.086835866402562
0.086892323682232
0.086991250469906
0.087133858904038
0.087320725669047
0.087551828294400
0.087826597844753
0.088143985320550
0.088502538515471
0.088900485647377
0.089335821816903
0.089806394269002
0.090309982544433
0.090844369907591
0.091407402911639
0.091997036589655
0.092611363511400
0.093248625782775
0.093907209947819
0.094585625637687
0.095282469653707
0.095996377930869
0.096725968466730
0.097469778787517
0.098226201834514
0.098993424274447
0.099769371161569
0.100551660609621
0.101337571681132
0.102124028090165
0.102907599570577
0.103684521919401
0.104450735822784
0.105201943652109
0.105933682523577
0.106641411088387
0.107320606803028
0.107966869856017
0.108576029528800
0.109144248566740
0.109668121144801
0.110144760234911
0.110571870611213
0.110947804347559
0.111271596440875
0.111542979097111
0.111762374198957
0.111930864486101
0.112050144966788
0.112122456991125
0.112150508202222
0.112137382197708
0.112086442146608
0.112001232791923
0.111885385216697
0.111742528464329
0.111576211598828
0.111389839097761
0.111186621630041
0.110969543332466
0.110741345717726
0.110504527380191
0.110261357770172
0.110013902534120
0.109764057311098
0.109513586468269
0.109264163071273
0.109017406427157
0.108774913802287
0.108538283386784
0.108309126220299
0.108089065571268
0.107879723126292
0.107682692246320
0.107499499429135
0.107331555932158
0.107180102208833
0.107046148356300
0.106930414130782
0.106833272240090
0.106754698561469
0.106694232661213
0.106650951525546
0.106623458776594
0.106609890878704
0.106607940982451
0.106614900154985
0.106627714856772
0.106643058696819
0.106657415777816
0.106667172369708
0.106668713256477
0.106658518906809
0.106633259632932
0.106589883118576
0.106525692099321
0.106438409537902
0.106326229315160
0.106187851209812
0.106022499718591
0.105829927024922
0.105610401114503
0.105364680622210
0.105093978448347
0.104799916485827
0.104484473947986
0.104149931785338
0.103798815545024
0.103433838783617
0.103057848822372
0.102673776266049
0.102284589323982
0.101893253602429
0.101502697702452
0.101115784671730
0.100735289128121
0.100363879696153
0.100004106267528
0.099658391501695
0.099329025909417
0.099018165799257
0.098727833304962
0.098459917647942
0.098216176725623
0.097998238062751
0.097807598132561
0.097645619065742
0.097513521835329
0.097412375150973
0.097343079527050
0.097306346308303
0.097302671837117
0.097332307409964
0.097395226168931
0.097491088570260
0.097619208522632
0.097778522648167
0.097967565345734
0.098184452392747
0.098426875682669
0.098692111349685
0.098977042985037
0.099278200924041
0.099591817718481
0.099913898959675
0.100240307647027
0.100566859375115
0.100889424808554
0.101204035291241
0.101506987047128
0.101794939308827
0.102065001874559
0.102314808038372
0.102542569537489
0.102747111069125
0.102927882986977
0.103084951923263
0.103218970219492
0.103331126112295
0.103423077540733
0.103496873161462
0.103554864636872
0.103599614476443
0.103633803660610
0.103660142976003
0.103681291475305
0.103699784791785
0.103717975245535
0.103737984837510
0.103761671400441
0.103790607419093
0.103826070393576
0.103869043133406
0.103920222057598
0.103980031443117
0.104048641602059
0.104125989155865
0.104211797881878
