0.020442823596089
0.020443587670344
0.020444356817628
0.020445107292885
0.020445813208210
0.020446450429949
0.020447000682057
0.020447455193097
0.020447817231249
0.020448102989517
0.020448340502824
0.020448566572459
0.020448821999213
0.020449145733008
0.020449568781083
0.020450108833705
0.020450766536193
0.020451524151166
0.020452347032547
0.020453187914411
0.020453993563626
0.020454712926638
0.020455305588524
0.020455749215587
0.020456044708014
0.020456218053003
0.020456318314755
0.020456411768052
0.020456572794738
0.020456872722823
0.020457368203316
0.020458090914043
0.020459040306448
0.020460180763512
0.020461443950369
0.020462736389366
0.020463951484488
0.020464984477883
0.020465748263094
0.020466187703852
0.020466290174253
0.020466090457447
0.020465668872846
0.020465142453682
0.020464650035731
0.020464333091579
0.020464314901600
0.020464681065780
0.020465464347578
0.020466636379548
0.020468107894197
0.020469737978977
0.020471351548337
0.020472762964317
0.020473802709427
0.020474343385875
0.020474321197243
0.020473749507052
0.020472722028014
0.020471404563333
0.020470015819012
0.020468799413836
0.020467990599380
0.020467782155206
0.020468294285875
0.020469553035873
0.020471480767684
0.020473900723952
0.020476555807175
0.020479139710280
0.020481336696124
0.020482864919995
0.020483517433598
0.020483195037301
0.020481925991084
0.020479869172344
0.020477299393801
0.020474575996525
0.020472098191462
0.020470252610716
0.020469359857841
0.020469627304289
0.020471114867662
0.020473719055579
0.020477178325477
0.020481100066356
0.020485006603891
0.020488394951283
0.020490802944243
0.020491873213491
0.020491406356283
0.020489395725120
0.020486038360999
0.020481719520863
0.020476971628284
0.020472411883697
0.020468665757548
0.020466285748069
0.020465675801188
0.020467031488136
0.020470304407764
0.020475196488934
0.020481186233739
0.020487584904818
0.020493616726312
0.020498513847889
0.020501614562280
0.020502452394814
0.020500824357383
0.020496828846002
0.020490867134107
0.020483606776312
0.020475909968238
0.020468734423902
0.020463018058833
0.020459561212831
0.020458920964640
0.020461331128502
0.020466658843035
0.020474404544535
0.020483747023393
0.020493629790865
0.020502879793617
0.020510345248399
0.020515036576172
0.020516253476562
0.020513682267118
0.020507450644396
0.020498131695751
0.020486694786991
0.020474407209848
0.020462696461050
0.020452988022945
0.020446536905913
0.020444272552634
0.020446675782347
0.020453703319141
0.020464770411046
0.020478795643884
0.020494304992851
0.020509585234024
0.020522870856128
0.020532544277129
0.020537327014125
0.020536439774563
0.020529712253844
0.020517628479578
0.020501300321064
0.020482369567436
0.020462846927739
0.020444903546567
0.020430636347749
0.020421832055980
0.020419755667845
0.020424987289712
0.020437326765236
0.020455778797731
0.020478622991275
0.020503564222338
0.020527949932488
0.020549033218113
0.020564254801365
0.020571513731314
0.020569396372719
0.020557335993227
0.020535680863970
0.020505656772295
0.020469219506684
0.020428803346754
0.020386981928050
0.020346067110387
0.020307678810325
0.020272323480613
0.020239020575558
0.020205014736832
0.020165606649605
0.020114127896939
0.020042075252967
0.019939408450944
0.019795003401696
0.019597241023540
0.019334701149060
0.018996922175348
0.018575180851187
0.018063243286573
0.017458038152423
0.016760206116075
0.015974485623400
0.015109903793583
0.014179751884180
0.013201336844048
0.012195513163435
0.011186011796184
0.010198594634452
0.009260073192618
0.008397238234740
0.007635752617252
0.006999062320817
0.006507380375790
0.006176795169630
0.006018548643428
0.006038521465075
0.006236951861290
0.006608402955354
0.007141980821216
0.007821792698992
0.008627622601018
0.009535790523529
0.010520152257921
0.011553189865853
0.012607138622374
0.013655094877169
0.014672050914916
0.015635807426892
0.016527721390224
0.017333256590315
0.018042315185846
0.018649340970630
0.019153197629153
0.019556837580330
0.019866788237314
0.020092492017361
0.020245543650272
0.020338872827134
0.020385921738490
0.020399865493360
0.020392918903405
0.020375765967408
0.020357139083779
0.020343564184339
0.020339276360864
0.020346298945970
0.020364668215507
0.020392776651583
0.020427800685510
0.020466174511339
0.020504070207762
0.020537846088822
0.020564429748287
0.020581609270696
0.020588214959358
0.020584183932305
0.020570510223666
0.020549092739691
0.020522501745405
0.020493690810162
0.020465684811678
0.020441275411279
0.020422753348068
0.020411702196900
0.020408871375722
0.020414137850338
0.020426556981786
0.020444494163727
0.020465821148846
0.020488155000403
0.020509113983162
0.020526563746378
0.020538828901518
0.020544849337095
0.020544266869753
0.020537435430399
0.020525356120616
0.020509546294027
0.020491858507741
0.020474270065565
0.020458666451573
0.020446641994028
0.020439338643497
0.020437339101485
0.020440624236204
0.020448597482302
0.020460171547223
0.020473906048021
0.020488179403649
0.020501374968506
0.020512060347362
0.020519140152930
0.020521965962261
0.020520392462322
0.020514775124692
0.020505911473793
0.020494934342076
0.020483170726305
0.020471983398491
0.020462613913037
0.020456044961549
0.020452897285975
0.020453371932244
0.020457243062825
0.020463900521655
0.020472435573475
0.020481758391919
0.020490732494604
0.020498309780992
0.020503650257535
0.020506212834504
0.020505807429689
0.020502603517223
0.020497095602105
0.020490031231011
0.020482311456954
0.020474876662548
0.020468591989064
0.020464146198528
0.020461975713578
0.020462222134471
0.020464727183288
0.020469064329565
0.020474601894857
0.020480588756626
0.020486251304219
0.020490889310198
0.020493958946898
0.020495133183371
0.020494332948503
0.020491726314105
0.020487697031868
0.020482787532793
0.020477624503432
0.020472837036687
0.020468977915087
0.020466457793928
0.020465500054869
0.020466121191059
0.020468138163015
0.020471200683595
0.020474843297068
0.020478549793881
0.020481821220698
0.020484238632825
0.020485512766678
0.020485514809597
0.020484285119849
0.020482019729482
0.020479037348638
0.020475732009480
0.020472518142421
0.020469775578985
0.020467801668011
0.020466776453781
0.020466744894304
0.020467617683709
0.020469189720885
0.020471172975601
0.020473238738724
0.020475063218797
0.020476370270498
0.020476965700928
0.020476758974925
0.020475770017010
0.020474120911842
0.020472014344128
0.020469702319767
0.020467449856389
0.020465498791269
0.020464036594435
0.020463174161183
0.020462935144276
0.020463257687384
0.020464007683593
0.020465001146866
0.020466032153041
0.020466902218352
0.020467446994455
0.020467556740507
0.020467188077701
0.020466365872378
0.020465175529208
0.020463747300152
0.020462235247451
0.020460794108307
0.020459557429805
0.020458619981762
0.020458026687551
0.020457769267711
0.020457790631219
0.020457995945902
0.020458268427592
0.020458487324196
0.020458545399805
0.020458363449286
0.020457899942098
0.020457154704703
0.020456166473556
0.020455005044904
0.020453759485166
0.020452524347371
0.020451386009182
0.020450411099018
0.020449638549069
0.020449076186590
0.020448702052091
0.020448469927426
0.020448317971860
0.020448178979530
0.020447990632367
0.020447704234042
0.020447290740543
0.020446743388207
0.020446076777634
