0.018683118910925
0.018621097195094
0.018568589659817
0.018527947962473
0.018501216348564
0.018490056223556
0.018495682100837
0.018518811287882
0.018559629208226
0.018617771717912
0.018692325182495
0.018781844457652
0.018884388287336
0.018997571022744
0.019118628996933
0.019244499385221
0.019371908959736
0.019497469822587
0.019617778987477
0.019729518580304
0.019829553447295
0.019915023091073
0.019983425093275
0.020032687514991
0.020061228178221
0.020067999204707
0.020052515703115
0.020014868030931
0.019955717592795
0.019876276652747
0.019778273115841
0.019663901659555
0.019535762954770
0.019396793001125
0.019250184806778
0.019099304766639
0.018947606137622
0.018798541979575
0.018655479833586
0.018521620255027
0.018399921117584
0.018293029368041
0.018203221650926
0.018132354947708
0.018081828096442
0.018052554782126
0.018044948321657
0.018058918314044
0.018093878989027
0.018148768866214
0.018222081132256
0.018311903954412
0.018415969774120
0.018531712462953
0.018656331075310
0.018786858798048
0.018920235578632
0.019053382813242
0.019183278398484
0.019307030399671
0.019421947570447
0.019525604977982
0.019615903050142
0.019691118469695
0.019749945498289
0.019791526520178
0.019815470850538
0.019821861151711
0.019811247135703
0.019784626593601
0.019743414170580
0.019689398685569
0.019624690162741
0.019551658082832
0.019472862660843
0.019390981199322
0.019308731741060
0.019228796342380
0.019153746302107
0.019085971609269
0.019027616716102
0.018980524507516
0.018946190033218
0.018925725206947
0.018919835274551
0.018928807426622
0.018952511501154
0.018990412306190
0.019041592710069
0.019104786313903
0.019178418250985
0.019260652461086
0.019349443670040
0.019442592268451
0.019537800325187
0.019632727084836
0.019725042473151
0.019812477357416
0.019892869564378
0.019964204930366
0.020024652930175
0.020072596687540
0.020106657397142
0.020125713374938
0.020128914092592
0.020115689638719
0.020085756084198
0.020039117214123
0.019976063031613
0.019897165347766
0.019803270658895
0.019695490389126
0.019575188456429
0.019443966015405
0.019303643151866
0.019156237261418
0.019003937843461
0.018849077486868
0.018694098914503
0.018541518087827
0.018393883544240
0.018253732339788
0.018123543187355
0.018005687602700
0.017902380083740
0.017815628538272
0.017747186328104
0.017698507400959
0.017670706025304
0.017664522619680
0.017680297073102
0.017717950785902
0.017776978424628
0.017856450087533
0.017955024230153
0.018070971317987
0.018202207772756
0.018346339379303
0.018500712941990
0.018662474642245
0.018828633271120
0.018996126308025
0.019161886701434
0.019322908186866
0.019476307054359
0.019619378449049
0.019749645546025
0.019864900270978
0.019963234623835
0.020043062082571
0.020103128996200
0.020142516296121
0.020160632241376
0.020157197246114
0.020132222100379
0.020085981076851
0.020018981510138
0.019931931441084
0.019825706841282
0.019701319782396
0.019559888704940
0.019402611688673
0.019230743350214
0.019045575711435
0.018848423112163
0.018640610997909
0.018423468209604
0.018198322245796
0.017966496862367
0.017729311320613
0.017488080587906
0.017244115829767
0.016998724599657
0.016753210223946
0.016508869984972
0.016266991816497
0.016028849336331
0.015795695145388
0.015568752418136
0.015349204895300
0.015138185466290
0.014936763597793
0.014745931928054
0.014566592405183
0.014399542402894
0.014245461297715
0.014104898035503
0.013978260248299
0.013865805500074
0.013767635236067
0.013683691979555
0.013613760257243
0.013557471636895
0.013514314127676
0.013483646027233
0.013464714105153
0.013456675798984
0.013458624877721
0.013469619812394
0.013488713898812
0.013514986018499
0.013547570814057
0.013585687005772
0.013628662594974
0.013675955789780
0.013727170648823
0.013782066661986
0.013840561762540
0.013902728577331
0.013968784052295
0.014039072919587
0.014114045779625
0.014194232837213
0.014280214539133
0.014372590498410
0.014471948149906
0.014578832560315
0.014693718715620
0.014816987438474
0.014948905859012
0.015089613090949
0.015239111468446
0.015397263396911
0.015563793581069
0.015738296132986
0.015920245845053
0.016109012748728
0.016303878975222
0.016504056891416
0.016708707501174
0.016916958173165
0.017127918873065
0.017340696229885
0.017554404941620
0.017768176212608
0.017981163102507
0.018192542844947
0.018401516354218
0.018607305275055
0.018809147039594
0.019006288475199
0.019197978557235
0.019383460923369
0.019561966763354
0.019732708673592
0.019894876022482
0.020047632313862
0.020190114964599
0.020321437830888
0.020440696727856
0.020546978089967
0.020639370816435
0.020716981237396
0.020778951023827
0.020824477748729
0.020852837690695
0.020863410356312
0.020855704088306
0.020829382025810
0.020784287596327
0.020720468650760
0.020638199308356
0.020537998562417
0.020420644714443
0.020287184757299
0.020138937919162
0.019977492709920
0.019804696979049
0.019622640695494
0.019433631390559
0.019240162456799
0.019044874760558
0.018850512292292
0.018659872835715
0.018475754871585
0.018300902132618
0.018137947380850
0.017989357077817
0.017857378652948
0.017743992041485
0.017650867057742
0.017579327994289
0.017530326597920
0.017504424278175
0.017501784066185
0.017522172476303
0.017564971047911
0.017629196979006
0.017713531925584
0.017816357749625
0.017935797769354
0.018069761911024
0.018215994089933
0.018372120163369
0.018535694897520
0.018704246567264
0.018875318049779
0.019046503564036
0.019215480528639
0.019380036339042
0.019538090179680
0.019687710266452
0.019827127141813
0.019954743804166
0.020069143535731
0.020169096294762
0.020253564460879
0.020321708574190
0.020372893502858
0.020406695226972
0.020422908159374
0.020421552658061
0.020402882141605
0.020367389018579
0.020315808500966
0.020249119302437
0.020168540232389
0.020075521787304
0.019971732008185
0.019859036107094
0.019739469653011
0.019615205429872
0.019488514417721
0.019361721680796
0.019237158253742
0.019117110380564
0.019003767664933
0.018899171823189
0.018805167785524
0.018723358863455
0.018655067594517
0.018601303694029
0.018562740298233
0.018539699385515
0.018532146927282
0.018539697963003
0.018561631431125
0.018596914234659
0.018644233691901
0.018702037232171
0.018768577954604
0.018841964483818
0.018920213435952
0.019001302755801
0.019083224201522
0.019164033336071
0.019241895529699
0.019315126678897
0.019382227594918
0.019441911298365
0.019493122762567
0.019535050963523
0.019567133403510
0.019589053564399
0.019600732001480
0.019602311996924
0.019594140843796
0.019576747919940
0.019550820732479
0.019517180068705
0.019476755282187
0.019430560582567
0.019379672995493
0.019325212430379
0.019268324054528
0.019210162939977
0.019151880741036
0.019094613990716
0.019039473485511
0.018987534168323
0.018939824922802
0.018897317757785
0.018860915982201
0.018831441138488
0.018809618662498
0.018796062453745
0.018791258753964
0.018795549927029
0.018809118893032
0.018831975080706
0.018863942815564
0.018904653051134
0.018953539276864
0.019009838303099
0.019072596439304
0.019140681358576
0.019212799693840
0.019287520154710
0.019363301704716
0.019438526110984
0.019511533985168
0.019580663284797
0.019644289144394
0.019700863857978
0.019748955837605
0.019787286422171
0.019814763499749
0.019830511026833
0.019833893669548
0.019824535945990
0.019802335406857
