0.019773119971875
0.019757586228552
0.019739631938583
0.019719509271712
0.019697484988875
0.019673827851127
0.019648803079296
0.019622673780732
0.019595708234149
0.019568191048639
0.019540435591254
0.019512794784786
0.019485667453259
0.019459497836476
0.019434766664663
0.019411973199967
0.019391608804189
0.019374123753398
0.019359890057347
0.019349163830779
0.019342051204202
0.019338481786939
0.019338193281608
0.019340730019416
0.019345457007950
0.019351589665564
0.019358237896111
0.019364461687851
0.019369334154155
0.019372007008399
0.019371772988147
0.019368119778493
0.019360770545169
0.019349707235761
0.019335174252643
0.019317661812514
0.019297870123392
0.019276657255350
0.019254975084717
0.019233798802475
0.019214056082481
0.019196562038996
0.019181965556808
0.019170711499464
0.019163021793652
0.019158896595905
0.019158134846047
0.019160371686793
0.019165128660154
0.019171871433655
0.019180069176767
0.019189249662102
0.019199044709811
0.019209221670791
0.019219698144872
0.019230538901181
0.019241935829276
0.019254173511968
0.019267584494387
0.019282499377461
0.019299197379311
0.019317862931706
0.019338553217055
0.019361180370441
0.019385510490291
0.019411179781022
0.019437726277577
0.019464633868457
0.019491383921381
0.019517508874694
0.019542641792746
0.019566556142946
0.019589190922547
0.019610657669349
0.019631227703019
0.019651299989971
0.019671352105712
0.019691878676955
0.019713323226487
0.019736010351986
0.019760085527974
0.019785469469212
0.019811832940723
0.019838596218019
0.019864955225556
0.019889933897292
0.019912459730365
0.019931457077264
0.019945950674027
0.019955170436914
0.019958647837693
0.019956294287702
0.019948452951897
0.019935917228825
0.019919911649511
0.019902033979792
0.019884160616728
0.019868320676478
0.019856547193417
0.019850716315210
0.019852387049302
0.019862654813069
0.019882031657880
0.019910364558045
0.019946800651929
0.019989804956486
0.020037232088822
0.020086449222475
0.020134503224219
0.020178321014459
0.020214929009180
0.020241675326901
0.020256437501880
0.020257798863314
0.020245178540839
0.020218903147040
0.020180212365549
0.020131195638521
0.020074662523313
0.020013954650353
0.019952712123603
0.019894611244120
0.019843093246086
0.019801105042478
0.019770872628612
0.019753725762577
0.019749988946610
0.019758948820747
0.019778902213976
0.019807282732782
0.019840857410647
0.019875979116266
0.019908875614203
0.019935952808601
0.019954088088367
0.019960890003125
0.019954902750013
0.019935737998418
0.019904122127653
0.019861853576011
0.019811672176084
0.019757049503180
0.019701915805831
0.019650344475445
0.019606218788615
0.019572907489363
0.019552975493723
0.019547953591292
0.019558186657216
0.019582773904094
0.019619607562194
0.019665508641197
0.019716450712233
0.019767855570933
0.019814938767580
0.019853078790141
0.019878181497610
0.019887011401194
0.019877463581658
0.019848754241524
0.019801513791341
0.019737773500555
0.019660844554549
0.019575096252688
0.019485647462441
0.019397991765544
0.019317581539124
0.019249399178054
0.019197544602744
0.019164867084943
0.019152666393424
0.019160483580977
0.019185995786011
0.019225022666655
0.019271645021931
0.019318429281377
0.019356745319562
0.019377159860308
0.019369883864220
0.019325249915297
0.019234194792038
0.019088723065251
0.018882329548444
0.018610361498008
0.018270305327606
0.017861986948333
0.017387679360990
0.016852115525176
0.016262408576187
0.015627884980153
0.014959839103070
0.014271219878964
0.013576261813348
0.012890073513308
0.012228197388267
0.011606154222097
0.011038986081584
0.010540810585423
0.010124398973230
0.009800789715367
0.009578948591003
0.009465485206333
0.009464434782632
0.009577112663410
0.009802047325873
0.010134995706237
0.010569042360571
0.011094781415990
0.011700577491016
0.012372898883184
0.013096713469597
0.013855935094434
0.014633905885394
0.015413898101369
0.016179617898888
0.016915692915753
0.017608125866602
0.018244697439630
0.018815303640824
0.019312215270094
0.019730250310943
0.020066853519469
0.020322081237374
0.020498493247741
0.020600957165992
0.020636374250695
0.020613338491231
0.020541743271539
0.020432351741605
0.020296348202158
0.020144888302539
0.019988665671065
0.019837511765452
0.019700044288085
0.019583377509485
0.019492905345871
0.019432165115540
0.019402786636636
0.019404527820624
0.019435394270607
0.019491836736424
0.019569016750042
0.019661127519876
0.019761754365173
0.019864256787023
0.019962152857746
0.020049486100867
0.020121155530717
0.020173191076696
0.020202959225585
0.020209287301140
0.020192499216644
0.020154360566316
0.020097936286857
0.020027369495148
0.019947595139318
0.019864006433209
0.019782095348593
0.019707090438489
0.019643615760075
0.019595393558225
0.019565010675760
0.019553764509150
0.019561598979118
0.019587134787143
0.019627791612620
0.019679993350560
0.019739441487005
0.019801436721742
0.019861225372801
0.019914345231629
0.019956945551969
0.019986057774849
0.019999797292621
0.019997481769078
0.019979657868747
0.019948035220489
0.019905333506552
0.019855055173856
0.019801201888435
0.019747957051598
0.019699359136002
0.019658991091343
0.019629709580101
0.019613434461538
0.019611014024579
0.019622175381426
0.019645562670350
0.019678858825705
0.019718980208255
0.019762327861295
0.019805074996704
0.019843467831715
0.019874116261952
0.019894252086001
0.019901935456278
0.019896194647265
0.019877089719905
0.019845696757121
0.019804015549221
0.019754809423515
0.019701390889481
0.019647370540212
0.019596388952763
0.019551852031371
0.019516689338340
0.019493152586160
0.019482667862216
0.019485750653769
0.019501987723213
0.019530084763204
0.019567973938730
0.019612971257070
0.019661970486148
0.019711658267823
0.019758734246130
0.019800120450092
0.019833145738706
0.019855693651620
0.019866305268418
0.019864232377303
0.019849440088998
0.019822561710974
0.019784811957300
0.019737867195453
0.019683723268740
0.019624542395418
0.019562500716446
0.019499647292932
0.019437783848986
0.019378372469739
0.019322475983237
0.019270733081117
0.019223367570150
0.019180228685657
0.019140857303971
0.019104571294835
0.019070562244099
0.019037995394525
0.019006104893534
0.018974277252866
0.018942117228632
0.018909492001908
0.018876551438297
0.018843724176473
0.018811691187018
0.018781340110737
0.018753705008377
0.018729897039335
0.018711031980516
0.018698160383881
0.018692205579978
0.018693913732125
0.018703818832795
0.018722224036635
0.018749199183968
0.018784592927511
0.018828056665134
0.018879076611575
0.018937009887508
0.019001120499536
0.019070611519286
0.019144650589354
0.019222386994454
0.019302959813626
0.019385497971076
0.019469114183027
0.019552895720777
0.019635895467022
0.019717126862292
0.019795565996660
0.019870163324644
0.019939866343540
0.020003653194794
0.020060575673037
0.020109808722635
0.020150702330266
0.020182830928339
0.020206035116923
0.020220450751775
0.020226521236987
0.020224990147679
0.020216872980385
0.020203408730404
0.020185993939665
0.020166103646829
0.020145205113328
0.020124671133327
0.020105700047165
0.020089249211818
0.020075987650632
0.020066271988624
0.020060147721456
0.020057375556782
0.020057480228006
0.020059817042854
0.020063649708690
0.020068231852440
0.020072884249199
0.020077060144626
0.020080392180880
