0.011486012766252
0.011438919292483
0.011401780125778
0.011376020547812
0.011362641147707
0.011362180868720
0.011374697435016
0.011399765780246
0.011436494422609
0.011483559064532
0.011539252063696
0.011601545848771
0.011668167858265
0.011736684181204
0.011804588787119
0.011869395058811
0.011928726289013
0.011980401871182
0.012022516100720
0.012053506797280
0.012072211349148
0.012077908251390
0.012070342742748
0.012049735721967
0.012016775721859
0.011972594317330
0.011918725921382
0.011857053460832
0.011789741903456
0.011719162014773
0.011647807043114
0.011578205256152
0.011512831374707
0.011454019967432
0.011403883783860
0.011364239817416
0.011336545611699
0.011321847963017
0.011320745742492
0.011333368076971
0.011359368605852
0.011397935988175
0.011447820288824
0.011507374342190
0.011574608693295
0.011647258266093
0.011722858520826
0.011798828549044
0.011872558326168
0.011941497204252
0.012003240686169
0.012055612577948
0.012096739766488
0.012125117110554
0.012139660255965
0.012139744580946
0.012125228931986
0.012096463309671
0.012054280191760
0.011999969720177
0.011935239512189
0.011862160366263
0.011783099603443
0.011700644199772
0.011617516210701
0.011536483252722
0.011460266981723
0.011391452585487
0.011332402286345
0.011285175729474
0.011251459916143
0.011232511036133
0.011229110169272
0.011241534374986
0.011269544185704
0.011312387981528
0.011368823167560
0.011437153520371
0.011515281534780
0.011600774104545
0.011690939427433
0.011782912651574
0.011873747488568
0.011960510819420
0.012040377218814
0.012110720324781
0.012169198084320
0.012213829107417
0.012243057655034
0.012255805160911
0.012251506629580
0.012230130748516
0.012192183084044
0.012138692280331
0.012071179729974
0.011991613715038
0.011902349511213
0.011806057389050
0.011705640820790
0.011604147497412
0.011504675969441
0.011410280840888
0.011323879466103
0.011248163024943
0.011185514686584
0.011137937323389
0.011106992913202
0.011093755383081
0.011098778213549
0.011122077654910
0.011163131921657
0.011220896243472
0.011293833177093
0.011379957137071
0.011476891698259
0.011581937870243
0.011692151253123
0.011804425762178
0.011915581460496
0.012022453965797
0.012121982900055
0.012211296925458
0.012287793053031
0.012349208114248
0.012393680543122
0.012419800917151
0.012426650040208
0.012413823708140
0.012381443668060
0.012330154654358
0.012261107748595
0.012175930657239
0.012076685822695
0.011965817571884
0.011846089757145
0.011720515551674
0.011592281222921
0.011464665820314
0.011340958777555
0.011224377444957
0.011117986535247
0.011024621389247
0.010946816849077
0.010886743369773
0.010846151809955
0.010826328123253
0.010828058929934
0.010851608688031
0.010896708911097
0.010962559601242
0.011047842787292
0.011150747784592
0.011269007530803
0.011399945106556
0.011540529326201
0.011687438086956
0.011837127998726
0.011985908685569
0.012130020056119
0.012265710786550
0.012389316247170
0.012497334132901
0.012586496128155
0.012653834046283
0.012696739030287
0.012713012581156
0.012700908388508
0.012659164169760
0.012587022972814
0.012484243656536
0.012351100526279
0.012188372361178
0.011997321319037
0.011779662436524
0.011537524651057
0.011273404450652
0.010990113404658
0.010690720938282
0.010378493784726
0.010056833579719
0.009729214054380
0.009399119235155
0.009069983976817
0.008745138039779
0.008427754780979
0.008120805363670
0.007827019211444
0.007548851241833
0.007288456221168
0.007047670390829
0.006828000331390
0.006630618860307
0.006456367605043
0.006305765760250
0.006179024427247
0.006076065848026
0.005996546784876
0.005939885259925
0.005905289855332
0.005891790782334
0.005898271953551
0.005923503334686
0.005966172906103
0.006024917628256
0.006098352874629
0.006185099868694
0.006283810734997
0.006393190846590
0.006512018220202
0.006639159775582
0.006773584335832
0.006914372301151
0.007060721979501
0.007211952604846
0.007367504117581
0.007526933823383
0.007689910086840
0.007856203255407
0.008025674048121
0.008198259682081
0.008373958047882
0.008552810282418
0.008734882122880
0.008920244458179
0.009108953522050
0.009301031194122
0.009496445889693
0.009695094524261
0.009896786033618
0.010101226913438
0.010308009212964
0.010516601375439
0.010726342263419
0.010936438640916
0.011145966307629
0.011353874995207
0.011558997043740
0.011760059781104
0.011955701431326
0.012144490283700
0.012324946765103
0.012495567976694
0.012654854185566
0.012801336704347
0.012933606548909
0.013050343237687
0.013150343086179
0.013232546357211
0.013296062650875
0.013340193956684
0.013364454842781
0.013368589321018
0.013352584000084
0.013316677219059
0.013261363938275
0.013187396250622
0.013095779462116
0.012987763773466
0.012864831672903
0.012728681223118
0.012581205490979
0.012424468427114
0.012260677553358
0.012092153859574
0.011921299348061
0.011750562694087
0.011582403516013
0.011419255768499
0.011263490788226
0.011117380533772
0.010983061570012
0.010862500352597
0.010757460369329
0.010669471691877
0.010599803482394
0.010549439983959
0.010519060500171
0.010509023836269
0.010519357630671
0.010549752950725
0.010599564459027
0.010667816376573
0.010753214376465
0.010854163437629
0.010968791573480
0.011094979227600
0.011230394000022
0.011372530236718
0.011518752885062
0.011666344893305
0.011812557316730
0.011954661191208
0.012090000150563
0.012216042701143
0.012330433028570
0.012431039200404
0.012515997646308
0.012583752845041
0.012633091225425
0.012663168395055
0.012673528944214
0.012664118229967
0.012635285723189
0.012587779694528
0.012522733218982
0.012441641687301
0.012346332219884
0.012238925579518
0.012121791367473
0.011997497457786
0.011868754772322
0.011738358620289
0.011609127916970
0.011483843655242
0.011365188028411
0.011255685593709
0.011157647822751
0.011073122309978
0.011003847804568
0.010951216098709
0.010916241648762
0.010899539629996
0.010901312934418
0.010921348419494
0.010959022507807
0.011013316028673
0.011082837986894
0.011165857745422
0.011260344921830
0.011364016126726
0.011474387518891
0.011588832019951
0.011704639923129
0.011819081548320
0.011929470540900
0.012033226385594
0.012127934710235
0.012211403987672
0.012281717307380
0.012337277980927
0.012376847866388
0.012399577444384
0.012405026850708
0.012393177264609
0.012364432264660
0.012319608991698
0.012259919196258
0.012186940491228
0.012102578373681
0.012009019817220
0.011908679461538
0.011804139633239
0.011698085614947
0.011593237732695
0.011492281948930
0.011397800725572
0.011312205954402
0.011237675737878
0.011176096740591
0.011129013719748
0.011097587683530
0.011082563921618
0.011084250906845
0.011102510786632
0.011136761874506
0.011185993223997
0.011248791028674
0.011323376252957
0.011407652568888
0.011499263364666
0.011595656311317
0.011694153733965
0.011792026841881
0.011886571734091
0.011975185020069
0.012055436881575
0.012125139453630
0.012182408519366
0.012225716692460
0.012253936497317
0.012266372044385
0.012262778327659
0.012243367533500
0.012208802133464
0.012160174926863
0.012098976589147
0.012027051657550
0.011946544233991
0.011859834995937
0.011769471369012
0.011678092922262
0.011588354191668
0.011502847215188
0.011424026071009
0.011354135649556
0.011295146761224
0.011248699489882
0.011216056453049
0.011198067331101
0.011195145689204
0.011207258747416
