0.003885773007072
0.003888565921864
0.003891652296692
0.003894832364185
0.003897897822686
0.003900645285242
0.003902889547152
0.003904475810322
0.003905290062520
0.003905266921729
0.003904394413502
0.003902715342568
0.003900325136854
0.003897366268680
0.003894019579734
0.003890493039095
0.003887008633983
0.003883788219719
0.003881039230136
0.003878941167142
0.003877633746706
0.003877207480323
0.003877697321948
0.003879079819505
0.003881273989279
0.003884145894710
0.003887516673335
0.003891173532042
0.003894883035906
0.003898405862341
0.003901512090298
0.003903996050788
0.003905689783327
0.003906474222497
0.003906287375023
0.003905128932532
0.003903060987094
0.003900204761986
0.003896733523423
0.003892862084276
0.003888833532324
0.003884903999117
0.003881326418921
0.003878334301715
0.003876126554302
0.003874854328178
0.003874610754683
0.003875424253985
0.003877255885145
0.003880000953265
0.003883494822108
0.003887522613388
0.003891832224013
0.003896149875895
0.003900197243570
0.003903709093926
0.003906450327430
0.003908231334983
0.003908920677929
0.003908454255828
0.003906840338076
0.003904160088569
0.003900563492072
0.003896260879322
0.003891510527245
0.003886603063478
0.003881843614275
0.003877532788500
0.003873947677285
0.003871324062990
0.003869840970606
0.003869608562609
0.003870660181918
0.003872949098563
0.003876350228836
0.003880666788491
0.003885641532902
0.003890971946153
0.003896328486141
0.003901374790173
0.003905788608510
0.003909282171079
0.003911620709998
0.003912637957482
0.003912247610153
0.003910449987043
0.003907333395912
0.003903070043721
0.003897906662870
0.003892150354566
0.003886150453961
0.003880277479589
0.003874900425504
0.003870363775635
0.003866965657718
0.003864938505304
0.003864433462669
0.003865509555900
0.003868128376045
0.003872154692917
0.003877363060422
0.003883450107415
0.003890051854525
0.003896765078734
0.003903171483743
0.003908863242204
0.003913468368320
0.003916674364048
0.003918248661290
0.003918054552798
0.003916061556886
0.003912349481550
0.003907105823785
0.003900616538196
0.003893250611751
0.003885439264646
0.003877650937166
0.003870363498236
0.003864035305289
0.003859076844349
0.003855824676280
0.003854519308588
0.003855288406641
0.003858136464361
0.003862941688454
0.003869460432608
0.003877339072891
0.003886132768696
0.003895330131554
0.003904382452403
0.003912735839204
0.003919864410160
0.003925302586948
0.003928674545017
0.003929719005604
0.003928307790945
0.003924456898545
0.003918329264310
0.003910228855178
0.003900586233242
0.003889936236433
0.003878888896656
0.003868095136457
0.003858209124653
0.003849849408582
0.003843561060054
0.003839781064583
0.003838809046816
0.003840785164612
0.003845676632235
0.003853273868538
0.003863196733409
0.003874910743822
0.003887752581194
0.003900963646953
0.003913729925050
0.003925225997847
0.003934660760424
0.003941322207210
0.003944618636617
0.003944113738881
0.003939553296712
0.003930881626605
0.003918246402367
0.003901991106562
0.003882635019908
0.003860841348868
0.003837374771818
0.003813050317702
0.003788676043560
0.003764992417702
0.003742611617793
0.003721960098761
0.003703227762598
0.003686326868022
0.003670863457996
0.003656123571444
0.003641075863873
0.003624391518744
0.003604481521314
0.003579550527162
0.003547665728526
0.003506838342691
0.003455114655915
0.003390672987955
0.003311922524851
0.003217599723318
0.003106857932928
0.002979346017961
0.002835272086126
0.002675448934521
0.002501318484362
0.002314953268065
0.002119033922319
0.001916802591438
0.001711993116532
0.001508739836850
0.001311467720066
0.001124767330763
0.000953258807881
0.000801449524824
0.000673590429485
0.000573536192417
0.000504614224510
0.000469507363575
0.000470154582993
0.000507673462891
0.000582307409614
0.000693399742191
0.000839395818798
0.001017873388110
0.001225600357418
0.001458618208437
0.001712348398160
0.001981718288045
0.002261302478280
0.002545474907551
0.002828566729568
0.003105024806089
0.003369565666247
0.003617319971043
0.003843962880886
0.004045826238437
0.004219989128567
0.004364344137923
0.004477637480383
0.004559482051637
0.004610343394591
0.004631499465504
0.004624975957805
0.004593459737113
0.004540193640699
0.004468856474662
0.004383432483675
0.004288074857749
0.004186967969352
0.004084192999558
0.003983601416182
0.003888700418158
0.003802553972082
0.003727702456833
0.003666103222864
0.003619093589814
0.003587376977780
0.003571032024020
0.003569543708501
0.003581854728655
0.003606434654669
0.003641363787358
0.003684428153702
0.003733221728231
0.003785251774336
0.003838043165148
0.003889237669680
0.003936684470894
0.003978518606716
0.004013224575395
0.004039683000383
0.004057198980436
0.004065511527626
0.004064784287448
0.004055578508160
0.004038809948777
0.004015692056480
0.003987668277767
0.003956336771213
0.003923371046484
0.003890440154022
0.003859131989210
0.003830883057578
0.003806917684503
0.003788199161317
0.003775394722887
0.003768855577646
0.003768612491271
0.003774386693298
0.003785615166094
0.003801488720747
0.003821000694897
0.003843003649450
0.003866271115253
0.003889561261402
0.003911679331072
0.003931535818255
0.003948197631653
0.003960929895341
0.003969226548303
0.003972828500066
0.003971728746771
0.003966164518355
0.003956597179262
0.003943681209733
0.003928224122089
0.003911139590794
0.003893396375927
0.003875965783322
0.003859770424177
0.003845636913418
0.003834254887603
0.003826144345011
0.003821632834003
0.003820843467116
0.003823694147376
0.003829907791831
0.003839032757207
0.003850472144458
0.003863520210165
0.003877403766208
0.003891326221996
0.003904511826383
0.003916247702641
0.003925921435728
0.003933052255744
0.003937314247844
0.003938550484438
0.003936777493835
0.003932180021335
0.003925096574169
0.003915996741312
0.003905451715852
0.003894099798282
0.003882608905353
0.003871638239026
0.003861801277772
0.003853632139548
0.003847557139968
0.003843873044979
0.003842733114055
0.003844141571558
0.003847956656805
0.003853901915583
0.003861584934816
0.003870522313545
0.003880169329732
0.003889952521569
0.003899303266285
0.003907690415208
0.003914650130869
0.003919811263635
0.003922914889443
0.003923826988926
0.003922543660113
0.003919188697424
0.003914003813186
0.003907332198712
0.003899596496135
0.003891272558769
0.003882860599818
0.003874855455204
0.003867717710035
0.003861847359865
0.003857561503294
0.003855077303169
0.003854501125860
0.003855824391920
0.003858926269547
0.003863582938428
0.003869482769612
0.003876246428958
0.003883450636887
0.003890654120844
0.003897424189617
0.003903362345625
0.003908127431975
0.003911454979568
0.003913171664659
0.003913204093577
0.003911581479856
0.003908432148592
0.003903974171248
0.003898500779471
0.003892361508574
0.003885940262645
0.003879631660302
0.003873817103704
0.003868842009789
0.003864995553005
0.003862494099496
0.003861469274955
0.003861961317180
0.003863918037855
0.003867199376361
0.003871587192014
0.003876799630373
0.003882509132374
0.003888362947692
0.003894004877600
0.003899096915104
0.003903339473801
0.003906488999360
0.003908371931650
0.003908894219998
0.003908045873917
0.003905900339515
0.003902608808634
0.003898389874285
0.003893515223694
0.003888292292657
0.003883044978387
0.003878093612627
0.003873735427053
