0.013488552026083
0.013495173515621
0.013504668642836
0.013517043031048
0.013532288479378
0.013550382871922
0.013571290151674
0.013594960360031
0.013621329742384
0.013650320920023
0.013681843128270
0.013715792520446
0.013752052536957
0.013790494338512
0.013830977302120
0.013873349578265
0.013917448707323
0.013963102292984
0.014010128730195
0.014058337984803
0.014107532421854
0.014157507679224
0.014208053582997
0.014258955100815
0.014309993329157
0.014360946510339
0.014411591074814
0.014461702704215
0.014511057410404
0.014559432625684
0.014606608299220
0.014652367994612
0.014696499983536
0.014738798330286
0.014779063962059
0.014817105719831
0.014852741384675
0.014885798674463
0.014916116205933
0.014943544417225
0.014967946446110
0.014989198959275
0.015007192928188
0.015021834347295
0.015033044890454
0.015040762501807
0.015044941917490
0.015045555114884
0.015042591686397
0.015036059135055
0.015025983089524
0.015012407436497
0.014995394368765
0.014975024347598
0.014951395978491
0.014924625799661
0.014894847983096
0.014862213948329
0.014826891889524
0.014789066216828
0.014748936913370
0.014706718809661
0.014662640777544
0.014616944846238
0.014569885243372
0.014521727364318
0.014472746673433
0.014423227541229
0.014373462021767
0.014323748574922
0.014274390738457
0.014225695755119
0.014177973160249
0.014131533335601
0.014086686035342
0.014043738890335
0.014002995897024
0.013964755897358
0.013929311056315
0.013896945343690
0.013867933026834
0.013842537181120
0.013821008224865
0.013803582485437
0.013790480803225
0.013781907180051
0.013778047478502
0.013779068178504
0.013785115197317
0.013796312778894
0.013812762458341
0.013834542106977
0.013861705063165
0.013894279353845
0.013932267011305
0.013975643489435
0.014024357183286
0.014078329055402
0.014137452371962
0.014201592551334
0.014270587127233
0.014344245828173
0.014422350774477
0.014504656793607
0.014590891854087
0.014680757617833
0.014773930110166
0.014870060506318
0.014968776032741
0.015069680981023
0.015172357831739
0.015276368485086
0.015381255594654
0.015486544000270
0.015591742255347
0.015696344243785
0.015799830881021
0.015901671893448
0.016001327670045
0.016098251179672
0.016191889947216
0.016281688081401
0.016367088346849
0.016447534272688
0.016522472289831
0.016591353888796
0.016653637789842
0.016708792117032
0.016756296567752
0.016795644569152
0.016826345412972
0.016847926360187
0.016859934706988
0.016861939803678
0.016853535018171
0.016834339635957
0.016804000688531
0.016762194702565
0.016708629362289
0.016643045077867
0.016565216452860
0.016474953644181
0.016372103608369
0.016256551228355
0.016128220315345
0.015987074480888
0.015833117874659
0.015666395783981
0.015486995091624
0.015295044588931
0.015090715141876
0.014874219708198
0.014645813204331
0.014405792221408
0.014154494590195
0.013892298795408
0.013619623240417
0.013336925363954
0.013044700610983
0.012743481260493
0.012433835113522
0.012116364045256
0.011791702425624
0.011460515413290
0.011123497128485
0.010781368710586
0.010434876266827
0.010084788718958
0.009731895555107
0.009377004494458
0.009020939072756
0.008664536156947
0.008308643397598
0.007954116627979
0.007601817218929
0.007252609398860
0.006907357548358
0.006566923479025
0.006232163706255
0.005903926725721
0.005583050303333
0.005270358788430
0.004966660459906
0.004672744914849
0.004389380509174
0.004117311859510
0.003857257415455
0.003609907111004
0.003375920103722
0.003155922609912
0.002950505843665
0.002760224067342
0.002585592760591
0.002427086914607
0.002285139457862
0.002160139819067
0.002052432632612
0.001962316591205
0.001890043449904
0.001835817185160
0.001799793311925
0.001782078361294
0.001782729520550
0.001801754436901
0.001839111185561
0.001894708402250
0.001968405579564
0.002060013526063
0.002169294986341
0.002295965419717
0.002439693934651
0.002600104375366
0.002776776556653
0.002969247642241
0.003177013661655
0.003399531159922
0.003636218974053
0.003886460129754
0.004149603851384
0.004424967677810
0.004711839676384
0.005009480746988
0.005317127007729
0.005633992253626
0.005959270479372
0.006292138457055
0.006631758359530
0.006977280420035
0.007327845618507
0.007682588385013
0.008040639310669
0.008401127856462
0.008763185050387
0.009125946163454
0.009488553355184
0.009850158279409
0.010209924641368
0.010567030697293
0.010920671687982
0.011270062198093
0.011614438433239
0.011953060407310
0.012285214032819
0.012610213107450
0.012927401190443
0.013236153362875
0.013535877866366
0.013826017615222
0.014106051577538
0.014375496021290
0.014633905621977
0.014880874428911
0.015116036687796
0.015339067517797
0.015549683441850
0.015747642769518
0.015932745832254
0.016104835071504
0.016263794980583
0.016409551901866
0.016542073681297
0.016661369182783
0.016767487665536
0.016860518027907
0.016940587921727
0.017007862741653
0.017062544494398
0.017104870553202
0.017135112303211
0.017153573683872
0.017160589634721
0.017156524451296
0.017141770058157
0.017116744206261
0.017081888602158
0.017037666976659
0.016984563100777
0.016923078756898
0.016853731673193
0.016777053429366
0.016693587341872
0.016603886336708
0.016508510817873
0.016408026539509
0.016303002489648
0.016194008793366
0.016081614642971
0.015966386262702
0.015848884915150
0.015729664956448
0.015609271946923
0.015488240823707
0.015367094141415
0.015246340386719
0.015126472372269
0.015007965715054
0.014891277403900
0.014776844460414
0.014665082697256
0.014556385577203
0.014451123176045
0.014349641251880
0.014252260422963
0.014159275455797
0.014070954664693
0.013987539423585
0.013909243790434
0.013836254244098
0.013768729533104
0.013706800635345
0.013650570827254
0.013600115860628
0.013555484244872
0.013516697631995
0.013483751301390
0.013456614740989
0.013435232321115
0.013419524056970
0.013409386455442
0.013404693441607
0.013405297360033
0.013411030045796
0.013421703959855
0.013437113383283
0.013457035664656
0.013481232514788
0.013509451342873
0.013541426627992
0.013576881319913
0.013615528263044
0.013657071637399
0.013701208410453
0.013747629793790
0.013796022698522
0.013846071183530
0.013897457890701
0.013949865461449
0.014002977928994
0.014056482080998
0.014110068787407
0.014163434288516
0.014216281438532
0.014268320900151
0.014319272285915
0.014368865242423
0.014416840473723
0.014462950700543
0.014506961552308
0.014548652389243
0.014587817052135
0.014624264537730
0.014657819598008
0.014688323261975
0.014715633278926
0.014739624482471
0.014760189074972
0.014777236832369
0.014790695229703
0.014800509487969
0.014806642543274
0.014809074939553
0.014807804646421
0.014802846804046
0.014794233397157
0.014782012860635
0.014766249619339
0.014747023565082
0.014724429473889
0.014698576366897
0.014669586818402
0.014637596214799
0.014602751968255
0.014565212689133
0.014525147321291
0.014482734244484
0.014438160348166
0.014391620081076
0.014343314481019
0.014293450189267
0.014242238454037
0.014189894127473
0.014136634660518
0.014082679100035
0.014028247092445
0.013973557898082
0.013918829420348
0.013864277253652
0.013810113753962
0.013756547135664
0.013703780598265
0.013652011486295
0.013601430485567
0.013552220858791
0.013504557723289
0.013458607373367
0.013414526649681
0.013372462357674
0.013332550736966
0.013294916983291
0.013259674824375
0.013226926150861
