0.008110861884612
0.008174039098893
0.008243150684112
0.008317676723066
0.008397089985053
0.008480879862048
0.008568571640304
0.008659740182637
0.008754017517524
0.008851094267443
0.008950715271608
0.009052670140217
0.009156779794673
0.009262880281939
0.009370805288571
0.009480368814704
0.009591349401582
0.009703477145677
0.009816424492110
0.009929801498928
0.010043155924412
0.010155978136704
0.010267710503637
0.010377760614152
0.010485517431652
0.010590369300047
0.010691722625764
0.010789020048079
0.010881756984113
0.010969495585794
0.011051875361025
0.011128619972569
0.011199540015364
0.011264531864176
0.011323572956816
0.011376714113627
0.011424069674641
0.011465806349291
0.011502131712610
0.011533283244921
0.011559518703566
0.011581108444854
0.011598330096695
0.011611465735260
0.011620801462767
0.011626629038992
0.011629249006471
0.011628974586171
0.011626135520623
0.011621081014240
0.011614180969321
0.011605824838882
0.011596417605826
0.011586372638935
0.011576101452059
0.011566000683134
0.011556436892011
0.011547730028194
0.011540136621009
0.011533833877758
0.011528905927337
0.011525333409945
0.011522987486743
0.011521629131699
0.011520914282717
0.011520405087273
0.011519587100519
0.011517891905520
0.011514724251769
0.011509492475057
0.011501640692534
0.011490681081450
0.011476224463194
0.011458007434637
0.011435914418072
0.011409993233924
0.011380463124718
0.011347714556137
0.011312300568060
0.011274919918315
0.011236392725718
0.011197629748058
0.011159596798238
0.011123276084418
0.011089626439890
0.011059544473694
0.011033828619318
0.011013147889063
0.010998016866195
0.010988778102833
0.010985592661080
0.010988439065108
0.010997120451699
0.011011279245988
0.011030418276045
0.011053926899727
0.011081110470304
0.011111221327932
0.011143489479614
0.011177151220688
0.011211474148734
0.011245777312002
0.011279445598819
0.011311937887484
0.011342788910451
0.011371605213598
0.011398055983458
0.011421859847211
0.011442769001268
0.011460552178922
0.011474978016952
0.011485800323431
0.011492746589413
0.011495510837505
0.011493751578268
0.011487095273046
0.011475145304547
0.011457496060930
0.011433751371476
0.011403546216293
0.011366570389227
0.011322592637627
0.011271483744105
0.011213237056800
0.011147985111996
0.011076011216062
0.010997755146819
0.010913812477421
0.010824927395427
0.010731979261308
0.010635963499847
0.010537967722273
0.010439144217568
0.010340680113836
0.010243766586213
0.010149568473992
0.010059195569955
0.009973676669058
0.009893937226064
0.009820781191397
0.009754877292629
0.009696749728249
0.009646772962667
0.009605170076724
0.009572013952834
0.009547230469941
0.009530602857234
0.009521776407155
0.009520262872412
0.009525444057088
0.009536574343062
0.009552782150268
0.009573070591524
0.009596317827677
0.009621277835655
0.009646582452330
0.009670745636435
0.009692170889777
0.009709162694129
0.009719942653949
0.009722670796269
0.009715472181691
0.009696468643368
0.009663815116206
0.009615739670319
0.009550586045384
0.009466857218670
0.009363258349136
0.009238737338445
0.009092521246914
0.008924146902011
0.008733484235959
0.008520751177854
0.008286519289097
0.008031709748296
0.007757579739088
0.007465699745098
0.007157922683588
0.006836346187748
0.006503269653975
0.006161147886741
0.005812543286587
0.005460078530093
0.005106391584584
0.004754094691932
0.004405738658724
0.004063783423117
0.003730575455360
0.003408332115153
0.003099132662191
0.002804915222830
0.002527478680365
0.002268488199262
0.002029482930346
0.001811884383501
0.001617003999586
0.001446048599610
0.001300122626070
0.001180226401987
0.001087249996394
0.001021962676109
0.000984998316310
0.000976837510273
0.000997787437236
0.001047960795187
0.001127255266154
0.001235335044199
0.001371615916743
0.001535255250184
0.001725148000134
0.001939929559787
0.002177985896678
0.002437471032001
0.002716331512977
0.003012337143604
0.003323116896806
0.003646198653205
0.003979051215687
0.004319126946252
0.004663903367934
0.005010922168737
0.005357824229064
0.005702379555742
0.006042511325988
0.006376313601830
0.006702062645217
0.007018222121992
0.007323442805543
0.007616557657778
0.007896573359675
0.008162659474828
0.008414136452110
0.008650463608733
0.008871228089990
0.009076135589605
0.009265003352180
0.009437755687732
0.009594421930052
0.009735136488703
0.009860140400045
0.009969783594399
0.010064526978361
0.010144943392458
0.010211716547716
0.010265637167319
0.010307595752440
0.010338571640285
0.010359618309072
0.010371845187685
0.010376396524325
0.010374428136150
0.010367083079879
0.010355467434215
0.010340627455928
0.010323529355168
0.010305042830834
0.010285929318577
0.010266835643343
0.010248293451314
0.010230724443286
0.010214451066092
0.010199711965247
0.010186681184714
0.010175489840772
0.010166248814932
0.010159070919571
0.010154090997220
0.010151482521939
0.010151469473585
0.010154332541841
0.010160409069256
0.010170086539719
0.010183789835707
0.010201962897851
0.010225045797344
0.010253448550961
0.010287523248786
0.010327536209870
0.010373641920777
0.010425860442549
0.010484059796537
0.010547944568852
0.010617051623289
0.010690753404929
0.010768268876584
0.010848681685242
0.010930964733637
0.011014009959510
0.011096661825380
0.011177752813553
0.011256139117456
0.011330734727416
0.011400542225828
0.011464678825198
0.011522396488382
0.011573095343384
0.011616330020970
0.011651808975147
0.011679387266459
0.011699053669080
0.011710913280815
0.011715167050380
0.011712089774568
0.011702008151317
0.011685280402496
0.011662278808690
0.011633376240040
0.011598937440739
0.011559315452748
0.011514853172234
0.011465889646759
0.011412770368249
0.011355860519672
0.011295559911622
0.011232318212819
0.011166649043935
0.011099141568489
0.011030468372544
0.010961388665118
0.010892746136619
0.010825461162181
0.010760517406722
0.010698943253966
0.010641788818367
0.010590099584817
0.010544887937978
0.010507103977622
0.010477607060950
0.010457139465914
0.010446303435957
0.010445542656683
0.010455128944359
0.010475154614092
0.010505530663775
0.010545990581230
0.010596099278352
0.010655266397414
0.010722763037383
0.010797740823899
0.010879252201899
0.010966270865361
0.011057711349367
0.011152446985155
0.011249325644358
0.011347182955801
0.011444852946870
0.011541176320399
0.011635006807382
0.011725216217650
0.011810698930903
0.011890376619588
0.011963203968785
0.012028176057998
0.012084337902440
0.012130796429255
0.012166734903413
0.012191429538394
0.012204267749521
0.012204767254591
0.012192595017674
0.012167584885303
0.012129752693430
0.012079307637168
0.012016658796276
0.011942415894487
0.011857383630934
0.011762549242484
0.011659063317606
0.011548214262883
0.011431397198081
0.011310078399981
0.011185756705836
0.011059923503734
0.010934023063627
0.010809414988722
0.010687340488308
0.010568893992549
0.010455001356437
0.010346405549542
0.010243660320819
0.010147131888268
0.010057008258489
0.009973315358832
0.009895938791402
0.009824649717176
0.009759133169365
0.009699016991222
0.009643899601905
0.009593374914391
0.009547052954649
0.009504575047129
0.009465622818349
0.009429920703388
0.009397232091918
0.009367349692228
0.009340081095241
0.009315230859805
0.009292580693865
0.009271869456814
0.009252774746621
0.009234897758218
