0.317444130651288
0.318100970457498
0.318493974077959
0.318624255161642
0.318496038289927
0.318116489416409
0.317495512792933
0.316645520985683
0.315581184661489
0.314319168671452
0.312877860597591
0.311277097385662
0.309537894999135
0.307682185234468
0.305732562978854
0.303712046311559
0.301643850991212
0.299551180072285
0.297457028689491
0.295384003465901
0.293354155560268
0.291388826082937
0.289508502481430
0.287732684520978
0.286079758648610
0.284566879811429
0.283209860173524
0.282023064611233
0.281019313328914
0.280209792393231
0.279603973399796
0.279209543831756
0.279032349919898
0.279076353948763
0.279343607960221
0.279834245680190
0.280546494238265
0.281476706874223
0.282619417346703
0.283967416200483
0.285511848436874
0.287242331496827
0.289147091839396
0.291213117810153
0.293426325973135
0.295771737651356
0.298233662104589
0.300795882584069
0.303441841450044
0.306154820621732
0.308918113846060
0.311715187610931
0.314529827975495
0.317346271123938
0.320149316047645
0.322924418397745
0.325657765199911
0.328336330759392
0.330947914681822
0.333481163471250
0.335925577621495
0.338271506473722
0.340510133360268
0.342633453684958
0.344634248600110
0.346506056833159
0.348243146997631
0.349840492405953
0.351293750000632
0.352599244555058
0.353753958787575
0.354755529506504
0.355602249385035
0.356293073478164
0.356827629163712
0.357206227837424
0.357429876437329
0.357500286728454
0.357419880255294
0.357191786968438
0.356819835750719
0.356308535396980
0.355663045024568
0.354889133387432
0.353993127109429
0.352981848413325
0.351862543470043
0.350642802997659
0.349330477172406
0.347933587249735
0.346460236511566
0.344918523243318
0.343316458394037
0.341661890387025
0.339962439235786
0.338225441697620
0.336457908687922
0.334666495610255
0.332857485661900
0.331036785584979
0.329209932781143
0.327382112223576
0.325558181208535
0.323742699709681
0.321939963944997
0.320154040742769
0.318388800398298
0.316647945936414
0.314935037020803
0.313253507157920
0.311606673306264
0.309997737493064
0.308429780533023
0.306905748411015
0.305428432308717
0.304000443604735
0.302624185443588
0.301301822641393
0.300035251771344
0.298826073250840
0.297675567140533
0.296584674173710
0.295553983274863
0.294583726515168
0.293673782105545
0.292823685662630
0.292032649615356
0.291299590265378
0.290623161687333
0.290001795366483
0.289433744231860
0.288917129560365
0.288449989106852
0.288030324760862
0.287656148043767
0.287325521839834
0.287036596899189
0.286787641854148
0.286577065747164
0.286403432369153
0.286265466040554
0.286162048821610
0.286092209498706
0.286055105044844
0.286049995578818
0.286076214133608
0.286133132775553
0.286220126779157
0.286336538647952
0.286481643773139
0.286654619436672
0.286854518695660
0.287080250437789
0.287330566583907
0.287604057049555
0.287899152680785
0.288214135971926
0.288547158976414
0.288896267457915
0.289259430018014
0.289634570696106
0.290019603379749
0.290412466298238
0.290811154901090
0.291213751544018
0.291618450609367
0.292023577963074
0.292427603978665
0.292829149721168
0.293226986258141
0.293620027430501
0.294007316751344
0.294388009389391
0.294761350420199
0.295126650682873
0.295483261657159
0.295830550774937
0.296167878504722
0.296494578405987
0.296809941153074
0.297113203289439
0.297403541207218
0.297680070569895
0.297941851121836
0.298187896571357
0.298417189005131
0.298628697100216
0.298821397252054
0.298994296636417
0.299146457170970
0.299277019337298
0.299385224863134
0.299470437342777
0.299532159985356
0.299570049819261
0.299583927839771
0.299573784759006
0.299539782195878
0.299482249322425
0.299401675155845
0.299298696846750
0.299174084459088
0.299028722860690
0.298863591441924
0.298679742449722
0.298478278763224
0.298260331943294
0.298027041361194
0.297779535151907
0.297518913647518
0.297246235828513
0.296962509191038
0.296668683271689
0.296365646905533
0.296054229125086
0.295735203446599
0.295409295142330
0.295077190971855
0.294739550747325
0.294397020042689
0.294050243327838
0.293699876816790
0.293346600363657
0.292991127817435
0.292634215352706
0.292276667420476
0.291919340104728
0.291563141816641
0.291209031401949
0.290858013868769
0.290511134056817
0.290169468657996
0.289834117059160
0.289506191508103
0.289186807103696
0.288877072081968
0.288578078816150
0.288290895874556
0.288016561392146
0.287756077916255
0.287510408790398
0.287280476049397
0.287067159718523
0.286871298344258
0.286693690536724
0.286535097275609
0.286396244722225
0.286277827289022
0.286180510741554
0.286104935143464
0.286051717498341
0.286021453989481
0.286014721765455
0.286032080262671
0.286074072092855
0.286141223551800
0.286234044824493
0.286353029971148
0.286498656778777
0.286671386555839
0.286871663934322
0.287099916727040
0.287356555869566
0.287641975458462
0.287956552881638
0.288300649024078
0.288674608523299
0.289078760043857
0.289513416538740
0.289978875466259
0.290475418933589
0.291003313740595
0.291562811299174
0.292154147403050
0.292777541819621
0.293433197669574
0.294121300550894
0.294842017352574
0.295595494690866
0.296381856888096
0.297201203402784
0.298053605611128
0.298939102835507
0.299857697516443
0.300809349431168
0.301793968875145
0.302811408742419
0.303861455465779
0.304943818808035
0.306058120529487
0.307203881992937
0.308380510804833
0.309587286627822
0.310823346335153
0.312087668709993
0.313379058921953
0.314696133038914
0.316037302854222
0.317400761327694
0.318784468953724
0.320186141381169
0.321603238617818
0.323032956156323
0.324472218358496
0.325917674429192
0.327365697298925
0.328812385713923
0.330253569802069
0.331684820341663
0.333101461905748
0.334498589987472
0.335871092131507
0.337213673004224
0.338520883233001
0.339787151736266
0.341006821154908
0.342174185887404
0.343283532131956
0.344329179254643
0.345305521739328
0.346207070938406
0.347028495837604
0.347764662076005
0.348410668525492
0.348961880830436
0.349413961436462
0.349762895790002
0.350005014562112
0.350137011930740
0.350155960136210
0.350059320694318
0.349844952799924
0.349511119572037
0.349056492871258
0.348480157456143
0.347781615233613
0.346960790299079
0.346018035357347
0.344954139970383
0.343770340900446
0.342468334616498
0.341050291819087
0.339518873626056
0.337877248859386
0.336129111694172
0.334278698782684
0.332330804857840
0.330290795756658
0.328164617787637
0.325958802397440
0.323680465169389
0.321337298304811
0.318937555892470
0.316490031453959
0.314004027455673
0.311489316693160
0.308956095672142
0.306414930325573
0.303876694609899
0.301352502710407
0.298853635750026
0.296391464033799
0.293977365968912
0.291622644875431
0.289338444943514
0.287135667597901
0.285024889499366
0.283016283345956
0.281119542535370
0.279343810616062
0.277697616292131
0.276188814560573
0.274824534355199
0.273611132857548
0.272554156419779
0.271658307838643
0.270927419532995
0.270364432021082
0.269971376977727
0.269749364084380
0.269698570873020
0.269818234812427
0.270106646992328
0.270561146924715
0.271178118194958
0.271952984947860
0.272880209471519
0.273953291428574
0.275164769561842
0.276506226951367
0.277968301104097
0.279540700300072
0.281212227687271
0.282970814601519
0.284803564484620
0.286696808583173
0.288636174339081
0.290606667040976
0.292592764909275
0.294578527354666
0.296547715701486
