5.653679764726482482e-01
5.650813541085277780e-01
5.647961573852282591e-01
5.645123865505872196e-01
5.642300418492018910e-01
5.639491235223441645e-01
5.636696318081059198e-01
5.633915669412579152e-01
5.631149291534380819e-01
5.628397186730258461e-01
5.625659357252306148e-01
5.622935805321012115e-01
5.620226533124309531e-01
5.617531542818781087e-01
5.614850836528432199e-01
5.612184416344947469e-01
5.609532284326547158e-01
5.606894442498471243e-01
5.604270892850737873e-01
5.601661637338120059e-01
5.599066677877900799e-01
5.596486016348090065e-01
5.593919654585117751e-01
5.591367594380434181e-01
5.588829837476505524e-01
5.586306385561985444e-01
5.583797240265266915e-01
5.581302403146561897e-01
5.578821875688242393e-01
5.576355659282276056e-01
5.573903755216325084e-01
5.571466164652492115e-01
5.569042888606612340e-01
5.566633927918451796e-01
5.564239283216187992e-01
5.561858954873484251e-01
5.559492942955652772e-01
5.557141247154055996e-01
5.554803866706193860e-01
5.552480800297854291e-01
5.550172045944348209e-01
5.547877600845625423e-01
5.545597461211655421e-01
5.543331622053085939e-01
5.541080076926419018e-01
5.538842817634208604e-01
5.536619833863100082e-01
5.534411112759245466e-01
5.532216638426470379e-01
5.530036391338732926e-01
5.527870347657853900e-01
5.525718478445464932e-01
5.523580748761873771e-01
5.521457116644798990e-01
5.519347531964522435e-01
5.517251935155187414e-01
5.515170255831709500e-01
5.513102411308622441e-01
5.511048305042891560e-01
5.509007825048739537e-01
5.506980842337968474e-01
5.504967209467734879e-01
5.502966759298691946e-01
5.500979304095778843e-01
5.499004635134201457e-01
5.497042523006510084e-01
5.495092718861231962e-01
5.493154956837611458e-01
5.491228957994968018e-01
5.489314436073368109e-01
5.487411105460742178e-01
5.485518691803400460e-01
5.483636945797447648e-01
5.481765660880744129e-01
5.479904695888362376e-01
5.478054004351338158e-01
5.476213673205185817e-01
5.474383975525498602e-01
5.472565444958649161e-01
5.470758984422363636e-01
5.468966029331400192e-01
5.467188797384642251e-01
5.465430674644022879e-01
5.463696813760297033e-01
5.461995058174919926e-01
5.460337360619385016e-01
5.458741941614555504e-01
5.457236542759593689e-01
5.455863282678681259e-01
5.454685837871564580e-01
5.453799970822550414e-01
5.453348847704899693e-01
5.453545174664244932e-01
5.454702996793572289e-01
5.457283125191716433e-01
5.461957675685333857e-01
5.469701213402493600e-01
5.481918584629990043e-01
5.500622729749760076e-01
5.528679590337071126e-01
5.570141533698413916e-01
5.630695286689003654e-01
5.718254862324048116e-01
5.843734014264871934e-01
6.022036146572045112e-01
6.273302576473316350e-01
6.624463790060377555e-01
7.111145729529098070e-01
7.779999787699611868e-01
8.691560628264265453e-01
9.923805273990019549e-01
1.157671230232061088e+00
1.377833215346411899e+00
1.669321832721334609e+00
2.053458272196819756e+00
2.558227951019552471e+00
3.220974144874797940e+00
4.092432676679962356e+00
5.242718760096639841e+00
6.770068824141193708e+00
8.813343766975734184e+00
1.156948772441833917e+01
1.531726201431010459e+01
2.044856809100118511e+01
2.750843955028924626e+01
3.724419734676007465e+01
5.066318019761919800e+01
6.909674012615630545e+01
9.426572841040503192e+01
1.283394902080102895e+02
1.739766221209625883e+02
2.343318826786484692e+02
3.130104719751200264e+02
4.139495359752691002e+02
5.412085449223718570e+02
6.986564499415233058e+02
8.895551140894187938e+02
1.116055416010884528e+03
1.378643267641341026e+03
1.675594632987303157e+03
2.002517120281876942e+03
2.352065692907783159e+03
2.713916668164523344e+03
3.075064309670104194e+03
3.420467849460238995e+03
3.734027418758100339e+03
3.999812619252365039e+03
4.203417478430586925e+03
4.333281032572699587e+03
4.381802513448024001e+03
4.346098456118317699e+03
4.228294519795811539e+03
4.035310018663710707e+03
3.778166223941655517e+03
3.470916741514576643e+03
3.129347353110172207e+03
2.769615423306383036e+03
2.406992910367050172e+03
2.054845728495756703e+03
1.723933910764487337e+03
1.422062310631697301e+03
1.154060842676207358e+03
9.220344975155994689e+02
7.258008941332809627e+02
5.634273850526726619e+02
4.317879514493930628e+02
3.270776475952835085e+02
2.452439937837347941e+02
1.823159389983555343e+02
1.346286427251348812e+02
9.895475863333385291e+01
7.255993345910712833e+01
5.320263154633788361e+01
3.909742743863210279e+01
2.885793173240494980e+01
2.143169566656860425e+01
1.603562185184262745e+01
1.209709737494562987e+01
9.203482959790063589e+00
7.060761078951738767e+00
5.460975193355297463e+00
4.257441053381132434e+00
3.346433107082093628e+00
2.654016368995355535e+00
2.126805547530763896e+00
1.725615425771567901e+00
1.421170117711725300e+00
1.191233596404054573e+00
1.018693587180763416e+00
8.902690467162988064e-01
7.956177585627340898e-01
7.266983931351049808e-01
6.772956778500658359e-01
6.426534316693932603e-01
6.191830514583245293e-01
6.042287082603274850e-01
5.958782169309605470e-01
5.928126137098910231e-01
5.941895121204019414e-01
5.995563366967235908e-01
6.087901719649801979e-01
6.220615490668366387e-01
6.398201941388739211e-01
6.628016640380423041e-01
6.920549496452234051e-01
7.289925942583315166e-01
7.754667378189048499e-01
8.338768691071738459e-01
9.073180893602563746e-01
9.997825430339717379e-01
1.116431612739809509e+00
1.263962929995999573e+00
1.451104973190701308e+00
1.689284330861384742e+00
1.993528798191668061e+00
2.383696722843891003e+00
2.886164167047743589e+00
3.536162523376906286e+00
4.381046909431586478e+00
5.484896037418090842e+00
6.935000513722402893e+00
8.850985743250713966e+00
1.139752440006862777e+01
1.480179268540123516e+01
1.937696383661833011e+01
2.555303447388804372e+01
3.391603766910583317e+01
4.525607694189908869e+01
6.062346769003323743e+01
8.139045706430653127e+01
1.093134258547830342e+02
1.465871939738166816e+02
1.958792940749945046e+02
2.603283652763898317e+02
3.434879959252794492e+02
4.491965543900956845e+02
5.813560925265428523e+02
7.436104743445853273e+02
9.389251471346838116e+02
1.169088147352821125e+03
1.434172392922668450e+03
1.732019944625011703e+03
2.057825357586768860e+03
2.403902571361023547e+03
2.759713643050848077e+03
3.112215525330563651e+03
3.446543590592380497e+03
3.747001941679419815e+03
3.998278399977894878e+03
4.186756286770237239e+03
4.301765704619121607e+03
4.336611676504215211e+03
4.289238478506027604e+03
4.162436454235546989e+03
3.963561723835069643e+03
3.703808824704631661e+03
3.397138515091863155e+03
3.059006501448429844e+03
2.705056673089711694e+03
2.349933070628516361e+03
2.006332325721838515e+03
1.684370886756779328e+03
1.391289116173137018e+03
1.131466959022885931e+03
9.066905447710520320e+02
7.165894648963699183e+02
5.591606045437222292e+02
4.313034393172386558e+02
3.293091074070059676e+02
2.492664340243425443e+02
1.873682116174618670e+02
1.401175350504667563e+02
1.044454517335533126e+02
7.775750142753003047e+01
5.792867159157611923e+01
4.326510971042274178e+01
3.244790692615022465e+01
2.447050129841982269e+01
1.857753873516809406e+01
1.420984742161159886e+01
1.095773047081927132e+01
8.523075324440437583e+00
6.689720772428055184e+00
5.300969674791283559e+00
4.242938784857669177e+00
3.432466145740471930e+00
2.808449222131653933e+00
2.325690443691914577e+00
1.950534257465717403e+00
1.657764721097227723e+00
1.428383593812497354e+00
1.248004038415913231e+00
1.105678260771199461e+00
9.930349785445526933e-01
9.036412053738378525e-01
8.325283224580060093e-01
7.758393276152562024e-01
7.305656805103180051e-01
6.943503361376966998e-01
6.653395802768191647e-01
6.420708245251449675e-01
6.233869631286116375e-01
6.083704749752122387e-01
5.962923479480890521e-01
5.865722604431207188e-01
5.787474100921461417e-01
5.724480465216725822e-01
5.673782337232209372e-01
5.633007046254192574e-01
5.600249207157828035e-01
5.573976414701111715e-01
5.552954589311127620e-01
5.536188721172672356e-01
5.522875703816345627e-01
5.512366689352909965e-01
5.504136972429883867e-01
5.497761851805738065e-01
5.492897256066598954e-01
5.489264177986924453e-01
5.486636160194457990e-01
5.484829228447419824e-01
5.483693789324421974e-01
5.483108104636719160e-01
5.482973031253549623e-01
5.483207776434370073e-01
5.483746468257163498e-01
5.484535380620659817e-01
5.485530684389839928e-01
5.486696622000442058e-01
5.488004023437160761e-01
5.489429097933863355e-01
5.490952448829702348e-01
5.492558269420743100e-01
5.494233685919658328e-01
5.495968220216027600e-01
5.497753350374382508e-01
5.499582150989404949e-01
5.501448998876232732e-01
5.503349332261063820e-01
5.505279453814905244e-01
5.507236369626651307e-01
5.509217657643639132e-01
5.511221360267419822e-01
5.513245896745225805e-01
5.515289991774845468e-01
5.517352617382011992e-01
5.519432945649112021e-01
5.521530310316336010e-01
5.523644175617761221e-01
5.525774111021046764e-01
5.527919770775799879e-01
5.530080877370902037e-01
5.532257208169883977e-01
5.534448584623906653e-01
5.536654863576628838e-01
5.538875930259369307e-01
5.541111692655587007e-01
5.543362076970339558e-01
5.545627023989982973e-01
5.547906486163411977e-01
5.550200425257973968e-01
5.552508810484684254e-01
5.554831616993964882e-01
5.557168824673307528e-01
5.559520417185398466e-01
5.561886381199186991e-01
5.564266705775382515e-01
5.566661381875908088e-01
5.569070401972083806e-01
5.571493759732375484e-01
5.573931449773008584e-01
5.576383467458947418e-01
5.578849808746217942e-01
5.581330470054398640e-01
5.583825448167047956e-01
5.586334740151227551e-01
5.588858343293532371e-01
5.591396255049304598e-01
5.593948473002420263e-01
5.596514994832688661e-01
5.599095818290498183e-01
5.601690941175890837e-01
5.604300361322844815e-01
5.606924076586000671e-01
5.609562084829924355e-01
5.612214383921730887e-01
5.614880971723308356e-01
5.617561846087238964e-01
5.620257004851355598e-01
5.622966445836303784e-01
5.625690166841756934e-01
5.628428165645344983e-01
5.631180439999567966e-01
5.633946987631118786e-01
5.636727806239505423e-01
5.639522893495405587e-01
5.642332247040815485e-01
5.645155864486877118e-01
5.647993743414785328e-01
5.650845881373630641e-01
