0.002754822615993
0.002755006170546
0.002754640127959
0.002753753848940
0.002752426576128
0.002750780322598
0.002748968631546
0.002747162246090
0.002745533029079
0.002744237648154
0.002743402573753
0.002743111823236
0.002743398633078
0.002744241876158
0.002745567596658
0.002747255552784
0.002749150182968
0.002751074989435
0.002752849004208
0.002754303798342
0.002755299435198
0.002755737859260
0.002755572445182
0.002754812786219
0.002753524243618
0.002751822267942
0.002749861993404
0.002747824051401
0.002745897907481
0.002744264263228
0.002743078158644
0.002742454352307
0.002742456351190
0.002743090128340
0.002744303135573
0.002745988729818
0.002747995630997
0.002750141562788
0.002752229838359
0.002754067377261
0.002755482502588
0.002756340881923
0.002756558140253
0.002756107972928
0.002755024994369
0.002753402036494
0.002751382116041
0.002749145776218
0.002746894931117
0.002744834662849
0.002743154612136
0.002742011645887
0.002741515376242
0.002741717854269
0.002742608390640
0.002744113998195
0.002746105448365
0.002748408429791
0.002750818838186
0.002753120852451
0.002755106196809
0.002756592875078
0.002757441701554
0.002757569140305
0.002756955284768
0.002755646234457
0.002753750618135
0.002751430529854
0.002748887640222
0.002746345676567
0.002744030794007
0.002742151555621
0.002740880286088
0.002740337454538
0.002740580487686
0.002741598035118
0.002743310237349
0.002745575024658
0.002748199946101
0.002750958539654
0.002753609849004
0.002755919406024
0.002757679856247
0.002758729420860
0.002758966562743
0.002758359541585
0.002756949977560
0.002754850057468
0.002752233567322
0.002749321473647
0.002746363255286
0.002743615566363
0.002741320055511
0.002739682254687
0.002738853373936
0.002738916602192
0.002739879137931
0.002741670688929
0.002744148628815
0.002747109426656
0.002750305423687
0.002753465565314
0.002756318347102
0.002758615031177
0.002760151152385
0.002760784465476
0.002760447774997
0.002759155514244
0.002757003462893
0.002754161570592
0.002750860436991
0.002747372538023
0.002743989738058
0.002740998949537
0.002738657968681
0.002737173513290
0.002736683316587
0.002737243803541
0.002738824420188
0.002741309139944
0.002744505078969
0.002748157564179
0.002751970461145
0.002755630129009
0.002758831061871
0.002761301126256
0.002762824324572
0.002763259203488
0.002762551368760
0.002760739036653
0.002757951109134
0.002754397860720
0.002750354921096
0.002746141781678
0.002742096502504
0.002738548612376
0.002735792354412
0.002734062418066
0.002733514117530
0.002734209638863
0.002736111510254
0.002739083887606
0.002742901634888
0.002747266563077
0.002751829621108
0.002756217351847
0.002760060573593
0.002763023051216
0.002764827897087
0.002765279593420
0.002764279844046
0.002761835921842
0.002758060743603
0.002753164534438
0.002747438590736
0.002741232264782
0.002734924827875
0.002728894280709
0.002723485437371
0.002718979691626
0.002715568773676
0.002713334528454
0.002712236312596
0.002712107048427
0.002712658331100
0.002713494307650
0.002714133385264
0.002714036230644
0.002712638038486
0.002709382711953
0.002703756437883
0.002695318167503
0.002683724728776
0.002668748684364
0.002650287581841
0.002628363881696
0.002603115547323
0.002574777988639
0.002543658715352
0.002510106628543
0.002474478317809
0.002437104003133
0.002398255845025
0.002358121235761
0.002316783384845
0.002274211042535
0.002230258597324
0.002184677077433
0.002137135829629
0.002087253891856
0.002034639369635
0.001978934517179
0.001919863753281
0.001857281540845
0.001791216947979
0.001721911796226
0.001649849583525
0.001575772829490
0.001500687101217
0.001425850702658
0.001352749806300
0.001283059625395
0.001218593019819
0.001161238652551
0.001112891424726
0.001075378380691
0.001050383564578
0.001039375411446
0.001043540164739
0.001063724534850
0.001100390368468
0.001153583512173
0.001222918360963
0.001307578822820
0.001406335646956
0.001517579298880
0.001639366860663
0.001769480825859
0.001905497174669
0.002044859777539
0.002184957996213
0.002323204332953
0.002457109114234
0.002584349469392
0.002702830255091
0.002810735055059
0.002906565920273
0.002989171075035
0.003057760367603
0.003111908761395
0.003151548619717
0.003176951914768
0.003188703777827
0.003187668996314
0.003174953155562
0.003151860125175
0.003119847513337
0.003080481572386
0.003035392852787
0.002986233688572
0.002934638372969
0.002882186664395
0.002830371063498
0.002780568131474
0.002734013984675
0.002691784003005
0.002654776728495
0.002623701901447
0.002599072577641
0.002581201282740
0.002570200179377
0.002565985239016
0.002568284415346
0.002576649801339
0.002590473712728
0.002609008573543
0.002631390384514
0.002656665435244
0.002683819781719
0.002711810859897
0.002739600453951
0.002766188095524
0.002790643850263
0.002812139361746
0.002829975981422
0.002843608825358
0.002852665670307
0.002856959735872
0.002856495594982
0.002851467706483
0.002842251361897
0.002829386170447
0.002813552555856
0.002795542086736
0.002776222789778
0.002756500881480
0.002737280581279
0.002719423820549
0.002703711725550
0.002690809720396
0.002681237965984
0.002675348625967
0.002673311140340
0.002675106305417
0.002680529525065
0.002689203134582
0.002700597230631
0.002714057993894
0.002728842090849
0.002744155410165
0.002759194147237
0.002773186111917
0.002785430108815
0.002795331329393
0.002802430897116
0.002806428011261
0.002807193526137
0.002804774259893
0.002799387826361
0.002791408297514
0.002781343504968
0.002769805248745
0.002757474074406
0.002745060583103
0.002733265435237
0.002722740284933
0.002714051833941
0.002707651020835
0.002703849072978
0.002702801759587
0.002704502715434
0.002708786182424
0.002715338970155
0.002723720898364
0.002733392485690
0.002743748220666
0.002754153418675
0.002763982453967
0.002772656073146
0.002779675552218
0.002784651651404
0.002787326640102
0.002787588089855
0.002785473640620
0.002781166503736
0.002774982039176
0.002767346298738
0.002758767925607
0.002749805212284
0.002741030416566
0.002732993599745
0.002726188271589
0.002721021001370
0.002717786891158
0.002716652423666
0.002717646716967
0.002720661673418
0.002725460935636
0.002731696995491
0.002738935279736
0.002746683591897
0.002754424952981
0.002761651675300
0.002767898437292
0.002772772206754
0.002775977079758
0.002777332448004
0.002776783355574
0.002774402427442
0.002770383312207
0.002765026143615
0.002758716052314
0.002751896216260
0.002745037295047
0.002738605326372
0.002733030256399
0.002728677223462
0.002725822519771
0.002724635831210
0.002725169922770
0.002727358425393
0.002731021823859
0.002735881182361
0.002741578613347
0.002747703032614
0.002753819381758
0.002759499263459
0.002764350842557
0.002768045923598
0.002770342319893
0.002771099966489
0.002770289676163
0.002767993962475
0.002764399919739
0.002759784716108
0.002754494782205
0.002748920225777
0.002743466340157
0.002738524276263
0.002734442999581
0.002731504551094
0.002729904382015
0.002729738154463
0.002730995921907
0.002733564059377
0.002737234744330
0.002741722236688
0.002746684711742
0.002751749998702
0.002756543300313
0.002760714835034
0.002763965362503
0.002766067723131
0.002766882830581
0.002766368977935
0.002764583822716
0.002761678964550
0.002757887581106
0.002753506101794
0.002748871336523
0.002744334806184
