0.033394462123735
0.033394535238194
0.033397319755623
0.033403325792503
0.033413079555779
0.033427114594383
0.033445960727331
0.033470130845977
0.033500105904696
0.033536318520778
0.033579135695462
0.033628841239204
0.033685618531752
0.033749534268976
0.033820523842304
0.033898378963036
0.033982738084139
0.034073080088768
0.034168721611301
0.034268818237786
0.034372369703282
0.034478229069595
0.034585115733875
0.034691631992346
0.034796282769250
0.034897498023644
0.034993657269663
0.035083115592066
0.035164230509791
0.035235389036103
0.035295034303775
0.035341691165416
0.035373990239287
0.035390689945688
0.035390696163645
0.035373079227116
0.035337088069517
0.035282161410309
0.035207935953892
0.035114251635970
0.035001154003967
0.034868893855227
0.034717924279958
0.034548895266819
0.034362646030166
0.034160195212529
0.033942729107463
0.033711588040326
0.033468251041056
0.033214318946522
0.032951496082357
0.032681570695958
0.032406394343223
0.032127860469585
0.031847882468234
0.031568371541215
0.031291214727803
0.031018253494736
0.030751263299890
0.030491934541218
0.030241855283376
0.030002496114216
0.029775197422351
0.029561159307434
0.029361434240028
0.029176922483310
0.029008370180290
0.028856369904950
0.028721363380557
0.028603645990389
0.028503372650903
0.028420564589491
0.028355116571099
0.028306804150556
0.028275290588892
0.028260133158412
0.028260788666964
0.028276618149448
0.028306890795728
0.028350787299726
0.028407402916124
0.028475750590570
0.028554764580361
0.028643305000518
0.028740163712671
0.028844071921493
0.028953709758027
0.029067718016247
0.029184712075428
0.029303297894859
0.029422089818490
0.029539729784993
0.029654907412652
0.029766380326856
0.029872994027558
0.029973700559527
0.030067575252319
0.030153830839609
0.030231828346799
0.030301084247323
0.030361273525716
0.030412228441932
0.030453932958214
0.030486512958643
0.030510222553919
0.030525426912443
0.030532582186957
0.030532213208800
0.030524889695934
0.030511201764446
0.030491735546115
0.030467049698162
0.030437653547775
0.030403987546958
0.030366406626418
0.030325166934934
0.030280416337110
0.030232188921669
0.030180403648162
0.030124867135597
0.030065280474694
0.030001249829120
0.029932300482057
0.029857893885217
0.029777447179774
0.029690354584676
0.029596009989571
0.029493830048984
0.029383277053566
0.029263880854722
0.029135259142168
0.028997135420602
0.028849354101614
0.028691892219057
0.028524867388239
0.028348541757989
0.028163321845430
0.027969754290627
0.027768517715947
0.027560411016104
0.027346338532928
0.027127292677243
0.026904334643523
0.026678573916766
0.026451147292530
0.026223198119451
0.025995856429734
0.025770220550097
0.025547340688080
0.025328204872773
0.025113727501951
0.024904740617275
0.024701987903185
0.024506121290699
0.024317699950637
0.024137191386331
0.023964974286598
0.023801342776353
0.023646511703634
0.023500622625066
0.023363750192420
0.023235908695455
0.023117058574611
0.023007112775272
0.022905942867769
0.022813384899546
0.022729244974841
0.022653304571513
0.022585325604412
0.022525055232031
0.022472230381314
0.022426581938913
0.022387838530794
0.022355729790812
0.022329989007407
0.022310355039100
0.022296573406435
0.022288396500579
0.022285582895822
0.022287895811514
0.022295100834098
0.022306963076023
0.022323244009325
0.022343698260993
0.022368070689230
0.022396094069625
0.022427487704968
0.022461957230945
0.022499195823270
0.022538886923324
0.022580708494378
0.022624338706070
0.022669462829216
0.022715781015047
0.022763016541303
0.022810924040031
0.022859297184883
0.022907975313404
0.022956848494069
0.023005860617901
0.023055010196745
0.023104348678659
0.023153976237290
0.023204035146756
0.023254701006018
0.023306172216194
0.023358658231118
0.023412367186897
0.023467493564244
0.023524206543987
0.023582639680627
0.023642882443174
0.023704974061785
0.023768899980192
0.023834591057121
0.023901925495363
0.023970733316050
0.024040803048882
0.024111890186267
0.024183726858587
0.024256032134740
0.024328522339732
0.024400920809415
0.024472966568730
0.024544421518700
0.024615075841167
0.024684751469884
0.024753303621792
0.024820620522777
0.024886621588209
0.024951254421384
0.025014491065833
0.025076323985702
0.025136762249919
0.025195828361010
0.025253556101297
0.025309989672723
0.025365184288999
0.025419208248179
0.025472146379509
0.025524104629473
0.025575215437296
0.025625643457528
0.025675591122976
0.025725303509814
0.025775071970570
0.025825236040114
0.025876183193074
0.025928346134221
0.025982197430861
0.026038241441023
0.026097003645197
0.026159017643965
0.026224810230204
0.026294885074347
0.026369705666720
0.026449678235834
0.026535135400753
0.026626321316230
0.026723379030010
0.026826340693632
0.026935121154310
0.027049515311091
0.027169199450511
0.027293736593746
0.027422585698262
0.027555114372427
0.027690614591540
0.027828320758017
0.027967429335592
0.028107119214390
0.028246571935408
0.028384990921705
0.028521618929127
0.028655753038470
0.028786756657761
0.028914068179408
0.029037206132061
0.029155770869266
0.029269443033966
0.029377979217224
0.029481205379748
0.029579008716112
0.029671328706735
0.029758148117136
0.029839484666874
0.029915384004090
0.029985914491586
0.030051164145600
0.030111239880175
0.030166269011167
0.030216402778377
0.030261821465681
0.030302740550039
0.030339417201558
0.030372156396347
0.030401315896424
0.030427309397457
0.030450607243044
0.030471734247341
0.030491264346858
0.030509812005507
0.030528020511002
0.030546547511496
0.030566048334998
0.030587157797930
0.030610471332553
0.030636526337833
0.030665784679940
0.030698617235494
0.030735291285050
0.030775961431459
0.030820664545803
0.030869319043033
0.030921728572024
0.030977589983373
0.031036505225206
0.031097996624569
0.031161524849682
0.031226508724826
0.031292345990572
0.031358434070686
0.031424189923733
0.031489068119983
0.031552576388305
0.031614288016701
0.031673850656129
0.031730991261194
0.031785517093654
0.031837312905892
0.031886334602530
0.031932599840832
0.031976176167443
0.032017167394670
0.032055698989764
0.032091903283328
0.032125905297117
0.032157809948410
0.032187691310184
0.032215584497647
0.032241480617488
0.032265325062786
0.032287019270879
0.032306425891120
0.032323377142090
0.032337685980941
0.032349159568262
0.032357614396546
0.032362892364167
0.032364877023918
0.032363509217879
0.032358801329715
0.032350849440358
0.032339842760962
0.032326069833687
0.032309921130673
0.032291887837768
0.032272556774426
0.032252601566861
0.032232770349870
0.032213870416279
0.032196750354971
0.032182280313509
0.032171331085457
0.032164752753546
0.032163353617226
0.032167880098529
0.032178998256400
0.032197277451453
0.032223176596014
0.032257033304787
0.032299056136387
0.032349319991859
0.032407764619570
0.032474196071845
0.032548290871708
0.032629602581259
0.032717570417980
0.032811529542054
0.032910722635330
0.033014312408707
0.033121394706242
0.033231011917352
0.033342166458826
0.033453834141820
0.033564977291288
0.033674557532930
0.033781548202495
0.033884946361984
0.033983784425407
0.034077141402700
0.034164153764451
0.034244025913163
0.034316040220696
0.034379566558464
0.034434071209698
0.034479125014585
0.034514410562556
0.034539728214593
0.034555000715227
0.034560276141651
