0.042098985733695
0.042287161130481
0.042468887802532
0.042643771006548
0.042811436362645
0.042971531400085
0.043123727025062
0.043267718905418
0.043403228767504
0.043530005600766
0.043647826765947
0.043756499003209
0.043855859336800
0.043945775873307
0.044026148490888
0.044096909417259
0.044158023694617
0.044209489530045
0.044251338530315
0.044283635820438
0.044306480045613
0.044320003256680
0.044324370679489
0.044319780368992
0.044306462749224
0.044284680040661
0.044254725576830
0.044216923012313
0.044171625424689
0.044119214313186
0.044060098497189
0.043994712917981
0.043923517347414
0.043846995007435
0.043765651104680
0.043680011284542
0.043590620009385
0.043498038865767
0.043402844805709
0.043305628327270
0.043206991599819
0.043107546539556
0.043007912840967
0.042908715970021
0.042810585125015
0.042714151171058
0.042620044554267
0.042528893201791
0.042441320413832
0.042357942753837
0.042279367943075
0.042206192765765
0.042139000990934
0.042078361317128
0.042024825346040
0.041978925591069
0.041941173526726
0.041912057684700
0.041892041802300
0.041881563028848
0.041881030195460
0.041890822153496
0.041911286186797
0.041942736502630
0.041985452806089
0.042039678962469
0.042105621751937
0.042183449720560
0.042273292131559
0.042375238020341
0.042489335356666
0.042615590316986
0.042753966669737
0.042904385276073
0.043066723708239
0.043240815987458
0.043426452442943
0.043623379693269
0.043831300751087
0.044049875251783
0.044278719806403
0.044517408478801
0.044765473386666
0.045022405425733
0.045287655116162
0.045560633569728
0.045840713576152
0.046127230806559
0.046419485131736
0.046716742052536
0.047018234239474
0.047323163178219
0.047630700917430
0.047939991915049
0.048250154978884
0.048560285297071
0.048869456553672
0.049176723124483
0.049481122347808
0.049781676864772
0.050077397023509
0.050367283341335
0.050650329018847
0.050925522499702
0.051191850069660
0.051448298488327
0.051693857646916
0.051927523245214
0.052148299480856
0.052355201743919
0.052547259309799
0.052723518023285
0.052883042966715
0.053024921105100
0.053148263901132
0.053252209892977
0.053335927227876
0.053398616144580
0.053439511397785
0.053457884617818
0.053453046598968
0.053424349509983
0.053371189020447
0.053293006336919
0.053189290142905
0.053059578436991
0.052903460263655
0.052720577331562
0.052510625514395
0.052273356229563
0.052008577690421
0.051716156027947
0.051396016278149
0.051048143231792
0.050672582143401
0.050269439296842
0.049838882425133
0.049381140982540
0.048896506267357
0.048385331394186
0.047848031114898
0.047285081487864
0.046697019395442
0.046084441910097
0.045448005509936
0.044788425144840
0.044106473154770
0.043402978042209
0.042678823101121
0.041934944905159
0.041172331658252
0.040392021411077
0.039595100147282
0.038782699743662
0.037955995808876
0.037116205405585
0.036264584661229
0.035402426272987
0.034531056912706
0.033651834537940
0.032766145615412
0.031875402263549
0.030981039320897
0.030084511347470
0.029187289566281
0.028290858752450
0.027396714077468
0.026506357916307
0.025621296625187
0.024743037297906
0.023873084508700
0.023012937049657
0.022164084670729
0.021328004830403
0.020506159465061
0.019699991785033
0.018910923105278
0.018140349718563
0.017389639818883
0.016660130482762
0.015953124715932
0.015269888572699
0.014611648355161
0.013979587899191
0.013374845953933
0.012798513661257
0.012251632141425
0.011735190190893
0.011250122097922
0.010797305581343
0.010377559857520
0.009991643840207
0.009640254477672
0.009324025231071
0.009043524697740
0.008799255382646
0.008591652620890
0.008421083653752
0.008287846860375
0.008192171146772
0.008134215493467
0.008114068662625
0.008131749065170
0.008187204787933
0.008280313780509
0.008410884201042
0.008578654919818
0.008783296179079
0.009024410407138
0.009301533184441
0.009614134358862
0.009961619307161
0.010343330339125
0.010758548240617
0.011206493951371
0.011686330373079
0.012197164302958
0.012738048487739
0.013307983792678
0.013905921479954
0.014530765590553
0.015181375423489
0.015856568106014
0.016555121248244
0.017275775675445
0.018017238231082
0.018778184643550
0.019557262449410
0.020353093965818
0.021164279304779
0.021989399421749
0.022827019191107
0.023675690500944
0.024533955359649
0.025400349006751
0.026273403020533
0.027151648414975
0.028033618718641
0.028917853028249
0.029802899029732
0.030687315979745
0.031569677640732
0.032448575162785
0.033322619905755
0.034190446195234
0.035050714006249
0.035902111568737
0.036743357889108
0.037573205182437
0.038390441210114
0.039193891518053
0.039982421570821
0.040754938777383
0.041510394404433
0.042247785373611
0.042966155939222
0.043664599243399
0.044342258745978
0.044998329526708
0.045632059457736
0.046242750244658
0.046829758334782
0.047392495691573
0.047930430434603
0.048443087344682
0.048930048234159
0.049390952182751
0.049825495639561
0.050233432392298
0.050614573405018
0.050968786526025
0.051295996067884
0.051596182261790
0.051869380588836
0.052115680990995
0.052335226964911
0.052528214541858
0.052694891157459
0.052835554415002
0.052950550746438
0.053040273975309
0.053105163786103
0.053145704104684
0.053162421394640
0.053155882874517
0.053126694661094
0.053075499843942
0.053002976496638
0.052909835630111
0.052796819093663
0.052664697429291
0.052514267684974
0.052346351192642
0.052161791316556
0.051961451177837
0.051746211360878
0.051516967607356
0.051274628503522
0.051020113166381
0.050754348934363
0.050478269067935
0.050192810465596
0.049898911400525
0.049597509283100
0.049289538454336
0.048975928015186
0.048657599696483
0.048335465774169
0.048010427034262
0.047683370791878
0.047355168968400
0.047026676230744
0.046698728196423
0.046372139707973
0.046047703180027
0.045726187022164
0.045408334140419
0.045094860520120
0.044786453892488
0.044483772487231
0.044187443873095
0.043898063888147
0.043616195661295
0.043342368726334
0.043077078229582
0.042820784231912
0.042573911105793
0.042336847027670
0.042109943565854
0.041893515363798
0.041687839918466
0.041493157453265
0.041309670884785
0.041137545882401
0.040976911019578
0.040827858015524
0.040690442065629
0.040564682258962
0.040450562080892
0.040348029998738
0.040257000128188
0.040177352978039
0.040108936270683
0.040051565835608
0.040005026573019
0.039969073484596
0.039943432768228
0.039927802973494
0.039921856214503
0.039925239436655
0.039937575733743
0.039958465711759
0.039987488895689
0.040024205175489
0.040068156287406
0.040118867326733
0.040175848288034
0.040238595628879
0.040306593853046
0.040379317109171
0.040456230800797
0.040536793203762
0.040620457086885
0.040706671331912
0.040794882548709
0.040884536681713
0.040975080603679
0.041065963692836
0.041156639389571
0.041246566728851
0.041335211844661
0.041422049442771
0.041506564238287
0.041588252354463
0.041666622679405
0.041741198177359
0.041811517151398
0.041877134454459
0.041937622645759
0.041992573089799
0.042041596995264
0.042084326391287
0.042120415038688
0.042149539273963
0.042171398783936
0.042185717309187
0.042192243274501
0.042190750344811
0.042181037905226
0.042162931463983
0.042136282977324
0.042100971095485
0.042056901329213
0.042004006136409
0.041942244928709
0.041871603998024
0.041792096363276
0.041703761537776
0.041606665217906
0.041500898894003
0.041386579384520
