0.124722602800189
0.125560392838491
0.126369955736398
0.127137476154500
0.127849921638287
0.128495268432304
0.129062704746497
0.129542808094347
0.129927693986427
0.130211133959983
0.130388641634990
0.130457526190277
0.130416913332145
0.130267734466371
0.130012685369771
0.129656156178532
0.129204134959968
0.128664087506951
0.128044816287744
0.127356301698266
0.126609528901086
0.125816303599408
0.124989060090305
0.124140664875708
0.123284218989206
0.122432862029165
0.121599580681767
0.120797024279312
0.120037329677174
0.119331957455070
0.118691541161953
0.118125751036001
0.117643173348427
0.117251206247928
0.116955972726994
0.116762251096134
0.116673423140788
0.116691439950454
0.116816805251225
0.117048575941112
0.117384379420377
0.117820447223521
0.118351664391235
0.118971633964242
0.119672755930495
0.120446319906523
0.121282610776404
0.122171026442486
0.123100206755770
0.124058172587665
0.125032473877241
0.126010345339605
0.126978868354528
0.127925137374949
0.128836429009263
0.129700371748584
0.130505114140064
0.131239489061167
0.131893171638403
0.132456828288005
0.132922254344888
0.133282497797362
0.133531966763992
0.133666518537768
0.133683528281181
0.133581935779707
0.133362269044006
0.133026643982850
0.132578739837517
0.132023750559732
0.131368312814290
0.130620411778114
0.129789266374412
0.128885196008890
0.127919471251675
0.126904151222756
0.125851910681688
0.124775859988421
0.123689361188542
0.122605843482712
0.121538621269556
0.120500717808281
0.119504697339130
0.118562508234628
0.117685339442181
0.116883492129105
0.116166268065065
0.115541875884693
0.115017355974704
0.114598524334732
0.114289935378030
0.114094863274995
0.114015301106464
0.114051976790926
0.114204384485828
0.114470829942493
0.114848488120604
0.115333471244487
0.115920905411461
0.116605013842861
0.117379204900514
0.118236163073534
0.119167941268852
0.120166052908914
0.121221562545215
0.122325173928424
0.123467314726076
0.124638217336363
0.125827995501122
0.127026716661058
0.128224470211287
0.129411431995213
0.130577925511321
0.131714480394152
0.132811888763332
0.133861260011994
0.134854074529378
0.135782236726942
0.136638127569761
0.137414656615711
0.138105313345361
0.138704217339499
0.139206166642077
0.139606683448821
0.139902056097994
0.140089376221821
0.140166569853511
0.140132421281877
0.139986588506193
0.139729609267512
0.139362896815062
0.138888724800614
0.138310200969616
0.137631229623193
0.136856463146287
0.135991243219474
0.135041532641012
0.134013838967870
0.132915131427654
0.131752752747549
0.130534327684356
0.129267670116579
0.127960690574175
0.126621306034734
0.125257353710845
0.123876510398169
0.122486218755200
0.121093621653186
0.119705505477889
0.118328252994094
0.116967806108475
0.115629638595913
0.114318738596386
0.113039600451066
0.111796225232619
0.110592129140265
0.109430358777639
0.108313512213145
0.107243764639006
0.106222897397200
0.105252329127437
0.104333147813753
0.103466142560961
0.102651834018725
0.101890502487370
0.101182212883410
0.100526835910888
0.099924064973256
0.099373428564786
0.098874298094876
0.098425891316336
0.098027271742659
0.097677344641239
0.097374850371280
0.097118355988530
0.096906246156160
0.096736714475296
0.096607756374564
0.096517164671958
0.096462528843118
0.096441238898951
0.096450494596271
0.096487320484224
0.096548587035674
0.096631037837280
0.096731322527459
0.096846034891157
0.096971755258260
0.097105096121742
0.097242749704495
0.097381536070060
0.097518450299901
0.097650707252812
0.097775782481687
0.097891448006926
0.097995801828629
0.098087290292635
0.098164722697341
0.098227277825818
0.098274502396624
0.098306301732286
0.098322923232172
0.098324933493262
0.098313190137027
0.098288809563979
0.098253131963871
0.098207684955551
0.098154147216429
0.098094313390284
0.098030061439201
0.097963323438686
0.097896060613734
0.097830243188182
0.097767835380969
0.097710785641540
0.097661021982523
0.097620452049824
0.097590967375913
0.097574451097000
0.097572788283234
0.097587877935520
0.097621645643825
0.097676055879907
0.097753122910612
0.097854919364243
0.097983581559197
0.098141310808166
0.098330370039156
0.098553075223307
0.098811781265298
0.099108862191339
0.099446685658744
0.099827582005446
0.100253808253212
0.100727507669745
0.101250665676747
0.101825063057785
0.102452227565108
0.103133385142443
0.103869412065349
0.104660789346373
0.105507560755171
0.106409295760231
0.107365058608291
0.108373384619920
0.109432264598454
0.110539138029218
0.111690895494297
0.112883890454035
0.114113960261127
0.115376455988372
0.116666280379538
0.117977932986911
0.119305561350291
0.120643016910722
0.121983914246049
0.123321692169574
0.124649675250128
0.125961134390473
0.127249345237189
0.128507643381425
0.129729475536361
0.130908446131588
0.132038359033386
0.133113254368657
0.134127440684803
0.135075522904947
0.135952426725794
0.136753420244810
0.137474133687678
0.138110578132689
0.138659164095489
0.139116720748465
0.139480516409592
0.139748280754238
0.139918228990268
0.139989088003459
0.139960124238772
0.139831172845607
0.139602667393174
0.139275669265838
0.138851895686172
0.138333745192203
0.137724319319279
0.137027439208582
0.136247655883610
0.135390253001547
0.134461240994954
0.133467341666438
0.132415962479467
0.131315159996497
0.130173592145009
0.129000459236808
0.127805433920011
0.126598580500974
0.125390264329331
0.124191052188504
0.123011604871055
0.121862563338631
0.120754430064897
0.119697447331966
0.118701474391788
0.117775865508874
0.116929350965266
0.116169923129073
0.115504729660485
0.114939975852451
0.114480837975548
0.114131389319455
0.113894540398670
0.113771994522867
0.113764219628393
0.113870436935654
0.114088626647174
0.114415550544323
0.114846790989101
0.115376805503211
0.115998995791856
0.116705789815142
0.117488735294811
0.118338602885451
0.119245497141373
0.120198973374886
0.121188158526606
0.122201874249428
0.123228760537150
0.124257398396898
0.125276430259623
0.126274677032701
0.127241250909744
0.128165663252866
0.129037927040356
0.129848653518718
0.130589142805327
0.131251468252371
0.131828554403388
0.132314248352484
0.132703384258177
0.132991840676237
0.133176590268438
0.133255741327440
0.133228570444061
0.133095545543092
0.132858338438743
0.132519826020060
0.132084079177832
0.131556338633045
0.130942976925449
0.130251445969603
0.129490209782474
0.128668662226533
0.127797029888842
0.126886260521213
0.125947897790237
0.124993943418142
0.124036708126284
0.123088653112063
0.122162224087916
0.121269680178849
0.120422920205106
0.119633309062385
0.118911507048062
0.118267305063968
0.117709468651100
0.117245593777307
0.116881977204229
0.116623504104539
0.116473555385711
0.116433936903878
0.116504832423786
0.116684781802399
0.116970685449666
0.117357835656786
0.117839974888103
0.118409380616587
0.119056975755622
0.119772463212952
0.120544482579128
0.121360786475650
0.122208433640818
0.123073995437179
0.123943772135654
0.124804015078882
0.125641150659164
0.126442001971052
0.127194004019259
0.127885408479785
0.128505474223751
0.129044640113797
0.129494676963570
0.129848816000430
0.130101851676739
0.130250217220683
0.130292031887321
0.130227119448136
0.130056998026429
0.129784841931553
0.129415416653684
0.128954988641268
0.128411211886569
0.127792993684819
