0.006555071967472
0.006501248443428
0.006442797326187
0.006379507661965
0.006311208459017
0.006237783021408
0.006159184109863
0.006075449390654
0.005986716579247
0.005893237646787
0.005795391435344
0.005693694023257
0.005588806196185
0.005481537414005
0.005372845720114
0.005263833119491
0.005155736056349
0.005049910751806
0.004947813316490
0.004850974730397
0.004760970979238
0.004679388847618
0.004607788087222
0.004547660893673
0.004500389828012
0.004467205495951
0.004449145438002
0.004447015774112
0.004461357177176
0.004492416711919
0.004540126963954
0.004604093696365
0.004683593010623
0.004777578662098
0.004884699799486
0.005003328977931
0.005131599856822
0.005267453556874
0.005408692240348
0.005553038116097
0.005698195778954
0.005841915589452
0.005982055699062
0.006116640337139
0.006243912101265
0.006362376229185
0.006470835167824
0.006568412177033
0.006654563191400
0.006729076687682
0.006792061840432
0.006843925765950
0.006885341127168
0.006917205774762
0.006940596411739
0.006956718474754
0.006966854516265
0.006972313344976
0.006974382042489
0.006974282732479
0.006973135651770
0.006971929681432
0.006971501064786
0.006972520593534
0.006975489108791
0.006980740764290
0.006988453155053
0.006998663142572
0.007011287018012
0.007026143543469
0.007042978397430
0.007061488618598
0.007081345781648
0.007102216835125
0.007123781769074
0.007145747540119
0.007167857947141
0.007189899404927
0.007211702792334
0.007233141744784
0.007254127911005
0.007274603797534
0.007294533881493
0.007313894686058
0.007332664489379
0.007350813284021
0.007368293528558
0.007385032143870
0.007400924111630
0.007415827937555
0.007429563151728
0.007441909935550
0.007452610890621
0.007461374898760
0.007467882963090
0.007471795865889
0.007472763427894
0.007470435104732
0.007464471608861
0.007454557200442
0.007440412249931
0.007421805641711
0.007398566565239
0.007370595231850
0.007337872064939
0.007300464941515
0.007258534115471
0.007212334527270
0.007162215299029
0.007108616324428
0.007052061983976
0.006993152141121
0.006932550695893
0.006870972082446
0.006809166187724
0.006747902234256
0.006687952206410
0.006630074403756
0.006574997677587
0.006523406849408
0.006475929727897
0.006433126039905
0.006395478479252
0.006363385962705
0.006337159074089
0.006317017582414
0.006303089844583
0.006295413851885
0.006293939654219
0.006298532896579
0.006308979226154
0.006324989370874
0.006346204745273
0.006372203499909
0.006402506988961
0.006436586679883
0.006473871563164
0.006513756134956
0.006555609018126
0.006598782258062
0.006642621280425
0.006686475433140
0.006729708960243
0.006771712177798
0.006811912549715
0.006849785301422
0.006884863168832
0.006916744864152
0.006945101852324
0.006969683073363
0.006990317315452
0.007006913037748
0.007019455554847
0.007028001619564
0.007032671568650
0.007033639318744
0.007031120608724
0.007025359972296
0.007016616985276
0.007005152361761
0.006991214470710
0.006975026810223
0.006956776914317
0.006936607081259
0.006914607210504
0.006890809924524
0.006865188040587
0.006837654353452
0.006808063599902
0.006776216405434
0.006741864965651
0.006704720191476
0.006664460047392
0.006620738832740
0.006573197193080
0.006521472695900
0.006465210855725
0.006404076541140
0.006337765733609
0.006266017629755
0.006188627080561
0.006105457340323
0.006016453054636
0.005921653351853
0.005821204820021
0.005715374056860
0.005604559380937
0.005489301196076
0.005370290416991
0.005248374300948
0.005124558996318
0.005000008121251
0.004876036730072
0.004754100114711
0.004635777024654
0.004522747069798
0.004416762291710
0.004319613142738
0.004233089389198
0.004158936742122
0.004098810302392
0.004054226171146
0.004026512804872
0.004016763871981
0.004025794479231
0.004054102670021
0.004101838042840
0.004168779192042
0.004254321433824
0.004357475952411
0.004476881094773
0.004610826071797
0.004757286809457
0.004913973158981
0.005078386146917
0.005247883452420
0.005419750867957
0.005591277156968
0.005759829490285
0.005922926539548
0.006078306341049
0.006223986220679
0.006358312384704
0.006479997219112
0.006588142881248
0.006682250384282
0.006762214035192
0.006828301755085
0.006881122450194
0.006921582177864
0.006950831332678
0.006970205437725
0.006981162346336
0.006985218730290
0.006983888650526
0.006978626783867
0.006970778530751
0.006961538778157
0.006951920568283
0.006942734359931
0.006934578000148
0.006927836981819
0.006922694078644
0.006919147047477
0.006917032788142
0.006916056163813
0.006915821614545
0.006915865738296
0.006915689156843
0.006914786211293
0.006912671322179
0.006908901178447
0.006903092263130
0.006894933557438
0.006884194567980
0.006870729076495
0.006854475205319
0.006835452517616
0.006813756927580
0.006789554186044
0.006763072639362
0.006734595845918
0.006704455489452
0.006673024867004
0.006640713067044
0.006607959804281
0.006575230753583
0.006543013135017
0.006511811250576
0.006482141662255
0.006454527728793
0.006429493279861
0.006407555294027
0.006389215551729
0.006374951346556
0.006365205447786
0.006360375605095
0.006360803965279
0.006366766824885
0.006378465168479
0.006396016438699
0.006419447952226
0.006448692318224
0.006483585137100
0.006523865163093
0.006569177010229
0.006619076373889
0.006673037635517
0.006730463621303
0.006790697201534
0.006853034349412
0.006916738229013
0.006981053853383
0.007045222846013
0.007108497851778
0.007170156175721
0.007229512277645
0.007285928814781
0.007338826000354
0.007387689128806
0.007432074204487
0.007471611695082
0.007506008509416
0.007535048366959
0.007558590779475
0.007576568900444
0.007588986513090
0.007595914422021
0.007597486487369
0.007593895495925
0.007585389004897
0.007572265225481
0.007554868941563
0.007533587390187
0.007508845971579
0.007481103613847
0.007450847595893
0.007418587635294
0.007384849077220
0.007350165075180
0.007315067731331
0.007280078257906
0.007245696324852
0.007212388863449
0.007180578692388
0.007150633412473
0.007122855070539
0.007097471115927
0.007074627159603
0.007054381995176
0.007036705254046
0.007021477948052
0.007008496009190
0.006997476776498
0.006988068215796
0.006979860499977
0.006972399437471
0.006965201124416
0.006957767120663
0.006949599416853
0.006940214472567
0.006929155663797
0.006916003578373
0.006900383734231
0.006881971458735
0.006860493847098
0.006835728902561
0.006807502138436
0.006775681081191
0.006740168244260
0.006700893236442
0.006657804720976
0.006610862948883
0.006560033553227
0.006505283212141
0.006446577673217
0.006383882487247
0.006317166633912
0.006246409045244
0.006171607854047
0.006092792023114
0.006010034855370
0.005923468751952
0.005833300480448
0.005739826142943
0.005643444995696
0.005544671270164
0.005444143178401
0.005342628353242
0.005241025072912
0.005140358747846
0.005041773301130
0.004946517249041
0.004855924480348
0.004771389937167
0.004694340610812
0.004626202476800
0.004568364197037
0.004522138606385
0.004488723167105
0.004469160709259
0.004464301869604
0.004474770687448
0.004500934806514
0.004542881661523
0.004600401893942
0.004672981043033
0.004759800298991
0.004859746791514
0.004971433529938
0.005093228724132
0.005223293815523
0.005359629154157
0.005500125891016
0.005642622335398
0.005784962774382
0.005925056582018
0.006060935372934
0.006190805986775
0.006313097228836
0.006426498534962
