0.006721865280872
0.006719342286490
0.006717070481284
0.006715243525386
0.006714036724929
0.006713595633023
0.006714025649801
0.006715383346057
0.006717670194113
0.006720829294522
0.006724745538745
0.006729249451845
0.006734124726178
0.006739119202165
0.006743958794015
0.006748363617049
0.006752065369740
0.006754824876487
0.006756448621913
0.006756803114254
0.006755826008293
0.006753533094239
0.006750020508219
0.006745461826377
0.006740100046728
0.006734234816087
0.006728205597334
0.006722371769401
0.006717090885910
0.006712696470158
0.006709476782081
0.006707655952038
0.006707378739061
0.006708699947306
0.006711579239639
0.006715881742485
0.006721384465390
0.006727788187739
0.006734734118706
0.006741824337460
0.006748644787614
0.006754789446710
0.006759884225966
0.006763609179681
0.006765717713452
0.006766051666838
0.006764551395550
0.006761260274196
0.006756323364366
0.006749980325047
0.006742552964286
0.006734428125207
0.006726036851016
0.006717830970440
0.006710258378325
0.006703738350832
0.006698638228895
0.006695252729261
0.006693787004117
0.006694344375672
0.006696919431002
0.006701396886803
0.006707556336718
0.006715082689753
0.006723581811634
0.006732600606057
0.006741650533352
0.006750233372279
0.006757867896861
0.006764116072015
0.006768607374153
0.006771059917338
0.006771297209776
0.006769259573845
0.006765009526081
0.006758730719289
0.006750720382151
0.006741375535430
0.006731173600175
0.006720648323984
0.006710362219366
0.006700876918014
0.006692722983942
0.006686370787841
0.006682204019858
0.006680497307854
0.006681399217294
0.006684921646012
0.006690936304890
0.006699178610220
0.006709258924121
0.006720680686170
0.006732864603592
0.006745177729216
0.006756965974802
0.006767588398230
0.006776451478826
0.006783041563700
0.006786953732740
0.006787915488627
0.006785803924201
0.006780655340711
0.006772666671142
0.006762188483481
0.006749709777840
0.006735835225676
0.006721255906155
0.006706714951985
0.006692969805616
0.006680752990522
0.006670733409797
0.006663480188898
0.006659430979720
0.006658866443516
0.006661892339693
0.006668430280390
0.006678217784908
0.006690817804577
0.006705637410585
0.006721954868257
0.006738953884886
0.006755763436060
0.006771501266978
0.006785318946108
0.006796446230476
0.006804232491603
0.006808183050730
0.006807988478126
0.006803545216096
0.006794966275876
0.006782581218339
0.006766925137040
0.006748716896805
0.006728827417345
0.006708239303991
0.006687999591781
0.006669167761341
0.006652761484386
0.006639702745849
0.006630767055734
0.006626538399150
0.006627372375863
0.006633369655618
0.006644361433358
0.006659908026264
0.006679311135122
0.006701639623283
0.006725767978771
0.006750425952367
0.006774257240931
0.006795884544047
0.006813977893587
0.006827322865803
0.006834885154058
0.006835868019644
0.006829759352885
0.006816365462398
0.006795829253992
0.006768631140887
0.006735571814765
0.006697736867847
0.006656444149994
0.006613175629804
0.006569496361923
0.006526963903142
0.006487032129516
0.006450953853399
0.006419686897506
0.006393808335802
0.006373441450128
0.006358199578564
0.006347150457699
0.006338803906591
0.006331124793704
0.006321572205429
0.006307164637145
0.006284569900593
0.006250217331828
0.006200428839654
0.006131564400571
0.006040176824635
0.005923170023051
0.005777954631920
0.005602594707636
0.005395939319317
0.005157733223467
0.004888701407233
0.004590603110265
0.004266251953678
0.003919499981714
0.003555184714494
0.003179039670546
0.002797570193821
0.002417897758718
0.002047577175747
0.001694392230200
0.001366136211646
0.001070384494651
0.000814266780566
0.000604246785360
0.000445917048565
0.000343816143325
0.000301274898243
0.000320297319565
0.000401480758640
0.000543978544731
0.000745506844744
0.001002395972544
0.001309684808307
0.001661255461371
0.002050003876294
0.002468040796256
0.002906916410528
0.003357861166183
0.003812034652305
0.004260774190989
0.004695834805189
0.005109612578443
0.005495344063048
0.005847275306468
0.006160795215018
0.006432529313602
0.006660391437360
0.006843592446669
0.006982606629098
0.007079097978510
0.007135809962283
0.007156423647699
0.007145390109744
0.007107743846467
0.007048904456596
0.006974474071576
0.006890037976898
0.006800975514385
0.006712287748384
0.006628447535580
0.006553276600219
0.006489853030724
0.006440451331608
0.006406515840166
0.006388667004804
0.006386738772897
0.006399844198437
0.006426465395109
0.006464563162874
0.006511701031256
0.006565178106454
0.006622164988779
0.006679837138843
0.006735500403205
0.006786703942672
0.006831336511270
0.006867702877581
0.006894578124375
0.006911238566287
0.006917469046167
0.006913547366882
0.006900207546694
0.006878584416656
0.006850142776239
0.006816594863444
0.006779810259552
0.006741722525975
0.006704236858607
0.006669142849162
0.006638036076042
0.006612251729504
0.006592812833171
0.006580394887314
0.006575307963115
0.006577496457720
0.006586555913904
0.006601765551039
0.006622134478349
0.006646458995589
0.006673387953189
0.006701492860297
0.006729339304611
0.006755556284674
0.006778900248322
0.006798310968130
0.006812956847369
0.006822267814189
0.006825954599017
0.006824013869259
0.006816719383347
0.006804599990304
0.006788405910108
0.006769065256145
0.006747633180348
0.006725236316031
0.006703015351248
0.006682068581776
0.006663399169800
0.006647868581014
0.006636158304583
0.006628741498052
0.006625865667967
0.006627546924844
0.006633575767657
0.006643533787702
0.006656820162205
0.006672686359141
0.006690277116700
0.006708675508932
0.006726949772543
0.006744199551699
0.006759599315188
0.006772436904549
0.006782145469246
0.006788327417838
0.006790769441514
0.006789448125846
0.006784526134860
0.006776339405954
0.006765376213778
0.006752249327436
0.006737662783010
0.006722375010970
0.006707160188040
0.006692769722287
0.006679895729399
0.006669138221964
0.006660977520381
0.006655753114950
0.006653649877666
0.006654692154979
0.006658745886324
0.006665528505404
0.006674626009562
0.006685516244120
0.006697597158762
0.006710218565249
0.006722715770675
0.006734443385469
0.006744807614195
0.006753295429569
0.006759499201721
0.006763135597253
0.006764057864016
0.006762260962617
0.006757879376723
0.006751177812128
0.006742535359340
0.006732424027033
0.006721382836227
0.006709988882727
0.006698826916458
0.006688459043870
0.006679396130783
0.006672072370339
0.006666824291087
0.006663875224815
0.006663325947663
0.006665151868630
0.006669206786197
0.006675232885982
0.006682876329124
0.006691707499628
0.006701244753623
0.006710980355284
0.006720407199931
0.006729044917068
0.006736464013097
0.006742306849330
0.006746304446261
0.006748288347636
0.006748197053200
0.006746076821565
0.006742076938575
0.006736439826506
0.006729486621661
0.006721599060431
0.006713198677591
0.006704724428978
0.006696609900640
0.006689261257605
0.006683037020434
0.006678230641722
0.006675056695104
0.006673641295117
0.006674017147578
0.006676123397759
0.006679810208458
0.006684847772725
0.006690939256187
0.006697736980703
0.006704861011696
0.006711919202242
0.006718527682003
0.006724330761251
0.006729019250191
0.006732346270827
0.006734139759732
0.006734311020772
0.006732858880714
0.006729869219574
0.006725509882131
0.006720021216320
0.006713702716725
0.006706896464924
