0.020748336834772
0.020748460115998
0.020732214104454
0.020700034977731
0.020652882625255
0.020592210479807
0.020519919512213
0.020438297890908
0.020349948242865
0.020257704825446
0.020164543220433
0.020073485384027
0.019987503024172
0.019909422325855
0.019841833004691
0.019787004540250
0.019746812226628
0.019722675384170
0.019715509710999
0.019725695325814
0.019753061576135
0.019796889172214
0.019855929671056
0.019928441793209
0.020012243523782
0.020104778445034
0.020203194287241
0.020304431282653
0.020405317578144
0.020502668717509
0.020593388053636
0.020674564900473
0.020743567287919
0.020798126339207
0.020836409545966
0.020857080563460
0.020859343576501
0.020842970781253
0.020808312072951
0.020756286605912
0.020688356480233
0.020606483388837
0.020513069608879
0.020410885223979
0.020302983900871
0.020192609901217
0.020083099274760
0.019977778345382
0.019879862662735
0.019792359548205
0.019717977218471
0.019659043229749
0.019617434661124
0.019594522059180
0.019591128713514
0.019607506340273
0.019643327736006
0.019697696444279
0.019769172969628
0.019855816593079
0.019955241404764
0.020064684783777
0.020181086232948
0.020301174223385
0.020421558524830
0.020538825394703
0.020649632970623
0.020750804255410
0.020839415195524
0.020912875527597
0.020969000295983
0.021006070219190
0.021022879396184
0.021018769186334
0.020993647460345
0.020947992795615
0.020882843569569
0.020799772280847
0.020700845793041
0.020588572541825
0.020465838066809
0.020335830517836
0.020201958035550
0.020067760112356
0.019936815197175
0.019812646911463
0.019698631291149
0.019597907457106
0.019513294044185
0.019447213585881
0.019401626860125
0.019377978954847
0.019377158514994
0.019399471292529
0.019444628745939
0.019511752036088
0.019599391351823
0.019705560083743
0.019827782960302
0.019963156879498
0.020108422823667
0.020260046945447
0.020414308669283
0.020567393472708
0.020715487900524
0.020854874326091
0.020982023007728
0.021093679092611
0.021186942391122
0.021259337974323
0.021308875927482
0.021334098912837
0.021334116543774
0.021308625938077
0.021257918188025
0.021182870848041
0.021084926885727
0.020966060860054
0.020828733373303
0.020675835085294
0.020510621775276
0.020336642086627
0.020157659691847
0.019977571671651
0.019800324914889
0.019629832319489
0.019469890512941
0.019324100719107
0.019195794281167
0.019087964213202
0.019003203999544
0.018943654695442
0.018910961208051
0.018906238455668
0.018930047917688
0.018982384899427
0.019062676646081
0.019169791249934
0.019302057105808
0.019457292483323
0.019632844602757
0.019825637426772
0.020032227215979
0.020248864745711
0.020471562948386
0.020696168634426
0.020918436858893
0.021134106444474
0.021338975147481
0.021528972964268
0.021700232122493
0.021849152384819
0.021972460410861
0.022067262073686
0.022131086806006
0.022161923253031
0.022158245727495
0.022119031190511
0.022043766712008
0.021932447589042
0.021785566511631
0.021604094357379
0.021389453362042
0.021143483548940
0.020868403402493
0.020566765838690
0.020241410558065
0.019895413866289
0.019532037016888
0.019154674073957
0.018766800215130
0.018371921302072
0.017973525443071
0.017575037165617
0.017179774711098
0.016790910863408
0.016411437631482
0.016044135024907
0.015691544092723
0.015355944338232
0.015039335575982
0.014743424259007
0.014469614272449
0.014219002160843
0.013992376727827
0.013790222916127
0.013612729840309
0.013459802803535
0.013331079082026
0.013225947207389
0.013143569418962
0.013082906898011
0.013042747335891
0.013021734332636
0.013018398074430
0.013031186701588
0.013058497756289
0.013098709093851
0.013150208654623
0.013211422526249
0.013280840777768
0.013357040616185
0.013438706500190
0.013524646941044
0.013613807823037
0.013705282180591
0.013798316471110
0.013892313477326
0.013986832055793
0.014081584015793
0.014176428462566
0.014271363968990
0.014366518950329
0.014462140608332
0.014558582785985
0.014656293035555
0.014755799154186
0.014857695387482
0.014962628446839
0.015071283435134
0.015184369731778
0.015302606855302
0.015426710301983
0.015557377353678
0.015695272857228
0.015841015000368
0.015995161142860
0.016158193803662
0.016330506951431
0.016512392792573
0.016704029294084
0.016905468713626
0.017116627433086
0.017337277401624
0.017567039488052
0.017805379019704
0.018051603746194
0.018304864413167
0.018564158065967
0.018828334129484
0.019096103232250
0.019366048664519
0.019636640285832
0.019906250631476
0.020173172912748
0.020435640565591
0.020691847977693
0.020939972016008
0.021178193984328
0.021404721662353
0.021617811111097
0.021815787971159
0.021997068026595
0.022160176853860
0.022303768418764
0.022426642521099
0.022527761013779
0.022606262739136
0.022661477128452
0.022692936402229
0.022700386289337
0.022683795155325
0.022643361397101
0.022579518926503
0.022492940533186
0.022384538891816
0.022255464963684
0.022107103541766
0.021941065703432
0.021759177967898
0.021563468006357
0.021356146820562
0.021139587388404
0.020916299869462
0.020688903565547
0.020460095936289
0.020232619072594
0.020009224126482
0.019792634279392
0.019585506898503
0.019390395578476
0.019209712792092
0.019045693876334
0.018900363060674
0.018775502203027
0.018672622838327
0.018592942068287
0.018537362732584
0.018506458205766
0.018500462065009
0.018519262775688
0.018562403448302
0.018629086634511
0.018718184054265
0.018828251081099
0.018957545759068
0.019104052081584
0.019265507228012
0.019439432426172
0.019623167085190
0.019813905820879
0.020008737972326
0.020204689181693
0.020398764577838
0.020587993067681
0.020769472197594
0.020940413001861
0.021098184208619
0.021240355128824
0.021364736514312
0.021469418641142
0.021552805858184
0.021613646842382
0.021651059824694
0.021664552096975
0.021654033181582
0.021619821142586
0.021562641639066
0.021483619464706
0.021384262480063
0.021266438019585
0.021132342038935
0.020984461453026
0.020825530294635
0.020658480490822
0.020486388203422
0.020312416804889
0.020139757657291
0.019971569926844
0.019810920697112
0.019660726640324
0.019523698468995
0.019402289321557
0.019298648139070
0.019214578969861
0.019151506999683
0.019110451952170
0.019092009343007
0.019096339906400
0.019123167348609
0.019171784424172
0.019241067179104
0.019329497063786
0.019435190487867
0.019555935270647
0.019689233333208
0.019832348882305
0.019982361250178
0.020136221478280
0.020290811665937
0.020443006047169
0.020589732710852
0.020728034842018
0.020855130337260
0.020968468636973
0.021065783624242
0.021145141467259
0.021204982332094
0.021244154967630
0.021261943266609
0.021258084036648
0.021232775372848
0.021186675207723
0.021120889821768
0.021036952325045
0.020936791361031
0.020822690532056
0.020697239293380
0.020563276302034
0.020423826428553
0.020282032836369
0.020141085696977
0.020004149232376
0.019874288854046
0.019754400195906
0.019647141815242
0.019554873260181
0.019479600076804
0.019422927156997
0.019386021615150
0.019369586134652
0.019373843451879
0.019398532354946
0.019442915276036
0.019505797259053
0.019585555797382
0.019680180767910
0.019787323444273
0.019904353360414
0.020028421619465
0.020156529105824
0.020285597961728
0.020412544634004
0.020534352781256
0.020648144354682
0.020751247224637
0.020841257816856
0.020916097343643
0.020974060362891
0.021013854568081
0.021034630902057
