0.019925842259103
0.019917651690857
0.019911143195119
0.019906329636027
0.019903197461114
0.019901711296193
0.019901819245269
0.019903458589804
0.019906561560933
0.019911060856005
0.019916894587152
0.019924010383499
0.019932368418084
0.019941943192573
0.019952723983816
0.019964713932093
0.019977927827291
0.019992388721940
0.020008123565162
0.020025158105754
0.020043511353019
0.020063189908777
0.020084182492056
0.020106454969168
0.020129946176893
0.020154564786728
0.020180187405967
0.020206658049296
0.020233789046110
0.020261363377244
0.020289138364016
0.020316850566097
0.020344221686150
0.020370965231517
0.020396793649004
0.020421425629786
0.020444593278605
0.020466048854772
0.020485570821061
0.020502968978496
0.020518088517527
0.020530812875735
0.020541065355071
0.020548809513628
0.020554048404062
0.020556822779459
0.020557208424785
0.020555312796212
0.020551271160607
0.020545242423852
0.020537404820738
0.020527951613536
0.020517086914134
0.020505021709667
0.020491970137433
0.020478146025254
0.020463759691155
0.020449014983135
0.020434106537064
0.020419217237740
0.020404515883717
0.020390155078022
0.020376269391194
0.020362973866579
0.020350362956692
0.020338509990456
0.020327467271469
0.020317266895394
0.020307922349642
0.020299430921355
0.020291776892388
0.020284935445607
0.020278877149421
0.020273572831676
0.020268998604636
0.020265140764467
0.020262000265407
0.020259596463807
0.020257969842412
0.020257183461055
0.020257322935439
0.020258494818407
0.020260823344214
0.020264445590916
0.020269505213417
0.020276144993650
0.020284498538893
0.020294681528336
0.020306782957028
0.020320856851210
0.020336914927681
0.020354920641326
0.020374785010342
0.020396364530542
0.020419461392604
0.020443826104441
0.020469162501420
0.020495135006467
0.020521377887129
0.020547506153715
0.020573127657438
0.020597855884538
0.020621322904869
0.020643191923089
0.020663168897488
0.020681012734163
0.020696543630014
0.020709649222947
0.020720288306886
0.020728491977614
0.020734362187339
0.020738067796050
0.020739838310945
0.020739955597200
0.020738743920301
0.020736558739325
0.020733774710005
0.020730773375154
0.020727931018029
0.020725607132182
0.020724133920852
0.020723807182214
0.020724878866516
0.020727551510748
0.020731974669417
0.020738243370288
0.020746398535434
0.020756429224599
0.020768276483270
0.020781838515406
0.020796976852964
0.020813523163394
0.020831286323094
0.020850059389758
0.020869626128789
0.020889766786917
0.020910262857289
0.020930900641523
0.020951473481855
0.020971782606798
0.020991636602755
0.021010849588296
0.021029238224277
0.021046617739147
0.021062797183203
0.021077574147370
0.021090729191437
0.021102020224532
0.021111177068383
0.021117896413763
0.021121837354727
0.021122617656254
0.021119810881138
0.021112944473479
0.021101498870633
0.021084907694311
0.021062559055218
0.021033797994481
0.020997930078640
0.020954226162349
0.020901928332828
0.020840257051089
0.020768419505178
0.020685619188466
0.020591066709657
0.020483991829211
0.020363656698155
0.020229370248958
0.020080503654225
0.019916506727397
0.019736925091696
0.019541417890259
0.019329775754016
0.019101938686600
0.018858013470232
0.018598290146088
0.018323257080088
0.018033614093462
0.017730283119410
0.017414415845342
0.017087397816243
0.016750848510252
0.016406616953165
0.016056772514393
0.015703590622275
0.015349533250160
0.014997224154329
0.014649418987901
0.014308970567912
0.013978789732010
0.013661802381938
0.013360903468450
0.013078908820944
0.012818505859460
0.012582204340791
0.012372288378655
0.012190771034597
0.012039352796468
0.011919385240681
0.011831841109719
0.011777291925542
0.011755894102362
0.011767384320037
0.011811084675509
0.011885917849803
0.011990432219395
0.012122836512861
0.012281043277583
0.012462720089424
0.012665347124103
0.012886279426325
0.013122811975243
0.013372245465392
0.013631950612324
0.013899428761172
0.014172366630905
0.014448683170609
0.014726566736551
0.015004501115858
0.015281279316087
0.015556004497525
0.015828077930433
0.016097174393167
0.016363205966960
0.016626275704941
0.016886623132029
0.017144563944187
0.017400426597521
0.017654488690315
0.017906916128849
0.018157708020997
0.018406650056364
0.018653278811389
0.018896858972865
0.019136374920784
0.019370537475228
0.019597805920816
0.019816424709249
0.020024473540505
0.020219928872053
0.020400734336574
0.020564877092363
0.020710466811423
0.020835813845878
0.020939503113167
0.021020460405265
0.021078008148576
0.021111908102517
0.021122389061899
0.021110158290701
0.021076396128291
0.021022733936838
0.020951216264015
0.020864248743680
0.020764533818840
0.020654996821477
0.020538705265434
0.020418784392095
0.020298332052495
0.020180335920058
0.020067595818122
0.019962653634496
0.019867732903633
0.019784689690361
0.019714975932299
0.019659615914887
0.019619196084325
0.019593867966857
0.019583363570647
0.019587022307115
0.019603828185938
0.019632455812026
0.019671323540958
0.019718652027105
0.019772526320939
0.019830959634165
0.019891956889945
0.019953576209133
0.020013986552335
0.020071519844049
0.020124716052101
0.020172359886712
0.020213508021227
0.020247506021490
0.020273994500669
0.020292904384832
0.020304441571426
0.020309061673481
0.020307435948579
0.020300409892622
0.020288956311724
0.020274124949612
0.020256990922680
0.020238604284940
0.020219943000217
0.020201871435881
0.020185106215449
0.020170190888469
0.020157480414489
0.020147135938879
0.020139129791632
0.020133260098460
0.020129173888858
0.020126397149073
0.020124369925121
0.020122484352500
0.020120123387715
0.020116698046695
0.020111681112612
0.020104635548584
0.020095236220021
0.020083283972336
0.020068711593700
0.020051581689047
0.020032076970206
0.020010483899595
0.019987170986685
0.019962563308009
0.019937114989385
0.019911281446466
0.019885493126774
0.019860132339482
0.019835514510896
0.019811874881211
0.019789361283046
0.019768033238316
0.019747867202172
0.019728767395802
0.019710581326920
0.019693118817851
0.019676173162488
0.019659542925891
0.019643052889621
0.019626572731332
0.019610032202196
0.019593431818256
0.019576848394604
0.019560435103391
0.019544416104439
0.019529076156075
0.019514745939698
0.019501784102789
0.019490557223802
0.019481419015730
0.019474690106723
0.019470639665690
0.019469469985196
0.019471304905839
0.019476182683719
0.019484053587332
0.019494782186082
0.019508153983781
0.019523885779187
0.019541638920922
0.019561034479926
0.019581669296991
0.019603131877523
0.019625017195515
0.019646939623058
0.019668543404852
0.019689510330227
0.019709564497319
0.019728474294919
0.019746051928472
0.019762150972641
0.019776662533438
0.019789510642966
0.019800647490056
0.019810049016376
0.019817711290491
0.019823647925781
0.019827888648046
0.019830478961299
0.019831480721018
0.019830973315533
0.019829055087449
0.019825844602729
0.019821481395348
0.019816125876115
0.019809958187014
0.019803175896386
0.019795990552740
0.019788623232974
0.019781299322292
0.019774242838407
0.019767670654850
0.019761786984478
0.019756778455245
0.019752810050530
0.019750022103170
0.019748528435550
0.019748415638319
0.019749743388094
0.019752545629327
0.019756832394427
0.019762592013483
0.019769793471606
0.019778388705423
0.019788314685554
0.019799495201213
0.019811842337471
