0.009246044748024
0.009240209856391
0.009236693845577
0.009235691573851
0.009237297551847
0.009241500709134
0.009248183383965
0.009257124622829
0.009268007703280
0.009280431622417
0.009293926131186
0.009307969747929
0.009322010059342
0.009335485518381
0.009347847880806
0.009358584387994
0.009367238804848
0.009373430458562
0.009376870495142
0.009377374673758
0.009374872149969
0.009369409853020
0.009361152233507
0.009350376339349
0.009337462362930
0.009322879983282
0.009307170997041
0.009290928883854
0.009274776079804
0.009259339830950
0.009245227564246
0.009233002741910
0.009223162156449
0.009216115576889
0.009212168573999
0.009211509236119
0.009214199342068
0.009220170388827
0.009229224685628
0.009241041529935
0.009255188282038
0.009271135961372
0.009288278806800
0.009305957082118
0.009323482273369
0.009340163721750
0.009355335669174
0.009368383665874
0.009378769302337
0.009386052281062
0.009389908935721
0.009390146432867
0.009386712049981
0.009379697107477
0.009369335334532
0.009355995661567
0.009340169647947
0.009322453963539
0.009303528539189
0.009284131176157
0.009265029551161
0.009246991666021
0.009230755864228
0.009217001567863
0.009206321875529
0.009199199105249
0.009195984267333
0.009196881314332
0.009201936843107
0.009211035724001
0.009223902911288
0.009240111455733
0.009259096502921
0.009280174828897
0.009302569246644
0.009325437021247
0.009347901266165
0.009369084164338
0.009388140771342
0.009404292117261
0.009416856331504
0.009425276570814
0.009429144633742
0.009428219291610
0.009422438551592
0.009411925285492
0.009396985900339
0.009378101985400
0.009355915134929
0.009331205407351
0.009304864129535
0.009277861980001
0.009251213478532
0.009225939163974
0.009203026850702
0.009183393412517
0.009167848547682
0.009157061929413
0.009151535043358
0.009151578860462
0.009157298294981
0.009168584159903
0.009185113063931
0.009206355404792
0.009231591313460
0.009259934103729
0.009290360492677
0.009321746590660
0.009352908424919
0.009382645567806
0.009409786296948
0.009433232626489
0.009452003520172
0.009465274630547
0.009472413003934
0.009473005345596
0.009466878649303
0.009454112253512
0.009435040684170
0.009410246971624
0.009380546474889
0.009346961598373
0.009310688131341
0.009273054266284
0.009235473646703
0.009199394046217
0.009166243479456
0.009137375682461
0.009114016970139
0.009097216476596
0.009087801709461
0.009086341202646
0.009093115837017
0.009108100121287
0.009130954394696
0.009161028539093
0.009197377383406
0.009238787561724
0.009283815161958
0.009330833090252
0.009378086691911
0.009423755826846
0.009466021309467
0.009503133401226
0.009533479898001
0.009555651291299
0.009568500506244
0.009571194831915
0.009563257859262
0.009544599523955
0.009515532708617
0.009476775280628
0.009429436915447
0.009374990566332
0.009315228973068
0.009252207137446
0.009188172213615
0.009125482749277
0.009066519651616
0.009013591623858
0.008968838110309
0.008934132987572
0.008910992338460
0.008900489636681
0.008903181552258
0.008919047360520
0.008947444606031
0.008987083244803
0.009036019974950
0.009091673881770
0.009150863884947
0.009209867802201
0.009264502155662
0.009310221165983
0.009342232726345
0.009355628545293
0.009345525113720
0.009307211705722
0.009236301281208
0.009128879933176
0.008981650423833
0.008792065387268
0.008558445943834
0.008280081770595
0.007957309096783
0.007591563632762
0.007185406081684
0.006742518607341
0.006267671419637
0.005766659468268
0.005246210081521
0.004713863225948
0.004177826868978
0.003646810676076
0.003129841943947
0.002636068240751
0.002174551675293
0.001754060034997
0.001382860206320
0.001068519314293
0.000817718887918
0.000636087077253
0.000528053522954
0.000496730920727
0.000543826646620
0.000669587032761
0.000872776028856
0.001150689076225
0.001499202084334
0.001912854461130
0.002384964234929
0.002907772443231
0.003472613177390
0.004070104984057
0.004690358754561
0.005323196798023
0.005958377505525
0.006585819879087
0.007195822224092
0.007779269486149
0.008327824047498
0.008834095273902
0.009291783706430
0.009695796505768
0.010042331558755
0.010328928524401
0.010554486004358
0.010719244944603
0.010824739284424
0.010873715739720
0.010870025415700
0.010818490666532
0.010724751236731
0.010595094214331
0.010436272686454
0.010255318204950
0.010059352238980
0.009855401712726
0.009650223504141
0.009450142423462
0.009260906710435
0.009087564502830
0.008934364054690
0.008804679742122
0.008700965110140
0.008624733410060
0.008576565277240
0.008556142427235
0.008562305526979
0.008593133747022
0.008646042939073
0.008717898925197
0.008805142042606
0.008903918868972
0.009010216961573
0.009119998479384
0.009229328716677
0.009334495852074
0.009432118597460
0.009519238902587
0.009593397417090
0.009652690013395
0.009695804311843
0.009722035802502
0.009731283806114
0.009724028139164
0.009701287926424
0.009664564521373
0.009615770935859
0.009557150533142
0.009491187994105
0.009420515719094
0.009347818875305
0.009275742242881
0.009206801856344
0.009143304189136
0.009087275298147
0.009040401944939
0.009003986255535
0.008978914987306
0.008965643956623
0.008964197661922
0.008974183630737
0.008994820542356
0.009024978745078
0.009063231411736
0.009107914270268
0.009157191616123
0.009209126166059
0.009261750251246
0.009313135871621
0.009361461240294
0.009405071630925
0.009442532594414
0.009472673923790
0.009494623105991
0.009507827393003
0.009512064038468
0.009507438664986
0.009494372137385
0.009473576704694
0.009446022525525
0.009412895996920
0.009375551556048
0.009335458810043
0.009294146966838
0.009253148586490
0.009213944648082
0.009177912834225
0.009146280778136
0.009120085803965
0.009100142428142
0.009087018588107
0.009081021236157
0.009082191592212
0.009090310002442
0.009104910012962
0.009125300950874
0.009150598019419
0.009179758669325
0.009211623812331
0.009244962301282
0.009278517018099
0.009311050888059
0.009341391175901
0.009368470513892
0.009391363259634
0.009409315976060
0.009421771059794
0.009428382808054
0.009429025498566
0.009423793351075
0.009412992532461
0.009397125649688
0.009376869436052
0.009353046567512
0.009326592739528
0.009298520284540
0.009269879711456
0.009241720598351
0.009215053267221
0.009190812615948
0.009169825380369
0.009152781953049
0.009140213700859
0.009132476508132
0.009129741034123
0.009131989921724
0.009139021938146
0.009150462776850
0.009165782012425
0.009184315484691
0.009205292202535
0.009227864708099
0.009251141732856
0.009274221912134
0.009296227305545
0.009316335497494
0.009333809122937
0.009348021775533
0.009358479403694
0.009364836478877
0.009366906422752
0.009364665998101
0.009358253594073
0.009347961561612
0.009334222971064
0.009317593363606
0.009298728243926
0.009278357207607
0.009257255707805
0.009236215538618
0.009216015144657
0.009197390857316
0.009181010108745
0.009167447587071
0.009157165174524
0.009150496358889
0.009147635633885
0.009148633212522
0.009153395176438
0.009161688981158
0.009173154039749
0.009187316922584
0.009203610545682
0.009221396580103
0.009239990205133
0.009258686252164
0.009276785746620
0.009293621853182
0.009308584264393
0.009321141142921
0.009330857830208
0.009337411664800
0.009340602407165
0.009340357938273
0.009336735080098
0.009329915570655
0.009320197407285
0.009307981942851
0.009293757274204
