0.021737946113860
0.021799388826733
0.021856138696098
0.021908066458788
0.021955054825420
0.021996999103330
0.022033807786664
0.022065403103802
0.022091721513112
0.022112714139262
0.022128347144086
0.022138602027941
0.022143475859731
0.022142981435947
0.022137147371260
0.022126018125030
0.022109653969691
0.022088130908032
0.022061540546974
0.022029989935494
0.021993601373808
0.021952512199954
0.021906874558457
0.021856855154032
0.021802634991327
0.021744409099728
0.021682386240324
0.021616788590453
0.021547851399908
0.021475822611941
0.021400962441819
0.021323542905756
0.021243847293690
0.021162169580462
0.021078813771461
0.020994093180606
0.020908329640546
0.020821852647011
0.020734998441276
0.020648109036521
0.020561531195417
0.020475615367456
0.020390714595310
0.020307183399789
0.020225376652847
0.020145648447483
0.020068350972455
0.019993833398464
0.019922440781009
0.019854512983550
0.019790383623046
0.019730379038483
0.019674817281714
0.019624007128961
0.019578247110664
0.019537824557066
0.019503014657044
0.019474079528116
0.019451267296399
0.019434811186322
0.019424928621127
0.019421820336585
0.019425669511629
0.019436640920881
0.019454880115104
0.019480512636348
0.019513643275098
0.019554355376780
0.019602710204785
0.019658746366561
0.019722479308448
0.019793900883783
0.019872978997520
0.019959657329200
0.020053855134731
0.020155467126115
0.020264363427133
0.020380389602040
0.020503366753686
0.020633091687088
0.020769337134433
0.020911852037664
0.021060361885332
0.021214569101010
0.021374153481461
0.021538772683623
0.021708062760400
0.021881638746155
0.022059095293491
0.022240007363514
0.022423930972053
0.022610403994450
0.022798947031279
0.022989064336920
0.023180244812229
0.023371963061601
0.023563680513710
0.023754846604059
0.023944900016338
0.024133269978498
0.024319377608514
0.024502637304017
0.024682458169498
0.024858245474463
0.025029402135992
0.025195330219409
0.025355432451275
0.025509113739663
0.025655782697488
0.025794853165585
0.025925745733123
0.026047889253772
0.026160722356702
0.026263694951992
0.026356269730244
0.026437923656208
0.026508149455916
0.026566457096320
0.026612375255650
0.026645452781815
0.026665260135122
0.026671390810482
0.026663462733244
0.026641119621791
0.026604032309214
0.026551900015781
0.026484451563556
0.026401446524470
0.026302676293380
0.026187965078204
0.026057170800058
0.025910185897390
0.025746938029382
0.025567390675289
0.025371543627869
0.025159433380473
0.024931133408715
0.024686754348860
0.024426444075962
0.024150387685525
0.023858807382789
0.023551962283867
0.023230148132664
0.022893696937085
0.022542976527258
0.022178390037677
0.021800375314189
0.021409404245795
0.021005982020359
0.020590646302571
0.020163966331967
0.019726541938551
0.019279002473563
0.018822005653244
0.018356236314072
0.017882405078829
0.017401246933962
0.016913519720030
0.016420002538411
0.015921494078948
0.015418810874587
0.014912785490428
0.014404264655709
0.013894107348155
0.013383182840726
0.012872368721069
0.012362548893908
0.011854611576214
0.011349447294240
0.010847946890534
0.010350999547801
0.009859490835106
0.009374300780482
0.008896301972589
0.008426357692725
0.007965320077394
0.007514028310708
0.007073306845353
0.006643963650575
0.006226788485758
0.005822551198594
0.005432000047571
0.005055860049541
0.004694831354265
0.004349587649167
0.004020774598832
0.003709008325087
0.003414873934607
0.003138924101965
0.002881677716695
0.002643618603317
0.002425194323311
0.002226815067716
0.002048852648383
0.001891639594996
0.001755468363715
0.001640590661918
0.001547216891920
0.001475515714918
0.001425613734774
0.001397595299699
0.001391502418470
0.001407334786689
0.001445049917610
0.001504563371542
0.001585749077520
0.001688439741056
0.001812427332168
0.001957463648590
0.002123260949992
0.002309492660132
0.002515794135058
0.002741763496668
0.002986962532037
0.003250917659893
0.003533120966329
0.003833031312296
0.004150075515511
0.004483649609222
0.004833120179678
0.005197825783292
0.005577078443351
0.005970165224736
0.006376349883661
0.006794874587862
0.007224961701147
0.007665815624802
0.008116624687093
0.008576563071145
0.009044792770761
0.009520465563433
0.010002724989770
0.010490708328979
0.010983548560725
0.011480376304717
0.011980321730627
0.012482516432411
0.012986095262614
0.013490198123863
0.013993971716186
0.014496571240211
0.014997162057362
0.015494921309066
0.015989039497420
0.016478722029987
0.016963190731103
0.017441685321549
0.017913464867567
0.018377809199056
0.018834020295515
0.019281423636874
0.019719369514994
0.020147234300280
0.020564421656739
0.020970363697899
0.021364522075429
0.021746388992072
0.022115488130592
0.022471375490954
0.022813640128802
0.023141904789429
0.023455826432846
0.023755096647181
0.024039441949286
0.024308623973223
0.024562439548947
0.024800720675047
0.025023334390773
0.025230182553624
0.025421201529537
0.025596361803172
0.025755667515799
0.025899155938077
0.026026896884379
0.026138992074494
0.026235574447447
0.026316807430967
0.026382884168899
0.026434026707562
0.026470485140987
0.026492536713950
0.026500484881030
0.026494658319489
0.026475409893633
0.026443115568537
0.026398173271507
0.026341001700449
0.026272039079337
0.026191741862144
0.026100583387889
0.025999052490763
0.025887652070524
0.025766897629518
0.025637315783586
0.025499442754840
0.025353822854744
0.025201006966051
0.025041551032039
0.024876014561057
0.024704959153730
0.024528947059330
0.024348539766788
0.024164296634737
0.023976773563867
0.023786521713777
0.023594086265550
0.023400005230433
0.023204808304375
0.023009015767762
0.022813137429475
0.022617671614442
0.022423104194078
0.022229907659375
0.022038540236957
0.021849445048947
0.021663049318087
0.021479763620081
0.021299981185534
0.021124077254145
0.020952408483889
0.020785312417813
0.020623107010783
0.020466090218008
0.020314539646536
0.020168712270172
0.020028844207445
0.019895150561447
0.019767825319556
0.019647041310450
0.019532950215197
0.019425682628937
0.019325348169420
0.019232035628777
0.019145813165060
0.019066728530531
0.018994809334205
0.018930063336781
0.018872478776800
0.018822024727550
0.018778651484877
0.018742290986609
0.018712857264672
0.018690246931222
0.018674339700120
0.018664998944886
0.018662072293882
0.018665392262887
0.018674776924493
0.018690030612908
0.018710944661871
0.018737298172475
0.018768858806909
0.018805383603412
0.018846619807295
0.018892305712561
0.018942171508710
0.018995940127556
0.019053328085410
0.019114046316772
0.019177800996591
0.019244294349233
0.019313225443422
0.019384290973484
0.019457186028185
0.019531604849276
0.019607241582315
0.019683791022636
0.019760949359170
0.019838414918442
0.019915888910291
0.019993076175852
0.020069685937124
0.020145432546084
0.020220036229892
0.020293223827418
0.020364729511108
0.020434295487247
0.020501672667061
0.020566621300815
0.020628911567244
0.020688324111233
0.020744650523651
0.020797693758646
0.020847268485383
0.020893201373123
0.020935331310558
0.020973509562350
0.021007599867712
0.021037478487525
0.021063034207760
0.021084168307864
0.021100794503050
0.021112838869290
0.021120239759002
0.021122947714209
0.021120925382229
0.021114147436933
0.021102600506362
0.021086283105203
0.021065205568362
0.021039389979936
