0.005798332278222
0.005792044627290
0.005790098564218
0.005792083255754
0.005797564495848
0.005806099181838
0.005817249178235
0.005830594502566
0.005845745801197
0.005862356076695
0.005880131585104
0.005898841749434
0.005918327846444
0.005938510131840
0.005959392989913
0.005981067642406
0.006003711940924
0.006027586806817
0.006053028976829
0.006080439861180
0.006110270516857
0.006143002971106
0.006179128382543
0.006219122780499
0.006263421356377
0.006312392473001
0.006366312690120
0.006425344161123
0.006489515727110
0.006558708915634
0.006632649845182
0.006710907752206
0.006792900511004
0.006877907129221
0.006965086798314
0.007053503686273
0.007142156306716
0.007230010009585
0.007316030935641
0.007399219675697
0.007478642884830
0.007553461222856
0.007622952218109
0.007686526967453
0.007743739970234
0.007794291821174
0.007838024927321
0.007874912836738
0.007905044142122
0.007928602225435
0.007945842319641
0.007957067467500
0.007962604949973
0.007962784641314
0.007957920535561
0.007948296398302
0.007934156152188
0.007915699232207
0.007893080776232
0.007866416175701
0.007835789225332
0.007801262899248
0.007762891656746
0.007720734150016
0.007674865265888
0.007625386574970
0.007572434468001
0.007516185510458
0.007456858818452
0.007394715527371
0.007330055666422
0.007263212947281
0.007194548108724
0.007124441522568
0.007053285757561
0.006981478721621
0.006909417869843
0.006837495791658
0.006766097294406
0.006695597903022
0.006626363516592
0.006558750820169
0.006493107958322
0.006429774944421
0.006369083309497
0.006311354583632
0.006256897342375
0.006206002726888
0.006158938542145
0.006115942233090
0.006077213214760
0.006042905170785
0.006013119020643
0.005987897279007
0.005967220485657
0.005951006272737
0.005939111464504
0.005931337385669
0.005927438304749
0.005927132678503
0.005930116614200
0.005936078749204
0.005944715581792
0.005955746188779
0.005968925245586
0.005984053327635
0.006000983617310
0.006019624360277
0.006039936695018
0.006061927801260
0.006085639653925
0.006111134004663
0.006138474517838
0.006167707238538
0.006198840746444
0.006231827435991
0.006266547350804
0.006302795886689
0.006340276467521
0.006378599004153
0.006417284586557
0.006455776457248
0.006493456896829
0.006529669249014
0.006563743951027
0.006595027141801
0.006622910216353
0.006646858595531
0.006666437994352
0.006681336599587
0.006691381800508
0.006696550440463
0.006696971949580
0.006692924153615
0.006684822001153
0.006673199880404
0.006658688578516
0.006641988244906
0.006623838935129
0.006604990419857
0.006586172938581
0.006568070462176
0.006551297812577
0.006536382688661
0.006523753287959
0.006513731820735
0.006506533814868
0.006502272735260
0.006500969116032
0.006502563149407
0.006506929507858
0.006513893105025
0.006523244528098
0.006534753994352
0.006548182885441
0.006563292177189
0.006579847388215
0.006597619993523
0.006616385564346
0.006635919179320
0.006655988883885
0.006676348138085
0.006696728276892
0.006716832006716
0.006736328878444
0.006754853518492
0.006772007177870
0.006787362892227
0.006800474253688
0.006810887499658
0.006818156346746
0.006821858759768
0.006821614664063
0.006817103497370
0.006808080463884
0.006794390400589
0.006775978291897
0.006752895664654
0.006725302348582
0.006693463379867
0.006657741137926
0.006618583115666
0.006576506010295
0.006532077064698
0.006485893771272
0.006438563157735
0.006390681899415
0.006342818442481
0.006295498180594
0.006249192512749
0.006204312336642
0.006161206218314
0.006120163146383
0.006081419451019
0.006045169166667
0.006011576864980
0.005980791798323
0.005952962088583
0.005928247678938
0.005906830840050
0.005888923182807
0.005874768367245
0.005864639996224
0.005858834523197
0.005857659363336
0.005861416752313
0.005870384223330
0.005884792848581
0.005904804597329
0.005930490285201
0.005961809619098
0.005998594776660
0.006040538801650
0.006087189856051
0.006137952060337
0.006192093293722
0.006248759937697
0.006306998151861
0.006365780894306
0.006424039561623
0.006480698845657
0.006534713201394
0.006585103204365
0.006630990053197
0.006671626544645
0.006706423010412
0.006734966948208
0.006757035390389
0.006772599414906
0.006781820595591
0.006785039590704
0.006782757458540
0.006775610646098
0.006764340902268
0.006749761605016
0.006732722150227
0.006714072120667
0.006694626933775
0.006675136558938
0.006656258705128
0.006638537619783
0.006622389324475
0.006608093760301
0.006595793945946
0.006585501884536
0.006577110612014
0.006570411478248
0.006565115508450
0.006560877518876
0.006557321565286
0.006554066288600
0.006550748788082
0.006547045792169
0.006542691100543
0.006537488524477
0.006531319839852
0.006524147570775
0.006516012723540
0.006507027873525
0.006497366255965
0.006487247712493
0.006476922489308
0.006466653963748
0.006456701391837
0.006447303721735
0.006438665412081
0.006430945038211
0.006424247273860
0.006418618613521
0.006414046964523
0.006410465001638
0.006407756953694
0.006405768293193
0.006404317636490
0.006403210041888
0.006402250821600
0.006401258964177
0.006400079296847
0.006398592600157
0.006396723015436
0.006394442251802
0.006391770294791
0.006388772532449
0.006385553435463
0.006382247143339
0.006379005506873
0.006375984306780
0.006373328499424
0.006371157424879
0.006369550944423
0.006368537450857
0.006368084615883
0.006368093607285
0.006368397330947
0.006368763037890
0.006368899395720
0.006368467870285
0.006367098010949
0.006364405996112
0.006360015588020
0.006353580479888
0.006344806903946
0.006333475313592
0.006319459960441
0.006302745258374
0.006283437958726
0.006261774347304
0.006238121905533
0.006212975143063
0.006186945593807
0.006160746256992
0.006135171044316
0.006111070049208
0.006089321671157
0.006070802795839
0.006056358341416
0.006046771526975
0.006042736197923
0.006044832455813
0.006053506690482
0.006069056907614
0.006091623994621
0.006121189284443
0.006157578474352
0.006200471650316
0.006249418872430
0.006303860508555
0.006363151275639
0.006426586773352
0.006493431182229
0.006562944754928
0.006634409757229
0.006707153614106
0.006780568180619
0.006854124278962
0.006927380909734
0.006999988842844
0.007071688604756
0.007142303186555
0.007211726084119
0.007279905531088
0.007346825983233
0.007412488047954
0.007476888117533
0.007539998956358
0.007601752411586
0.007662025269492
0.007720629075422
0.007777304486972
0.007831720453128
0.007883478223785
0.007932119911704
0.007977141069421
0.008018006521992
0.008054168525158
0.008085086206702
0.008110245201672
0.008129176410929
0.008141472894314
0.008146804047906
0.008144926399536
0.008135690575429
0.008119044229397
0.008095030969370
0.008063785549307
0.008025525803746
0.007980541975247
0.007929184212075
0.007871849088026
0.007808966014792
0.007740984379956
0.007668362154010
0.007591556574351
0.007511017342596
0.007427182575176
0.007340477539227
0.007251315999983
0.007160103815733
0.007067244254559
0.006973144384217
0.006878221810943
0.006782911019796
0.006687668600067
0.006592976722354
0.006499344363506
0.006407305943065
0.006317417228373
0.006230248571602
0.006146375746043
0.006066368836048
0.005990779791515
0.005920129371739
0.005854894265998
0.005795495184127
0.005742286658206
0.005695549189571
0.005655484220648
0.005622212219528
0.005595773950515
0.005576134781762
0.005563191668129
