0.013926193025318
0.013904474162454
0.013881236508484
0.013856861629213
0.013831752854067
0.013806329249006
0.013781019260575
0.013756254125056
0.013732461141607
0.013710056911694
0.013689440649032
0.013670987664532
0.013655043129436
0.013641916216936
0.013631874718078
0.013625140221775
0.013621883941367
0.013622223261397
0.013626219068350
0.013633873918050
0.013645131080477
0.013659874490002
0.013677929615767
0.013699065253165
0.013722996223467
0.013749386954657
0.013777855902790
0.013807980759769
0.013839304380693
0.013871341351881
0.013903585109707
0.013935515510506
0.013966606743344
0.013996335470385
0.014024189074264
0.014049673888185
0.014072323282689
0.014091705483094
0.014107430993637
0.014119159508258
0.014126606193793
0.014129547239022
0.014127824572380
0.014121349662186
0.014110106325712
0.014094152487199
0.014073620839792
0.014048718382113
0.014019724816607
0.013986989813566
0.013950929161737
0.013912019843264
0.013870794087249
0.013827832472199
0.013783756162721
0.013739218379965
0.013694895218159
0.013651475931005
0.013609652821536
0.013570110877076
0.013533517297136
0.013500511066229
0.013471692725687
0.013447614498504
0.013428770918979
0.013415590114530
0.013408425880427
0.013407550679503
0.013413149688133
0.013425315997071
0.013444047061236
0.013469242476397
0.013500703143125
0.013538131859531
0.013581135364536
0.013629227832860
0.013681835801938
0.013738304489882
0.013797905442624
0.013859845427921
0.013923276474225
0.013987306933847
0.014051013432674
0.014113453553234
0.014173679084340
0.014230749659232
0.014283746595145
0.014331786740826
0.014374036134789
0.014409723276154
0.014438151811740
0.014458712447800
0.014470893902206
0.014474292723093
0.014468621812686
0.014453717510253
0.014429545105492
0.014396202673167
0.014353923140965
0.014303074525293
0.014244158293664
0.014177805837149
0.014104773061784
0.014025933133519
0.013942267436862
0.013854854832553
0.013764859324050
0.013673516265880
0.013582117268902
0.013491993977675
0.013404500913349
0.013320997591397
0.013242830136869
0.013171312630489
0.013107708426593
0.013053211688515
0.013008929388400
0.012975864016596
0.012954897240563
0.012946774744844
0.012952092471938
0.012971284469228
0.013004612529373
0.013052157791181
0.013113814445036
0.013189285661813
0.013278081837180
0.013379521214551
0.013492732920181
0.013616662413278
0.013750079323001
0.013891587613189
0.014039637985101
0.014192542398637
0.014348490563971
0.014505568228543
0.014661777059366
0.014815055897895
0.014963303144593
0.015104400013173
0.015236234380377
0.015356724946508
0.015463845414692
0.015555648393330
0.015630288726393
0.015686045960147
0.015721345662631
0.015734779323618
0.015725122577784
0.015691351512288
0.015632656841613
0.015548455757243
0.015438401287090
0.015302389029387
0.015140561157472
0.014953307625317
0.014741264538132
0.014505309687727
0.014246555287788
0.013966337979614
0.013666206213500
0.013347905144460
0.013013359212906
0.012664652610768
0.012304007860942
0.011933762762586
0.011556345976196
0.011174251540374
0.010790012626509
0.010406174847931
0.010025269446505
0.009649786681802
0.009282149746096
0.008924689522379
0.008579620492461
0.008249018088231
0.007934797761371
0.007638696025551
0.007362253700616
0.007106801560812
0.006873448559044
0.006663072766923
0.006476315136220
0.006313576151920
0.006175015410618
0.006060554121074
0.005969880486813
0.005902457894161
0.005857535793464
0.005834163127071
0.005831204125190
0.005847356260559
0.005881170125351
0.005931070969141
0.005995381615606
0.006072346458024
0.006160156219920
0.006256973157559
0.006360956375544
0.006470286925546
0.006583192361364
0.006697970430837
0.006813011596724
0.006926820094197
0.007038033252002
0.007145438827275
0.007247990130203
0.007344818743861
0.007435244676175
0.007518783814759
0.007595152590820
0.007664269794967
0.007726255525197
0.007781427284952
0.007830293286600
0.007873543052388
0.007912035440448
0.007946784257322
0.007978941650284
0.008009779502043
0.008040669076893
0.008073059190584
0.008108453195961
0.008148385092343
0.008194395078629
0.008248004877904
0.008310693164930
0.008383871427122
0.008468860584560
0.008566868685250
0.008678969978345
0.008806085650573
0.008948966489847
0.009108177715293
0.009284086184996
0.009476850161988
0.009686411785877
0.009912492362336
0.010154590546036
0.010411983454936
0.010683730715651
0.010968681401399
0.011265483786352
0.011572597803503
0.011888310057947
0.012210751214202
0.012537915545366
0.012867682403747
0.013197839347746
0.013526106638232
0.013850162799944
0.014167670929646
0.014476305423060
0.014773778787136
0.015057868203002
0.015326441507968
0.015577482272219
0.015809113657165
0.016019620757662
0.016207471149338
0.016371333384688
0.016510093207245
0.016622867281618
0.016709014268167
0.016768143104120
0.016800118387723
0.016805062797962
0.016783356519217
0.016735633677298
0.016662775830325
0.016565902594294
0.016446359518502
0.016305703359879
0.016145684937128
0.015968229775186
0.015775416777346
0.015569455186175
0.015352660114812
0.015127426946995
0.014896204917178
0.014661470191034
0.014425698771553
0.014191339556621
0.013960787870581
0.013736359784749
0.013520267530403
0.013314596292498
0.013121282653544
0.012942094934978
0.012778615658220
0.012632226319913
0.012504094645825
0.012395164456064
0.012306148241017
0.012237522513165
0.012189525965193
0.012162160429934
0.012155194603227
0.012168170457062
0.012200412237884
0.012251037914068
0.012318972907654
0.012402965918855
0.012501606627872
0.012613345037533
0.012736512202325
0.012869342074859
0.013009994189711
0.013156576897157
0.013307170855514
0.013459852490766
0.013612717135723
0.013763901568200
0.013911605678421
0.014054113009853
0.014189809934899
0.014317203246880
0.014434935972415
0.014541801233234
0.014636754013318
0.014718920715713
0.014787606422940
0.014842299805318
0.014882675652230
0.014908595032042
0.014920103116560
0.014917424735265
0.014900957752668
0.014871264388566
0.014829060625615
0.014775203870898
0.014710679058059
0.014636583393704
0.014554109966002
0.014464530444659
0.014369177109525
0.014269424450015
0.014166670579258
0.014062318705449
0.013957758898354
0.013854350381414
0.013753404569509
0.013656169059403
0.013563812764337
0.013477412366470
0.013397940241021
0.013326253984449
0.013263087656004
0.013209044817835
0.013164593433891
0.013130062662396
0.013105641551077
0.013091379618886
0.013087189283074
0.013092850066420
0.013108014496556
0.013132215587924
0.013164875777294
0.013205317166167
0.013252772908036
0.013306399565566
0.013365290252486
0.013428488367369
0.013495001721691
0.013563816862619
0.013633913391763
0.013704278084755
0.013773918622722
0.013841876755494
0.013907240727454
0.013969156810201
0.014026839801299
0.014079582365227
0.014126763110773
0.014167853318449
0.014202422251556
0.014230141005151
0.014250784868010
0.014264234193416
0.014270473795072
0.014269590904217
0.014261771743027
0.014247296787260
0.014226534807686
0.014199935794981
0.014168022886194
0.014131383422603
0.014090659278474
0.014046536608028
0.013999735163539
0.013950997341002
0.013901077111172
0.013850728992965
0.013800697223264
0.013751705272159
0.013704445845628
0.013659571508752
0.013617686051869
0.013579336709811
0.013545007330657
0.013515112575512
