0.096314437410211
0.096339436432282
0.096365017534238
0.096391238200666
0.096418140861948
0.096445752023019
0.096474082021889
0.096503125419626
0.096532861968581
0.096563258057420
0.096594268495530
0.096625838479401
0.096657905581687
0.096690401619434
0.096723254289134
0.096756388498552
0.096789727373120
0.096823192962216
0.096856706711786
0.096890189799632
0.096923563444821
0.096956749301443
0.096989670029834
0.097022250107988
0.097054416906028
0.097086102002773
0.097117242681012
0.097147783502521
0.097177677839555
0.097206889229499
0.097235392424716
0.097263174029784
0.097290232650741
0.097316578521839
0.097342232619836
0.097367225318987
0.097391594676859
0.097415384468047
0.097438642097257
0.097461416524161
0.097483756320537
0.097505707957734
0.097527314392678
0.097548613987491
0.097569639765415
0.097590418977814
0.097610972936487
0.097631317053958
0.097651461032305
0.097671409147425
0.097691160588422
0.097710709828401
0.097730047020111
0.097749158424930
0.097768026894134
0.097786632425971
0.097804952820263
0.097822964445088
0.097840643119032
0.097857965099998
0.097874908160329
0.097891452720217
0.097907583009060
0.097923288228264
0.097938563698621
0.097953411989302
0.097967844040815
0.097981880307716
0.097995551954229
0.098008902133889
0.098021987369519
0.098034879020773
0.098047664782869
0.098060450103765
0.098073359341557
0.098086536414883
0.098100144633364
0.098114365340661
0.098129394967662
0.098145440085606
0.098162710075397
0.098181407095160
0.098201713136338
0.098223774109760
0.098247681094833
0.098273449112099
0.098300994033934
0.098330108519275
0.098360438132930
0.098391459073036
0.098422459164545
0.098452523964365
0.098480529946023
0.098505146770007
0.098524850582559
0.098537950104890
0.098542626964153
0.098536991268956
0.098519152843778
0.098487307813808
0.098439839388667
0.098375430754441
0.098293186982885
0.098192761849781
0.098074484475846
0.097939479825879
0.097789776392796
0.097628393922011
0.097459403864605
0.097287955443016
0.097120260815387
0.096963533860241
0.096825878574650
0.096716124962265
0.096643612529200
0.096617924023293
0.096648574735554
0.096744665398338
0.096914509312545
0.097165246656816
0.097502460816932
0.097929812877007
0.098448711011124
0.099058031313103
0.099753905552414
0.100529589442653
0.101375422303344
0.102278885585082
0.103224763759090
0.104195406732630
0.105171088459980
0.106130452011323
0.107051027279148
0.107909803972297
0.108683839773870
0.109350881683065
0.109889977734101
0.110282056540113
0.110510453436333
0.110561364322580
0.110424211500010
0.110091909682045
0.109561024717560
0.108831822156109
0.107908207362426
0.106797563211635
0.105510495251046
0.104060497419024
0.102463553831826
0.100737693703808
0.098902517128427
0.096978709244129
0.094987559316958
0.092950499607340
0.090888676699786
0.088822565427089
0.086771632787543
0.084754056501118
0.082786500229043
0.080883945116346
0.079059575303496
0.077324713452569
0.075688801171929
0.074159418496319
0.072742336253697
0.071441595171970
0.070259605879261
0.069197264454585
0.068254078815665
0.067428301916522
0.066717068409735
0.066116532060377
0.065622001749724
0.065228074360787
0.064928763192311
0.064717620811886
0.064587855449055
0.064532440167072
0.064544214159483
0.064615975615749
0.064740565704834
0.064910943347988
0.065120250596454
0.065361868595089
0.065629464292555
0.065917028242648
0.066218904017541
0.066529809909734
0.066844853724646
0.067159541551617
0.067469781442887
0.067771882927059
0.068062553238584
0.068338891064079
0.068598378498661
0.068838871781089
0.069058591245972
0.069256110804626
0.069430347151929
0.069580548800998
0.069706284974923
0.069807434336358
0.069884173510776
0.069936965354705
0.069966546932001
0.069973917184045
0.069960324308101
0.069927252886961
0.069876410837592
0.069809716263576
0.069729284303038
0.069637414059510
0.069536575687735
0.069429397680802
0.069318654371190
0.069207253618787
0.069098224616689
0.068994705703743
0.068899932034374
0.068817222924147
0.068749968666126
0.068701616600308
0.068675656217236
0.068675603087941
0.068704981434857
0.068767305191318
0.068866057438526
0.069004668155900
0.069186490270701
0.069414774042584
0.069692639865519
0.070023049611095
0.070408776671903
0.070852374891091
0.071356146584815
0.071922109879765
0.072551965600918
0.073247063958344
0.074008371299721
0.074836437220570
0.075731362359547
0.076692767252812
0.077719762679392
0.078810921996431
0.079964256035646
0.081177191204570
0.082446551501822
0.083768545207138
0.085138757037199
0.086552146560845
0.088003053637172
0.089485211574633
0.090991768608383
0.092515318159293
0.094047938176667
0.095581239684910
0.097106424461381
0.098614351577912
0.100095612351351
0.101540613077208
0.102939664771131
0.104283079018975
0.105561268938451
0.106764854181286
0.107884768850008
0.108912371161339
0.109839553651559
0.110658852681095
0.111363555950374
0.111947806683271
0.112406703067869
0.112736391469686
0.112934151856072
0.112998473801333
0.112929121391180
0.112727185324391
0.112395120530805
0.111936767697985
0.111357357231464
0.110663494369174
0.109863124428989
0.108965477484421
0.107980992128953
0.106921218391949
0.105798700294633
0.104626838968067
0.103419737681457
0.102192030535339
0.100958696949245
0.099734864409618
0.098535602236457
0.097375709374883
0.096269499421313
0.095230586255430
0.094271673771247
0.093404353284808
0.092638912242579
0.091984157860579
0.091447259284432
0.091033611766725
0.090746726200235
0.090588147112648
0.090557401909741
0.090651983740841
0.090867369847532
0.091197076643644
0.091632752066983
0.092164304953017
0.092780070325989
0.093467008607932
0.094210935839470
0.094996781120145
0.095808866643324
0.096631204954067
0.097447807427324
0.098242997473967
0.099001721653094
0.099709851714266
0.100354470619136
0.100924135798649
0.101409113283517
0.101801576891573
0.102095767351321
0.102288107069569
0.102377267194099
0.102364184660414
0.102252028025276
0.102046112058944
0.101753762272393
0.101384131773715
0.100947974056291
0.100457376494621
0.099925460434125
0.099366054777853
0.098793350863381
0.098221547152920
0.097664492795060
0.097135339425782
0.096646210631589
0.096207898277747
0.095829594396820
0.095518666534921
0.095280483374737
0.095118296117636
0.095033179546413
0.095024034951359
0.095087655241277
0.095218850640860
0.095410631464634
0.095654442624554
0.095940442841171
0.096257820049633
0.096595133276879
0.096940670360454
0.097282810316179
0.097610378962755
0.097912986584594
0.098181336955556
0.098407497939529
0.098585125101705
0.098709631269862
0.098778296732514
0.098790316697510
0.098746784701952
0.098650612798722
0.098506391479534
0.098320194360332
0.098099334582463
0.097852081603849
0.097587348503116
0.097314361036474
0.097042320420444
0.096780072122322
0.096535792797280
0.096316706905134
0.096128843477689
0.095976842016044
0.095863814622396
0.095791269278809
0.095759096759360
0.095765621100035
0.095807710961179
0.095880946714026
0.095979835779407
0.096098066750666
0.096228791239155
0.096364921267372
0.096499429457234
0.096625639249598
0.096737492948453
0.096829786484446
0.096898361385829
0.096940246455092
0.096953743981045
0.096938457858687
0.096895263623357
0.096826223008904
0.096734448092259
0.096623922278022
0.096499287208960
0.096365606082392
