0.095792733341204
0.095832102470292
0.095871017487912
0.095909408536035
0.095947207433450
0.095984348461676
0.096020769221071
0.096056411496707
0.096091222069729
0.096125153414739
0.096158164236493
0.096190219817811
0.096221292172316
0.096251360017173
0.096280408599236
0.096308429420366
0.096335419912635
0.096361383111146
0.096386327362287
0.096410266090203
0.096433217626878
0.096455205094397
0.096476256314584
0.096496403713361
0.096515684186131
0.096534138896172
0.096551812989382
0.096568755223483
0.096585017525441
0.096600654504294
0.096615722955412
0.096630281394582
0.096644389655518
0.096658108572948
0.096671499756936
0.096684625445217
0.096697548402010
0.096710331817203
0.096723039151580
0.096735733873644
0.096748479042036
0.096761336703890
0.096774367101704
0.096787627706370
0.096801172118772
0.096815048903068
0.096829300428783
0.096843961803974
0.096859059977450
0.096874613074780
0.096890630012595
0.096907110411231
0.096924044800412
0.096941415089890
0.096959195259429
0.096977352212467
0.096995846735769
0.097014634513069
0.097033667152351
0.097052893201546
0.097072259143064
0.097091710370746
0.097111192161197
0.097130650653353
0.097150033845453
0.097169292607897
0.097188381695882
0.097207260729764
0.097225895096904
0.097244256718999
0.097262324625898
0.097280085281829
0.097297532622781
0.097314667783372
0.097331498515550
0.097348038326956
0.097364305390474
0.097380321295324
0.097396109721676
0.097411695123739
0.097427101500517
0.097442351319946
0.097457464643016
0.097472458472539
0.097487346329518
0.097502138041381
0.097516839712935
0.097531453843972
0.097545979557182
0.097560412905324
0.097574747235846
0.097588973601612
0.097603081215806
0.097617057955100
0.097630890916324
0.097644567027597
0.097658073705799
0.097671399539843
0.097684534965780
0.097697472888047
0.097710209193678
0.097722743105141
0.097735077323836
0.097747217930149
0.097759174026248
0.097770957132255
0.097782580371970
0.097794057507821
0.097805401902771
0.097816625497077
0.097827737888562
0.097838745595944
0.097849651566995
0.097860454968884
0.097871151270062
0.097881732595020
0.097892188308426
0.097902505766445
0.097912671162385
0.097922670391714
0.097932489867673
0.097942117231178
0.097951541915273
0.097960755541888
0.097969752144391
0.097978528220909
0.097987082629144
0.097995416332870
0.098003532004031
0.098011433473810
0.098019125013191
0.098026610410674
0.098033891803943
0.098040968214679
0.098047833732012
0.098054475289657
0.098060869983111
0.098066981874219
0.098072758228442
0.098078125122740
0.098082982347415
0.098087197502663
0.098090599160473
0.098092968926695
0.098094032199897
0.098093447387191
0.098090793307662
0.098085554496345
0.098077104120880
0.098064684243162
0.098047383202542
0.098024109967408
0.097993565399097
0.097954210495621
0.097904231831624
0.097841504583706
0.097763553724672
0.097667514184239
0.097550091004749
0.097407520765401
0.097235535803368
0.097029333019439
0.096783549311784
0.096492245923781
0.096148904207386
0.095746435475692
0.095277207728037
0.094733092056604
0.094105531462430
0.093385634598532
0.092564296598103
0.091632348619736
0.090580737038591
0.089400732329067
0.088084166627045
0.086623697744520
0.085013096064452
0.083247549308155
0.081323978692137
0.079241358536465
0.077001030021546
0.074606998589782
0.072066203531181
0.069388747655646
0.066588074713287
0.063681082442807
0.060688159859378
0.057633138672125
0.054543150560793
0.051448384429063
0.048381740648136
0.045378382638303
0.042475189808365
0.039710119754377
0.037121491557386
0.034747205842304
0.032623920783049
0.030786206276371
0.029265700879636
0.028090297656565
0.027283385668758
0.026863173398495
0.026842118845607
0.027226488416897
0.028016063085105
0.029204005754928
0.030776898506086
0.032714952600632
0.034992388089103
0.037577973792438
0.040435712643921
0.043525652108303
0.046804794890075
0.050228081599857
0.053749414619612
0.057322691192668
0.060902813803016
0.064446647181091
0.067913893704635
0.071267862427358
0.074476111296403
0.077510947111081
0.080349773207077
0.082975280489024
0.085375483046643
0.087543604952644
0.089477829749975
0.091180928413974
0.092659785075756
0.093924842407136
0.094989490224478
0.095869421539157
0.096581979977040
0.097145521258818
0.097578809364612
0.097900465220558
0.098128482390487
0.098279820502511
0.098370083172196
0.098413283190745
0.098421693913688
0.098405782285807
0.098374215921670
0.098333934248494
0.098290271992629
0.098247122295093
0.098207126474981
0.098171877879732
0.098142128288061
0.098117986852713
0.098099103451553
0.098084830409099
0.098074358707093
0.098066826881193
0.098061402678774
0.098057339133331
0.098054007928510
0.098050913746891
0.098047693726153
0.098044106208174
0.098040012719547
0.098035356636029
0.098030141339011
0.098024409950343
0.098018228007713
0.098011669778921
0.098004808356190
0.097997709249338
0.097990426919016
0.097983003552144
0.097975469361752
0.097967843764817
0.097960136922190
0.097952351282545
0.097944482929353
0.097936522664700
0.097928456862714
0.097920268182840
0.097911936251082
0.097903438402811
0.097894750544711
0.097885848147868
0.097876707339916
0.097867306030383
0.097857624984991
0.097847648763332
0.097837366448216
0.097826772119659
0.097815865056423
0.097804649677061
0.097793135255879
0.097781335463498
0.097769267785905
0.097756952870644
0.097744413836993
0.097731675572007
0.097718764020319
0.097705705465731
0.097692525799293
0.097679249772243
0.097665900242133
0.097652497434086
0.097639058253539
0.097625595698189
0.097612118422363
0.097598630504398
0.097585131456226
0.097571616495093
0.097558077072394
0.097544501627510
0.097530876509064
0.097517186986140
0.097503418260662
0.097489556391374
0.097475589049895
0.097461506048985
0.097447299609784
0.097432964364762
0.097418497122377
0.097403896444166
0.097389162101973
0.097374294490541
0.097359294068130
0.097344160886399
0.097328894252594
0.097313492545492
0.097297953184804
0.097282272735267
0.097266447113783
0.097250471862280
0.097234342450418
0.097218054579857
0.097201604473415
0.097184989145282
0.097168206659895
0.097151256394443
0.097134139321903
0.097116858327292
0.097099418560148
0.097081827812804
0.097064096899348
0.097046239996839
0.097028274901326
0.097010223148341
0.096992109952066
0.096973963929117
0.096955816590796
0.096937701609226
0.096919653885378
0.096901708467212
0.096883899381323
0.096866258449365
0.096848814160070
0.096831590659052
0.096814606903047
0.096797876005400
0.096781404778015
0.096765193455334
0.096749235570513
0.096733517945227
0.096718020753337
0.096702717624717
0.096687575767588
0.096672556103345
0.096657613424240
0.096642696598470
0.096627748856583
0.096612708195933
0.096597507935488
0.096582077442011
0.096566343032279
0.096550229036753
0.096533658991176
0.096516556906519
0.096498848557280
0.096480462724732
0.096461332335969
0.096441395450810
0.096420596065101
0.096398884718265
0.096376218912181
0.096352563364895
0.096327890134014
0.096302178649414
0.096275415692919
0.096247595354494
0.096218718982068
0.096188795127723
0.096157839479345
0.096125874756338
0.096092930542666
0.096059043031159
0.096024254659738
0.095988613631762
0.095952173327179
0.095914991625915
0.095877130177500
0.095838653658829
0.095799629063759
0.095760125063286
0.095720211463954
