0.000296052206847
0.000291864794920
0.000287796050559
0.000283857546528
0.000280056882613
0.000276397345764
0.000272877861670
0.000269493254121
0.000266234802150
0.000263091059090
0.000260048874534
0.000257094541892
0.000254214982466
0.000251398872727
0.000248637625350
0.000245926146178
0.000243263307695
0.000240652103268
0.000238099473308
0.000235615822175
0.000233214270871
0.000230909712765
0.000228717756044
0.000226653645618
0.000224731258119
0.000222962256250
0.000221355473702
0.000219916580475
0.000218648052623
0.000217549442372
0.000216617916920
0.000215849009314
0.000215237504955
0.000214778374369
0.000214467657972
0.000214303212299
0.000214285239207
0.000214416538902
0.000214702452640
0.000215150489393
0.000215769660120
0.000216569570960
0.000217559350114
0.000218746500283
0.000220135777701
0.000221728199040
0.000223520268756
0.000225503502364
0.000227664297088
0.000229984172470
0.000232440372194
0.000235006787427
0.000237655134074
0.000240356294025
0.000243081715672
0.000245804763165
0.000248501907597
0.000251153666296
0.000253745217672
0.000256266646723
0.000258712808043
0.000261082826179
0.000263379284602
0.000265607181552
0.000267772751244
0.000269882260451
0.000271940892326
0.000273951821168
0.000275915564386
0.000277829672562
0.000279688787573
0.000281485064772
0.000283208921324
0.000284850041999
0.000286398548673
0.000287846223008
0.000289187664621
0.000290421270449
0.000291549934712
0.000292581391823
0.000293528154859
0.000294407037223
0.000295238281861
0.000296044357646
0.000296848513131
0.000297673201100
0.000298538501060
0.000299460669643
0.000300450940499
0.000301514676215
0.000302650946569
0.000303852572495
0.000305106636321
0.000306395419568
0.000307697693265
0.000308990255480
0.000310249589403
0.000311453504646
0.000312582625617
0.000313621603790
0.000314559954477
0.000315392451305
0.000316119050218
0.000316744356222
0.000317276686526
0.000317726819817
0.000318106549774
0.000318427179080
0.000318698096438
0.000318925572680
0.000319111893484
0.000319254916913
0.000319348106423
0.000319381047417
0.000319340411434
0.000319211290610
0.000318978789771
0.000318629737610
0.000318154364314
0.000317547792119
0.000316811197922
0.000315952532301
0.000314986715177
0.000313935271865
0.000312825420764
0.000311688671357
0.000310559034429
0.000309470981587
0.000308457315214
0.000307547120496
0.000306763967198
0.000306124510357
0.000305637607570
0.000305304028451
0.000305116782695
0.000305062041115
0.000305120573415
0.000305269581841
0.000305484774944
0.000305742503858
0.000306021776649
0.000306305975296
0.000306584124185
0.000306851596667
0.000307110194327
0.000307367587933
0.000307636165182
0.000307931383307
0.000308269769882
0.000308666748546
0.000309134484964
0.000309679950093
0.000310303382429
0.000310997299308
0.000311746162015
0.000312526744023
0.000313309190784
0.000314058698238
0.000314737680855
0.000315308253610
0.000315734819864
0.000315986541919
0.000316039474593
0.000315878164707
0.000315496559291
0.000314898119733
0.000314095103563
0.000313107044990
0.000311958533868
0.000310676454701
0.000309286897275
0.000307811984112
0.000306266873987
0.000304657193760
0.000302977122873
0.000301208308033
0.000299319723379
0.000297268518755
0.000295001821446
0.000292459381243
0.000289576881333
0.000286289683953
0.000282536744752
0.000278264416505
0.000273429872671
0.000268003913718
0.000261972971749
0.000255340197461
0.000248125592232
0.000240365230442
0.000232109695889
0.000223421924271
0.000214374694996
0.000205048044896
0.000195526880602
0.000185899044115
0.000176254038475
0.000166682550712
0.000157276822656
0.000148131823687
0.000139347081148
0.000131028932656
0.000123292888306
0.000116265737433
0.000110087010374
0.000104909414507
0.000100897907461
0.000098227147641
0.000097077169274
0.000097627259693
0.000100048161917
0.000104492875674
0.000111086473605
0.000119915475379
0.000131017420162
0.000144371338426
0.000159889840465
0.000177413507337
0.000196708189307
0.000217465689907
0.000239308146189
0.000261796216679
0.000284440969201
0.000306719134562
0.000328091173116
0.000348021403951
0.000365999284046
0.000381560809040
0.000394308947011
0.000403932017788
0.000410218994707
0.000413070831518
0.000412507098675
0.000408667441070
0.000401807631177
0.000392290272830
0.000380570495466
0.000367177250119
0.000352691060792
0.000337719283778
0.000322870071062
0.000308726313408
0.000295820849112
0.000284614164606
0.000275475686372
0.000268669576786
0.000264345710154
0.000262536232607
0.000263157815969
0.000266019417850
0.000270835074463
0.000277240995065
0.000284816011381
0.000293104273578
0.000301638984581
0.000309965931650
0.000317665608922
0.000324372824364
0.000329792842457
0.000333713320491
0.000336011539058
0.000336656692141
0.000335707274039
0.000333303863773
0.000329657848375
0.000325036831396
0.000319747631568
0.000314117880947
0.000308477277465
0.000303139532422
0.000298385981346
0.000294451702244
0.000291514816973
0.000289689449762
0.000289022594313
0.000289494910437
0.000291025246392
0.000293478476631
0.000296676068087
0.000300408650742
0.000304449777204
0.000308570015272
0.000312550528335
0.000316195358755
0.000319341734536
0.000321867861982
0.000323697837527
0.000324803499276
0.000325203231602
0.000324957922398
0.000324164441189
0.000322947147391
0.000321448043488
0.000319816252175
0.000318197516439
0.000316724397052
0.000315507775403
0.000314630166274
0.000314141212368
0.000314055579247
0.000314353306098
0.000314982505141
0.000315864150993
0.000316898570628
0.000317973142697
0.000318970648140
0.000319777685832
0.000320292578608
0.000320432244866
0.000320137594905
0.000319377122995
0.000318148497754
0.000316478095463
0.000314418563601
0.000312044635353
0.000309447531191
0.000306728373159
0.000303991095587
0.000301335359074
0.000298849961799
0.000296607195102
0.000294658512709
0.000293031781084
0.000291730259737
0.000290733333724
0.000289998895148
0.000289467155273
0.000289065571808
0.000288714503897
0.000288333164895
0.000287845432807
0.000287185100352
0.000286300198888
0.000285156108348
0.000283737262828
0.000282047370820
0.000280108182101
0.000277956941364
0.000275642763925
0.000273222244304
0.000270754658871
0.000268297145702
0.000265900237200
0.000263604084913
0.000261435654735
0.000259407089210
0.000257515338747
0.000255743062603
0.000254060701350
0.000252429532879
0.000250805450542
0.000249143150168
0.000247400386147
0.000245541957163
0.000243543109003
0.000241392092685
0.000239091686598
0.000236659575561
0.000234127570939
0.000231539746944
0.000228949651786
0.000226416822105
0.000224002879733
0.000221767517668
0.000219764685394
0.000218039262394
0.000216624465092
0.000215540170205
0.000214792261932
0.000214373027743
0.000214262544422
0.000214430919141
0.000214841185710
0.000215452608722
0.000216224121570
0.000217117620143
0.000218100852204
0.000219149681352
0.000220249560396
0.000221396117242
0.000222594831217
0.000223859852916
0.000225212090086
0.000226676740167
0.000228280492323
0.000230048644921
0.000232002386905
0.000234156473401
0.000236517489043
0.000239082840253
0.000241840554477
0.000244769895682
0.000247842736866
0.000251025567665
0.000254281963427
0.000257575305445
0.000260871523320
0.000264141630828
0.000267363846063
0.000270525123037
0.000273621972159
