0.058401857748014
0.058455469089729
0.058582157261483
0.058779560399740
0.059043888955891
0.059370013457777
0.059751579141399
0.060181144639832
0.060650341443512
0.061150050455125
0.061670591660804
0.062201922732490
0.062733842267053
0.063256193356653
0.063759063269797
0.064232975199637
0.064669068298556
0.065059262557907
0.065396405498591
0.065674398100623
0.065888297905295
0.066034397758921
0.066110279218637
0.066114840195243
0.066048296952214
0.065912161101936
0.065709192728474
0.065443331211211
0.065119605717155
0.064744027664946
0.064323467736048
0.063865520214949
0.063378357579441
0.062870578334499
0.062351051090912
0.061828757836130
0.061312639234306
0.060811444630911
0.060333589231064
0.059887020676812
0.059479096974595
0.059116477427451
0.058805027915059
0.058549741545579
0.058354675383912
0.058222903647789
0.058156487462294
0.058156460980328
0.058222833415751
0.058354606301317
0.058549805078042
0.058805523948268
0.059117982782731
0.059482594762572
0.059894043360072
0.060346367215498
0.060833051449911
0.061347123962438
0.061881255292218
0.062427860676512
0.062979203003520
0.063527495437458
0.064065002580518
0.064584139127916
0.065077565064835
0.065538276544935
0.065959691676649
0.066335730524088
0.066660888702736
0.066930304015741
0.067139815634763
0.067286015380541
0.067366290704157
0.067378859011838
0.067322793016333
0.067198036838602
0.067005412627017
0.066746617509929
0.066424210753197
0.066041591058956
0.065602964016765
0.065113299804160
0.064578281330720
0.064004243127666
0.063398101402639
0.062767275805125
0.062119603579584
0.061463246918149
0.060806594459413
0.060158158010947
0.059526465696913
0.058919952844740
0.058346852022319
0.057815083716093
0.057332149197121
0.056905027153935
0.056540075675033
0.056242941138492
0.056018475510014
0.055870663463368
0.055802560618956
0.055816244048117
0.055912776014847
0.056092181725449
0.056353441633720
0.056694498608819
0.057112280019567
0.057602734527939
0.058160883121434
0.058780883654721
0.059456107921298
0.060179230041811
0.060942324742553
0.061736973910957
0.062554379658951
0.063385482004134
0.064221079195719
0.065051948669563
0.065868966615434
0.066663224180346
0.067426138413321
0.068149556177717
0.068825849414195
0.069448000326969
0.070009675283558
0.070505286458564
0.070930040509479
0.071279973840790
0.071551974285589
0.071743789304999
0.071854021068768
0.071882109029424
0.071828300831799
0.071693612604635
0.071479779856981
0.071189200345704
0.070824870388946
0.070390316171986
0.069889521625812
0.069326854454890
0.068706991850056
0.068034847347087
0.067315500183986
0.066554128373815
0.065755946549195
0.064926149454022
0.064069861762682
0.063192094702556
0.062297709747518
0.061391389444077
0.060477615233411
0.059560651946969
0.058644538485475
0.057733084045403
0.056829869136799
0.055938250544747
0.055061369325595
0.054202160899538
0.053363366303266
0.052547543699366
0.051757079301292
0.050994196961205
0.050260965779663
0.049559305226672
0.048890987408561
0.048257636269398
0.047660723674038
0.047101562477040
0.046581296832481
0.046100890139192
0.045661111139654
0.045262518794850
0.044905446638512
0.044589987369990
0.044315978473743
0.044082989654528
0.043890312850816
0.043736955535768
0.043621637937109
0.043542794706896
0.043498581452745
0.043486886407178
0.043505347365590
0.043551373870326
0.043622174463010
0.043714788674360
0.043826123274622
0.043952992172848
0.044092159233575
0.044240383178435
0.044394463661003
0.044551287548202
0.044707874412489
0.044861420237082
0.045009338361865
0.045149296749914
0.045279250732724
0.045397470494145
0.045502562676292
0.045593485631893
0.045669558003000
0.045730460471410
0.045776230696844
0.045807251630254
0.045824233556410
0.045828190377564
0.045820410793638
0.045802425159886
0.045775968906529
0.045742943483245
0.045705375842336
0.045665377496150
0.045625104176377
0.045586717085266
0.045552346662908
0.045524059702371
0.045503830528736
0.045493516822326
0.045494840515077
0.045509374026544
0.045538531937582
0.045583568030439
0.045645577458843
0.045725503655781
0.045824149444519
0.045942191694281
0.046080198759261
0.046238649861414
0.046417955525552
0.046618478151263
0.046840551810332
0.047084500390450
0.047350653264880
0.047639357751586
0.047950987731537
0.048285947921352
0.048644673436706
0.049027624435635
0.049435275791215
0.049868101906196
0.050326556943802
0.050811050904488
0.051321922123637
0.051859406896056
0.052423607045824
0.053014456351438
0.053631686803524
0.054274795713460
0.054943014704719
0.055635281603822
0.056350216204414
0.057086100807126
0.057840866340865
0.058612084750482
0.059396968194337
0.060192375436628
0.060994825647917
0.061800519647332
0.062605368436671
0.063405028694941
0.064194944726852
0.064970396195427
0.065726550821675
0.066458521107422
0.067161424034425
0.067830442616618
0.068460888134773
0.069048261865210
0.069588315126629
0.070077106511080
0.070511055234956
0.070886989641403
0.071202190003548
0.071454424914896
0.071641980704825
0.071763683478944
0.071818913551430
0.071807612204524
0.071730280874622
0.071587973020395
0.071382279072026
0.071115304988564
0.070789645059413
0.070408349673850
0.069974888847467
0.069493112335605
0.068967207180924
0.068401653535605
0.067801179569485
0.067170716225283
0.066515352513308
0.065840291953312
0.065150810673698
0.064452217571404
0.063749816823293
0.063048872925407
0.062354578323933
0.061672023594777
0.061006170030848
0.060361824410808
0.059743615652912
0.059155973005188
0.058603105390384
0.058088981512158
0.057617310338443
0.057191521608804
0.056814746063952
0.056489795165974
0.056219140165028
0.056004890469272
0.055848771386373
0.055752101422969
0.055715769448758
0.055740212149911
0.055825392307639
0.055970778537404
0.056175327208232
0.056437467325804
0.056755089204143
0.057125537765957
0.057545611299080
0.058011566454789
0.058519130202823
0.059063519358376
0.059639468169779
0.060241264304496
0.060862793398788
0.061497592146944
0.062138909704037
0.062779776966864
0.063413083086535
0.064031658358765
0.064628362439987
0.065196176654498
0.065728298995186
0.066218240282966
0.066659919841959
0.067047758972579
0.067376770465656
0.067642642399836
0.067841814502652
0.067971545433359
0.068029969461817
0.068016141171116
0.067930066999325
0.067772722654522
0.067546055682796
0.067252972736212
0.066897311371342
0.066483796502712
0.066017981933136
0.065506177677712
0.064955364083653
0.064373094017631
0.063767384639671
0.063146600502091
0.062519329898417
0.061894256536108
0.061280028714864
0.060685128256525
0.060117741451669
0.059585634261385
0.059096033941026
0.058655519137582
0.058269920356487
0.057944232500676
0.057682540959024
0.057487962468146
0.057362601696507
0.057307524209088
0.057322746170740
0.057407240843287
0.057558961631706
0.057774881144313
0.058051045456658
0.058382642513722
0.058764083374857
0.059189094804362
0.059650821540974
0.060141936444193
0.060654756615803
0.061181363532137
0.061713725196401
0.062243818330285
0.062763748668482
0.063265867496866
0.063742882682128
0.064187962574767
0.064594831324769
0.064957854326497
0.065272112701922
0.065533465935355
0.065738601983870
0.065885074401403
0.065971326227072
0.065996700595569
0.065961438226064
0.065866662132765
0.065714350072340
0.065507295398743
0.065249057132941
