0.063604690399227
0.063311179037537
0.062977339599567
0.062607782220155
0.062207539141465
0.061781994955717
0.061336814449625
0.060877868988241
0.060411162332383
0.059942756732663
0.059478700086389
0.059024954883162
0.058587329602719
0.058171413165745
0.057782512976514
0.057425597035926
0.057105240545873
0.056825577370995
0.056590256672327
0.056402404978912
0.056264593918250
0.056178813784123
0.056146453080623
0.056168284143710
0.056244454905866
0.056374486834928
0.056557279044472
0.056791118539598
0.057073696528187
0.057402130693068
0.057772993284642
0.058182344855751
0.058625773420815
0.059098438778873
0.059595121695309
0.060110277589404
0.060638094324754
0.061172553647330
0.061707495762083
0.062236686484365
0.062753886348070
0.063252920999602
0.063727752157032
0.064172548368706
0.064581754767008
0.064950160982614
0.065272966364330
0.065545841641107
0.065764986167620
0.065927179914119
0.066029829396092
0.066071006790074
0.066049481548946
0.065964743912742
0.065817019808684
0.065607276745427
0.065337220429650
0.065009281966008
0.064626595641557
0.064192967440375
0.063712834580212
0.063191216507720
0.062633657928974
0.062046164584783
0.061435132602867
0.060807272368837
0.060169527952799
0.059528993206455
0.058892825705210
0.058268159749943
0.057662019662950
0.057081234611826
0.056532356173742
0.056021579811031
0.055554671368032
0.055136899619690
0.054772975805947
0.054467000973876
0.054222421823879
0.054041995618954
0.053927764569444
0.053881039952224
0.053902396065514
0.053991673961346
0.054147994739774
0.054369782035352
0.054654793179894
0.055000158389142
0.055402427197231
0.055857621254530
0.056361292513623
0.056908585756999
0.057494304369894
0.058112978233782
0.058758932610805
0.059426356906954
0.060109372241509
0.060802096810983
0.061498708115880
0.062193501215801
0.062880942290235
0.063555716905626
0.064212772520962
0.064847354900591
0.065455038240921
0.066031748953596
0.066573783178492
0.067077818222433
0.067540918231264
0.067960534501599
0.068334500922370
0.068661025104021
0.068938675803864
0.069166367289566
0.069343341298916
0.069469147253572
0.069543621368268
0.069566865266110
0.069539224666673
0.069461268658212
0.069333770000236
0.069157686829900
0.068934146067109
0.068664428730841
0.068349957295080
0.067992285128768
0.067593087982348
0.067154157405550
0.066677395908960
0.066164813617192
0.065618526105724
0.065040753068110
0.064433817426469
0.063800144476877
0.063142260653284
0.062462791499206
0.061764458455778
0.061050074107490
0.060322535572363
0.059584815780393
0.058839952451228
0.058091034657562
0.057341186942304
0.056593551042896
0.055851265362570
0.055117442413110
0.054395144534132
0.053687358267332
0.052996967828189
0.052326728169989
0.051679238174044
0.051056914524161
0.050461966831908
0.049896374571676
0.049361866361039
0.048859902083163
0.048391658295133
0.047958017300653
0.047559560189491
0.047196564061600
0.046869003563333
0.046576556769266
0.046318615348229
0.046094298858811
0.045902472930207
0.045741771000871
0.045610619212066
0.045507263987604
0.045429801776246
0.045376210390341
0.045344381344110
0.045332152577907
0.045337340950962
0.045357773894427
0.045391319638656
0.045435915462922
0.045489593461574
0.045550503376858
0.045616932114248
0.045687319629920
0.045760270960333
0.045834564249478
0.045909154718193
0.045983174610503
0.046055929242020
0.046126889363295
0.046195680134397
0.046262067084034
0.046325939495194
0.046387291717680
0.046446202954528
0.046502816102450
0.046557316245330
0.046609909403341
0.046660802128370
0.046710182509049
0.046758203106401
0.046804966284972
0.046850512335703
0.046894810707613
0.046937754577776
0.046979158895531
0.047018761940097
0.047056230333411
0.047091167354889
0.047123124314603
0.047151614658452
0.047176130405596
0.047196160456493
0.047211210260941
0.047220822300515
0.047224596819505
0.047222212232998
0.047213444649934
0.047198185972341
0.047176460068337
0.047148436564973
0.047114441865853
0.047074967066208
0.047030672512945
0.046982388837142
0.046931114369834
0.046878008936595
0.046824384110690
0.046771690086518
0.046721499413012
0.046675487898972
0.046635413067432
0.046603090592756
0.046580369200969
0.046569104549771
0.046571132628921
0.046588243233447
0.046622154061158
0.046674485971851
0.046746739918673
0.046840276022636
0.046956295210085
0.047095823770967
0.047259701124513
0.047448570999951
0.047662876155245
0.047902856668619
0.048168551748214
0.048459804917073
0.048776272346265
0.049117434030747
0.049482607432859
0.049870963159233
0.050281542190118
0.050713274147144
0.051164996067359
0.051635471148409
0.052123406942233
0.052627472501910
0.053146314027707
0.053678568612346
0.054222875750483
0.054777886351339
0.055342269073993
0.055914713889807
0.056493932863178
0.057078658228022
0.057667637920602
0.058259628807475
0.058853387918343
0.059447662055906
0.060041176206850
0.060632621218883
0.061220641237370
0.061803821411155
0.062380676380336
0.062949640049209
0.063509057125527
0.064057176873297
0.064592149481129
0.065112025392803
0.065614757882129
0.066098209081754
0.066560159596651
0.066998321749203
0.067410356415697
0.067793893325501
0.068146554606071
0.068465981271149
0.068749862268075
0.068995965625063
0.069202171172379
0.069366504254617
0.069487169806246
0.069562586130742
0.069591417706203
0.069572606338108
0.069505399993326
0.069389378678639
0.069224476771595
0.069011001270443
0.068749645502124
0.068441497911012
0.068088045644263
0.067691172749956
0.067253152909044
0.066776636728870
0.066264633731790
0.065720489274673
0.065147856731141
0.064550665356036
0.063933084328755
0.063299483537128
0.062654391715150
0.062002452585280
0.061348379678814
0.060696910515995
0.060052760821414
0.059420579430740
0.058804904512725
0.058210121687277
0.057640424567413
0.057099778191905
0.056591885747868
0.056120158910294
0.055687692050192
0.055297240486219
0.054951202878150
0.054651607785622
0.054400104343892
0.054197956941023
0.054046043719384
0.053944858669527
0.053894517037542
0.053894763728729
0.053944984361376
0.054044218605499
0.054191175432448
0.054384249902887
0.054621541132292
0.054900871094677
0.055219803955862
0.055575665666470
0.055965563590580
0.056386405997234
0.056834921296939
0.057307676962159
0.057801098127330
0.058311485918295
0.058835035610870
0.059367854761762
0.059905981490230
0.060445403114223
0.060982075358909
0.061511942357627
0.062030957654893
0.062535106398046
0.063020428869002
0.063483045461136
0.063919183149894
0.064325203441142
0.064697631710236
0.065033187769960
0.065328817428903
0.065581724726251
0.065789404456746
0.065949674533111
0.066060707674730
0.066121061862884
0.066129708965891
0.066086060913613
0.065989992790815
0.065841862223597
0.065642524452659
0.065393342521679
0.065096192057974
0.064753460185423
0.064368038185257
0.063943307607703
0.063483119635181
0.062991767604280
0.062473952707279
0.061934743012731
0.061379526066568
0.060813955458109
0.060243891857172
0.059675339146685
0.059114376387633
0.058567086457188
0.058039482294285
0.057537431767294
0.057066582243567
0.056632285988569
0.056239527551236
0.055892854300603
0.055596311265746
0.055353381395817
0.055166932299563
0.055039170444335
0.054971603694489
0.054965012949390
0.055019433504357
0.055134146606000
0.055307681509732
0.055537828174795
