3.187032144359261210e+01
3.187756854538863038e+01
3.188500896584834265e+01
3.189353681495848036e+01
3.190400647645942200e+01
3.191712829259413908e+01
3.193336978470109244e+01
3.195287448241901984e+01
3.197540974283037940e+01
3.200035284709007044e+01
3.202672124606409199e+01
3.205324833185380839e+01
3.207850093736782782e+01
3.210102943717487989e+01
3.211953644687847031e+01
3.213304632243912806e+01
3.214105552131668020e+01
3.214364385474918606e+01
3.214152899152286125e+01
3.213605127607068823e+01
3.212908272466804505e+01
3.212286240613335053e+01
3.211976948781807550e+01
3.212205403525000236e+01
3.213155310312473745e+01
3.214942468134447040e+01
3.217593375556221247e+01
3.221032248855227920e+01
3.225079010877136199e+01
3.229459776733059329e+01
3.233830016642006910e+01
3.237809042645242386e+01
3.241022909437704413e+01
3.243151429263889440e+01
3.243973969900277154e+01
3.243408207078145722e+01
3.241536168636851301e+01
3.238612801886317527e+01
3.235053900029677720e+01
3.231402428266785165e+01
3.228274895174816095e+01
3.226292142494899906e+01
3.226001446071246903e+01
3.227798783969548424e+01
3.231861210518270866e+01
3.238099222189836723e+01
3.246137669693000305e+01
3.255331163175304710e+01
3.264816202860492211e+01
3.273597781872694412e+01
3.280663434266107714e+01
3.285113226110807005e+01
3.286290638699745159e+01
3.283897262115077353e+01
3.278074176173565490e+01
3.269435116152128273e+01
3.259041010571731078e+01
3.248311943344362618e+01
3.238880433381944357e+01
3.232398275053553505e+01
3.230316989349856271e+01
3.233668074616856103e+01
3.242872666046977770e+01
3.257610088942705318e+01
3.276770665031318686e+01
3.298510028054319321e+01
3.320410691804424630e+01
3.339742796454940787e+01
3.353801401935947979e+01
3.360284270013455199e+01
3.357663738690101241e+01
3.345500835678419094e+01
3.324650561219578293e+01
3.297314981244856114e+01
3.266915248035304842e+01
3.237773816451185382e+01
3.214621968228114213e+01
3.201972588515402407e+01
3.203420810680172082e+01
3.220952445723014534e+01
3.254349190701293537e+01
3.300778397089491989e+01
3.354642743502970603e+01
3.407741939656030183e+01
3.449766476235693347e+01
3.469105640442003846e+01
3.453912767540634832e+01
3.393334767111701211e+01
3.278785081428223691e+01
3.105123473258334599e+01
2.871605231810892178e+01
2.582477667311987091e+01
2.247132329607227064e+01
1.879764470729925563e+01
1.498542404636526015e+01
1.124342908599996171e+01
7.791584210793922161e+00
4.843215049923654369e+00
2.587168435449247461e+00
1.171575612835168201e+00
6.908969112533854817e-01
1.177572491777764796e+00
2.599139821344788270e+00
4.861116161734631014e+00
7.815347791488824747e+00
1.127296531963719595e+01
1.502062047905240050e+01
1.883836619662957546e+01
2.251741201694435901e+01
2.587605220949917140e+01
2.877231187018903569e+01
3.111225346694793359e+01
3.285338238115211595e+01
3.400312490778300401e+01
3.461286350876837048e+01
3.476844495851442929e+01
3.457838266923914716e+01
3.416112730132338982e+01
3.363277167848481497e+01
3.309639842689768585e+01
3.263399994592612785e+01
3.230154100283903773e+01
3.212734175134328041e+01
3.211358102609091247e+01
3.224039864506946174e+01
3.247184327780596647e+01
3.276278807370945856e+01
3.306592411140897525e+01
3.333803251136126278e+01
3.354490905781469223e+01
3.366454189493715177e+01
3.368839117859308629e+01
3.362085800906248068e+01
3.347723147841190183e+01
3.328054742680951961e+01
3.305786960813013309e+01
3.283651179909975326e+01
3.264066481618973370e+01
3.248878902275252756e+01
3.239199863665935197e+01
3.235351857670245579e+01
3.236915641185846226e+01
3.242861684636403652e+01
3.251740514264301396e+01
3.261902462667951141e+01
3.271717217890939366e+01
3.279766981743244969e+01
3.284993187108629797e+01
3.286784530555016204e+01
3.285002426957085220e+01
3.279947833748451558e+01
3.272279857564993222e+01
3.262901046033513808e+01
3.252826487949076295e+01
3.243053803961411319e+01
3.234449079142614636e+01
3.227660240081596044e+01
3.223064904019169319e+01
3.220754953817765909e+01
3.220555606976135721e+01
3.222073032292314565e+01
3.224761960251749571e+01
3.228003401599899291e+01
3.231182535645503151e+01
3.233757912460455231e+01
3.235315076319425032e+01
3.235600237234739041e+01
3.234532344872691567e+01
3.232194524017636184e+01
3.228808035435572066e+01
3.224693530290780075e+01
3.220225260404183842e+01
3.215784072543274164e+01
3.211714517249983203e+01
3.208290371792142537e+01
3.205691486550463765e+01
3.203993307713494687e+01
3.203168895633545787e+01
3.203101912450117084e+01
3.203608020154573666e+01
3.204461488362616706e+01
3.205423585838803291e+01
3.206269499484209717e+01
3.206811027185334240e+01
3.206913035934285716e+01
3.206502557456467173e+01
3.205570301074381945e+01
3.204165197839548540e+01
3.202383270080225941e+01
3.200352590766023297e+01
3.198216330181712053e+01
3.196115884117381256e+01
3.194175863781491742e+01
3.192492348002524949e+01
3.191125310614917510e+01
3.190095602952248299e+01
3.189386353813849340e+01
3.188948199717798460e+01
3.188707416563655173e+01
3.188575814366548400e+01
