0.030795219486447
0.031035801534666
0.031323421651846
0.031661847365770
0.032054593853360
0.032504833771932
0.033015305888987
0.033588225928673
0.034225203249281
0.034927166963894
0.035694304908154
0.036526018451328
0.037420895558979
0.038376703779267
0.039390403981916
0.040458184778238
0.041575516645202
0.042737223919597
0.043937572069720
0.045170367034940
0.046429062981188
0.047706874574736
0.048996889835679
0.050292179791677
0.051585901493669
0.052871391450123
0.054142247147260
0.055392395007155
0.056616143848596
0.057808223613526
0.058963809765646
0.060078534325040
0.061148484950235
0.062170193803335
0.063140618131153
0.064057114571168
0.064917409158450
0.065719564887137
0.066461948488983
0.067143197854328
0.067762191258484
0.068318019286816
0.068809960088518
0.069237458341646
0.069600108085488
0.069897639372981
0.070129908515534
0.070296891534910
0.070398680301996
0.070435480732629
0.070407612330599
0.070315508324366
0.070159715645317
0.069940894049915
0.069659813803110
0.069317351519217
0.068914483997498
0.068452280184490
0.067931891727660
0.067354542931900
0.066721521261998
0.066034169816265
0.065293883393409
0.064502109852701
0.063660358398370
0.062770216184224
0.061833374227172
0.060851663046800
0.059827097736053
0.058761931354287
0.057658714670520
0.056520359433759
0.055350201576474
0.054152060134511
0.052930287254733
0.051689804512257
0.050436120908619
0.049175328387417
0.047914071480225
0.046659488755754
0.045419125040970
0.044200814847626
0.043012538990411
0.041862257933990
0.040757726863088
0.039706298743355
0.038714722651123
0.037788945332164
0.036933924256362
0.036153460341597
0.035450058023385
0.034824819466679
0.034277378493349
0.033805878291735
0.033406995256143
0.033076009456956
0.032806920353949
0.032592604524685
0.032425010470828
0.032295384063930
0.032194516963576
0.032113009435495
0.032041538450145
0.031971121771529
0.031893368952473
0.031800710720597
0.031686599137812
0.031545672100606
0.031373877162791
0.031168551242160
0.030928454447632
0.030653757961522
0.030345987561128
0.030007925897711
0.029643478009228
0.029257505675652
0.028855637094545
0.028444058935269
0.028029298112888
0.027618000612220
0.027216714407076
0.026831682990463
0.026468655299764
0.026132716935396
0.025828146585657
0.025558300538895
0.025325527139104
0.025131112069659
0.024975254470918
0.024857073139423
0.024774641436090
0.024725049052334
0.024704488438552
0.024708363469861
0.024731417781699
0.024767880118956
0.024811623970495
0.024856338671155
0.024895709015838
0.024923600224359
0.024934244812577
0.024922427570709
0.024883664444825
0.024814370698625
0.024712013349562
0.024575242585850
0.024403996743938
0.024199575524051
0.023964676501490
0.023703390696665
0.023421154019900
0.023124652804737
0.022821683353170
0.022520967374480
0.022231927313055
0.021964427711065
0.021728490801639
0.021533996330157
0.021390377009890
0.021306321901533
0.021289500258003
0.021346317926946
0.021481717230218
0.021699029370499
0.021999885931691
0.022384193074854
0.022850168761687
0.023394439972537
0.024012193652861
0.024697372249050
0.025442902391663
0.026240943726239
0.027083144202092
0.027960888367639
0.028865526375602
0.029788573389170
0.030721871749161
0.031657711403559
0.032588907464078
0.033508837068283
0.034411440720005
0.035291195710124
0.036143070885088
0.036962472797427
0.037745193084436
0.038487365805376
0.039185441534613
0.039836182443280
0.040436679649849
0.040984391062965
0.041477195073844
0.041913453062091
0.042292071999690
0.042612557651691
0.042875049076004
0.043080326324482
0.043229785354291
0.043325376995746
0.043369510139844
0.043364922803421
0.043314528074814
0.043221244815961
0.043087825110537
0.042916691577502
0.042709797675220
0.042468522963068
0.042193613030518
0.041885170615476
0.041542700570159
0.041165207116996
0.040751337630660
0.040299563353371
0.039808384340114
0.039276543820789
0.038703236254952
0.038088293734938
0.037432337044192
0.036736880465646
0.036004383123892
0.035238243916901
0.034442741576760
0.033622925702761
0.032784468357774
0.031933488683086
0.031076364719938
0.030219547081905
0.029369388270410
0.028531999353856
0.027713142637114
0.026918165123214
0.026151973369496
0.025419046156559
0.024723477608455
0.024069040377903
0.023459256523313
0.022897462942986
0.022386858772730
0.021930523954959
0.021531401094585
0.021192236473971
0.020915480373089
0.020703151251219
0.020556672498745
0.020476693987960
0.020462913219679
0.020513912237756
0.020627026527172
0.020798260796033
0.021022263954119
0.021292371932268
0.021600722518067
0.021938441457982
0.022295894073423
0.022662991940604
0.023029540146454
0.023385607554761
0.023721900619191
0.024030120690541
0.024303285510414
0.024535997588441
0.024724645259498
0.024867526170313
0.024964887456616
0.025018881618617
0.025033441757081
0.025014084089349
0.024967649262893
0.024901996723078
0.024825668144081
0.024747536647464
0.024676458238125
0.024620940677838
0.024588843044513
0.024587116683841
0.024621595365191
0.024696839425815
0.024816035734509
0.024980952607752
0.025191946509359
0.025448015554073
0.025746893562972
0.026085177683823
0.026458482350794
0.026861612540305
0.027288749785512
0.027733645131816
0.028189814040200
0.028650729074054
0.029110006955991
0.029561587194689
0.029999899924917
0.030420020869797
0.030817811440239
0.031190041969452
0.031534495991460
0.031850053370238
0.032136750029743
0.032395812078775
0.032629662311437
0.032841897422792
0.033037234821765
0.033221428643386
0.033401155437057
0.033583870998655
0.033777640872084
0.033990948112707
0.034232482919410
0.034510919643049
0.034834687410641
0.035211741118832
0.035649339810248
0.036153839428753
0.036730506645321
0.037383359861102
0.038115042648522
0.038926733818434
0.039818097046291
0.040787271606770
0.041830904314314
0.042944221309645
0.044121136932579
0.045354395639284
0.046635741811641
0.047956111412880
0.049305838802505
0.050674871657443
0.052052986865981
0.053430000463377
0.054795965148139
0.056141349629000
0.057457194968162
0.058735244161955
0.059968042385454
0.061149006569472
0.062272464222341
0.063333662602175
0.064328750438728
0.065254735353890
0.066109420899927
0.066891327697050
0.067599603488490
0.068233927034209
0.068794410636225
0.069281505742576
0.069695915536502
0.070038517714864
0.070310299835748
0.070512308715815
0.070645614433927
0.070711288600572
0.070710395732920
0.070643995879027
0.070513156100266
0.070318968077459
0.070062568969812
0.069745162730196
0.069368039354309
0.068932589990618
0.068440316425586
0.067892834138216
0.067291868835928
0.066639247084460
0.065936882273264
0.065186757666020
0.064390908633837
0.063551406329703
0.062670345024306
0.061749835088748
0.060792003197267
0.059799000764768
0.058773020972734
0.057716324022995
0.056631269545718
0.055520354428361
0.054386253774219
0.053231862281966
0.052060333089899
0.050875111066271
0.049679957653001
0.048478964674246
0.047276554982895
0.046077468406930
0.044886732137622
0.043709615433017
0.042551569252815
0.041418152156398
0.040314944449982
0.039247453132787
0.038221010643367
0.037240670729713
0.036311104951286
0.035436503364342
0.034620482845901
0.033866006283293
0.033175315506147
0.032549880380259
0.031990365935238
0.031496618780138
0.031067673395727
0.030701778202923
0.030396440620073
