0.034364136537879
0.034319024518441
0.034305448186032
0.034323874102706
0.034373531973145
0.034452437408695
0.034557462697361
0.034684452995432
0.034828383502256
0.034983551506445
0.035143795770602
0.035302734612590
0.035454013289918
0.035591550929849
0.035709777283722
0.035803850014882
0.035869844033740
0.035904905533469
0.035907364804920
0.035876803557695
0.035814074276115
0.035721271019468
0.035601652959197
0.035459523757087
0.035300071558005
0.035129175835753
0.034953188537932
0.034778697883504
0.034612283745666
0.034460273786684
0.034328509397684
0.034222130045830
0.034145383866366
0.034101471291964
0.034092427230240
0.034119045833574
0.034180850310840
0.034276108568900
0.034401893804764
0.034554187558126
0.034728021236180
0.034917650790679
0.035116758106349
0.035318671786727
0.035516599424914
0.035703863138995
0.035874130139889
0.036021630377557
0.036141353863484
0.036229221067383
0.036282220800117
0.036298511182083
0.036277480610997
0.036219767036425
0.036127235270627
0.036002913467299
0.035850891235141
0.035676183079515
0.035484561945925
0.035282368543008
0.035076302826957
0.034873204517402
0.034679829778397
0.034502631235522
0.034347548316591
0.034219814510229
0.034123787550276
0.034062807775852
0.034039089011838
0.034053645290448
0.034106255621768
0.034195467851159
0.034318641447131
0.034472027877547
0.034650886087438
0.034849629520242
0.035062000155968
0.035281264202882
0.035500423398820
0.035712435375801
0.035910436234311
0.036087958373595
0.036239136737697
0.036358896964072
0.036443119455421
0.036488774122804
0.036494021448597
0.036458276565140
0.036382234206466
0.036267853629538
0.036118303877136
0.035937871024420
0.035731830271960
0.035506286877680
0.035267990919446
0.035024131714292
0.034782118360611
0.034549353294297
0.034333005945126
0.034139793540323
0.033975775831791
0.033846170033915
0.033755191569881
0.033705925362973
0.033700231407708
0.033738687250616
0.033820568841442
0.033943870022800
0.034105359749798
0.034300675008482
0.034524446367530
0.034770452181178
0.035031796687427
0.035301106632607
0.035570740613968
0.035833005072222
0.036080370786569
0.036305683820505
0.036502365128228
0.036664593444679
0.036787466630378
0.036867137305584
0.036900919365603
0.036887362797848
0.036826295098599
0.036718828490096
0.036567333044206
0.036375376705178
0.036147634050164
0.035889766412357
0.035608276699628
0.035310342855022
0.035003634410065
0.034696116965693
0.034395849689687
0.034110781037846
0.033848547886237
0.033616283105105
0.033420436316374
0.033266612165359
0.033159429916026
0.033102407564341
0.033097872975265
0.033146903807456
0.033249297219067
0.033403569572042
0.033606985594603
0.033855615744371
0.034144419857861
0.034467354592718
0.034817501680380
0.035187213617875
0.035568273143126
0.035952062659018
0.036329739694381
0.036692414508488
0.037031326050429
0.037338012664932
0.037604474180026
0.037823322307431
0.037987916622428
0.038092483756217
0.038132217821886
0.038103360498499
0.038003259611404
0.037830405467198
0.037584444626137
0.037266171221099
0.036877496357926
0.036421396553974
0.035901842585338
0.035323710512325
0.034692677029114
0.034015101627592
0.033297898365570
0.032548400274202
0.031774219616062
0.030983107302844
0.030182814790422
0.029380961682270
0.028584912086851
0.027801662491650
0.027037743541795
0.026299137655404
0.025591213886088
0.024918680874780
0.024285558140679
0.023695165369244
0.023150128788942
0.022652403212514
0.022203307875085
0.021803573849284
0.021453400570710
0.021152518873904
0.020900257921710
0.020695613505482
0.020537315389770
0.020423891657496
0.020353728360305
0.020325123170820
0.020336332144651
0.020385609105684
0.020471237545993
0.020591555261826
0.020744972214499
0.020929982299409
0.021145169823500
0.021389211532573
0.021660875001721
0.021959014116194
0.022282562241335
0.022630523526128
0.023001962623770
0.023395992962088
0.023811763572411
0.024248444400160
0.024705209982562
0.025181221392333
0.025675606410082
0.026187437997007
0.026715711283678
0.027259319457596
0.027817029107094
0.028387455746456
0.028969040391780
0.029560028165843
0.030158449972268
0.030762108287678
0.031368568071946
0.031975153692281
0.032578952601557
0.033176826313373
0.033765428986967
0.034341233686876
0.034900566128775
0.035439645477132
0.035954631533990
0.036441677460932
0.036896987014905
0.037316875157055
0.037697830812748
0.038036580518713
0.038330151685314
0.038575934222482
0.038771739319963
0.038915854229302
0.039007091960108
0.039044834871766
0.039029071210492
0.038960423709562
0.038840169438404
0.038670250157000
0.038453272509968
0.038192497485065
0.037891818669362
0.037555728968082
0.037189275610394
0.036798003455746
0.036387886834155
0.035965250402225
0.035536679769311
0.035108922938205
0.034688783903377
0.034283010046314
0.033898175250465
0.033540560915288
0.033216037267940
0.032929947540826
0.032686997693531
0.032491154400284
0.032345553992904
0.032252424940484
0.032213026259655
0.032227603984517
0.032295367487190
0.032414487034694
0.032582113504004
0.032794420665156
0.033046669894419
0.033333296609373
0.033648017140253
0.033983954182576
0.034333778431318
0.034689863492875
0.035044450723983
0.035389820271913
0.035718464301903
0.036023258208174
0.036297625524451
0.036535692285784
0.036732426750066
0.036883760665277
0.036986688663867
0.037039342871199
0.037041040419016
0.036992302241998
0.036894842286513
0.036751527053822
0.036566306210938
0.036344115805718
0.036090756392692
0.035812749087486
0.035517173197084
0.035211489599830
0.034903354455985
0.034600428103633
0.034310184127981
0.034039723581131
0.033795599176364
0.033583653992535
0.033408878811511
0.033275291689741
0.033185842751986
0.033142346511233
0.033145443285283
0.033194590519342
0.033288084056444
0.033423108643984
0.033595816243283
0.033801430036319
0.034034371413160
0.034288406686566
0.034556809825526
0.034832537133766
0.035108409527177
0.035377297888803
0.035632306903160
0.035866952794085
0.036075330511747
0.036252266134023
0.036393450563279
0.036495551008753
0.036556297243022
0.036574540202339
0.036550281157005
0.036484670398708
0.036379975163610
0.036239517316721
0.036067582145597
0.035869300427805
0.035650506723175
0.035417577573015
0.035177253938475
0.034936452753718
0.034702072883056
0.034480801034326
0.034278923277472
0.034102147736982
0.033955443765209
0.033842902463496
0.033767622809432
0.033731626888702
0.033735806842811
0.033779905159298
0.033862528883256
0.033981197255733
0.034132421224999
0.034311812269405
0.034514217052570
0.034733873635621
0.034964584325135
0.035199899760587
0.035433308555548
0.035658426709249
0.035869181098023
0.036059981631221
0.036225877098127
0.036362690320563
0.036467128935061
0.036536868930527
0.036570608932533
0.036568094123567
0.036530109590855
0.036458443772534
0.036355823504925
0.036225822937585
0.036072749261681
0.035901508777769
0.035717457301695
0.035526239265820
0.035333620113892
0.035145316710872
0.034966830495160
0.034803287992937
0.034659293097079
0.034538795191697
0.034444976784411
0.034380163799582
0.034345761095846
0.034342215110724
0.034369004815903
0.034424661402881
0.034506816325940
0.034612276525870
0.034737124863288
0.034876843026353
0.035026453466672
0.035180676282556
0.035334096433113
0.035481336251847
0.035617227953643
