0.032822600798553
0.032876732245318
0.032934957332867
0.032995073361640
0.033054843294511
0.033112082558631
0.033164741418567
0.033210979815036
0.033249231980336
0.033278258652434
0.033297185289384
0.033305525306858
0.033303187996240
0.033290471401652
0.033268041015922
0.033236895675234
0.033198322470917
0.033153842839873
0.033105152232708
0.033054055885806
0.033002403240703
0.032952023466328
0.032904664356458
0.032861936609646
0.032825265168303
0.032795848916320
0.032774629630488
0.032762270670110
0.032759145490905
0.032765335701236
0.032780638055685
0.032804579514976
0.032836439300006
0.032875276735336
0.032919963613644
0.032969219813354
0.033021650959189
0.033075787019397
0.033130120871110
0.033183146022913
0.033233392847224
0.033279462830887
0.033320060489014
0.033354022694960
0.033380345252251
0.033398206569460
0.033406988297122
0.033406292751292
0.033395956888621
0.033376062523194
0.033346942397686
0.033309181653755
0.033263614201830
0.033211313480506
0.033153577130468
0.033091905194205
0.033027971594246
0.032963588838730
0.032900666149115
0.032841161491976
0.032787028312528
0.032740158096183
0.032702320207857
0.032675100757659
0.032659842496263
0.032657587934863
0.032669027996436
0.032694458523372
0.032733746881525
0.032786310707575
0.032851110545182
0.032926657711596
0.033011038240895
0.033101953179213
0.033196774881522
0.033292618303340
0.033386425621150
0.033475061881014
0.033555418795139
0.033624523308942
0.033679647172601
0.033718413493590
0.033738896138200
0.033739707902936
0.033720073596973
0.033679884563746
0.033619731715390
0.033540914843070
0.033445426777549
0.033335911879873
0.033215599308574
0.033088212500482
0.032957857277228
0.032828891908274
0.032705783283755
0.032592954039072
0.032494625994600
0.032414665600615
0.032356437189119
0.032322669718887
0.032315342354994
0.032335593656430
0.032383658371904
0.032458834890734
0.032559485297314
0.032683068775869
0.032826207854134
0.032984785711126
0.033154071557310
0.033328869976365
0.033503689144204
0.033672922055311
0.033831034323561
0.033972751810183
0.034093241280682
0.034188277509262
0.034254390726195
0.034288989021930
0.034290451252343
0.034258187094270
0.034192662133487
0.034095387177725
0.033968872320821
0.033816547586169
0.033642653195036
0.033452103589384
0.033250330246940
0.033043109023756
0.032836378221491
0.032636053788308
0.032447848020043
0.032277097839177
0.032128608210811
0.032006515534102
0.031914174959509
0.031854074568074
0.031827778254348
0.031835898027664
0.031878095335147
0.031953109960387
0.032058814106067
0.032192288463499
0.032349916435985
0.032527492237003
0.032720338339959
0.032923427716009
0.033131506452985
0.033339212686051
0.033541188265622
0.033732180210052
0.033907129704428
0.034061247173911
0.034190072740730
0.034289522128777
0.034355918772170
0.034386013481501
0.034376993497201
0.034326483093672
0.034232538078893
0.034093636558575
0.033908668206721
0.033676924018646
0.033398088138615
0.033072232878635
0.032699817508957
0.032281690838415
0.031819097049304
0.031313683741322
0.030767510703947
0.030183057603821
0.029563228564589
0.028911351545581
0.028231170499166
0.027526828502814
0.026802840410970
0.026064054036314
0.025315599425647
0.024562826412996
0.023811231278181
0.023066373977788
0.022333788011704
0.021618885508557
0.020926860527477
0.020262593856744
0.019630562723922
0.019034758806099
0.018478617740438
0.017964962989797
0.017495966429591
0.017073127411069
0.016697271350202
0.016368568122460
0.016086569747366
0.015850266059903
0.015658156325267
0.015508334093799
0.015398582045085
0.015326473159788
0.015289474304023
0.015285048225847
0.015310750050575
0.015364314617296
0.015443731410993
0.015547304394253
0.015673694704233
0.015821944923887
0.015991484427715
0.016182116105262
0.016393985544259
0.016627534474773
0.016883440904156
0.017162548882816
0.017465791211154
0.017794108613702
0.018148368960020
0.018529290003501
0.018937368846677
0.019372820939968
0.019835530901434
0.020325016834851
0.020840409153061
0.021380444216436
0.021943472406638
0.022527479606984
0.023130120483667
0.023748761483755
0.024380531108027
0.025022374794680
0.025671111672122
0.026323490506228
0.026976242373197
0.027626127919766
0.028269977508212
0.028904723059079
0.029527420970844
0.030135266081302
0.030725597208032
0.031295895333603
0.031843775956431
0.032366977485574
0.032863347797995
0.033330831186565
0.033767457900390
0.034171338316842
0.034540663495323
0.034873713461350
0.035168874076881
0.035424662794946
0.035639763002765
0.035813066059302
0.035943719562219
0.036031179866378
0.036075266449215
0.036076215401385
0.036034729132696
0.035952019335767
0.035829840348696
0.035670510301732
0.035476917812958
0.035252512499153
0.035001278169177
0.034727688242540
0.034436643655548
0.034133394249604
0.033823445348140
0.033512451888176
0.033206103049662
0.032910000794252
0.032629536063280
0.032369766576481
0.032135300209021
0.031930187801809
0.031757828983397
0.031620894161870
0.031521265299451
0.031459997433815
0.031437302185515
0.031452553720948
0.031504316857022
0.031590396229862
0.031707904736811
0.031853348827710
0.032022727692916
0.032211642992068
0.032415415503331
0.032629204955807
0.032848129339000
0.033067380157161
0.033282330401110
0.033488632428078
0.033682303448865
0.033859796895237
0.034018058550638
0.034154566944889
0.034267358110152
0.034355035344430
0.034416765107260
0.034452260561142
0.034461754558334
0.034445964048127
0.034406047943336
0.034343560440799
0.034260401649494
0.034158767156468
0.034041097874281
0.033910031185896
0.033768354057486
0.033618958449946
0.033464799048581
0.033308853067385
0.033154081686057
0.033003392556454
0.032859602777345
0.032725401783720
0.032603313725409
0.032495659110026
0.032404515743451
0.032331679299086
0.032278624164419
0.032246465527248
0.032235923951479
0.032247293931446
0.032280418084182
0.032334668724180
0.032408938552283
0.032501642071917
0.032610729119850
0.032733711568904
0.032867703836179
0.033009477327482
0.033155528386956
0.033302158724349
0.033445566688381
0.033581947171950
0.033707597403183
0.033819025423859
0.033913057709719
0.033986942168081
0.034038442674442
0.034065921393039
0.034068405371465
0.034045634304201
0.033998086914484
0.033926984091531
0.033834267717069
0.033722554991926
0.033595068995826
0.033455547144022
0.033308130103492
0.033157234560003
0.033007413947646
0.032863211830740
0.032729013035325
0.032608897842017
0.032506504559356
0.032424905591777
0.032366501702474
0.032332938561856
0.032325048888633
0.032342822562689
0.032385406053147
0.032451131403267
0.032537573890901
0.032641636385778
0.032759657398397
0.032887538902814
0.033020889255185
0.033155175953304
0.033285882613412
0.033408664394083
0.033519496178490
0.033614808131332
0.033691603761527
0.033747556323713
0.033781080250613
0.033791375287867
0.033778442062115
0.033743068908147
0.033686790867399
0.033611822804593
0.033520969531439
0.033417516640226
0.033305106405917
0.033187603590242
0.033068956260211
0.032953056809764
0.032843608248439
0.032744000504609
0.032657200999934
0.032585663109816
0.032531255360696
0.032495213362125
0.032478115565360
0.032479883017777
0.032499802380220
0.032536570627415
0.032588359091512
0.032652893862977
0.032727549053703
0.032809449070099
0.032895575848565
