0.004796765071947
0.004796880140290
0.004797071319115
0.004797334917044
0.004797664362725
0.004798050513399
0.004798482075828
0.004798946118182
0.004799428647557
0.004799915225100
0.004800391589386
0.004800844258694
0.004801261084283
0.004801631729414
0.004801948052768
0.004802204379787
0.004802397651097
0.004802527443388
0.004802595864516
0.004802607330953
0.004802568241612
0.004802486567279
0.004802371379080
0.004802232342280
0.004802079203180
0.004801921296769
0.004801767101101
0.004801623861222
0.004801497301016
0.004801391435890
0.004801308493077
0.004801248939910
0.004801211614125
0.004801193944455
0.004801192244849
0.004801202061877
0.004801218552428
0.004801236867865
0.004801252521237
0.004801261716039
0.004801261618038
0.004801250555697
0.004801228139429
0.004801195294961
0.004801154211236
0.004801108208150
0.004801061533830
0.004801019104859
0.004800986205642
0.004800968164937
0.004800970028348
0.004800996245318
0.004801050387905
0.004801134916514
0.004801251004871
0.004801398433123
0.004801575554136
0.004801779334111
0.004802005464748
0.004802248540501
0.004802502291276
0.004802759858220
0.004803014098322
0.004803257902307
0.004803484509898
0.004803687806895
0.004803862589601
0.004804004783904
0.004804111608662
0.004804181675795
0.004804215022601
0.004804213075120
0.004804178544686
0.004804115263130
0.004804027965120
0.004803922028898
0.004803803188888
0.004803677235355
0.004803549717232
0.004803425664399
0.004803309345026
0.004803204071969
0.004803112069789
0.004803034410707
0.004802971023915
0.004802920778336
0.004802881634324
0.004802850855384
0.004802825266828
0.004802801544913
0.004802776517557
0.004802747456414
0.004802712340174
0.004802670070335
0.004802620623445
0.004802565127715
0.004802505856706
0.004802446138264
0.004802390182500
0.004802342838137
0.004802309291480
0.004802294726294
0.004802303965738
0.004802341118965
0.004802409254913
0.004802510124347
0.004802643948225
0.004802809286421
0.004803002995779
0.004803220280922
0.004803454835427
0.004803699065367
0.004803944382073
0.004804181546705
0.004804401045993
0.004804593476519
0.004804749914326
0.004804862247331
0.004804923450016
0.004804927782998
0.004804870904064
0.004804749881894
0.004804563108665
0.004804310112724
0.004803991277263
0.004803607475118
0.004803159633338
0.004802648243699
0.004802072836991
0.004801431439443
0.004800720029285
0.004799932010129
0.004799057715822
0.004798083958717
0.004796993630278
0.004795765359530
0.004794373231482
0.004792786564282
0.004790969740722
0.004788882086922
0.004786477788623
0.004783705833676
0.004780509968041
0.004776828652001
0.004772595003419
0.004767736715744
0.004762175940149
0.004755829123721
0.004748606798917
0.004740413323587
0.004731146575588
0.004720697611243
0.004708950302449
0.004695780972801
0.004681058058474
0.004664641824381
0.004646384170046
0.004626128562410
0.004603710134046
0.004578955984988
0.004551685724274
0.004521712283461
0.004488843028854
0.004452881192158
0.004413627631037
0.004370882922012
0.004324449778621
0.004274135778339
0.004219756372774
0.004161138147551
0.004098122291439
0.004030568228837
0.003958357365911
0.003881396898415
0.003799623628439
0.003713007737798
0.003621556467097
0.003525317651460
0.003424383065874
0.003318891534916
0.003209031762738
0.003095044839541
0.002977226380055
0.002855928247912
0.002731559817292
0.002604588720198
0.002475541024494
0.002345000785031
0.002213608908238
0.002082061270101
0.001951106029053
0.001821540079389
0.001694204597801
0.001569979645818
0.001449777804261
0.001334536832446
0.001225211364363
0.001122763676174
0.001028153583555
0.000942327553043
0.000866207137927
0.000800676875564
0.000746571808563
0.000704664816122
0.000675653963262
0.000660150093892
0.000658664907845
0.000671599771581
0.000699235516502
0.000741723477293
0.000799078014889
0.000871170754312
0.000957726746570
0.001058322736029
0.001172387680335
0.001299205629577
0.001437921025390
0.001587546430126
0.001746972642019
0.001914981095800
0.002090258390992
0.002271412733686
0.002456992023926
0.002645503271500
0.002835432979999
0.003025268103997
0.003213517158744
0.003398731047227
0.003579523166655
0.003754588366114
0.003922720349411
0.004082827151697
0.004233944364518
0.004375245840361
0.004506051672708
0.004625833319248
0.004734215811678
0.004830977073147
0.004916044440989
0.004989488565517
0.005051514922658
0.005102453236846
0.005142745158854
0.005172930579473
0.005193632983018
0.005205544253811
0.005209409343880
0.005206011191512
0.005196156248697
0.005180660932407
0.005160339261577
0.005135991880960
0.005108396606972
0.005078300562033
0.005046413895554
0.005013405024596
0.004979897268090
0.004946466698246
0.004913640993662
0.004881899052790
0.004851671115304
0.004823339143312
0.004797237234404
0.004773651873503
0.004752821878702
0.004734937955401
0.004720141839777
0.004708525083108
0.004700127598277
0.004694936154209
0.004692883058444
0.004693845307965
0.004697644510011
0.004704047874962
0.004712770560577
0.004723479600512
0.004735799581180
0.004749320142210
0.004763605271247
0.004778204249102
0.004792663982966
0.004806542351034
0.004819422079203
0.004830924587102
0.004840723183680
0.004848554967534
0.004854230798366
0.004857642755453
0.004858768586510
0.004857672773177
0.004854503992363
0.004849488928384
0.004842922579933
0.004835155397651
0.004826577770857
0.004817602544348
0.004808646377070
0.004800110844617
0.004792364229496
0.004785724932470
0.004780447373592
0.004776711134764
0.004774613932119
0.004774168804823
0.004775305678094
0.004777877215792
0.004781668636212
0.004786410938639
0.004791796792018
0.004797498183272
0.004803184821615
0.004808542253492
0.004813288663816
0.004817189422186
0.004820068572935
0.004821816656691
0.004822394476898
0.004821832673067
0.004820227217890
0.004817731201178
0.004814543484466
0.004810894991777
0.004807033533272
0.004803208131033
0.004799653826050
0.004796577892646
0.004794148275250
0.004792484900815
0.004791654319630
0.004791667901727
0.004792483580898
0.004794010909423
0.004796118979060
0.004798646591215
0.004801413932234
0.004804234936040
0.004806929499449
0.004809334755216
0.004811314699864
0.004812767609943
0.004813630850775
0.004813882873296
0.004813542393243
0.004812664938782
0.004811337124383
0.004809669149153
0.004807786117984
0.004805818838302
0.004803894751489
0.004802129617818
0.004800620491307
0.004799440404072
0.004798635038084
0.004798221507074
0.004798189214351
0.004798502605105
0.004799105504641
0.004799926635396
0.004800885841620
0.004801900524428
0.004802891801864
0.004803789956044
0.004804538807265
0.004805098755905
0.004805448348276
0.004805584343023
0.004805520370576
0.004805284381053
0.004804915158458
0.004804458235607
0.004803961571837
0.004803471353297
0.004803028245195
0.004802664370432
0.004802401215107
0.004802248575273
0.004802204568354
0.004802256644512
0.004802383454740
0.004802557369586
0.004802747399461
0.004802922247064
0.004803053225195
0.004803116797835
0.004803096545822
0.004802984416405
0.004802781182891
0.004802496110651
0.004802145892992
0.004801752979348
0.004801343464353
0.004800944736404
0.004800583096393
0.004800281551174
0.004800057963313
0.004799923701301
0.004799882886426
0.004799932278391
0.004800061786143
0.004800255538184
0.004800493401860
