0.039113049160196
0.039067387243569
0.039046144893373
0.039051106557962
0.039082252414093
0.039137741320296
0.039214020731884
0.039306056733123
0.039407668922582
0.039511947512355
0.039611724186648
0.039700064416986
0.039770747318448
0.039818699866383
0.039840355324968
0.039833910857216
0.039799466136171
0.039739032885493
0.039656414085413
0.039556960481391
0.039447220417505
0.039334506311805
0.039226406800405
0.039130277314946
0.039052743374422
0.038999250069402
0.038973688154815
0.038978122059815
0.039012638320296
0.039075324904436
0.039162383177819
0.039268365428871
0.039386522537630
0.039509239074879
0.039628527344972
0.039736548009980
0.039826123202317
0.039891208550490
0.039927293261844
0.039931702135539
0.039903779796530
0.039844945116827
0.039758612215024
0.039649983046085
0.039525724850052
0.039393553089482
0.039261746502983
0.039138625161435
0.039032024675506
0.038948799840268
0.038894389025317
0.038872466671592
0.038884705608102
0.038930663926214
0.039007803298902
0.039111637409213
0.039236001074930
0.039373423227223
0.039515580574730
0.039653803940351
0.039779606177899
0.039885199427974
0.039963970303776
0.040010884332456
0.040022795425448
0.039998642019881
0.039939518449740
0.039848617639467
0.039731048904681
0.039593542033336
0.039444055471420
0.039291311967257
0.039144289128210
0.039011694793566
0.038901457809071
0.038820263688689
0.038773161858099
0.038763266878509
0.038791570517492
0.038856875100064
0.038955851616874
0.039083218988048
0.039232034080271
0.039394075927373
0.039560302442842
0.039721354007552
0.039868075863861
0.039992030361527
0.040085970807365
0.040144250908803
0.040163147429725
0.040141078482060
0.040078705586718
0.039978913937995
0.039846671856225
0.039688776866798
0.039513501862565
0.039330160081953
0.039148611900150
0.038978739474079
0.038829916957283
0.038710504232558
0.038627390896511
0.038585614641694
0.038588074357212
0.038635353407023
0.038725662895488
0.038854908579053
0.039016878740931
0.039203544130815
0.039405455294745
0.039612217570291
0.039813019952165
0.039997191147940
0.040154754589905
0.040276954028816
0.040356722621191
0.040389071076371
0.040371374327725
0.040303541147087
0.040188056892628
0.040029895885525
0.039836306439632
0.039616477996656
0.039381105825873
0.039141874028788
0.038910881876168
0.038700041575417
0.038520477257434
0.038381955188609
0.038292373933726
0.038257340472291
0.038279854230535
0.038360115827596
0.038495471298864
0.038680495949264
0.038907215132464
0.039165452490578
0.039443289861515
0.039727617485496
0.040004748598708
0.040261069219154
0.040483692071987
0.040661083261348
0.040783631488015
0.040844132274605
0.040838163655859
0.040764334917377
0.040624395962937
0.040423201457366
0.040168530702215
0.039870770920017
0.039542477923508
0.039197833728441
0.038852025272908
0.038520571826447
0.038218630765727
0.037960312086500
0.037758031310974
0.037621928402722
0.037559377048152
0.037574604390415
0.037668436238042
0.037838177176748
0.038077629164814
0.038377246367639
0.038724418449886
0.039103869532767
0.039498155741532
0.039888240871449
0.040254127296357
0.040575517886678
0.040832484395619
0.041006118466783
0.041079143023618
0.041036464196112
0.040865646970985
0.040557301249608
0.040105368787014
0.039507305391312
0.038764156621548
0.037880528886320
0.036864461189976
0.035727205698472
0.034482927730286
0.033148337673809
0.031742268671826
0.030285214699328
0.028798843916539
0.027305501943736
0.025827719029686
0.024387734030811
0.023007046748164
0.021706008550523
0.020503459411093
0.019416417567469
0.018459826042226
0.017646358294066
0.016986283363059
0.016487389080459
0.016154960282524
0.015991807542966
0.015998340759307
0.016172681027393
0.016510803641186
0.017006704777828
0.017652584476514
0.018439038887087
0.019355255430548
0.020389205444813
0.021527830037416
0.022757216172037
0.024062761406620
0.025429327098564
0.026841381214062
0.028283133041580
0.029738663036516
0.031192051648191
0.032627511249603
0.034029525172193
0.035382997331939
0.036673415034139
0.037887026301750
0.039011031550393
0.040033787717627
0.040945021148337
0.041736043757265
0.042399965354787
0.042931893652079
0.043329112466663
0.043591228122340
0.043720274048978
0.043720764179553
0.043599686923776
0.043366433245284
0.043032654623971
0.042612049356161
0.042120078614364
0.041573616815018
0.040990543971790
0.040389290682296
0.039788349048921
0.039205765022336
0.038658629251975
0.038162584430683
0.037731367263498
0.037376402542404
0.037106465378167
0.036927425473852
0.036842084505707
0.036850114321210
0.036948099913156
0.037129687143710
0.037385831145594
0.037705137393874
0.038074283790522
0.038478508890712
0.038902148760054
0.039329202994803
0.039743909241326
0.040131305162489
0.040477757228745
0.040771436938940
0.041002727046657
0.041164543000840
0.041252557998738
0.041265323669907
0.041204282323448
0.041073670749569
0.040880319620868
0.040633356440541
0.040343823593131
0.040024226238909
0.039688027441027
0.039349109929147
0.039021225209180
0.038717451274197
0.038449679929401
0.038228153713180
0.038061070602188
0.037954272183097
0.037911027835283
0.037931923799803
0.038014861935852
0.038155168631088
0.038345809896946
0.038577704315267
0.038840121383915
0.039121149110722
0.039408211592304
0.039688614936264
0.039950098367203
0.040181366793586
0.040372581561244
0.040515787595666
0.040605257609041
0.040637737442321
0.040612580804049
0.040531766490330
0.040399796420799
0.040223478271253
0.040011601873267
0.039774523625647
0.039523677668628
0.039271036274594
0.039028544605951
0.038807556522237
0.038618298379291
0.038469386709291
0.038367423323793
0.038316687831985
0.038318942967478
0.038373362681751
0.038476586952794
0.038622900971603
0.038804530126167
0.039012036326227
0.039234796012915
0.039461535955726
0.039680899889396
0.039882017359302
0.040055045929699
0.040191659190900
0.040285455725369
0.040332268226895
0.040330357107169
0.040280478904702
0.040185826318424
0.040051843378463
0.039885925782764
0.039697022421673
0.039495159260912
0.039290910779098
0.039094846841629
0.038916984093617
0.038766270606002
0.038650130631252
0.038574093021010
0.038541522308690
0.038553465913335
0.038608624679082
0.038703447366345
0.038832343113236
0.038987999644790
0.039161789457714
0.039344241645200
0.039525553690186
0.039696115618464
0.039847018460649
0.039970520037935
0.040060443592669
0.040112488585675
0.040124437863668
0.040096251090876
0.040030040526814
0.039929931580236
0.039801816734959
0.039653017096791
0.039491870652400
0.039327270107153
0.039168175685516
0.039023129409216
0.038899797065144
0.038804562363940
0.038742194773667
0.038715608362065
0.038725723926079
0.038771441006056
0.038849720382806
0.038955771662757
0.039083334891350
0.039225040100303
0.039372824558005
0.039518384472590
0.039653636152429
0.039771161248389
0.039864611702660
0.039929052352795
0.039961222658398
0.039959703539319
0.039924980591784
0.039859400695541
0.039767024927644
0.039653386434921
0.039525167173406
0.039389811909918
0.039255101350191
0.039128708515435
0.039017763406095
0.038928450512169
0.038865661874126
0.038832725264459
0.038831222815532
0.038860910296620
0.038919741524888
0.039003996400396
0.039108505121973
0.039226955606517
0.039352266317755
0.039477002893078
0.039593814366056
