0.033950268900982
0.033826343302868
0.033698507659392
0.033566814945986
0.033431275773815
0.033291857198879
0.033148483540400
0.033001039571631
0.032849376394174
0.032693320228517
0.032532684248474
0.032367283456353
0.032196952441730
0.032021565693700
0.031841059950480
0.031655457878804
0.031464892187695
0.031269629107244
0.031070090013924
0.030866869871227
0.030660751089041
0.030452711397476
0.030243924389557
0.030035751518692
0.029829724544881
0.029627517708381
0.029430909267476
0.029241732460438
0.029061816428726
0.028892918153118
0.028736646987044
0.028594383899039
0.028467198033963
0.028355763643876
0.028260280797737
0.028180403529164
0.028115179200475
0.028063002830496
0.028021589939471
0.027987971099841
0.027958510846574
0.027928952903276
0.027894492836541
0.027849878285011
0.027789535853164
0.027707722650957
0.027598699342539
0.027456920487217
0.027277236962036
0.027055104395630
0.026786790862284
0.026469576623289
0.026101938492196
0.025683711465033
0.025216220608583
0.024702376840557
0.024146731153544
0.023555483006138
0.022936439994152
0.022298927475901
0.021653648502848
0.021012496138209
0.020388321964788
0.019794666221246
0.019245456496504
0.018754683192663
0.018336060982728
0.018002686195039
0.017766700418416
0.017638970620560
0.017628795702089
0.017743648679304
0.017988962624826
0.018367967134673
0.018881580483568
0.019528360837438
0.020304517981211
0.021203985063387
0.022218547930443
0.023338027796143
0.024550511330881
0.025842620824409
0.027199815921862
0.028606717596323
0.030047444526325
0.031505951904749
0.032966362913390
0.034413283638096
0.035832093043382
0.037209200731919
0.038532266533788
0.039790377446170
0.040974179015850
0.042075959862267
0.043089689617027
0.044011012049515
0.044837196505916
0.045567051967028
0.046200808993937
0.046739975555627
0.047187173205016
0.047545960286613
0.047820648826938
0.048016121494436
0.048137654543087
0.048190752004427
0.048180995601910
0.048113913968533
0.047994873793510
0.047828994546338
0.047621087464470
0.047375618578212
0.047096694713142
0.046788070680378
0.046453175256826
0.046095153083101
0.045716919272081
0.045321223326168
0.044910718901063
0.044488036018423
0.044055852505714
0.043616961712437
0.043174333899559
0.042731169104066
0.042290939723874
0.041857421531056
0.041434712286174
0.041027237577791
0.040639743935639
0.040277279652427
0.039945164089506
0.039648946529650
0.039394355872588
0.039187242644429
0.039033514911422
0.038939069754081
0.038909721973314
0.038951131670714
0.039068732276131
0.039267660493180
0.039552689503652
0.039928166621121
0.040397956418470
0.040965390179229
0.041633222343786
0.042403594443380
0.043278006841367
0.044257298436133
0.045341634325965
0.046530501295468
0.047822710857474
0.049216409474793
0.050709095493391
0.052297642242737
0.053978326699897
0.055746863071005
0.057598440616068
0.059527765029621
0.061529102689345
0.063596327095910
0.065722966848676
0.067902254531886
0.070127175923224
0.072390518979529
0.074684922101800
0.077002921231982
0.079336995386226
0.081679610282357
0.084023259772025
0.086360504839857
0.088684009981907
0.090986576823414
0.093261174880755
0.095500969414155
0.097699346355947
0.099849934333774
0.101946623838943
0.103983583617266
0.105955274383048
0.107856459976613
0.109682216101961
0.111427936794051
0.113089338774906
0.114662463864615
0.116143679617403
0.117529678354719
0.118817474766764
0.120004402251513
0.121088108156177
0.122066548080458
0.122937979394184
0.123700954114022
0.124354311275343
0.124897168925915
0.125328915858335
0.125649203187887
0.125857935872163
0.125955264258280
0.125941575733086
0.125817486541378
0.125583833826977
0.125241667941591
0.124792245056783
0.124237020105099
0.123577640067576
0.122815937616398
0.121953925113527
0.120993788958630
0.119937884272627
0.118788729896696
0.117549003680586
0.116221538028643
0.114809315667001
0.113315465591022
0.111743259148181
0.110096106208290
0.108377551370183
0.106591270151768
0.104741065108678
0.102830861825711
0.100864704724669
0.098846752632332
0.096781274052913
0.094672642090616
0.092525328969748
0.090343900102296
0.088133007655938
0.085897383579110
0.083641832044026
0.081371221273421
0.079090474722201
0.076804561591257
0.074518486657234
0.072237279409154
0.069965982490403
0.067709639452612
0.065473281836423
0.063261915602930
0.061080506948675
0.058933967546358
0.056827139262883
0.054764778415800
0.052751539638652
0.050791959434960
0.048890439509591
0.047051229974808
0.045278412536378
0.043575883772509
0.041947338625003
0.040396254227704
0.038925874201934
0.037539193552039
0.036238944296250
0.035027581968717
0.033907273127606
0.032879884001567
0.031946970402459
0.031109769026027
0.030369190254075
0.029725812561653
0.029179878620786
0.028731293178407
0.028379622770422
0.028124097316344
0.027963613619827
0.027896740779831
0.027921727495287
0.028036511223239
0.028238729126786
0.028525730725066
0.028894592133322
0.029342131757235
0.029864927282498
0.030459333778611
0.031121502715443
0.031847401672786
0.032632834507362
0.033473461729051
0.034364820828908
0.035302346296325
0.036281389061895
0.037297235106467
0.038345122985946
0.039420260035792
0.040517837039127
0.041633041167943
0.042761067038064
0.043897125755300
0.045036451872109
0.046174308221044
0.047305988642470
0.048426818679089
0.049532154367832
0.050617379319714
0.051677900339347
0.052709141896676
0.053706539822949
0.054665534659446
0.055581565139685
0.056450062332113
0.057266445009026
0.058026116837224
0.058724466004960
0.059356867906683
0.059918691500525
0.060405309932152
0.060812115981448
0.061134542834694
0.061368090613932
0.061508359006742
0.061551086233901
0.061492194469793
0.061327841691957
0.061054479783078
0.060668918543029
0.060168395092338
0.059550647964651
0.058813994997442
0.057957413941160
0.056980624521102
0.055884170508078
0.054669500187923
0.053339043471087
0.051896283756761
0.050345822566358
0.048693434893504
0.046946113186629
0.045112097890215
0.043200892525397
0.041223261393312
0.039191208137595
0.037117933607433
0.035017771719988
0.032906102330211
0.030799240475308
0.028714301767039
0.026669044153320
0.024681686755142
0.022770706998411
0.020954617794313
0.019251727066156
0.017679882464454
0.016256204643048
0.014996812974488
0.013916548049366
0.013028695717814
0.012344717778562
0.011873994688003
0.011623585836328
0.011598013007994
0.011799072599698
0.012225682002032
0.012873765255242
0.013736182661075
0.014802708471171
0.016060060079922
0.017491981332126
0.019079381622130
0.020800531424317
0.022631313770911
0.024545530001870
0.026515256875808
0.028511250876273
0.030503394302217
0.032461176525409
0.034354202661877
0.036152720871441
0.037828158600418
0.039353657348594
0.040704595001028
0.041859084444364
0.042798437108046
0.043507580250950
0.043975417265489
0.044195121000455
0.044164351109906
0.043885387710523
0.043365175158511
0.042615271516427
0.041651701239441
0.040494710731869
0.039168428663599
0.037700435241913
0.036121246951657
0.034463725546621
0.032762422235882
0.031052869998433
0.029370838716532
0.027751569284228
0.026229003968660
0.024835031030451
0.023598761906685
0.022545859096038
0.021697932242738
0.021072018788356
0.020680163956125
0.020529112773155
0.020620124357788
0.020948915852262
0.021505740228003
0.022275598807555
