0.075486197191718
0.075954064571116
0.076444930215317
0.076950573395111
0.077462480421567
0.077971985271656
0.078470413412302
0.078949226634330
0.079400166647653
0.079815395155876
0.080187628125649
0.080510261997195
0.080777489650522
0.080984404049443
0.081127087634283
0.081202685724960
0.081209462428215
0.081146837814577
0.081015405438792
0.080816929617412
0.080554322243069
0.080231599299277
0.079853817634266
0.079426992948019
0.078958000333616
0.078454459082169
0.077924603799881
0.077377144186658
0.076821116079260
0.076265726560459
0.075720196072695
0.075193600545676
0.074694716549183
0.074231872414431
0.073812808130748
0.073444546622431
0.073133278748766
0.072884264055320
0.072701748945693
0.072588903549718
0.072547778147886
0.072579279583975
0.072683167670451
0.072858071175660
0.073101522589359
0.073410010503530
0.073779048127761
0.074203256189625
0.074676458256055
0.075191786354991
0.075741794679052
0.076318579114078
0.076913900352565
0.077519308421084
0.078126266565905
0.078726272595297
0.079310975962290
0.079872289079652
0.080402491580660
0.080894326466390
0.081341087304643
0.081736695859988
0.082075769732570
0.082353679760441
0.082566597092652
0.082711529966487
0.082786350321275
0.082789810454563
0.082721549976142
0.082582093345171
0.082372838289670
0.082096035411146
0.081754759275104
0.081352871286322
0.080894974650767
0.080386361738477
0.079832954187249
0.079241236127920
0.078618180969985
0.077971172261086
0.077307919224498
0.076636367682361
0.075964607185563
0.075300775289083
0.074652960028743
0.074029101765892
0.073436895664073
0.072883696140428
0.072376424688492
0.071921482493229
0.071524669249696
0.071191109550584
0.070925188123756
0.070730495078780
0.070609782162961
0.070564930835566
0.070596932748565
0.070705882979013
0.070890986099246
0.071150574904202
0.071482141348620
0.071882378989342
0.072347235987579
0.072871977510942
0.073451256192133
0.074079189156499
0.074749440028747
0.075455304272992
0.076189796211307
0.076945736103705
0.077715835754808
0.078492781235578
0.079269311467168
0.080038291601611
0.080792780343135
0.081526090576282
0.082231842893924
0.082904011841455
0.083536964904378
0.084125494458023
0.084664843063558
0.085150722628610
0.085579328050042
0.085947346018479
0.086251959688656
0.086490849907722
0.086662193648118
0.086764660216694
0.086797405712842
0.086760066092056
0.086652749064412
0.086476024927553
0.086230916308170
0.085918886671687
0.085541827363372
0.085102042870591
0.084602233949799
0.084045478245743
0.083435208045494
0.082775184856151
0.082069470570312
0.081322395084464
0.080538520357629
0.079722601035123
0.078879541908652
0.078014352632029
0.077132100254287
0.076237860261742
0.075336666931036
0.074433463880329
0.073533055761017
0.072640062053983
0.071758873920355
0.070893615006804
0.070048107020375
0.069225840770604
0.068429953231415
0.067663211007198
0.066928000403334
0.066226324108243
0.065559804299686
0.064929691800188
0.064336880732847
0.063781927976342
0.063265076592845
0.062786282309871
0.062345242080378
0.061941423726887
0.061574095695496
0.061242356003187
0.060945159554118
0.060681343123346
0.060449647454152
0.060248736081194
0.060077210668846
0.059933622834415
0.059816482601641
0.059724263793287
0.059655406815756
0.059608319407264
0.059581376009209
0.059572916474459
0.059581244844109
0.059604628905489
0.059641301190050
0.059689461982838
0.059747284800016
0.059812924652579
0.059884529259796
0.059960253211929
0.060038274916341
0.060116816001690
0.060194162708988
0.060268688672665
0.060338878395221
0.060403350650262
0.060460881013982
0.060510422726136
0.060551125118452
0.060582348919663
0.060603677848874
0.060614926038342
0.060616140977220
0.060607601832769
0.060589813177667
0.060563494323653
0.060529564625277
0.060489125265642
0.060443438162147
0.060393902728771
0.060342031297942
0.060289424036606
0.060237744186323
0.060188694416288
0.060143995002998
0.060105364444263
0.060074502983033
0.060053079364331
0.060042720982930
0.060045007408181
0.060061467102954
0.060093576994047
0.060142764408540
0.060210410771333
0.060297856368647
0.060406405425092
0.060537330720569
0.060691876989026
0.060871262393398
0.061076677457858
0.061309280956019
0.061570192397076
0.061860480914726
0.062181150539058
0.062533122011802
0.062917211482444
0.063334106589051
0.063784340575786
0.064268265222620
0.064786023456064
0.065337522568761
0.065922408997800
0.066540045595527
0.067189492273067
0.067869490807885
0.068578454486212
0.069314463104213
0.070075263684369
0.070858277083023
0.071660610478675
0.072479075546457
0.073310211949694
0.074150315621898
0.074995471178129
0.075841587688799
0.076684436975570
0.077519693550506
0.078342975317007
0.079149884183491
0.079936045806058
0.080697147770718
0.081428975644010
0.082127446457101
0.082788639335609
0.083408823138322
0.083984481115149
0.084512332730777
0.084989352919183
0.085412789129303
0.085780176589373
0.086089352253445
0.086338467896306
0.086526002792796
0.086650776355292
0.086711961012222
0.086709095495224
0.086642098568622
0.086511283088909
0.086317370131241
0.086061502772360
0.085745258982244
0.085370662957998
0.084940194139210
0.084456793080330
0.083923863326726
0.083345268450137
0.082725323447523
0.082068779794555
0.081380803569131
0.080666946217814
0.079933107723685
0.079185492141541
0.078430555688125
0.077674947803021
0.076925445821567
0.076188884115976
0.075472078756710
0.074781748915549
0.074124436368095
0.073506424551562
0.072933658689745
0.072411668508948
0.071945495035960
0.071539622893136
0.071197919389300
0.070923581552908
0.070719092071507
0.070586184895827
0.070525821045410
0.070538174923521
0.070622631220362
0.070777792263002
0.071001495465368
0.071290840348339
0.071642224443665
0.072051387270024
0.072513461477340
0.073023030197379
0.073574189613861
0.074160615771717
0.074775634679150
0.075412294813094
0.076063441213091
0.076721790434317
0.077380005721067
0.078030771851262
0.078666869184345
0.079281246514128
0.079867092380472
0.080417904525784
0.080927557192705
0.081390365947378
0.081801149679690
0.082155289380199
0.082448783227135
0.082678297440721
0.082841212282079
0.082935662496620
0.082960571433878
0.082915678024020
0.082801555762009
0.082619622849435
0.082372142675833
0.082062213889365
0.081693749412735
0.081271443904557
0.080800729347316
0.080287718657544
0.079739137456741
0.079162244406700
0.078564740792298
0.077954670320021
0.077340310381842
0.076730056301997
0.076132300328937
0.075555307347064
0.075007089454298
0.074495281674871
0.074027021146161
0.073608832129745
0.073246519148011
0.072945070438421
0.072708573749653
0.072540146281240
0.072441880296616
0.072414805625942
0.072458869928522
0.072572937214695
0.072754804744356
0.073001238034446
0.073308023331690
0.073670036549753
0.074081327341329
0.074535216683868
0.075024406109573
0.075541096511295
0.076077114309610
0.076624042674466
0.077173355457155
0.077716551503363
0.078245287082115
0.078751504274004
0.079227553309036
0.079666307023363
0.080061265807517
0.080406651639535
0.080697490026950
0.080929678915527
0.081100043853498
0.081206378922960
0.081247473160714
0.081223122386353
0.081134126534224
0.080982272747233
0.080770304635175
0.080501878229686
0.080181505284358
0.079814484674793
0.079406822752369
0.078965143600294
0.078496590233811
