0.001767108300677
0.001771161604291
0.001779650217371
0.001792707979724
0.001810418174767
0.001832797394208
0.001859780324498
0.001891206334500
0.001926808698208
0.001966207190381
0.002008904651332
0.002054287937805
0.002101633470906
0.002150117372213
0.002198829959622
0.002246794168687
0.002292987286004
0.002336365238541
0.002375888584051
0.002410549296346
0.002439397435012
0.002461566828572
0.002476298976153
0.002482964476635
0.002481081415737
0.002470330270193
0.002450565014679
0.002421820233775
0.002384314142876
0.002338447506218
0.002284798507599
0.002224113682970
0.002157295068878
0.002085383762622
0.002009540135130
0.001931020991113
0.001851154036358
0.001771310090025
0.001692873568614
0.001617211863133
0.001545644324584
0.001479411656196
0.001419646573754
0.001367346628093
0.001323350077925
0.001288315650497
0.001262706929455
0.001246781964820
0.001240588514385
0.001243965108288
0.001256547891284
0.001277782955256
0.001306943643365
0.001343152102797
0.001385404199021
0.001432596792053
0.001483556321472
0.001537067654392
0.001591902217111
0.001646844549688
0.001700716582531
0.001752399121252
0.001800850225018
0.001845120358467
0.001884364373233
0.001917850519797
0.001944966794849
0.001965224988825
0.001978262812456
0.001983844453867
0.001981859856794
0.001972322926249
0.001955368772642
0.001931250011585
0.001900332056060
0.001863087279953
0.001820087904039
0.001771997460444
0.001719560729085
0.001663592105478
0.001604962446656
0.001544584541518
0.001483397453302
0.001422350074674
0.001362384310634
0.001304418353596
0.001249330533752
0.001197944214412
0.001151014157774
0.001109214715750
0.001073130109694
0.001043246960300
0.001019949123453
0.001003514788110
0.000994115705895
0.000991818354777
0.000996586794481
0.001008286950121
0.001026692061512
0.001051489055178
0.001082285629081
0.001118617880613
0.001159958350174
0.001205724390209
0.001255286798430
0.001307978671351
0.001363104439219
0.001419949036865
0.001477787149315
0.001535892449928
0.001593546726571
0.001650048772199
0.001704722904021
0.001756926972682
0.001806059731095
0.001851567451139
0.001892949703889
0.001929764252007
0.001961631037716
0.001988235282022
0.002009329736677
0.002024736146555
0.002034345984842
0.002038120516354
0.002036090226755
0.002028353630432
0.002015075441371
0.001996484064658
0.001972868346170
0.001944573509363
0.001911996214347
0.001875578697472
0.001835801989497
0.001793178264843
0.001748242439226
0.001701543202375
0.001653633739455
0.001605062451905
0.001556364028599
0.001508051235550
0.001460607782748
0.001414482588379
0.001370085694516
0.001327785997960
0.001287910851447
0.001250747471821
0.001216545972436
0.001185523726746
0.001157870677974
0.001133755143852
0.001113329631514
0.001096736178656
0.001084110773245
0.001075586472383
0.001071294935753
0.001071366202575
0.001075926663860
0.001085095304243
0.001098978400268
0.001117662956616
0.001141209232226
0.001169642750914
0.001202946205103
0.001241051648468
0.001283833338006
0.001331101534246
0.001382597507309
0.001437989933613
0.001496872809981
0.001558764964136
0.001623111206311
0.001689285147124
0.001756593700378
0.001824283292546
0.001891547807944
0.001957538303620
0.002021374524192
0.002082158228238
0.002138988300078
0.002190977561485
0.002237271117470
0.002277065971975
0.002309631538897
0.002334330559492
0.002350639828440
0.002358170038090
0.002356683983452
0.002346112338144
0.002326566219895
0.002298345817043
0.002261944444475
0.002218047535500
0.002167526248249
0.002111425562016
0.002050946949053
0.001987425918258
0.001922304926712
0.001857102331995
0.001793378203433
0.001732697917757
0.001676594530705
0.001626530941131
0.001583862851206
0.001549803480820
0.001525390923703
0.001511458944862
0.001508611921695
0.001517204531122
0.001537326687238
0.001568794140877
0.001611145064126
0.001663642857126
0.001725285327188
0.001794820296262
0.001870767586575
0.001951447211132
0.002035013452750
0.002119494351868
0.002202835942042
0.002282950378643
0.002357766909750
0.002425284450103
0.002483624352734
0.002531081842530
0.002566174495092
0.002587686124667
0.002594704495245
0.002586651393957
0.002563303805651
0.002524805196910
0.002471666247016
0.002404754738038
0.002325274718670
0.002234735466544
0.002134911170570
0.002027792617958
0.001915532481439
0.001800386045585
0.001684649375583
0.001570597010987
0.001460421259010
0.001356175069987
0.001259720309083
0.001172683003814
0.001096416859975
0.001031976013756
0.000980097640504
0.000941194685506
0.000915358632851
0.000902371896764
0.000901729115553
0.000912666359295
0.000934197034403
0.000965153085495
0.001004229960298
0.001050033718629
0.001101128632731
0.001156083643997
0.001213516110112
0.001272131395989
0.001330757029612
0.001388370356657
0.001444118880638
0.001497332761297
0.001547529254140
0.001594409197245
0.001637845975061
0.001677867698705
0.001714633623642
0.001748406064234
0.001779519247423
0.001808346663943
0.001835268517375
0.001860640835369
0.001884767694221
0.001907877823107
0.001930106607362
0.001951484215070
0.001971930244528
0.001991254950734
0.002009166776199
0.002025285603993
0.002039160885589
0.002050293586697
0.002058160750349
0.002062241403270
0.002062042529384
0.002057123898972
0.002047120665216
0.002031762810298
0.002010890727092
0.001984466445279
0.001952580237837
0.001915452562114
0.001873431487843
0.001826985934119
0.001776695173059
0.001723235157447
0.001667362293496
0.001609895310962
0.001551695885656
0.001493648649520
0.001436641186437
0.001381544563238
0.001329194889111
0.001280376335983
0.001235805989169
0.001196120832219
0.001161867102142
0.001133492180338
0.001111339109975
0.001095643751973
0.001086534510202
0.001084034473742
0.001088065743482
0.001098455636164
0.001114944396250
0.001137193999997
0.001164797611686
0.001197289252921
0.001234153274380
0.001274833275500
0.001318740198796
0.001365259427121
0.001413756826932
0.001463583799859
0.001514081518463
0.001564584620097
0.001614424705793
0.001662934031505
0.001709449781777
0.001753319278878
0.001793906405390
0.001830599409952
0.001862820132813
0.001890034540596
0.001911764310812
0.001927599069023
0.001937208767562
0.001940355614796
0.001936904925952
0.001926834274560
0.001910240377929
0.001887343246781
0.001858487260787
0.001824138987517
0.001784881729670
0.001741406950706
0.001694502879129
0.001645040714936
0.001593958949452
0.001542246356494
0.001490924217061
0.001441028304385
0.001393591087260
0.001349624516644
0.001310103654820
0.001275951300052
0.001248023664523
0.001227097089324
0.001213855734917
0.001208880172805
0.001212636824346
0.001225468242184
0.001247584301777
0.001279054455285
0.001319801286632
0.001369595683028
0.001428053993965
0.001494637574534
0.001568655099917
0.001649267989218
0.001735499190751
0.001826245462086
0.001920293134674
0.002016337195054
0.002113003354345
0.002208872627053
0.002302507810373
0.002392481155620
0.002477402460737
0.002555946790590
0.002626881049882
0.002689088688950
0.002741591909254
0.002783570845111
0.002814379321830
0.002833556918423
0.002840837186818
0.002836151991734
0.002819632031060
0.002791603673080
0.002752582303972
0.002703262418820
0.002644504715576
0.002577320468882
0.002502853474477
0.002422359869739
0.002337186155209
0.002248745767725
0.002158494587899
