0.002626462525851
0.002635680443819
0.002644105551988
0.002651266545970
0.002656710596915
0.002660015595970
0.002660801059583
0.002658737372319
0.002653553111824
0.002645040277741
0.002633057330500
0.002617530034103
0.002598450186164
0.002575872405101
0.002549909224746
0.002520724816850
0.002488527718321
0.002453562978941
0.002416104163963
0.002376445642175
0.002334895562734
0.002291769873628
0.002247387662513
0.002202068010108
0.002156128441802
0.002109884950214
0.002063653446903
0.002017752392373
0.001972506257118
0.001928249389657
0.001885329816100
0.001844112474281
0.001804981396632
0.001768340400282
0.001734611918889
0.001704233714537
0.001677653334030
0.001655320314464
0.001637676289669
0.001625143292448
0.001618110678535
0.001616921208098
0.001621856902123
0.001633125338710
0.001650847064629
0.001675044769588
0.001705634806011
0.001742421539505
0.001785094890593
0.001833231284206
0.001886298068556
0.001943661308489
0.002004596709301
0.002068303293612
0.002133919343259
0.002200540035770
0.002267236154068
0.002333073230151
0.002397130497579
0.002458519071115
0.002516398840335
0.002569993651772
0.002618604454782
0.002661620192938
0.002698526328713
0.002728910988463
0.002752468802027
0.002769002582768
0.002778423046971
0.002780746805132
0.002776092872081
0.002764677939640
0.002746810637237
0.002722884975939
0.002693373133630
0.002658817697531
0.002619823438879
0.002577048656999
0.002531196099009
0.002483003439586
0.002433233293775
0.002382662735722
0.002332072307189
0.002282234521135
0.002233901896062
0.002187794594566
0.002144587782356
0.002104898869697
0.002069274843322
0.002038179941096
0.002011983961593
0.001990951534300
0.001975232701191
0.001964855175148
0.001959718643394
0.001959591473386
0.001964110153131
0.001972781756890
0.001984989670130
0.002000002734373
0.002016987883899
0.002035026243405
0.002053132540791
0.002070277565344
0.002085413272565
0.002097500007656
0.002105535195754
0.002108582734603
0.002105802230937
0.002096477151955
0.002080040923882
0.002056100005992
0.002024453004602
0.001985104969641
0.001938276136773
0.001884404538712
0.001824142105935
0.001758344102849
0.001688051991693
0.001614470072598
0.001538936502291
0.001462889533528
0.001387830030021
0.001315281485733
0.001246748903095
0.001183677953972
0.001127415855323
0.001079175336497
0.001040002958746
0.001010752874772
0.000992066895037
0.000984361469077
0.000987821906934
0.001002403872322
0.001027841889775
0.001063664337077
0.001109214154520
0.001163674304994
0.001226096871751
0.001295434589215
0.001370573568435
0.001450366001549
0.001533661704591
0.001619337478597
0.001706323426082
0.001793625543593
0.001880344110050
0.001965687594086
0.002048982001260
0.002129675764697
0.002207340442953
0.002281667621054
0.002352462511347
0.002419634818344
0.002483187466838
0.002543203797098
0.002599833808623
0.002653279989030
0.002703783202468
0.002751609037713
0.002797034935268
0.002840338330250
0.002881785968206
0.002921624477926
0.002960072221974
0.002997312394200
0.003033487295406
0.003068693694312
0.003102979170888
0.003136339342415
0.003168715887830
0.003199995311292
0.003230008419013
0.003258530521563
0.003285282413921
0.003309932224250
0.003332098256216
0.003351352975376
0.003367228304424
0.003379222392213
0.003386808005285
0.003389442656629
0.003386580534275
0.003377686222610
0.003362250123909
0.003339805389548
0.003309946063880
0.003272346034094
0.003226778272592
0.003173133761117
0.003111439404790
0.003041874186026
0.002964782778828
0.002880685848206
0.002790286300808
0.002694470833070
0.002594306241893
0.002491030117644
0.002386035725520
0.002280851092240
0.002177112542270
0.002076533161227
0.001980866892912
0.001891869189210
0.001811255317655
0.001740657579560
0.001681582793281
0.001635371445651
0.001603159905411
0.001585847024080
0.001584066323472
0.001598164789501
0.001628189066157
0.001673879581490
0.001734672850692
0.001809711903275
0.001897864485576
0.001997748410200
0.002107763173447
0.002226126751514
0.002350916325518
0.002480111580593
0.002611639178863
0.002743417020414
0.002873396977517
0.002999604909831
0.003120176933917
0.003233391119155
0.003337694002877
0.003431721548285
0.003514314397895
0.003584527491855
0.003641634315085
0.003685126201891
0.003714707256153
0.003730285535911
0.003731961202326
0.003720012345871
0.003694879180267
0.003657147242065
0.003607530156763
0.003546852437762
0.003476032679285
0.003396067395686
0.003308015653774
0.003212984547816
0.003112115483514
0.003006571171344
0.002897523183778
0.002786139906582
0.002673574711844
0.002560954198910
0.002449366387204
0.002339848799196
0.002233376439298
0.002130849750739
0.002033082713164
0.001940791323435
0.001854582775862
0.001774945720419
0.001702242023523
0.001636700481098
0.001578412934131
0.001527333210176
0.001483279258730
0.001445938764362
0.001414878410542
0.001389556832956
0.001369341148770
0.001353526784639
0.001341360159214
0.001332063614398
0.001324861842927
0.001319008937262
0.001313815094686
0.001308671963199
0.001303075607635
0.001296646118659
0.001289142979341
0.001280475442953
0.001270707356314
0.001260056078198
0.001248885382126
0.001237692486094
0.001227089605736
0.001217780669452
0.001210534051453
0.001206152360296
0.001205440456540
0.001209172956577
0.001218062505938
0.001232730073079
0.001253678425558
0.001281269809335
0.001315708666102
0.001357030002789
0.001405093783020
0.001459585454793
0.001520022474545
0.001585766447494
0.001656040288758
0.001729949628839
0.001806507548009
0.001884661631884
0.001963322297279
0.002041391343063
0.002117789732154
0.002191483703068
0.002261508435506
0.002326988646019
0.002387155657694
0.002441360662566
0.002489084067821
0.002529940978445
0.002563683012353
0.002590196763506
0.002609499319921
0.002621731304627
0.002627147938021
0.002626108621208
0.002619065514448
0.002606551537111
0.002589168150492
0.002567573208210
0.002542469076641
0.002514591145609
0.002484696772903
0.002453554639726
0.002421934441721
0.002390596804664
0.002360283296887
0.002331706412607
0.002305539421161
0.002282406015117
0.002262869742983
0.002247423276621
0.002236477635694
0.002230351567201
0.002229261352964
0.002233311386917
0.002242485922671
0.002256642435486
0.002275507067447
0.002298672626739
0.002325599588711
0.002355620496243
0.002387948079045
0.002421687306813
0.002455851461769
0.002489382165732
0.002521173130750
0.002550097227099
0.002575036285883
0.002594912884377
0.002608723209791
0.002615569970603
0.002614694232762
0.002605505008538
0.002587605424684
0.002560814347717
0.002525182448916
0.002481001848619
0.002428808684015
0.002369378189770
0.002303712156354
0.002233018924862
0.002158686375654
0.002082248656878
0.002005347663200
0.001929690501360
0.001857004355451
0.001788990281541
0.001727277512151
0.001673379832942
0.001628655507707
0.001594272077666
0.001571177154874
0.001560076078135
0.001561417015940
0.001575383799245
0.001601896462361
0.001640619177619
0.001690975002537
0.001752166628677
0.001823202138626
0.001902924647887
0.001990044635339
0.002083173749302
0.002180858913404
0.002281615641822
0.002383959599444
0.002486435599848
0.002587643412607
0.002686259940745
0.002781057519146
0.002870918265951
0.002954844583428
0.003031966046045
0.003101543026761
0.003162967495132
0.003215761471627
