0.014062745200068
0.014048028461723
0.014035706235132
0.014025846298806
0.014018513855942
0.014013771470667
0.014011678978383
0.014012293368960
0.014015668642913
0.014021855641984
0.014030901856862
0.014042851215923
0.014057743859858
0.014075615907844
0.014096499221405
0.014120421172362
0.014147404421210
0.014177466711902
0.014210620688420
0.014246873737658
0.014286227862095
0.014328679584574
0.014374219886225
0.014422834177340
0.014474502299763
0.014529198558269
0.014586891777458
0.014647545379946
0.014711117481114
0.014777560995401
0.014846823749113
0.014918848594907
0.014993573523576
0.015070931769313
0.015150851905472
0.015233257928642
0.015318069329832
0.015405201152502
0.015494564038097
0.015586064260615
0.015679603752497
0.015775080124761
0.015872386684773
0.015971412455366
0.016072042199124
0.016174156451609
0.016277631567054
0.016382339779660
0.016488149283076
0.016594924330003
0.016702525353076
0.016810809107442
0.016919628834606
0.017028834446358
0.017138272726918
0.017247787550805
0.017357220113501
0.017466409171665
0.017575191289513
0.017683401088032
0.017790871493866
0.017897433985107
0.018002918831671
0.018107155328544
0.018209972020814
0.018311196920086
0.018410657712513
0.018508181959343
0.018603597291353
0.018696731599029
0.018787413220649
0.018875471130598
0.018960735130305
0.019043036044087
0.019122205921984
0.019198078251303
0.019270488178206
0.019339272740127
0.019404271109271
0.019465324846842
0.019522278167072
0.019574978209537
0.019623275317708
0.019667023321255
0.019706079819205
0.019740306460822
0.019769569220906
0.019793738666210
0.019812690209778
0.019826304350278
0.019834466893793
0.019837069156033
0.019834008143546
0.019825186713180
0.019810513709768
0.019789904082755
0.019763278983154
0.019730565842921
0.019691698439320
0.019646616947339
0.019595267983460
0.019537604644239
0.019473586543107
0.019403179848595
0.019326357326861
0.019243098390902
0.019153389158255
0.019057222518324
0.018954598209775
0.018845522907708
0.018730010319604
0.018608081288420
0.018479763900581
0.018345093596156
0.018204113278114
0.018056873417287
0.017903432149530
0.017743855361570
0.017578216762141
0.017406597935215
0.017229088372514
0.017045785482884
0.016856794576643
0.016662228823578
0.016462209183884
0.016256864311957
0.016046330433585
0.015830751197690
0.015610277504307
0.015385067310969
0.015155285420079
0.014921103250114
0.014682698593692
0.014440255365605
0.014193963343846
0.013944017906516
0.013690619767206
0.013433974711137
0.013174293333905
0.012911790784263
0.012646686511874
0.012379204020533
0.012109570626911
0.011838017224468
0.011564778051832
0.011290090464669
0.011014194709822
0.010737333700354
0.010459752790042
0.010181699545810
0.009903423516658
0.009625175997675
0.009347209787879
0.009069778940771
0.008793138506694
0.008517544266318
0.008243252454818
0.007970519476590
0.007699601610645
0.007430754707081
0.007164233875365
0.006900293165390
0.006639185242542
0.006381161058218
0.006126469517404
0.005875357145035
0.005628067752921
0.005384842109011
0.005145917610702
0.004911527963795
0.004681902868526
0.004457267713894
0.004237843281309
0.004023845458345
0.003815484963151
0.003612967079891
0.003416491405385
0.003226251606991
0.003042435191655
0.002865223285976
0.002694790427105
0.002531304364265
0.002374925870695
0.002225808565828
0.002084098747549
0.001949935234386
0.001823449217519
0.001704764122496
0.001593995480570
0.001491250809546
0.001396629504068
0.001310222735250
0.001232113359571
0.001162375836956
0.001101076158003
0.001048271780280
0.001004011573696
0.000968335774904
0.000941275950736
0.000922854970654
0.000913086988199
0.000911977431387
0.000919523001992
0.000935711683609
0.000960522758374
0.000993926832195
0.001035885868341
0.001086353229256
0.001145273726491
0.001212583678725
0.001288210977915
0.001372075163730
0.001464087506531
0.001564151099286
0.001672160958906
0.001788004137582
0.001911559844786
0.002042699580581
0.002181287280918
0.002327179475498
0.002480225458705
0.002640267473954
0.002807140911647
0.002980674520720
0.003160690633594
0.003347005404116
0.003539429057892
0.003737766154260
0.003941815858980
0.004151372226591
0.004366224491293
0.004586157365114
0.004810951342075
0.005040383006995
0.005274225347557
0.005512248068223
0.005754217904576
0.005999898936638
0.006249052899783
0.006501439491829
0.006756816675033
0.007014940971754
0.007275567752730
0.007538451517083
0.007803346163373
0.008070005251315
0.008338182254021
0.008607630800948
0.008878104912054
0.009149359223926
0.009421149208932
0.009693231388687
0.009965363543265
0.010237304917721
0.010508816427529
0.010779660864493
0.011049603104599
0.011318410319104
0.011585852189936
0.011851701130192
0.012115732510237
0.012377724889543
0.012637460254101
0.012894724258856
0.013149306474324
0.013401000636204
0.013649604896548
0.013894922074795
0.014136759906785
0.014374931289726
0.014609254521003
0.014839553528701
0.015065658091734
0.015287404047613
0.015504633486034
0.015717194926712
0.015924943480178
0.016127740990602
0.016325456160035
0.016517964653910
0.016705149187960
0.016886899597137
0.017063112887397
0.017233693271542
0.017398552190476
0.017557608321429
0.017710787574704
0.017858023080543
0.017999255167561
0.018134431334093
0.018263506213548
0.018386441534647
0.018503206077153
0.018613775623434
0.018718132905956
0.018816267550584
0.018908176015390
0.018993861524526
0.019073333996648
0.019146609967341
0.019213712505002
0.019274671119725
0.019329521664791
0.019378306230531
0.019421073030453
0.019457876279703
0.019488776066095
0.019513838214121
0.019533134142511
0.019546740716070
0.019554740092654
0.019557219566231
0.019554271407063
0.019545992700057
0.019532485182313
0.019513855080817
0.019490212951091
0.019461673517423
0.019428355515053
0.019390381534394
0.019347877867038
0.019300974352954
0.019249804227932
0.019194503970003
0.019135213143271
0.019072074237392
0.019005232500790
0.018934835765671
0.018861034263000
0.018783980425783
0.018703828679357
0.018620735217784
0.018534857766004
0.018446355327982
0.018355387921721
0.018262116302674
0.018166701677705
0.018069305412329
0.017970088734459
0.017869212438248
0.017766836591894
0.017663120253325
0.017558221197681
0.017452295660225
0.017345498098003
0.017237980973007
0.017129894558999
0.017021386773376
0.016912603034688
0.016803686145547
0.016694776199841
0.016586010512321
0.016477523567924
0.016369446987499
0.016261909506127
0.016155036959831
0.016048952276310
0.015943775465326
0.015839623604552
0.015736610817107
0.015634848237519
0.015534443963617
0.015435502992657
0.015338127140939
0.015242414947124
0.015148461560471
0.015056358616109
0.014966194100321
0.014878052209536
0.014792013207244
0.014708153283415
0.014626544421141
0.014547254275104
0.014470346066215
0.014395878496198
0.014323905685242
0.014254477134984
0.014187637718111
0.014123427694863
0.014061882755664
0.014003034088073
0.013946908465315
0.013893528352807
0.013842912028401
0.013795073711583
0.013750023696558
0.013707768484088
0.013668310907098
0.013631650245429
0.013597782325741
0.013566699603290
0.013538391223275
0.013512843060492
0.013490037737144
0.013469954619829
0.013452569797870
0.013437856046175
0.013425782776797
0.013416315984100
0.013409418189003
0.013405048388092
