2.011045247623214571e+00
2.066892719921999966e+00
2.124797262599347203e+00
2.185331169124625106e+00
2.249065731011232749e+00
2.316436062774034799e+00
2.387609206617323565e+00
2.462392389393010639e+00
2.540216077233673708e+00
2.620214435475551440e+00
2.701405137968502235e+00
2.782944897434646681e+00
2.864412327582728679e+00
2.946052371014091342e+00
3.028912394191504376e+00
3.114812677769139171e+00
3.206123309839395752e+00
3.305361140878090076e+00
3.414666451551884307e+00
3.535258951760639867e+00
3.666996152434812473e+00
3.808155865296600773e+00
3.955535036663923254e+00
4.104901806642802242e+00
4.251765340781911817e+00
4.392352346425913545e+00
4.524616488307800388e+00
4.649072537741218980e+00
4.769252084752686471e+00
4.891625898725006749e+00
5.024924712713003672e+00
5.178901985548115761e+00
5.362699220741767192e+00
5.583073871772986863e+00
5.842810322324492489e+00
6.139640257461604023e+00
6.465943555115495123e+00
6.809389348701131439e+00
7.154524760264251881e+00
7.485150208750028789e+00
7.787164019392592174e+00
8.051443823274414768e+00
8.276281077742872583e+00
8.468911463504037229e+00
8.645789103881474702e+00
8.831424677167433401e+00
9.055823139860798676e+00
9.350784241498864446e+00
9.745532939321392973e+00
1.026229351375637933e+01
1.091248378592764112e+01
1.169416869027239869e+01
1.259127403592402317e+01
1.357483528555643559e+01
1.460627048688231788e+01
1.564236015363993459e+01
1.664133521224937695e+01
1.756926244228212042e+01
1.840581365971520356e+01
1.914853534737790497e+01
1.981490598092885946e+01
2.044176371292747518e+01
2.108207055675169528e+01
2.179939597025369835e+01
2.266088705009291004e+01
2.372977751802348223e+01
2.505861645003513871e+01
2.668433430602985723e+01
2.862600175550602088e+01
3.088570343742066626e+01
3.345240436840295928e+01
3.630811735063209511e+01
3.943518512681779242e+01
4.282316835958992840e+01
4.647375705179308625e+01
5.040234046626984821e+01
5.463537403495257649e+01
5.920341567881933997e+01
6.413056676385613741e+01
6.942190961971604679e+01
7.505123545602809543e+01
8.095176483811064827e+01
8.701257262435046869e+01
9.308298932195678788e+01
9.898637673962414851e+01
1.045434526235383714e+02
1.096039129973982824e+02
1.140836615128731353e+02
1.180037085174848244e+02
1.215259420500445344e+02
1.249806497127525517e+02
1.288809694936975347e+02
1.339203736781427665e+02
1.409507640233057941e+02
1.509406252872324785e+02
1.649147411910331584e+02
1.838789897698825939e+02
2.087354781633318908e+02
2.401945615571628423e+02
2.786909899391728231e+02
3.243114881224827286e+02
3.767405258996967632e+02
4.352299713618494934e+02
4.985968845672245493e+02
5.652520650305773415e+02
6.332602707688305372e+02
7.004314002627265836e+02
7.644404402645136543e+02
8.229726407524103706e+02
8.738891387221633522e+02
9.154070351155235130e+02
9.462866475558162165e+02
9.660172559895964923e+02
9.749911284019292452e+02
9.746540436369873532e+02
9.676190990453535505e+02
9.577295751959425161e+02
9.500563692295954752e+02
9.508163694984311860e+02
9.672004634818830482e+02
1.007103890956791474e+03
1.078757460358008757e+03
1.190265614205446354e+03
1.349066093555675934e+03
1.561335398883011749e+03
1.831373543068990102e+03
2.161009749562516390e+03
2.549076705212351499e+03
2.991003718083944932e+03
3.478577811836214551e+03
3.999915860010380584e+03
4.539680175780937134e+03
5.079554848945745107e+03
5.598981388920226891e+03
6.076131196671902217e+03
6.489070756576347776e+03
6.817055185657773109e+03
7.041868968989820132e+03
7.149121299801245186e+03
7.129399058397593762e+03
6.979184206306672422e+03
6.701454651618691969e+03
6.305908071286725317e+03
5.808775537424098729e+03
5.232224085440431736e+03
4.603381929899290299e+03
3.953053786572397257e+03
3.314223434592012836e+03
2.720463129626752107e+03
2.204382095769773514e+03
1.796247174522302657e+03
1.522896887154019169e+03
1.407045925661063848e+03
1.467041900435781372e+03
1.717092674790932051e+03
2.167934431377028432e+03
2.827862074856333493e+03
3.703999351598652538e+03
4.803650752122990525e+03
6.135554925564059886e+03
7.710853108999672259e+03
9.543597797583501233e+03
1.165065684921022512e+04
1.405091505747692827e+04
1.676373592320812531e+04
1.980671642486776545e+04
2.319284140083579769e+04
2.692721537189434821e+04
3.100361172591225477e+04
3.540112601547501981e+04
4.008124647935388930e+04
4.498565702639463416e+04
5.003506388795033854e+04
5.512928711448051035e+04
6.014878439927860745e+04
6.495768176887567824e+04
6.940827969486589427e+04
7.334689172491314821e+04
7.662076416489364055e+04
7.908572817850891443e+04
8.061415788107401750e+04
8.110275638008832175e+04
8.047967128719447646e+04
7.871045482209433976e+04
7.580243159763806034e+04
7.180711730178097787e+04
6.682043911458886578e+04
6.098063701832036168e+04
5.446386572065428481e+04
4.747766021683136933e+04
4.025256422189310251e+04
3.303234034785503172e+04
2.606327560435308260e+04
1.958315888928567074e+04
1.381053412472953278e+04
8.934821615191029196e+03
5.107851741835758730e+03
2.437272524698722918e+03
9.821814822380022179e+02
7.512000978472120778e+02
1.703064919250614821e+03
3.749662424710321829e+03
6.761294861932509775e+03
1.057384021756739457e+04
1.499736895734441168e+04
1.982570906999475847e+04
2.484641300141144529e+04
2.985057669776677358e+04
3.464199125005803944e+04
3.904516839731960499e+04
4.291186733408262080e+04
4.612585531658360560e+04
4.860575092439915170e+04
5.030591853818296659e+04
5.121549781083856942e+04
5.135575548309261649e+04
5.077603280196906417e+04
4.954862550890172133e+04
4.776297206434560940e+04
4.551953848436157568e+04
4.292377569096953084e+04
4.008049006675627606e+04
3.708891377201116120e+04
3.403869317363202572e+04
3.100693692406654736e+04
2.805638550437336016e+04
2.523468690461040387e+04
2.257469349458700890e+04
2.009563711307659105e+04
1.780499596252625997e+04
1.570083981038367347e+04
1.377442978456082528e+04
1.201285502665122476e+04
1.040150888506657429e+04
8.926239580087591094e+03
7.575051126049944287e+03
6.339276180627542999e+03
5.214189768370762977e+03
4.199078049890227703e+03
3.296816454929715746e+03
2.513044143764755063e+03
1.855045208383785166e+03
1.330460361629544195e+03
9.459559670174738812e+02
7.059707473805560767e+02
6.116456227182104612e+02
6.600206064937075325e+02
8.435566061235696225e+02
1.150011556515382836e+03
1.562671781854543497e+03
2.060912879026599512e+03
2.621041495632798615e+03
3.217351487795333469e+03
3.823315977962783109e+03
4.412831194449382565e+03
4.961428590989392433e+03
5.447378113121329079e+03
5.852616734493019976e+03
6.163451394560715926e+03
6.371002923906263277e+03
6.471376073345500117e+03
6.465559031950773715e+03
6.359072615302902705e+03
6.161403614614508115e+03
5.885267856612183095e+03
5.545755852203028553e+03
5.159417319225794927e+03
4.743340440694305471e+03
4.314277803964477243e+03
3.887864102056147203e+03
3.477961559794100140e+03
3.096158458104120200e+03
2.751434882005621148e+03
2.449998694999617328e+03
2.195284448791769137e+03
1.988099057061499934e+03
1.826891031553147513e+03
1.708115170507080620e+03
1.626661908902550294e+03
1.576320034643857980e+03
1.550242953035583014e+03
1.541391839602792516e+03
1.542933474042778926e+03
1.548575865460544492e+03
1.552830519102700009e+03
1.551195935856594815e+03
1.540262303532861552e+03
1.517742027593671764e+03
1.482434535208377156e+03
1.434136536076492575e+03
1.373510590603475521e+03
1.301925456430103168e+03
1.221281362768216013e+03
1.133832256138416142e+03
1.042015363060807886e+03
9.482963326184194557e+02
8.550359596741848236e+02
7.643822347698852582e+02
6.781893757873535833e+02
5.979636870115642751e+02
5.248346383765290284e+02
4.595484941406932649e+02
4.024811404698712067e+02
3.536664285397782237e+02
3.128363046288630471e+02
2.794691696631013542e+02
2.528432235243684545e+02
2.320919357794040252e+02
2.162591885373996377e+02
2.043520198983651710e+02
1.953892372343781858e+02
1.884444649452162821e+02
1.826824519352096274e+02
1.773877095492365754e+02
1.719848040946873198e+02
1.660499099117712376e+02
1.593135522885404214e+02
1.516548363051885531e+02
1.430878571014135048e+02
1.337413958974871662e+02
1.238333912955731506e+02
1.136419982033729070e+02
1.034752681037027742e+02
9.364157075436150990e+01
8.442280603170773645e+01
7.605221796485460573e+01
6.869823112737569204e+01
6.245521049543779668e+01
5.734144360731967538e+01
5.330401405501392276e+01
5.022963948495915787e+01
4.796004569553028318e+01
4.631009309539174978e+01
4.508669999867477429e+01
4.410663666699959151e+01
4.321149016012418542e+01
4.227849626868088961e+01
4.122645502446528099e+01
4.001653028643007559e+01
3.864831433867008315e+01
3.715204891217756256e+01
3.557827715903469823e+01
3.398641548960191017e+01
3.243375953560440905e+01
3.096627803829380809e+01
2.961222834513196034e+01
2.837919304474808868e+01
2.725464812979942408e+01
2.620969368836098923e+01
2.520517043524079526e+01
2.419910049234885463e+01
2.315426234967679875e+01
2.204474986146072268e+01
2.086056250527215283e+01
1.960959693270343607e+01
1.831680968809052601e+01
1.702074004105536531e+01
1.576796104625947947e+01
1.460631402353916108e+01
1.357793856141894295e+01
1.271311800205408105e+01
1.202582179050665800e+01
1.151156442386250944e+01
1.114785638299910886e+01
1.089714664122542587e+01
1.071180371286649091e+01
1.054040271689295771e+01
1.033441784158966925e+01
1.005438415030717358e+01
9.674691406369163360e+00
9.186387606368175085e+00
8.597666938408861981e+00
7.932050765370127543e+00
7.224591830648531499e+00
6.516695401556445333e+00
5.850320689278904140e+00
5.262380732079074974e+00
4.780095619983391053e+00
4.417886466286176095e+00
4.176154527645927317e+00
4.042009787848015456e+00
3.991738293064751808e+00
3.994566969617336927e+00
4.017129509506949248e+00
4.027975446484433952e+00
4.001500290130085347e+00
3.920796574901149079e+00
3.779110915541182614e+00
3.579809747572748613e+00
3.334972694956582107e+00
3.062916208255525241e+00
2.785076976051100495e+00
2.522740467615041560e+00
2.294082165542893126e+00
2.111905990782126707e+00
1.982333438444522589e+00
1.904540979039280435e+00
1.871487004856342784e+00
1.871435576274365964e+00
1.889989732969698633e+00
