0.348673216039467
0.348967338717242
0.349267811200142
0.349574577546643
0.349887587516083
0.350206794591815
0.350532153762169
0.350863619121296
0.351201141355874
0.351544665185684
0.351894126826348
0.352249451540761
0.352610551342434
0.352977322909170
0.353349645759223
0.353727380734892
0.354110368830348
0.354498430391879
0.354891364709793
0.355288950012161
0.355690943861869
0.356097083950151
0.356507089271869
0.356920661661075
0.357337487659127
0.357757240682662
0.358179583454517
0.358604170657616
0.359030651769614
0.359458674034852
0.359887885529551
0.360317938276357
0.360748491365081
0.361179214037427
0.361609788694972
0.362039913791244
0.362469306570311
0.362897705615965
0.363324873177336
0.363750597238281
0.364174693299554
0.364597005844409
0.365017409460092
0.365435809589563
0.365852142890285
0.366266377179429
0.366678510948395
0.367088572433407
0.367496618233834
0.367902731475347
0.368307019521731
0.368709611246350
0.369110653882542
0.369510309481063
0.369908751012169
0.370306158159659
0.370702712864149
0.371098594682440
0.371493976039039
0.371889017454108
0.372283862839171
0.372678634957191
0.373073431147148
0.373468319414380
0.373863334986475
0.374258477430380
0.374653708419450
0.375048950229025
0.375444085026439
0.375838955005832
0.376233363400216
0.376627076383397
0.377019825852951
0.377411313063369
0.377801213056118
0.378189179811784
0.378574852029573
0.378957859421684
0.379337829395814
0.379714393988704
0.380087196907820
0.380455900537467
0.380820192769808
0.381179793530206
0.381534460879155
0.381883996588836
0.382228251109180
0.382567127853930
0.382900586749622
0.383228646995779
0.383551388981426
0.383868955287092
0.384181550672371
0.384489440904421
0.384792950224039
0.385092457175161
0.385388388445810
0.385681210291807
0.385971417048974
0.386259516199614
0.386546009460234
0.386831369418102
0.387116011382472
0.387400260349647
0.387684313323009
0.387968197688319
0.388251726920153
0.388534455576355
0.388815636298047
0.389094182333784
0.389368639890296
0.389637175307433
0.389897582575492
0.390147316963723
0.390383560410658
0.390603323745208
0.390803589681735
0.390981498805803
0.391134578419161
0.391261011168071
0.391359936917125
0.391431777491799
0.391478569898343
0.391504289699583
0.391515142688653
0.391519800201650
0.391529551698048
0.391558347952014
0.391622709630208
0.391741479395115
0.391935401071557
0.392226516815657
0.392637382443022
0.393190111754327
0.393905272329276
0.394800667187558
0.395890048170420
0.397181817045189
0.398677778335094
0.400372012941478
0.402249943090700
0.404287656527385
0.406451550954441
0.408698348538262
0.410975515208064
0.413222101137972
0.415369998141621
0.417345587887891
0.419071733172007
0.420470044318635
0.421463335486505
0.421978172382707
0.421947404641820
0.421312573532506
0.420026089006287
0.418053079289906
0.415372830740391
0.411979754671032
0.407883840160986
0.403110576117244
0.397700350594402
0.391707359125721
0.385198075216754
0.378249354041438
0.370946253877811
0.363379668371629
0.355643866115971
0.347834032420415
0.340043901960998
0.332363560953292
0.324877484461052
0.317662859432701
0.310788228064718
0.304312470093791
0.298284127478631
0.292741061350947
0.287710419613760
0.283208884467629
0.279243162587854
0.275810676623074
0.272900414963432
0.270493897053866
0.268566213555827
0.267087104006219
0.266022038900372
0.265333277973737
0.264980881552104
0.264923656912069
0.265120026427074
0.265528808712131
0.266109907915429
0.266824909677599
0.267637585066765
0.268514306007222
0.269424377382006
0.270340292150065
0.271237916533354
0.272096612658740
0.272899306047316
0.273632505091180
0.274286279203878
0.274854201729742
0.275333262998176
0.275723758154241
0.276029153623610
0.276255935308367
0.276413440885696
0.276513677913444
0.276571128850615
0.276602543588111
0.276626719663382
0.276664270007846
0.276737377850379
0.276869538275654
0.277085285911694
0.277409908295262
0.277869144633476
0.278488869940973
0.279294764879102
0.280311972050044
0.281564739997007
0.283076056722331
0.284867275147978
0.286957733594968
0.289364375035675
0.292101369559523
0.295179745170276
0.298607032682014
0.302386931079354
0.306519000232222
0.310998388282871
0.315815601327951
0.320956323176732
0.326401292955159
0.332126248121125
0.338101940040576
0.344294228629931
0.350664261685625
0.357168743389744
0.363760295100379
0.370387909912634
0.376997500625356
0.383532538691344
0.389934779497076
0.396145066952097
0.402104207918151
0.407753904532686
0.413037730047332
0.417902131482819
0.422297440276782
0.426178870252235
0.429507480745066
0.432251081681290
0.434385056864758
0.435893081794342
0.436767713033712
0.437010827551946
0.436633892565924
0.435658049253173
0.434113997250155
0.432041671065670
0.429489704354373
0.426514683317822
0.423180196208795
0.419555691863397
0.415715166206078
0.411735701577943
0.407695889327773
0.403674171169140
0.399747139136697
0.395987837367820
0.392464111205658
0.389237050103807
0.386359570381521
0.383875181942025
0.381816979584528
0.380206894525081
0.379055235263383
0.378360539124027
0.378109746852845
0.378278702812776
0.378832972901957
0.379728961657586
0.380915299494630
0.382334461062054
0.383924566689333
0.385621311240339
0.387359958758266
0.389077337395070
0.390713767527735
0.392214856847529
0.393533099647994
0.394629223510806
0.395473234962913
0.396045126210209
0.396335217391853
0.396344122497513
0.396082341616718
0.395569496951851
0.394833244393297
0.393907905783935
0.392832878669068
0.391650889764619
0.390406165091068
0.389142593331638
0.387901959233754
0.386722320687769
0.385636596556017
0.384671422626340
0.383846320628824
0.383173210632954
0.382656281012775
0.382292213302976
0.382070742501187
0.381975517548616
0.381985212660276
0.382074828620297
0.382217114730772
0.382384037271050
0.382548219367792
0.382684280164394
0.382770007963994
0.382787312240323
0.382722912502972
0.382568737236035
0.382322022637842
0.381985117729855
0.381565018602750
0.381072669187523
0.380522078129915
0.379929310401468
0.379311417684701
0.378685373032155
0.378067072773763
0.377470462340172
0.376906833026083
0.376384324395642
0.375907652858867
0.375478071868972
0.375093554201636
0.374749172862341
0.374437645228092
0.374149995822743
0.373876287212707
0.373606366218440
0.373330574035710
0.373040373758296
0.372728856751781
0.372391099698522
0.372024356103405
0.371628078705985
0.371203781641761
0.370754762427852
0.370285713118136
0.369802256649226
0.369310448063959
0.368816280778938
0.368325235433922
0.367841903443425
0.367369709695267
0.366910749603018
0.366465745720279
0.366034119202885
0.365614162365443
0.365203291128184
0.364798350838537
0.364395946131543
0.363992765291760
0.363585871896423
0.363172941041143
0.362752423681252
0.362323629938860
0.361886729931378
0.361442678068250
0.360993073192904
0.360539971884565
0.360085675306428
0.359632511008562
0.359182630079265
0.358737837191473
0.358299466779000
0.357868313289849
0.357444617761011
0.357028107413080
0.356618080103512
0.356213521739342
0.355813242436033
0.355416016463824
0.355020711825503
0.354626397484510
0.354232419502361
0.353838441250652
0.353444446988127
0.353050711993526
0.352657745723385
0.352266216813567
0.351876869972972
0.351490444867996
0.351107606039469
0.350728890917819
0.350354680386490
