0.189301250151494
0.188832997909085
0.188535952437597
0.188418138286266
0.188484151298646
0.188735100236166
0.189168615119805
0.189778920164860
0.190556967928475
0.191490630183064
0.192564940097789
0.193762379574417
0.195063205055191
0.196445804801228
0.197887080524369
0.199362846327496
0.200848238144287
0.202318127238080
0.203747531784769
0.205112021086692
0.206388107504032
0.207553621709099
0.208588067334769
0.209472951475961
0.210192087796310
0.210731869186078
0.211081507018399
0.211233234076415
0.211182468201706
0.210927933680910
0.210471737383905
0.209819396738278
0.208979816813586
0.207965214134149
0.206790985370642
0.205475519797364
0.204039955349084
0.202507879258088
0.200904975572419
0.199258623309010
0.197597450525029
0.195950851131742
0.194348472754005
0.192819685279195
0.191393040866907
0.190095737036876
0.188953094959258
0.187988065195102
0.187220772849793
0.186668113401641
0.186343409365623
0.186256136482139
0.186411726334396
0.186811450263438
0.187452387246076
0.188327476115745
0.189425650229294
0.190732050503088
0.192228310741084
0.193892907428223
0.195701564722324
0.197627704288667
0.199642928908155
0.201717528458483
0.203820996907057
0.205922549337775
0.207991628720719
0.209998393073346
0.211914174796047
0.213711905231823
0.215366498837387
0.216855192701795
0.218157838455326
0.219257144829708
0.220138870225005
0.220791965582390
0.221208668640950
0.221384551265746
0.221318521979144
0.221012786121348
0.220472766229892
0.219706985287325
0.218726915470387
0.217546794973006
0.216183415399259
0.214655882158510
0.212985350267243
0.211194737989251
0.209308420840964
0.207351908657654
0.205351508658734
0.203333977758198
0.201326167725486
0.199354667192272
0.197445444896657
0.195623498929423
0.193912517066173
0.192334553503336
0.190909727435235
0.189655948887337
0.188588677036113
0.187720715884161
0.187062051614202
0.186619735219926
0.186397813118112
0.186397307407204
0.186616246283960
0.187049743901296
0.187690127692969
0.188527109954043
0.189547999302175
0.190737946604502
0.192080219085005
0.193556495668601
0.195147176202251
0.196831697040732
0.198588845603612
0.200397066895431
0.202234755614855
0.204080528329861
0.205913471223423
0.207713360066774
0.209460850298979
0.211137636322346
0.212726580304197
0.214211811850784
0.215578800840329
0.216814406429319
0.217906905752127
0.218846006103544
0.219622844425999
0.220229977730466
0.220661367686969
0.220912362062865
0.220979675008348
0.220861367438406
0.220556827990194
0.220066754295718
0.219393133648530
0.218539221600659
0.217509516633398
0.216309728824382
0.214946740393036
0.213428556145108
0.211764242141703
0.209963851366051
0.208038335721300
0.205999444328127
0.203859608761593
0.201631816531651
0.199329474731408
0.196966266316749
0.194556001910507
0.192112470322245
0.189649291127134
0.187179772649334
0.184716778550192
0.182272605940610
0.179858877538161
0.177486449895845
0.175165339167704
0.172904665275230
0.170712614726533
0.168596421744856
0.166562366808953
0.164615791216090
0.162761125865598
0.161001932138529
0.159340952524196
0.157780168519191
0.156320863296851
0.154963686709488
0.153708720333112
0.152555540484163
0.151503277417195
0.150550669238194
0.149696109426350
0.148937687233945
0.148273220615891
0.147700281714806
0.147216215282120
0.146818150739630
0.146503008869083
0.146267504351075
0.146108145551435
0.146021233067556
0.146002858594880
0.146048905653128
0.146155053623282
0.146316786392681
0.146529406692333
0.146788056945700
0.147087747142366
0.147423389915497
0.147789842653560
0.148181956129428
0.148594628799848
0.149022865630756
0.149461840053184
0.149906957462833
0.150353918553230
0.150798780723632
0.151238015830815
0.151668562656627
0.152087872634841
0.152493947611807
0.152885368692950
0.153261315535854
0.153621575774113
0.153966544576713
0.154297214649148
0.154615157249649
0.154922495014368
0.155221867550277
0.155516390858658
0.155809611694157
0.156105457948132
0.156408186076543
0.156722326482835
0.157052627626917
0.157403999476916
0.157781456764753
0.158190062363340
0.158634870984143
0.159120873307907
0.159652940614404
0.160235769971177
0.160873830074753
0.161571307905390
0.162332056449817
0.163159543854745
0.164056804485250
0.165026392463691
0.166070338344849
0.167190109631368
0.168386575842602
0.169659978815379
0.171009908836348
0.172435287085492
0.173934354715937
0.175504668715902
0.177143104507076
0.178845865042929
0.180608495994847
0.182425906466211
0.184292394566203
0.186201677114411
0.188146922739644
0.190120787682116
0.192115453705321
0.194122667664343
0.196133782451757
0.198139799236768
0.200131411113298
0.202099048462664
0.204032926501182
0.205923095608713
0.207759495109828
0.209532011196842
0.211230539639440
0.212845053818849
0.214365678459475
0.215782769215064
0.217086998010640
0.218269443758527
0.219321687771117
0.220235912899731
0.221005005151969
0.221622656292681
0.222083465727011
0.222383039806048
0.222518086592364
0.222486504076410
0.222287459845398
0.221921460271167
0.221390407398139
0.220697641870631
0.219847970433852
0.218847676767610
0.217704514659461
0.216427682788358
0.215027780665685
0.213516745563514
0.211907770546631
0.210215204012789
0.208454431432818
0.206641740266441
0.204794169309378
0.202929343999558
0.201065299472312
0.199220293401772
0.197412610893853
0.195660363899183
0.193981287785994
0.192392537846755
0.190910488601925
0.189550538803795
0.188326925028155
0.187252546668527
0.186338805015112
0.185595458909234
0.185030499216830
0.184650044066249
0.184458256453506
0.184457285441179
0.184647231775544
0.185026138331841
0.185590005381480
0.186332830269516
0.187246670706929
0.188321730530300
0.189546466470391
0.190907714207305
0.192390831778318
0.193979858247906
0.195657685447578
0.197406240544658
0.199206677199573
0.201039573115111
0.202885131861099
0.204723386965814
0.206534406392049
0.208298495652168
0.209996397953295
0.211609489893019
0.213119971340193
0.214511048228519
0.215767107058880
0.216873879947135
0.217818599067710
0.218590139331466
0.219179148103523
0.219578160718901
0.219781700498931
0.219786361918481
0.219590875533237
0.219196153257718
0.218605312598769
0.217823678504892
0.216858761597149
0.215720211708148
0.214419745875591
0.212971050216712
0.211389655447811
0.209692786203886
0.207899184749402
0.206028910142058
0.204103114404825
0.202143797762987
0.200173545497979
0.198215249442558
0.196291817577729
0.194425875576517
0.192639464461255
0.190953738788644
0.189388669943128
0.187962759198556
0.186692765198050
0.185593450402715
0.184677350873519
0.183954573481774
0.183432624298458
0.183116271498520
0.183007445641517
0.183105179663419
0.183405590345114
0.183901902419944
0.184584515854294
0.185441116190113
0.186456827184556
0.187614404327317
0.188894467168635
0.190275767757910
0.191735491882410
0.193249589215514
0.194793127942668
0.196340668939502
0.197866654138603
0.199345803348428
0.200753513488258
0.202066253984976
0.203261951948643
0.204320360710849
0.205223405378227
0.205955499227340
0.206503825049047
0.206858575940996
0.207013150544987
0.206964298328560
0.206712211212045
0.206260558636508
0.205616464045506
0.204790421703240
0.203796153780922
0.202650408697209
0.201372702781229
0.199985008419948
0.198511392936183
0.196977613498582
0.195410674368661
0.193838353719884
