0.018971352427030
0.018971561687805
0.018971769743782
0.018971976597005
0.018972182249512
0.018972386703333
0.018972589960490
0.018972792022999
0.018972992892870
0.018973192572103
0.018973391062693
0.018973588366627
0.018973784485884
0.018973979422437
0.018974173178250
0.018974365755281
0.018974557155478
0.018974747380784
0.018974936433131
0.018975124314448
0.018975311026652
0.018975496571653
0.018975680951355
0.018975864167652
0.018976046222430
0.018976227117568
0.018976406854936
0.018976585436396
0.018976762863802
0.018976939139000
0.018977114263826
0.018977288240109
0.018977461069670
0.018977632754320
0.018977803295863
0.018977972696092
0.018978140956794
0.018978308079746
0.018978474066717
0.018978638919465
0.018978802639743
0.018978965229291
0.018979126689842
0.018979287023121
0.018979446230842
0.018979604314711
0.018979761276425
0.018979917117671
0.018980071840127
0.018980225445464
0.018980377935339
0.018980529311404
0.018980679575300
0.018980828728660
0.018980976773104
0.018981123710246
0.018981269541691
0.018981414269033
0.018981557893857
0.018981700417741
0.018981841842251
0.018981982168947
0.018982121399380
0.018982259535095
0.018982396577627
0.018982532528508
0.018982667389265
0.018982801161421
0.018982933846499
0.018983065446024
0.018983195961527
0.018983325394549
0.018983453746648
0.018983581019405
0.018983707214436
0.018983832333403
0.018983956378030
0.018984079350121
0.018984201251590
0.018984322084484
0.018984441851029
0.018984560553675
0.018984678195155
0.018984794778562
0.018984910307434
0.018985024785873
0.018985138218674
0.018985250611496
0.018985361971064
0.018985472305406
0.018985581624157
0.018985689938903
0.018985797263605
0.018985903615101
0.018986009013695
0.018986113483862
0.018986217055058
0.018986319762683
0.018986421649180
0.018986522765314
0.018986623171626
0.018986722940082
0.018986822155941
0.018986920919819
0.018987019349974
0.018987117584790
0.018987215785435
0.018987314138647
0.018987412859596
0.018987512194710
0.018987612424337
0.018987713865069
0.018987816871480
0.018987921836960
0.018988029193266
0.018988139408258
0.018988252981215
0.018988370434930
0.018988492303636
0.018988619115612
0.018988751369056
0.018988889499564
0.018989033837242
0.018989184551123
0.018989341578167
0.018989504533708
0.018989672599712
0.018989844386728
0.018990017764834
0.018990189658309
0.018990355798172
0.018990510426083
0.018990645942512
0.018990752491473
0.018990817473567
0.018990824978604
0.018990755128685
0.018990583322385
0.018990279370607
0.018989806514862
0.018989120319153
0.018988167427440
0.018986884179848
0.018985195082413
0.018983011127351
0.018980227963569
0.018976723920582
0.018972357893095
0.018966967098364
0.018960364724125
0.018952337491295
0.018942643162870
0.018931008038463
0.018917124482530
0.018900648543642
0.018881197731815
0.018858349030866
0.018831637232726
0.018800553690330
0.018764545594774
0.018723015890496
0.018675323948885
0.018620787125401
0.018558683327552
0.018488254720360
0.018408712691656
0.018319244191223
0.018219019544866
0.018107201826490
0.017982957847874
0.017845470796689
0.017693954518394
0.017527669396887
0.017345939742534
0.017148172544876
0.016933877391586
0.016702687296306
0.016454380116868
0.016188900183887
0.015906379699577
0.015607159409918
0.015291808002503
0.014961139639835
0.014616229006260
0.014258423228706
0.013889350029438
0.013510921485644
0.013125332807752
0.012735055607657
0.012342825210548
0.011951621670181
0.011564644276701
0.011185279497304
0.010817062460654
0.010463632282754
0.010128681730522
0.009815901924091
0.009528922983700
0.009271251724580
0.009046207685897
0.008856858939415
0.008705959251844
0.008595888264012
0.008528596392702
0.008505556150926
0.008527721514743
0.008595496836416
0.008708716613677
0.008866637174765
0.009067941032684
0.009310754306706
0.009592677214085
0.009910827212404
0.010261893937466
0.010642204649610
0.011047798490435
0.011474507480744
0.011918041877196
0.012374077267110
0.012838340633398
0.013306692577323
0.013775202954470
0.014240217363444
0.014698412226604
0.015146836611472
0.015582939448455
0.016004581387751
0.016410031183239
0.016797947166844
0.017167345052824
0.017517553955210
0.017848163080218
0.018158962036607
0.018449878061844
0.018720913665746
0.018972088227927
0.019203386940276
0.019414720159077
0.019605895731151
0.019776606202011
0.019926432028706
0.020054861041178
0.020161323466579
0.020245240898924
0.020306086712648
0.020343454633965
0.020357131546613
0.020347170161133
0.020313956953232
0.020258270800114
0.020181328024252
0.020084810087831
0.019970870949636
0.019842122066358
0.019701594146353
0.019552675988693
0.019399031998835
0.019244501194649
0.019092981632601
0.018948305126622
0.018814107842598
0.018693702781823
0.018589960284341
0.018505202472390
0.018441117018440
0.018398694783805
0.018378194773336
0.018379138545868
0.018400334779102
0.018439933190265
0.018495505543762
0.018564150116779
0.018642614820349
0.018727433253050
0.018815067348890
0.018902050003466
0.018985121136677
0.019061351068588
0.019128245819755
0.019183829952285
0.019226703781725
0.019256073140036
0.019271751277570
0.019274133876894
0.019264149437362
0.019243188408627
0.019213015348786
0.019175669018645
0.019133355675512
0.019088340893361
0.019042845023904
0.018998946953093
0.018958500140403
0.018923064103613
0.018893853584395
0.018871706656146
0.018857072068702
0.018850015213268
0.018850241275294
0.018857133454109
0.018869803586685
0.018887152129734
0.018907934231535
0.018930828556446
0.018954505599778
0.018977692432738
0.018999231128760
0.019018128524766
0.019033595444777
0.019045074040360
0.019052252464619
0.019055066676024
0.019053689747239
0.019048509613591
0.019040096716025
0.019029163453776
0.019016517741255
0.019003013241258
0.018989499003832
0.018976771261959
0.018965530012287
0.018956342739323
0.018949617231804
0.018945584906813
0.018944295427132
0.018945622705589
0.018949281679391
0.018954854554546
0.018961824613468
0.018969615192967
0.018977631113348
0.018985299700311
0.018992108604227
0.018997637885462
0.019001584282841
0.019003776183145
0.019004178517582
0.019002887571801
0.019000116449479
0.018996172615866
0.018991429512275
0.018986294630554
0.018981176637340
0.018976454127456
0.018972448368131
0.018969401992689
0.018967465051250
0.018966689176502
0.018967029931952
0.018968356737950
0.018970469173903
0.018973117982120
0.018976028786193
0.018978926405845
0.018981557705473
0.018983711142857
0.018985231560803
0.018986029248424
0.018986082843420
0.018985436201152
0.018984189871401
0.018982488255719
0.018980503833079
0.018978420017116
0.018976414236102
0.018974642712217
0.018973228177386
0.018972251426994
0.018971747215555
0.018971704578771
0.018972071263351
0.018972761594825
0.018973666843156
0.018974666976330
0.018975642633057
0.018976486196675
0.018977111002835
0.018977457944381
0.018977499022915
0.018977237708505
0.018976706276891
0.018975960569030
0.018975072836762
0.018974123483066
0.018973192565634
0.018972351906470
0.018971658544289
0.018971150094236
0.018970842360526
0.018970729305043
0.018970785233788
0.018970968846963
0.018971228628112
0.018971508938416
0.018971756142860
0.018971924126800
0.018971978658600
0.018971900203931
0.018971684982231
0.018971344254821
0.018970902025432
