0.009166956794194
0.009196646870185
0.009224327024071
0.009249618838722
0.009272061444327
0.009291121841684
0.009306206390661
0.009316673165311
0.009321844904134
0.009321022317389
0.009313497550299
0.009298567638336
0.009275547825605
0.009243784647190
0.009202668698894
0.009151647031783
0.009090235113328
0.009018028291882
0.008934712687329
0.008840075409554
0.008734013980001
0.008616544802647
0.008487810502266
0.008348085922932
0.008197782561540
0.008037451202405
0.007867782522226
0.007689605451485
0.007503883109748
0.007311706178377
0.007114283634039
0.006912930838336
0.006709055060382
0.006504138596774
0.006299719743329
0.006097371960895
0.005898681658957
0.005705225091371
0.005518544914211
0.005340126992915
0.005171378061842
0.005013604832231
0.004867995113434
0.004735601457697
0.004617327762040
0.004513919164683
0.004425955461577
0.004353848145530
0.004297841041358
0.004258014381163
0.004234292039995
0.004226451539599
0.004234136331907
0.004256869799022
0.004294070356422
0.004345067023438
0.004409114831071
0.004485409471882
0.004573100658432
0.004671303742997
0.004779109257900
0.004895590157924
0.005019806678099
0.005150808855408
0.005287636895219
0.005429319686031
0.005574871873551
0.005723289991863
0.005873548211179
0.006024594295179
0.006175346364441
0.006324691035363
0.006471483447349
0.006614549607109
0.006752691371377
0.006884694262913
0.007009338174859
0.007125410871743
0.007231724048162
0.007327131565150
0.007410549355897
0.007480976382665
0.007537515940629
0.007579396546093
0.007605991619001
0.007616837174626
0.007611646777050
0.007590323076582
0.007552965352187
0.007499872604908
0.007431541894445
0.007348661773159
0.007252100843630
0.007142891640953
0.007022210212593
0.006891351930011
0.006751704211280
0.006604716956578
0.006451871593807
0.006294649695604
0.006134502158602
0.005972819929368
0.005810907218449
0.005649958065504
0.005491037006799
0.005335064455101
0.005182807236093
0.005034874540727
0.004891719356239
0.004753645237293
0.004620818080618
0.004493282379396
0.004370981265088
0.004253779501256
0.004141488482439
0.004033892216061
0.003930773230307
0.003831937357778
0.003737236393781
0.003646587717804
0.003559990093807
0.003477535024562
0.003399413221042
0.003325915952326
0.003257431256109
0.003194435205873
0.003137478638754
0.003087169939408
0.003044154641358
0.003009092741149
0.002982634716199
0.002965397290261
0.002957939998270
0.002960743564565
0.002974191026487
0.002998552412416
0.003033973624709
0.003080469990344
0.003137924733480
0.003206092403517
0.003284607069078
0.003372994872306
0.003470690338298
0.003577055660040
0.003691402037515
0.003813012046911
0.003941161956742
0.004075142894960
0.004214279805818
0.004357947216146
0.004505580955224
0.004656685135700
0.004810833899128
0.004967667651115
0.005126883749445
0.005288221854801
0.005451444398441
0.005616312854951
0.005782560722070
0.005949864294973
0.006117812471995
0.006285876936228
0.006453384117821
0.006619490351912
0.006783161605124
0.006943159049689
0.007098031620229
0.007246116497542
0.007385548231623
0.007514276949060
0.007630095795864
0.007730677454588
0.007813619254077
0.007876496071537
0.007916919920381
0.007932604833840
0.007921435403481
0.007881537122870
0.007811346527634
0.007709679020929
0.007575792233088
0.007409442789125
0.007210934449545
0.006981155747521
0.006721605466485
0.006434404581445
0.006122293618140
0.005788614757774
0.005437278421239
0.005072714493909
0.004699808787733
0.004323825768380
0.003950318988439
0.003585031050168
0.003233785260855
0.002902371429485
0.002596428475458
0.002321326671058
0.002082052413523
0.001883098416762
0.001728362126186
0.001621054994426
0.001563625014997
0.001557694601622
0.001604015531382
0.001702442250390
0.001851924383054
0.002050518803008
0.002295421128993
0.002583016016307
0.002908945137464
0.003268191297755
0.003655176724682
0.004063873215799
0.004487921536807
0.004920757238549
0.005355739913442
0.005786282842501
0.006205979994835
0.006608727431400
0.006988836331059
0.007341135094421
0.007661058282715
0.007944720506433
0.008188973781657
0.008391447309568
0.008550569094728
0.008665569287562
0.008736465603406
0.008764031621850
0.008749749193712
0.008695746567595
0.008604724183293
0.008479870356599
0.008324769292138
0.008143304002446
0.007939556779368
0.007717709856854
0.007481948823451
0.007236371191454
0.006984902313168
0.006731220560219
0.006478693358435
0.006230325308915
0.005988719237026
0.005756050607665
0.005534055339730
0.005324030658101
0.005126848249499
0.004942978650680
0.004772525503437
0.004615268069008
0.004470710211402
0.004338133938899
0.004216655538027
0.004105282344270
0.004002968266611
0.003908666314222
0.003821376557054
0.003740188179918
0.003664314552795
0.003593120528457
0.003526141481554
0.003463093910253
0.003403877721839
0.003348570607401
0.003297415168801
0.003250799685661
0.003209233594676
0.003173318893247
0.003143718771131
0.003121124815992
0.003106224131782
0.003099667654659
0.003102040853129
0.003113837862134
0.003135439930829
0.003167098867658
0.003208925951696
0.003260886553927
0.003322800484390
0.003394347858858
0.003475080069696
0.003564435256722
0.003661757511720
0.003766318919882
0.003877343447310
0.003994031628529
0.004115584993590
0.004241229200808
0.004370234907479
0.004501935514333
0.004635741056197
0.004771147676182
0.004907742307570
0.005045202389269
0.005183290649759
0.005321845202597
0.005460765395820
0.005599994040109
0.005739496798880
0.005879239651257
0.006019165430682
0.006159170493752
0.006299082583394
0.006438640916796
0.006577479452816
0.006715114178377
0.006850935103229
0.006984203473103
0.007114054509858
0.007239505771827
0.007359471006766
0.007472779152672
0.007578197936914
0.007674461340082
0.007760300034993
0.007834473789743
0.007895804741402
0.007943210406964
0.007975735302046
0.007992580085010
0.007993127232522
0.007976962378180
0.007943890603316
0.007893947151845
0.007827402241551
0.007744759854244
0.007646750598525
0.007534318943081
0.007408605307659
0.007270923666220
0.007122735456011
0.006965620692878
0.006801247263529
0.006631339397965
0.006457646319484
0.006281912026802
0.006105847085507
0.005931103198054
0.005759251187885
0.005591762879665
0.005429997190530
0.005275190573483
0.005128451780330
0.004990760744753
0.004862971232456
0.004745816770528
0.004639919257237
0.004545799570211
0.004463889438290
0.004394543821808
0.004338053058090
0.004294654072583
0.004264540029182
0.004247867892586
0.004244763496767
0.004255323851408
0.004279616566863
0.004317676431303
0.004369499324782
0.004435033797619
0.004514170768502
0.004606731905625
0.004712457337290
0.004830993392943
0.004961881099206
0.005104546146821
0.005258291003790
0.005422289778858
0.005595586340790
0.005777096076588
0.005965611531138
0.006159812017494
0.006358277127715
0.006559503915601
0.006761927371447
0.006963943671692
0.007163935568654
0.007360299192601
0.007551471473919
0.007735957359835
0.007912355999203
0.008079385100175
0.008235902727480
0.008380925895679
0.008513645428036
0.008633436682473
0.008739865890647
0.008832692007228
0.008911864117582
0.008977514596922
0.009029948346871
0.009069628550963
0.009097159484925
0.009113266987290
0.009118777239346
0.009114594519855
0.009101678590179
0.009081022331251
0.009053630198159
