0.003873501395190
0.003901148344622
0.003920932402335
0.003932532835198
0.003935797348178
0.003930738373377
0.003917523801601
0.003896462567872
0.003867985733615
0.003832623913796
0.003790982065570
0.003743712775942
0.003691489252156
0.003634979225321
0.003574820923868
0.003511602160938
0.003445843414356
0.003377985568114
0.003308382741552
0.003237300370103
0.003164918433844
0.003091339472002
0.003016600786941
0.002940690042660
0.002863563310621
0.002785164517319
0.002705445207487
0.002624383554842
0.002542001626178
0.002458380028418
0.002373669233353
0.002288097070645
0.002201972094110
0.002115682746883
0.002029692465346
0.001944531058390
0.001860782867912
0.001779072350697
0.001700047815915
0.001624364103651
0.001552664998277
0.001485566138385
0.001423639117001
0.001367397368035
0.001317284314829
0.001273664122237
0.001236815253187
0.001206926892004
0.001184098167068
0.001168339990717
0.001159579239383
0.001157664925080
0.001162375962116
0.001173430110555
0.001190493679150
0.001213191592679
0.001241117468334
0.001273843398607
0.001310929199212
0.001351930944961
0.001396408679333
0.001443933240261
0.001494092191842
0.001546494886333
0.001600776701590
0.001656602505435
0.001713669391544
0.001771708713302
0.001830487416121
0.001889808638924
0.001949511526618
0.002009470171916
0.002069591591458
0.002129812641262
0.002190095792756
0.002250423724109
0.002310792731617
0.002371205030411
0.002431660088682
0.002492145219763
0.002552625735431
0.002613035034763
0.002673265059115
0.002733157579043
0.002792496788344
0.002851003660769
0.002908332475136
0.002964069836007
0.003017736413321
0.003068791501161
0.003116640360943
0.003160644176361
0.003200132315993
0.003234416483671
0.003262806244930
0.003284625356657
0.003299228301013
0.003306016435642
0.003304453219111
0.003294078049848
0.003274518362110
0.003245499745633
0.003206853986597
0.003158525056085
0.003100573187957
0.003033177281696
0.002956635929527
0.002871367395840
0.002777908867911
0.002676915250704
0.002569157698591
0.002455521969489
0.002337006560934
0.002214720453409
0.002089880155579
0.001963805630609
0.001837914593770
0.001713714618862
0.001592792482222
0.001476800213154
0.001367437410298
0.001266429523167
0.001175501981733
0.001096350276620
0.001030606337104
0.000979801810876
0.000945329103829
0.000928401274982
0.000930012086182
0.000950897664550
0.000991501335981
0.001051943220797
0.001131996141774
0.001231069277337
0.001348200799852
0.001482060475321
0.001630962874963
0.001792891472913
0.001965533492223
0.002146324930631
0.002332504766561
0.002521176934048
0.002709378281913
0.002894150416036
0.003072613080592
0.003242036578762
0.003399910676436
0.003544007480800
0.003672435941787
0.003783685885931
0.003876659852009
0.003950691443785
0.004005549430665
0.004041427391147
0.004058919282787
0.004058981909280
0.004042885812782
0.004012156620190
0.003968509289946
0.003913778018178
0.003849844751361
0.003778569304436
0.003701723992640
0.003620935453631
0.003537635973169
0.003453026149286
0.003368050160461
0.003283384272147
0.003199438556961
0.003116371152982
0.003034113778249
0.002952406691843
0.002870840872702
0.002788904900183
0.002706033880614
0.002621657778148
0.002535246672540
0.002446350768036
0.002354633394430
0.002259895744337
0.002162092645255
0.002061339233664
0.001957908943539
0.001852223708086
0.001744837671238
0.001636415991288
0.001527710478954
0.001419533841471
0.001312734208054
0.001208171404709
0.001106696149629
0.001009132982308
0.000916267351066
0.000828836896983
0.000747526617576
0.000672967296874
0.000605736370136
0.000546360263704
0.000495317218139
0.000453039662181
0.000419915345533
0.000396286642994
0.000382447690144
0.000378639278198
0.000385041699400
0.000401765972904
0.000428844076292
0.000466218946553
0.000513735088418
0.000571130635444
0.000638031653098
0.000713949360969
0.000798280794349
0.000890313236821
0.000989232549492
0.001094135312737
0.001204044495261
0.001317928183315
0.001434720747930
0.001553345705398
0.001672739439170
0.001791874900784
0.001909784393204
0.002025580560752
0.002138474763670
0.002247792100388
0.002352982454265
0.002453627081577
0.002549440420658
0.002640266984624
0.002726073396985
0.002806935834350
0.002883023345449
0.002954577711531
0.003021890689515
0.003085279625176
0.003145062528529
0.003201533758142
0.003254941458065
0.003305467826450
0.003353213168395
0.003398184501244
0.003440289247013
0.003479334276421
0.003515030278421
0.003547001136651
0.003574797719590
0.003597915253571
0.003615813264336
0.003627936957243
0.003633738867279
0.003632699651003
0.003624347010458
0.003608271924952
0.003584141605998
0.003551708864860
0.003510817869141
0.003461406542052
0.003403506102819
0.003337238439796
0.003262812133423
0.003180517994395
0.003090724949444
0.002993876996031
0.002890491767366
0.002781161015554
0.002666553052813
0.002547416910873
0.002424587710238
0.002298992496224
0.002171655617570
0.002043702611267
0.001916361524482
0.001790960655031
0.001668921823761
0.001551748497313
0.001441008344809
0.001338310119794
0.001245275089395
0.001163503565190
0.001094537404335
0.001039819626414
0.001000652515846
0.000978155739715
0.000973226099273
0.000986500547117
0.001018324042260
0.001068723686794
0.001137390398223
0.001223669130459
0.001326558374940
0.001444719362860
0.001576495061445
0.001719938722706
0.001872851412479
0.002032827630531
0.002197307838184
0.002363636447028
0.002529123599089
0.002691108893376
0.002847025093785
0.002994459795844
0.003131213040819
0.003255348949720
0.003365239608929
0.003459599672994
0.003537510454385
0.003598432636980
0.003642207167626
0.003669044332701
0.003679501494803
0.003674450426899
0.003655035614094
0.003622625273452
0.003578757148021
0.003525081343630
0.003463302581730
0.003395124229802
0.003322196340728
0.003246069688967
0.003168157446496
0.003089705714016
0.003011773636914
0.002935223319261
0.002860719233115
0.002788736335334
0.002719575679013
0.002653385966487
0.002590189255408
0.002529908911214
0.002472397903385
0.002417465665960
0.002364901973707
0.002314496606059
0.002266053957342
0.002219402176216
0.002174396849482
0.002130919655906
0.002088872776881
0.002048170139212
0.002008726763668
0.001970447590273
0.001933217144551
0.001896891302156
0.001861292213697
0.001826207183964
0.001791391981590
0.001756578710236
0.001721488025519
0.001685845156512
0.001649398907785
0.001611942594177
0.001573335707668
0.001533525039817
0.001492563985121
0.001450628825580
0.001408030936228
0.001365224043217
0.001322805896374
0.001281513972258
0.001242215087369
0.001205889061264
0.001173606815232
0.001146503515128
0.001125747561149
0.001112506388806
0.001107910172155
0.001113014611899
0.001128764047022
0.001155956149645
0.001195209448597
0.001246934877581
0.001311312458159
0.001388274105393
0.001477493384662
0.001578382852464
0.001690099384142
0.001811557631385
0.001941451468549
0.002078282988080
0.002220398302944
0.002366029120997
0.002513338787370
0.002660471261044
0.002805601315369
0.002946984142065
0.003083002504435
0.003212209634410
0.003333366201994
0.003445469901683
0.003547776491204
0.003639811470917
0.003721371991152
0.003792519000052
0.003853560074221
0.003905023786360
0.003947626835846
0.003982235480123
0.004009823039666
0.004031425394789
0.004048096440977
