0.040518651926893
0.040478994227896
0.040403753224271
0.040294436397875
0.040153296448688
0.039983281959022
0.039787973489711
0.039571506540948
0.039338483058283
0.039093873376290
0.038842910665741
0.038590980082507
0.038343504906394
0.038105832004700
0.037883118958152
0.037680225146240
0.037501609005739
0.037351233551677
0.037232482086215
0.037148085820427
0.037100064899940
0.037089684061555
0.037117423858696
0.037182968083696
0.037285207689972
0.037422261183018
0.037591511112085
0.037789655961209
0.038012776415582
0.038256414674095
0.038515665198036
0.038785275035871
0.039059751650851
0.039333476007452
0.039600818548772
0.039856255623995
0.040094483905095
0.040310530366751
0.040499855492719
0.040658447514449
0.040782905680691
0.040870510796115
0.040919281547148
0.040928015447800
0.040896313579609
0.040824588659683
0.040714056340325
0.040566710013575
0.040385279755188
0.040173176385921
0.039934421945217
0.039673568155789
0.039395604700364
0.039105859328750
0.038809891960037
0.038513385038601
0.038222032442521
0.037941429229214
0.037676964437644
0.037433719052331
0.037216371076188
0.037029109462390
0.036875558426399
0.036758713404875
0.036680889655899
0.036643684212023
0.036647951611670
0.036693793552063
0.036780562334735
0.036906877718406
0.037070656558351
0.037269154400258
0.037499018012875
0.037756347689213
0.038036768021731
0.038335505762681
0.038647473315865
0.038967356368958
0.039289704164338
0.039609020918587
0.039919856933993
0.040216897996781
0.040495051723900
0.040749529600532
0.040975923541954
0.041170275914154
0.041329142056136
0.041449644462079
0.041529517902517
0.041567144889982
0.041561581025607
0.041512569898753
0.041420547351443
0.041286635062792
0.041112623555076
0.040900944871650
0.040654635326313
0.040377288872272
0.040073001784549
0.039746309490084
0.039402116512195
0.039045620617516
0.038682232360904
0.038317491314036
0.037956980333456
0.037606239270999
0.037270679551411
0.036955501036923
0.036665612565278
0.036405557485965
0.036179445429583
0.035990891428663
0.035842963367123
0.035738138572748
0.035678270186489
0.035664563748351
0.035697564237037
0.035777153594616
0.035902558563749
0.036072368468643
0.036284562387256
0.036536544995916
0.036825190222658
0.037146891725617
0.037497619120217
0.037872978815402
0.038268278285118
0.038678592596583
0.039098832039866
0.039523809751997
0.039948308299957
0.040367144276972
0.040775230071306
0.041167632081859
0.041539624775808
0.041886740105907
0.042204811924694
0.042490015146163
0.042738899509292
0.042948417889799
0.043115949184978
0.043239315860659
0.043316796299094
0.043347132122704
0.043329530692352
0.043263662992199
0.043149657118380
0.042988087588479
0.042779960685606
0.042526696047504
0.042230104709851
0.041892363815859
0.041515988212930
0.041103799172451
0.040658890491244
0.040184592262290
0.039684432637382
0.039162097943644
0.038621391557507
0.038066191981352
0.037500410606983
0.036927949683639
0.036352661033809
0.035778306075165
0.035208517709417
0.034646764627255
0.034096318551799
0.033560224900725
0.033041277290026
0.032541996231178
0.032064612290190
0.031611053884106
0.031182939790810
0.030781576344971
0.030407959190139
0.030062779358087
0.029746433355064
0.029459036854023
0.029200441524998
0.028970254485043
0.028767859816165
0.028592441585437
0.028443007806141
0.028318414801692
0.028217391473768
0.028138563030478
0.028080473796624
0.028041608803116
0.028020413932641
0.028015314480179
0.028024732066139
0.028047099913255
0.028080876562815
0.028124558158574
0.028176689465907
0.028235873817972
0.028300782189433
0.028370161591827
0.028442842964004
0.028517748697954
0.028593899897113
0.028670423413716
0.028746558657169
0.028821664110097
0.028895223436058
0.028966851016073
0.029036296713106
0.029103449636690
0.029168340666014
0.029231143489955
0.029292173937307
0.029351887399265
0.029410874188192
0.029469852729784
0.029529660547802
0.029591243068516
0.029655640342821
0.029723971854237
0.029797419647358
0.029877210070560
0.029964594476086
0.030060829257604
0.030167155628226
0.030284779549586
0.030414852214736
0.030558451464506
0.030716564479890
0.030890072043717
0.031079734605767
0.031286180319465
0.031509895148538
0.031751215071946
0.032010320348274
0.032287231739894
0.032581808545289
0.032893748247465
0.033222587559030
0.033567704631417
0.033928322197179
0.034303511429911
0.034692196334863
0.035093158523041
0.035505042269891
0.035926359813814
0.036355496906397
0.036790718682076
0.037230175966536
0.037671912187368
0.038113871084509
0.038553905439385
0.038989787048818
0.039419218161612
0.039839844571989
0.040249270525339
0.040645075539297
0.041024833179037
0.041386131752421
0.041726596811498
0.042043915265147
0.042335860827134
0.042600320448124
0.042835321312740
0.043039057926767
0.043209918777705
0.043346512026156
0.043447689677367
0.043512569692188
0.043540555524590
0.043531352617686
0.043484981450258
0.043401786798683
0.043282442962060
0.043127954787974
0.042939654429131
0.042719193853632
0.042468533220355
0.042189925312669
0.041885896295751
0.041559223122903
0.041212907962883
0.040850150052535
0.040474315396758
0.040088904741710
0.039697520238275
0.039303831193185
0.038911539276941
0.038524343523656
0.038145905420778
0.037779814349440
0.037429553601488
0.037098467169568
0.036789727484099
0.036506304256887
0.036250934586497
0.036026094485408
0.035833972003018
0.035676442140360
0.035555043780340
0.035470958888935
0.035424994275368
0.035417566229862
0.035448688382989
0.035517963147851
0.035624577112609
0.035767300743651
0.035944492737309
0.036154109319010
0.036393718732883
0.036660521092183
0.036951373672842
0.037262821630680
0.037591134010208
0.037932344792565
0.038282298605980
0.038636700598162
0.038991169850621
0.039341295604416
0.039682695469212
0.040011074706701
0.040322285618485
0.040612386030039
0.040877695848126
0.041114850679971
0.041320851538531
0.041493109718641
0.041629486011809
0.041728323530587
0.041788473533596
0.041809313775831
0.041790759051705
0.041733263746304
0.041637816359248
0.041505926111275
0.041339601882514
0.041141323859993
0.040914008387498
0.040660966611468
0.040385857600572
0.040092636683463
0.039785499798865
0.039468824685153
0.039147109754317
0.038824911499040
0.038506781273684
0.038197202272238
0.037900527500969
0.037620919512561
0.037362292633873
0.037128258382352
0.036922074727944
0.036746599818318
0.036604250745770
0.036496967893656
0.036426185358041
0.036392807895135
0.036397194795670
0.036439151032129
0.036517925962014
0.036632219798935
0.036780197981812
0.036959513480475
0.037167336972942
0.037400394716322
0.037655013810424
0.037927174422748
0.038212568407830
0.038506663616067
0.038804773050722
0.039102127900822
0.039393953356416
0.039675546005560
0.039942351523828
0.040190041301128
0.040414586610847
0.040612328915838
0.040780044926789
0.040915005082404
0.041015024207925
0.041078503228213
0.041104460961959
0.041092555202023
0.041043092489331
0.040957026209819
0.040835942880016
0.040682036731142
0.040498072947852
0.040287340159392
0.040053593011813
0.039800985863766
0.039533998839834
0.039257357639403
0.038975948631685
0.038694730865520
0.038418646684007
0.038152532657674
0.037901032536067
0.037668513867133
0.037458989848953
0.037276047861890
0.037122785984865
0.037001758631367
