4.975192083650036068e+00
5.079716077281041464e+00
5.187000160963780360e+00
5.297132584183774640e+00
5.410204921273060741e+00
5.526312216038052227e+00
5.645553133544106039e+00
5.768030119443405823e+00
5.893849567275827539e+00
6.023121994182654149e+00
6.155962225512947583e+00
6.292489588826262192e+00
6.432828117827352088e+00
6.577106766808121563e+00
6.725459636197323121e+00
6.878026209872457386e+00
7.034951604913134204e+00
7.196386834543190503e+00
7.362489085022394519e+00
7.533422007339541260e+00
7.709356024584053557e+00
7.890468655944900433e+00
8.076944858349024869e+00
8.268977386815942410e+00
8.466767174679640462e+00
8.670523734909945546e+00
8.880465583846364197e+00
9.096820688754272410e+00
9.319826940710948193e+00
9.549732654437741886e+00
9.786797096808180996e+00
1.003129104588011877e+01
1.028349738241849742e+01
1.054371171600010371e+01
1.081224304792556623e+01
1.108941447332782460e+01
1.137556392508282954e+01
1.167104496241916678e+01
1.197622760748958015e+01
1.229149923356102470e+01
1.261726550879384234e+01
1.295395139964719711e+01
1.330200223760951239e+01
1.366188485217100279e+01
1.403408877196947202e+01
1.441912749551424078e+01
1.481753983386045448e+01
1.522989133125598116e+01
1.565677577675490184e+01
1.609881682934683766e+01
1.655666978825860980e+01
1.703102354315575084e+01
1.752260272882671188e+01
1.803217007949203321e+01
1.856052892854927450e+01
1.910852574016032790e+01
1.967705251317225290e+01
2.026704890140285187e+01
2.087950398702751897e+01
2.151545785203525796e+01
2.217600340657191538e+01
2.286228928465496679e+01
2.357552487202703162e+01
2.431698850047498794e+01
2.508803933682023413e+01
2.589013239940204159e+01
2.672483451190656467e+01
2.759383717405773240e+01
2.849896089597859117e+01
2.944214532518285310e+01
3.042542132675029620e+01
3.145086560530074138e+01
3.252054538617656476e+01
3.363646906493978150e+01
3.480056649775961830e+01
3.601472679543157085e+01
3.728091887643802949e+01
3.860140804041530771e+01
3.997905958032090012e+01
4.141768981699913610e+01
4.292239104384586312e+01
4.449972790901484387e+01
4.615768884682951523e+01
4.790528724232396485e+01
4.975175015168919401e+01
5.170530904753938728e+01
5.377171087596559573e+01
5.595268379438638107e+01
5.824469788901333800e+01
6.063843011059141475e+01
6.311934816946673266e+01
6.566974992064285743e+01
6.827242439879209712e+01
7.091584581651667918e+01
7.360049819215561229e+01
7.634559819726396768e+01
7.919519177477218363e+01
8.222240520595998703e+01
8.553058815613289312e+01
8.925023516374653809e+01
9.353093072534363728e+01
9.852812060568287222e+01
1.043852263264823250e+02
1.112124198498510736e+02
1.190641669856373426e+02
1.279183232020353529e+02
1.376600153436988307e+02
1.480736709713322909e+02
1.588462937801650128e+02
1.695843975289504044e+02
1.798459182282251732e+02
1.891869927230294479e+02
1.972218390403817807e+02
2.036922598889741494e+02
2.085417034732078037e+02
2.119875519570197184e+02
2.145845499584738150e+02
2.172721779445995480e+02
2.213994034049375159e+02
2.287216154929781737e+02
2.413665916732929588e+02
2.617689007041799414e+02
2.925749879327974554e+02
3.365240414367531230e+02
3.963123078376919466e+02
4.744505367883921849e+02
5.731254537961457345e+02
6.940764394086929769e+02
8.384978718761093432e+02
1.006975916409974957e+03
1.199466060864018800e+03
1.415314628646950268e+03
1.653324121152618773e+03
1.911858850407619911e+03
2.188984202274734798e+03
2.482630266101323286e+03
2.790768664801207251e+03
3.111590341097245982e+03
3.443671859513950494e+03
3.786118475817298076e+03
4.138673772121280308e+03
4.501787991659301952e+03
4.876640235530301652e+03
5.265113264788737069e+03
5.669723581237442886e+03
6.093513447586094117e+03
6.539915157285319765e+03
7.012600684042738976e+03
7.515331281166769259e+03
8.051821135822316137e+03
8.625626431894173948e+03
9.240066046456089680e+03
9.898172941484481271e+03
1.060266699423549289e+04
1.135593197448888532e+04
1.215997352032350318e+04
1.301633339457034526e+04
1.392593995462927160e+04
1.488888690208573098e+04
1.590415206166448479e+04
1.696929358912265525e+04
1.808018914750144177e+04
1.923090893655077525e+04
2.041382944029694409e+04
2.162009450141263733e+04
2.284050805574562401e+04
2.406689548443195963e+04
2.529389922352397116e+04
2.652108549922331804e+04
2.775514488163418355e+04
2.901188644551115794e+04
3.031767273197180475e+04
3.170993839009523799e+04
3.323649210517857864e+04
3.495342270028047642e+04
3.692160741425695596e+04
3.920203146749065490e+04
4.185034002978882927e+04
4.491121711447604321e+04
4.841328217915675486e+04
5.236518522096311062e+04
5.675345320015872130e+04
6.154240565677804989e+04
6.667614988925738726e+04
7.208233962861812324e+04
7.767709893447789364e+04
8.337033480131528631e+04
8.907063021074836433e+04
9.468903806490931311e+04
1.001413652145575034e+05
1.053488917038515210e+05
1.102378375173734967e+05
1.147381846577343968e+05
1.187826152714656055e+05
1.223062949876084313e+05
1.252480136915166513e+05
1.275528361077852896e+05
1.291759901065771410e+05
1.300873291500365740e+05
1.302754416964168777e+05
1.297504147140673595e+05
1.285444185543810308e+05
1.267096438519469230e+05
1.243136184977196390e+05
1.214324620091098768e+05
1.181430830349053722e+05
1.145155945674290851e+05
1.106072478916326363e+05
1.064589575132812752e+05
1.020950453823809949e+05
9.752625826293809223e+04
9.275551825219136663e+04
8.778536768285406288e+04
8.262576033796208503e+04
7.730078689113825385e+04
7.185311112642879016e+04
6.634529410014906898e+04
6.085771725711332692e+04
5.548338287243465311e+04
5.032037041239997779e+04
4.546307782711776963e+04
4.099352673019647773e+04
3.697394799143166165e+04
3.344161524061740784e+04
3.040651357682119851e+04
2.785199179662478127e+04
2.573812366293941886e+04
2.400716143249632296e+04
2.259024694009839732e+04
2.141447059666974383e+04
2.040943018056746951e+04
1.951261218219420334e+04
1.867315840934404696e+04
1.785384462419147167e+04
1.703134451769415682e+04
1.619504909775572378e+04
1.534483924751825907e+04
1.448826213944707706e+04
1.363754676196764740e+04
1.280682521204274963e+04
1.200982456459470632e+04
1.125817974828793012e+04
1.056040911789352322e+04
9.921504788059246494e+03
9.343027067889484897e+03
8.823558734869999171e+03
8.359368026146841657e+03
7.945143546463055827e+03
7.574692634867966262e+03
7.241529763052580165e+03
6.939316846562946921e+03
6.662148128208273192e+03
6.404695600449441372e+03
6.162245619267862821e+03
5.930663746619583435e+03
5.706324292496049566e+03
5.486035425605261480e+03
5.266982149749921518e+03
5.046699802852006542e+03
4.823081563522038778e+03
4.594415823983096743e+03
4.359443822400176941e+03
4.117424828518745016e+03
3.868195330929867851e+03
3.612209748979862070e+03
3.350552726955115759e+03
3.084916552888731076e+03
2.817541178592253345e+03
2.551118250371803242e+03
2.288664115119044709e+03
2.033369656125535130e+03
1.788436842737970437e+03
1.556912946656154872e+03
1.341533472115119821e+03
1.144584033135645313e+03
9.677898202128867524e+02
8.122391126865945807e+02
6.783447239960522666e+02
5.658445386336809406e+02
4.738396276136351162e+02
4.008660052450471767e+02
3.449940691980004885e+02
3.039482600435202357e+02
2.752385517478788870e+02
2.562950634417367723e+02
2.445973486835804351e+02
2.377907219770110601e+02
2.337832470412403723e+02
2.308186389301934582e+02
2.275222066396830769e+02
2.229189550560273005e+02
2.164249373767353859e+02
2.078147623518743785e+02
1.971696832418176655e+02
1.848118140778159386e+02
1.712306505184540697e+02
1.570081747554536946e+02
1.427484018096302520e+02
1.290163334351646540e+02
1.162900268697120794e+02
1.049279954627373570e+02
9.515259333365315797e+01
8.704855457327772683e+01
8.057459967270425238e+01
7.558509503253137041e+01
7.185821844433699823e+01
6.912695848487783223e+01
6.710952661685536214e+01
6.553631721361745122e+01
6.417131692474404758e+01
6.282673378656037499e+01
6.137048404566719739e+01
5.972695104442671976e+01
5.787204852688710588e+01
5.582403982572415657e+01
5.363177094797706701e+01
5.136197998919473662e+01
4.908717703764709483e+01
4.687529027245381741e+01
4.478189461086144973e+01
4.284542939702721043e+01
4.108541785348017328e+01
3.950336239309250885e+01
3.808573525606726662e+01
3.680833035276958753e+01
3.564119443092873496e+01
3.455340675881060974e+01
3.351710920952432815e+01
3.251037794898607558e+01
3.151874429397199151e+01
3.053538524124074982e+01
2.956018607787835606e+01
2.859800706386773328e+01
2.765655099187446453e+01
2.674422622470541100e+01
2.586833834722335723e+01
2.503383892154904089e+01
2.424273341658313186e+01
2.349412517506404896e+01
2.278476890765110596e+01
2.210994056660635465e+01
2.146440753614196950e+01
2.084330231357985497e+01
2.024275513015010119e+01
1.966021200603402974e+01
1.909443837460128179e+01
1.854526994019526853e+01
1.801321142372703932e+01
1.749899581972796980e+01
1.700320345839761416e+01
1.652600835151974579e+01
1.606707880218328555e+01
1.562562031908735705e+01
1.520051983586139954e+01
1.479053589984651929e+01
1.439448053373052083e+01
1.401135187602406162e+01
1.364039705226810639e+01
1.328110586761476775e+01
1.293315257827477360e+01
1.259631197040515360e+01
1.227037653172687115e+01
1.195509518269345861e+01
1.165014384713691520e+01
1.135512751786938423e+01
1.106960528631460505e+01
1.079312571468751614e+01
1.052526015775629276e+01
1.026562519169578280e+01
1.001389047502411067e+01
9.769773353597898335e+00
9.533024963332763946e+00
9.303413849628331178e+00
9.080712344578556028e+00
8.864688821024547138e+00
8.655106415630793748e+00
8.451726730244482511e+00
8.254315904122277558e+00
8.062650407919628393e+00
7.876520696737619787e+00
7.695732027573265910e+00
7.520102835201502245e+00
7.349461743487758270e+00
7.183644448183773790e+00
7.022491422243311021e+00
6.865846871183874711e+00
6.713558837975940996e+00
6.565480002131215187e+00
6.421468611346694999e+00
6.281389098270718563e+00
6.145112172903457903e+00
6.012514427735987432e+00
5.883477659022429584e+00
5.757888155839612665e+00
5.635636152866419835e+00
5.516615531050685917e+00
5.400723738381657313e+00
5.287861832203208934e+00
5.177934530140435143e+00
5.070850188838011974e+00
