9.261514092641212414e+01
9.604057295904473790e+01
9.969426355850623622e+01
1.036157328535157092e+02
1.078428836854479584e+02
1.124087104061167963e+02
1.173382130733416346e+02
1.226459958643280004e+02
1.283350139919811568e+02
1.343968357511801059e+02
1.408136071640402633e+02
1.475616652024772861e+02
1.546164776160603651e+02
1.619583406557399883e+02
1.695780914526529273e+02
1.774820331797808706e+02
1.856953541691130738e+02
1.942635465511962423e+02
2.032516657342246162e+02
2.127416619587385753e+02
2.228283836125468440e+02
2.336151187598748606e+02
2.452096382913718173e+02
2.577215913222411814e+02
2.712617814239563359e+02
2.859433669628016901e+02
3.018844679706659235e+02
3.192111421199436450e+02
3.380593383174846736e+02
3.585743564353958277e+02
3.809066028589370489e+02
4.052030402517684706e+02
4.315946218671760448e+02
4.601810432532227537e+02
4.910151523943987399e+02
5.240901239840115977e+02
5.593328273034517224e+02
5.966065533404441794e+02
6.357253535614443081e+02
6.764807269761593034e+02
7.186794364347040300e+02
7.621891058222356605e+02
8.069862853928243567e+02
8.532002355217406375e+02
9.011450984592152054e+02
9.513336387024961596e+02
1.004467425983743965e+03
1.061401122141163114e+03
1.123082137199724912e+03
1.190470894392135733e+03
1.264450721079371078e+03
1.345739346843322664e+03
1.434815566343360842e+03
1.531874371507144360e+03
1.636821551308544031e+03
1.749314451954135848e+03
1.868849644499417309e+03
1.994891308696427586e+03
2.127027089146908111e+03
2.265132021367616289e+03
2.409516871919056030e+03
2.561035757650422056e+03
2.721129793097966285e+03
2.891788955046090450e+03
3.075423073426640258e+03
3.274644097210434666e+03
3.491974344612545792e+03
3.729507805271452526e+03
3.988562036185139277e+03
4.269365148118471552e+03
4.570824446975808314e+03
4.890419581874723008e+03
5.224253306496313598e+03
5.567277673540540491e+03
5.913693903805886293e+03
6.257502233049926872e+03
6.593156183886876534e+03
6.916256640089039138e+03
7.224207476085401140e+03
7.516748602555407160e+03
7.796285733222985073e+03
8.067949620436778787e+03
8.339340501329941617e+03
8.619944436209929336e+03
8.920244421289138700e+03
9.250587067006326834e+03
9.619901160586810875e+03
1.003439336323982025e+04
1.049636475136062290e+04
1.100329681354999775e+04
1.154734497261432443e+04
1.211535131969476970e+04
1.268944728378739273e+04
1.324826431372568368e+04
1.376871067732217489e+04
1.422821064492283767e+04
1.460724469864209459e+04
1.489198210237462627e+04
1.507676570006170368e+04
1.516619751332053238e+04
1.517658522299230390e+04
1.513654452424498777e+04
1.508660899404325392e+04
1.507777367024738487e+04
1.516898526101055540e+04
1.542368357911788371e+04
1.590558740868542918e+04
1.667399546088379429e+04
1.777893194877848509e+04
1.925650060713638231e+04
2.112481671077613282e+04
2.338086224196752300e+04
2.599855587504874711e+04
2.892825048846966092e+04
3.209777233327931026e+04
3.541500537330446241e+04
3.877191033242809499e+04
4.204975963537950884e+04
4.512527528208378499e+04
4.787728420146984718e+04
5.019346053423333797e+04
5.197671021135854244e+04
5.315077136733197403e+04
5.366465336246671359e+04
5.349561398592931073e+04
5.265047324060949904e+04
5.116517582934987149e+04
4.910263482100731926e+04
4.654900719179540465e+04
4.360865929562537349e+04
4.039816877095134259e+04
3.703977215594978043e+04
3.365469958655312075e+04
3.035683671412825788e+04
2.724711937435447908e+04
2.440900136076759372e+04
2.190524543617725431e+04
1.977618033140919579e+04
1.803945146852860853e+04
1.669118075884489735e+04
1.570835096904198508e+04
1.505215132380149771e+04
1.467196942739971564e+04
1.450969352915628224e+04
1.450399870385477334e+04
1.459432757311418754e+04
1.472433485850752550e+04
1.484463730240161931e+04
1.491478711236742674e+04
1.490445888641079000e+04
1.479389908979136999e+04
1.457372827052596404e+04
1.424420746293227785e+04
1.381408350756101208e+04
1.329911839562522800e+04
1.272039224687202295e+04
1.210245533767552661e+04
1.147139725706709578e+04
1.085290335573679477e+04
1.027037927959767876e+04
9.743239649214046949e+03
9.285471122758168349e+03
8.904587033446958230e+03
8.601085267491844206e+03
8.368499478798674318e+03
8.194094617751623446e+03
8.060201824229088743e+03
7.946118263293684322e+03
7.830420711542591562e+03
7.693467241781376288e+03
7.519801930449309111e+03
7.300147529540717187e+03
7.032683722982669678e+03
6.723372102442194773e+03
6.385202699364484943e+03
6.036389057335003599e+03
5.697707065554911424e+03
5.389327776901291145e+03
5.127606030825259950e+03
4.922330763034058691e+03
4.774906878646937912e+03
4.677824093562137932e+03
4.615589913007599534e+03
4.567085962544690119e+03
4.509077930253828526e+03
4.420399113651749758e+03
4.286164934763159181e+03
4.101288673889417623e+03
3.872583125779327020e+03
3.618869661801362781e+03
3.368783492125163320e+03
3.156347486825295164e+03
3.014841135182659855e+03
2.969936711750995528e+03
3.033406956336904841e+03
3.198819364539973321e+03
3.440440717609803869e+03
3.716060824842297734e+03
3.973668214060502123e+03
4.161019022255785785e+03
4.236340615001678088e+03
4.177923089033922224e+03
3.990345841976854899e+03
3.705628567649914658e+03
3.378613038248705834e+03
3.077164581587629982e+03
2.869028548750739446e+03
2.808068278042356724e+03
2.922897679394860461e+03
3.210497369141850413e+03
3.636342691393328550e+03
4.141118165260571004e+03
4.652597961664256218e+03
5.100104694424393529e+03
5.428406041804459164e+03
5.608099050695574988e+03
5.640402977586140878e+03
5.555600068742602161e+03
5.405792529071282843e+03
5.253834406689316893e+03
5.160980876346675359e+03
5.175851380034948306e+03
5.326770940099000654e+03
5.618620766671318052e+03
6.034260016427532719e+03
6.539642739826432262e+03
7.091147733456553397e+03
7.643453184629211137e+03
8.156492841020791275e+03
8.600503390838312043e+03
8.958746546301568742e+03
9.228005224236039794e+03
9.417302938304241252e+03
9.545441343260819849e+03
9.637921233034401666e+03
9.723678229249844662e+03
9.831907436413812320e+03
9.989134486821521932e+03
1.021664107083934323e+04
1.052836158007842096e+04
1.092939904290987761e+04
1.141532206987790050e+04
1.197237103705500704e+04
1.257861523743190992e+04
1.320598106667921093e+04
1.382294771380600650e+04
1.439761643160277708e+04
1.490082622411701050e+04
1.530901755442995272e+04
1.560662175448969720e+04
1.578784953132740884e+04
1.585783721506643269e+04
1.583316217901643540e+04
1.574175204279813806e+04
1.562219459356757579e+04
1.552242688003900184e+04
1.549776588915681714e+04
1.560825745895363434e+04
1.591537098363226869e+04
1.647814811765498598e+04
1.734900659474464919e+04
1.856948326581643050e+04
2.016625351267470978e+04
2.214777498778495647e+04
2.450187013116575690e+04
2.719449160728198694e+04
3.016982124994174592e+04
3.335175132530019619e+04
3.664669928469817387e+04
3.994762102453202533e+04
4.313901522529394424e+04
4.610265151033260918e+04
4.872370624222520564e+04
5.089695188705041801e+04
5.253262218695398042e+04
5.356157164447811374e+04
5.393937051365947991e+04
5.364903023428385495e+04
5.270213946989092074e+04
5.113830258886054798e+04
4.902290029722009058e+04
4.644332235459832737e+04
4.350394006879310473e+04
4.032017856781929004e+04
3.701210672983067343e+04
3.369798235189262778e+04
3.048817303660376638e+04
2.747982479741429415e+04
2.475257834170239221e+04
2.236554588217614582e+04
2.035566703253619926e+04
1.873746745780145284e+04
1.750415373123581230e+04
1.662989657191128208e+04
1.607308604052920055e+04
1.578028983632999552e+04
1.569061271698395649e+04
1.574014367799087631e+04
1.586618897890571316e+04
1.601102261857537815e+04
1.612493850555827157e+04
1.616845535814258619e+04
1.611359980119543798e+04
1.594426804255843308e+04
1.565573506560801980e+04
1.525343683164815593e+04
1.475119174289749935e+04
1.416905085967631385e+04
1.353097235788611215e+04
1.286250630347882725e+04
1.218865390017599748e+04
1.153203431886016551e+04
1.091145547096512018e+04
1.034094582880378221e+04
9.829265429568964464e+03
9.379877930239774287e+03
8.991334029358469706e+03
8.657991386968395091e+03
8.370978595618191321e+03
8.119301534979253120e+03
7.890989749185148867e+03
7.674187837366604072e+03
7.458111109086635224e+03
7.233804226955609010e+03
6.994664147002959908e+03
6.736712126818023535e+03
6.458621756754514536e+03
6.161529067278279399e+03
5.848665461546845108e+03
5.524863783292833432e+03
5.195992098626225925e+03
4.868369087905271954e+03
4.548210028261542902e+03
4.241144154686466209e+03
3.951833782377081661e+03
3.683714023714611812e+03
3.438860237326804054e+03
3.217979382744062605e+03
3.020511952354561799e+03
2.844823674822319845e+03
2.688461109481138010e+03
2.548442761975326903e+03
2.421557427141265634e+03
2.304643886429841587e+03
2.194830455449681722e+03
2.089718652202586327e+03
1.987501810028854152e+03
1.887016138940068913e+03
1.787727934553508021e+03
1.689665835341574166e+03
1.593310870108533891e+03
1.499459318885673383e+03
1.409074100394539983e+03
1.323139617272194755e+03
1.242532975263588469e+03
1.167921563991108087e+03
1.099693504294459217e+03
1.037923793259258673e+03
9.823754483355583034e+02
9.325318515955141265e+02
8.876540438356107643e+02
8.468550612125665111e+02
8.091826122088593820e+02
7.737014518171115469e+02
7.395676448331954589e+02
7.060883832601867880e+02
6.727629507621097673e+02
6.393025987041434064e+02
6.056292943689484218e+02
5.718553155381454189e+02
5.382473209506338208e+02
5.051796936462875465e+02
4.730825605159542988e+02
4.423899229974683749e+02
4.134928343868604088e+02
3.867016209494904047e+02
3.622198950734676828e+02
3.401316977373608665e+02
3.204016874952056355e+02
3.028870059742770877e+02
2.873584135307357883e+02
2.735275874917804231e+02
2.610771539561842474e+02
2.496900855312320004e+02
2.390755053632686895e+02
2.289886224924782141e+02
2.192433903521150000e+02
2.097174209843051926e+02
2.003495927895905879e+02
1.911315607000606747e+02
1.820949373399003548e+02
1.732962141338178128e+02
1.648015181385104597e+02
1.566730729080994138e+02
1.489587987596227947e+02
1.416859200251010122e+02
1.348588266716682540e+02
1.284608481063846739e+02
1.224591111628215714e+02
1.168113265931197446e+02
