0.684038336035644
0.690979998988099
0.697950670479658
0.704928391017911
0.711891399810508
0.718818283136114
0.725688099020955
0.732480477985794
0.739175701149127
0.745754758273303
0.752199389326046
0.758492113733703
0.764616251694969
0.770555941713593
0.776296157939859
0.781822730060654
0.787122367447121
0.792182688171404
0.796992252456672
0.801540599235461
0.805818283848687
0.809816914582596
0.813529185740635
0.816948905272626
0.820071015593028
0.822891607038583
0.825407924349257
0.827618367495840
0.829522489012967
0.831120990627796
0.832415722320053
0.833409686956773
0.834107053294905
0.834513179453628
0.834634647976963
0.834479312417173
0.834056354074185
0.833376346242375
0.832451322161796
0.831294841953709
0.829922053231022
0.828349739869582
0.826596353635333
0.824682023971386
0.822628542211567
0.820459317724826
0.818199304902543
0.815874901362416
0.813513819134341
0.811144931801769
0.808798101500652
0.806503990256633
0.804293860335217
0.802199368088289
0.800252355241226
0.798484640746139
0.796927815323188
0.795613039734449
0.794570846799684
0.793830946281086
0.793422031130241
0.793371583272878
0.793705677144217
0.794448779579971
0.795623545382141
0.797250608846702
0.799348372670179
0.801932796831153
0.805017191155668
0.808612016206708
0.812724697790034
0.817359460668472
0.822517186980415
0.828195304362520
0.834387707909514
0.841084718934246
0.848273082109260
0.855936001094760
0.864053211307681
0.872601087186937
0.881552780268729
0.890878383688608
0.900545118429092
0.910517536749600
0.920757738748409
0.931225598855815
0.941879000153267
0.952674075638198
0.963565456781814
0.974506530821676
0.985449709074021
0.996346709035636
1.007148853104830
1.017807386346429
1.028273814867207
1.038500265099779
1.048439862704164
1.058047128000761
1.067278382987649
1.076092163218672
1.084449626272768
1.092314947367205
1.099655691962986
1.106443155057733
1.112652657292277
1.118263789002808
1.123260594879488
1.127631693852178
1.131370331092860
1.134474361456396
1.136946166122391
1.138792506495911
1.140024321435772
1.140656475487614
1.140707466923683
1.140199104986075
1.139156165790419
1.137606035908560
1.135578351781234
1.133104641914949
1.130217977408712
1.126952634863471
1.123343774273514
1.119427133198694
1.115238737456997
1.110814627821426
1.106190601783134
1.101401969347148
1.096483322022604
1.091468314592469
1.086389459811975
1.081277936798428
1.076163414438814
1.071073891568573
1.066035555894669
1.061072663599902
1.056207441259056
1.051460011130764
1.046848340109207
1.042388211694494
1.038093219361277
1.033974778773034
1.030042155507366
1.026302504421062
1.022760916568535
1.019420469744201
1.016282279265533
1.013345546530386
1.010607604114346
1.008063957632361
1.005708326157015
1.003532684528699
1.001527312264630
0.999680854836556
0.997980403713273
0.996411601658756
0.994958779276794
0.993605127682844
0.992332910494406
0.991123716140800
0.989958748926937
0.988819154504685
0.987686372598353
0.986542507201472
0.985370702213391
0.984155508803949
0.982883229841258
0.981542226606561
0.980123173813615
0.978619250651162
0.977026258115347
0.975342656173875
0.973569518129959
0.971710403710989
0.969771156643048
0.967759636521914
0.965685398390244
0.963559336335538
0.961393309430696
0.959199769293623
0.956991408357349
0.954780846599902
0.952580372041208
0.950401746903152
0.948256087143566
0.946153818365255
0.944104706155348
0.942117954036944
0.940202357723958
0.938366500551856
0.936618972062605
0.934968589950073
0.933424605048193
0.931996869820350
0.930695952851998
0.929533185047055
0.928520627395381
0.927670955063347
0.926997257864697
0.926512762567509
0.926230487650430
0.926162845714655
0.926321212498793
0.926715484094854
0.927353645354247
0.928241372511778
0.929381691733834
0.930774712690859
0.932417452519376
0.934303760899943
0.936424351715840
0.938766941190046
0.941316486860749
0.944055516579368
0.946964532205976
0.950022469097647
0.953207190037700
0.956495991068695
0.959866096818202
0.963295124313586
0.966761496858191
0.970244793105092
0.973726020775706
0.977187809246864
0.980614520165029
0.983992280031210
0.987308943041674
0.990553996109373
0.993718420721858
0.996794527969133
0.999775783626588
1.002656639604879
1.005432386454906
1.008099039081335
1.010653264568382
1.013092357292594
1.015414262550336
1.017617646029740
1.019702002863806
1.021667796940964
1.023516618806620
1.025251348995790
1.026876313063158
1.028397414928947
1.029822236382703
1.031160092568717
1.032422035859617
1.033620803514123
1.034770707699633
1.035887469622561
1.036988002444066
1.038090150184780
1.039212391795682
1.040373520895023
1.041592312295040
1.042887186371507
1.044275881616483
1.045775144456841
1.047400443747619
1.049165715412511
1.051083140666734
1.053162959278442
1.055413317547930
1.057840149227149
1.060447086548957
1.063235397930678
1.066203948763576
1.069349181962885
1.072665115560844
1.076143355481263
1.079773122621327
1.083541294364198
1.087432461534968
1.091429002490249
1.095511176418380
1.099657237973055
1.103843575054576
1.108044870909310
1.112234290794111
1.116383692329394
1.120463857445654
1.124444742625665
1.128295743073943
1.131985965609896
1.135484504566865
1.138760714844173
1.141784476527632
1.144526446155680
1.146958290715626
1.149052901730750
1.150784588238210
1.152129248939486
1.153064525200603
1.153569937764310
1.153627010901269
1.153219388187541
1.152332944098870
1.150955895144471
1.149078913349730
1.146695243602589
1.143800824802038
1.140394413014050
1.136477703093931
1.132055443622890
1.127135538673782
1.121729128990187
1.115850644731441
1.109517822062943
1.102751676573541
1.095576427754082
1.088019370503242
1.080110691732203
1.071883232481933
1.063372198389215
1.054614823677991
1.045649995951959
1.036517850783690
1.027259346321865
1.017915828797840
1.008528599871962
0.999138496232184
0.989785490796650
0.980508323371646
0.971344166799135
0.962328332637057
0.953494018399703
0.944872096491749
0.936490943325193
0.928376305817551
0.920551201599252
0.913035848837659
0.905847621603570
0.899001027113434
0.892507701895750
0.886376424846212
0.880613146133631
0.875221031873910
0.870200525289008
0.865549425616082
0.861262986262870
0.857334033584621
0.853753107189407
0.850508621901968
0.847587050501794
0.844973125197077
0.842650054613301
0.840599751983188
0.838803069333966
0.837240031875490
0.835890066567101
0.834732219021075
0.833745353486062
0.832908331610756
0.832200166945666
0.831600153603089
0.831087969045098
0.830643752481737
0.830248161713925
0.829882412337926
0.829528303955650
0.829168238351794
0.828785234486770
0.828362944632303
0.827885675099547
0.827338413863159
0.826706866078723
0.825977497146027
0.825137581711822
0.824175255947142
0.823079569670128
0.821840534483314
0.820449164085147
0.818897503295806
0.817178643065745
0.815286719738494
0.813216898020420
0.810965338354786
0.808529150587890
0.805906336839731
0.803095727255161
0.800096912745258
0.796910178896025
0.793536444920908
0.789977210899284
0.786234515641354
0.782310906441033
0.778209420830936
0.773933579349235
0.769487387375426
0.764875343381234
0.760102450541022
0.755174228586575
0.750096723073891
0.744876509818174
0.739520693079312
0.734036897051221
0.728433251214818
0.722718371041652
0.716901336275927
0.710991669485136
0.704999317690755
