0.000213259576934
0.000212894379559
0.000212575260756
0.000212308899372
0.000212100619385
0.000211953859867
0.000211869773819
0.000211846979749
0.000211881478759
0.000211966738101
0.000212093930545
0.000212252308282
0.000212429681144
0.000212612962376
0.000212788741356
0.000212943841904
0.000213065826965
0.000213143415513
0.000213166784824
0.000213127740446
0.000213019746362
0.000212837818304
0.000212578293134
0.000212238495880
0.000211816332885
0.000211309844005
0.000210716748757
0.000210034020631
0.000209257520615
0.000208381715756
0.000207399501682
0.000206302140192
0.000205079314822
0.000203719299504
0.000202209228530
0.000200535450582
0.000198683945903
0.000196640783955
0.000194392599017
0.000191927063116
0.000189233338950
0.000186302499713
0.000183127907479
0.000179705546487
0.000176034311857
0.000172116257590
0.000167956809848
0.000163564952332
0.000158953390144
0.000154138696829
0.000149141446703
0.000143986331326
0.000138702255418
0.000133322404088
0.000127884270190
0.000122429628261
0.000117004440102
0.000111658676600
0.000106446041099
0.000101423581294
0.000096651179225
0.000092190912384
0.000088106282942
0.000084461316596
0.000081319537303
0.000078742829109
0.000076790201272
0.000075516477774
0.000074970937108
0.000075195932726
0.000076225528685
0.000078084188622
0.000080785559105
0.000084331390415
0.000088710638629
0.000093898792334
0.000099857465125
0.000106534291079
0.000113863154474
0.000121764777182
0.000130147677463
0.000138909502458
0.000147938724001
0.000157116673706
0.000166319879346
0.000175422650805
0.000184299851130
0.000192829776986
0.000200897063868
0.000208395525219
0.000215230831672
0.000221322937240
0.000226608163683
0.000231040862419
0.000234594585145
0.000237262709418
0.000239058483348
0.000240014473737
0.000240181423571
0.000239626547041
0.000238431312237
0.000236688782417
0.000234500605334
0.000231973755667
0.000229217147213
0.000226338238651
0.000223439758695
0.000220616673135
0.000217953507506
0.000215522125152
0.000213380041727
0.000211569334444
0.000210116178640
0.000209031016599
0.000208309335531
0.000207933004335
0.000207872093941
0.000208087084761
0.000208531348339
0.000209153779608
0.000209901451820
0.000210722168486
0.000211566795505
0.000212391271502
0.000213158214424
0.000213838066535
0.000214409746653
0.000214860806218
0.000215187112979
0.000215392111096
0.000215485727823
0.000215483013513
0.000215402612403
0.000215265166167
0.000215091750274
0.000214902435146
0.000214715050637
0.000214544214539
0.000214400664892
0.000214290913446
0.000214217215218
0.000214177828184
0.000214167519270
0.000214178258957
0.000214200037855
0.000214221734974
0.000214231969074
0.000214219871050
0.000214175726061
0.000214091447960
0.000213960864286
0.000213779806349
0.000213546014336
0.000213258880873
0.000212919066937
0.000212528030943
0.000212087514760
0.000211599029494
0.000211063379449
0.000210480255370
0.000209847918865
0.000209162989737
0.000208420337882
0.000207613072372
0.000206732613217
0.000205768826476
0.000204710201359
0.000203544048522
0.000202256701795
0.000200833710413
0.000199260014907
0.000197520106275
0.000195598174163
0.000193478254805
0.000191144392909
0.000188580833104
0.000185772255906
0.000182704070564
0.000179362772811
0.000175736370110
0.000171814870903
0.000167590828315
0.000163059923364
0.000158221568315
0.000153079507917
0.000147642394864
0.000141924315988
0.000135945247252
0.000129731418135
0.000123315569237
0.000116737090349
0.000110042029483
0.000103282966156
0.000096518744381
0.000089814062307
0.000083238916344
0.000076867898270
0.000070779344366
0.000065054336632
0.000059775557815
0.000055026004667
0.000050887567757
0.000047439491209
0.000044756732000
0.000042908245418
0.000041955230768
0.000041949378750
0.000042931168659
0.000044928269014
0.000047954098989
0.000052006609546
0.000057067342203
0.000063100819683
0.000070054316329
0.000077858047114
0.000086425802741
0.000095656044952
0.000105433461264
0.000115630962484
0.000126112089984
0.000136733783596
0.000147349445577
0.000157812222103
0.000167978411710
0.000177710900620
0.000186882518426
0.000195379204685
0.000203102877936
0.000209973903715
0.000215933067533
0.000220942972309
0.000224988797317
0.000228078376713
0.000230241579625
0.000231528999699
0.000232009988770
0.000231770096018
0.000230907999054
0.000229532035787
0.000227756464406
0.000225697592187
0.000223469921399
0.000221182461628
0.000218935352091
0.000216816925031
0.000214901322574
0.000213246755057
0.000211894460141
0.000210868390129
0.000210175621569
0.000209807447949
0.000209741084965
0.000209941890009
0.000210365974710
0.000210963072892
0.000211679516988
0.000212461174459
0.000213256202087
0.000214017489905
0.000214704687113
0.000215285728485
0.000215737809941
0.000216047794255
0.000216212060513
0.000216235841791
0.000216132122824
0.000215920191510
0.000215623953643
0.000215270128485
0.000214886443202
0.000214499937129
0.000214135472818
0.000213814531126
0.000213554343672
0.000213367389712
0.000213261257662
0.000213238846215
0.000213298857859
0.000213436520200
0.000213644458842
0.000213913640281
0.000214234304488
0.000214596814071
0.000214992359366
0.000215413475142
0.000215854343413
0.000216310876388
0.000216780592256
0.000217262312823
0.000217755724697
0.000218260853976
0.000218777507697
0.000219304733795
0.000219840345290
0.000220380544835
0.000220919673651
0.000221450095512
0.000221962213246
0.000222444603312
0.000222884244557
0.000223266810957
0.000223576995416
0.000223798832596
0.000223915992941
0.000223912026869
0.000223770546716
0.000223475343359
0.000223010443525
0.000222360121610
0.000221508885709
0.000220441460835
0.000219142792921
0.000217598095070
0.000215792953184
0.000213713501969
0.000211346675268
0.000208680527442
0.000205704615840
0.000202410429046
0.000198791841868
0.000194845576332
0.000190571648159
0.000185973780221
0.000181059767748
0.000175841784205
0.000170336621083
0.000164565858834
0.000158555969324
0.000152338352177
0.000145949308024
0.000139429951082
0.000132826061734
0.000126187877392
0.000119569817165
0.000113030133380
0.000106630481102
0.000100435396002
0.000094511671370
0.000088927626942
0.000083752265456
0.000079054317258
0.000074901178614
0.000071357755220
0.000068485228387
0.000066339767126
0.000064971214449
0.000064421780511
0.000064724778376
0.000065903440271
0.000067969852990
0.000070924050763
0.000074753302418
0.000079431627035
0.000084919568662
0.000091164255947
0.000098099766830
0.000105647811716
0.000113718740745
0.000122212872079
0.000131022128526
0.000140031959541
0.000149123514970
0.000158176026162
0.000167069339782
0.000175686540228
0.000183916588637
0.000191656900556
0.000198815780939
0.000205314634694
0.000211089873796
0.000216094448187
0.000220298937300
0.000223692151869
0.000226281211340
0.000228091080242
0.000229163566488
0.000229555805094
0.000229338271292
0.000228592386514
0.000227407798376
0.000225879430623
0.000224104410244
0.000222178985915
0.000220195554068
0.000218239905912
0.000216388800532
0.000214707956018
0.000213250532837
0.000212056162037
0.000211150546467
0.000210545636984
0.000210240359073
0.000210221839741
0.000210467061367
0.000210944849709
0.000211618088616
0.000212446045076
0.000213386685510
0.000214398868100
0.000215444305949
0.000216489211711
