0.005158521036106
0.005043602929444
0.004934770537553
0.004833726525299
0.004742152887657
0.004661670410686
0.004593796687343
0.004539903974777
0.004501178281414
0.004478581127156
0.004472815422301
0.004484296855962
0.004513132070483
0.004559104724618
0.004621670318005
0.004699960368405
0.004792796210153
0.004898712328865
0.005015988777953
0.005142691852926
0.005276721847339
0.005415866397285
0.005557857656509
0.005700431347026
0.005841385613032
0.005978637577799
0.006110275568728
0.006234605134211
0.006350187222016
0.006455867211996
0.006550793881012
0.006634427806400
0.006706539164629
0.006767195331188
0.006816739113292
0.006855758827052
0.006885051746254
0.006905582685526
0.006918439625694
0.006924788337923
0.006925827915879
0.006922748986665
0.006916696152006
0.006908735925439
0.006899831096578
0.006890822089749
0.006882415511855
0.006875179723488
0.006869546936743
0.006865821059025
0.006864190277076
0.006864743218355
0.006867487442174
0.006872369000862
0.006879291867673
0.006888136145589
0.006898774138862
0.006911083574264
0.006924957487297
0.006940310525458
0.006957081651919
0.006975233445851
0.006994748379423
0.007015622597887
0.007037857832999
0.007061452138942
0.007086390154641
0.007112633570271
0.007140112414461
0.007168717689377
0.007198295771924
0.007228644879164
0.007259513773106
0.007290602761541
0.007321566943634
0.007352021555822
0.007381549197847
0.007409708661169
0.007436045042000
0.007460100796627
0.007481427385063
0.007499597147159
0.007514215060310
0.007524930037352
0.007531445435624
0.007533528462782
0.007531018182273
0.007523831842548
0.007511969281021
0.007495515188629
0.007474639065493
0.007449592754262
0.007420705505641
0.007388376609887
0.007353065716770
0.007315281061297
0.007275565909114
0.007234483628336
0.007192601877895
0.007150476470215
0.007108635512561
0.007067564452200
0.007027692642091
0.006989382004661
0.006952918301506
0.006918505418714
0.006886262955037
0.006856227258918
0.006828355907338
0.006802535462406
0.006778592188623
0.006756305272874
0.006735421967820
0.006715673983790
0.006696794389577
0.006678534252052
0.006660678249857
0.006643058537498
0.006625566210971
0.006608159831187
0.006590870592005
0.006573803869662
0.006557137052955
0.006541113721394
0.006526034404090
0.006512244308016
0.006500118543440
0.006490045490520
0.006482409038856
0.006477570487227
0.006475850910848
0.006477514787275
0.006482755619738
0.006491684210391
0.006504320119347
0.006520586703508
0.006540309968565
0.006563221295601
0.006588963928483
0.006617102938251
0.006647138224052
0.006678519974672
0.006710665906960
0.006742979522685
0.006774868587245
0.006805763033834
0.006835131534681
0.006862496054633
0.006887443807228
0.006909636163767
0.006928814214477
0.006944800839840
0.006957499310997
0.006966888592805
0.006973015663897
0.006975985288388
0.006975947768623
0.006973085273867
0.006967597374432
0.006959686414429
0.006949543330852
0.006937334475330
0.006923189922138
0.006907193657299
0.006889375944797
0.006869708063075
0.006848099503920
0.006824397631705
0.006798389718196
0.006769807199834
0.006738331952776
0.006703604346583
0.006665232819925
0.006622804719233
0.006575898151275
0.006524094619696
0.006466992239635
0.006404219349511
0.006335448360732
0.006260409700775
0.006178905709701
0.006090824342556
0.005996152509291
0.005894988850019
0.005787555698288
0.005674209931531
0.005555452350172
0.005431935170323
0.005304467165635
0.005174015958230
0.005041706943126
0.004908818341309
0.004776771918673
0.004647118985005
0.004521521401022
0.004401727471575
0.004289542786870
0.004186796285353
0.004095302044010
0.004016817543948
0.003952999399258
0.003905357761805
0.003875210809791
0.003863640879638
0.003871453896134
0.003899143783848
0.003946863495286
0.004014404163391
0.004101183677150
0.004206245693046
0.004328269740370
0.004465592667956
0.004616241230628
0.004777975146047
0.004948339489332
0.005124724857780
0.005304433354941
0.005484748134426
0.005663004028219
0.005836656676944
0.006003347589846
0.006160962693591
0.006307682177927
0.006442019802767
0.006562850278955
0.006669423851969
0.006761367777848
0.006838674954740
0.006901680531315
0.006951027825624
0.006987625327673
0.007012596903387
0.007027227549632
0.007032907158887
0.007031074735017
0.007023165362310
0.007010561979896
0.006994553670196
0.006976301755694
0.006956814538983
0.006936931044504
0.006917313654350
0.006898449100885
0.006880656908360
0.006864104082061
0.006848824639111
0.006834742466066
0.006821695974676
0.006809463102610
0.006797785359089
0.006786389830675
0.006775008321190
0.006763393081610
0.006751328870349
0.006738641352290
0.006725202079498
0.006710930484285
0.006695793447201
0.006679803073853
0.006663013325636
0.006645516104804
0.006627437302671
0.006608933192384
0.006590187398631
0.006571408520330
0.006552828333340
0.006534700371762
0.006517298589423
0.006500915745434
0.006485861143838
0.006472457387566
0.006461035878117
0.006451930897809
0.006445472241629
0.006441976509193
0.006441737311554
0.006445014780163
0.006452024874634
0.006462929062536
0.006477824981403
0.006496738686596
0.006519619038402
0.006546334690579
0.006576674016633
0.006610348157873
0.006646997209061
0.006686199384460
0.006727482840733
0.006770339683875
0.006814241564479
0.006858656176091
0.006903063919890
0.006946973987583
0.006989939142637
0.007031568545027
0.007071538061810
0.007109597628613
0.007145575368427
0.007179378326019
0.007210989831116
0.007240463653958
0.007267915256166
0.007293510562566
0.007317452781014
0.007339967874031
0.007361289335884
0.007381642950464
0.007401232198839
0.007420224951494
0.007438742020798
0.007456848066734
0.007474545246750
0.007491769882865
0.007508392290494
0.007524219779094
0.007539002700140
0.007552443288776
0.007564206927243
0.007573935356112
0.007581261277902
0.007585823740544
0.007587283657963
0.007585338822953
0.007579737793609
0.007570292087193
0.007556886191849
0.007539485003022
0.007518138402898
0.007492982822290
0.007464239749179
0.007432211270912
0.007397272852254
0.007359863654348
0.007320474785957
0.007279635945296
0.007237900956207
0.007195832725713
0.007153988151235
0.007112903486332
0.007073080635657
0.007034974795734
0.006998983791182
0.006965439379717
0.006934600716991
0.006906650087651
0.006881690925028
0.006859748061543
0.006840770077828
0.006824633552662
0.006811148960049
0.006800067915153
0.006791091438493
0.006783878888178
0.006778057203418
0.006773230108941
0.006768986949059
0.006764910851335
0.006760585962303
0.006755603550273
0.006749566831485
0.006742094443918
0.006732822565636
0.006721405749161
0.006707516617033
0.006690844633264
0.006671094227458
0.006647982599558
0.006621237570234
0.006590595861961
0.006555802196455
0.006516609573746
0.006472781056079
0.006424093316406
0.006370342128001
0.006311349871314
0.006246975020442
0.006177123449174
0.006101761271052
0.006020928805215
0.005934755146335
0.005843472718626
0.005747431116693
0.005647109484657
0.005543126663771
0.005436248350373
0.005327390552141
0.005217618711310
0.005108141977572
0.005000302258080
0.004895557843390
0.004795461601089
0.004701633937126
0.004615730941262
0.004539408349918
0.004474282168598
0.004421886988504
0.004383633199276
0.004360764433677
0.004354316672636
0.004365080483549
0.004393567855492
