0.005812679451464
0.005818822511006
0.005828382375088
0.005841356475890
0.005857730380137
0.005877478949169
0.005900567845830
0.005926955574099
0.005956596162983
0.005989442500005
0.006025450192413
0.006064581700318
0.006106810360755
0.006152123821220
0.006200526339582
0.006252039396036
0.006306700108819
0.006364557050892
0.006425663225918
0.006490066169516
0.006557795381621
0.006628847549627
0.006703170268988
0.006780645186410
0.006861071659925
0.006944152132097
0.007029480433830
0.007116534169005
0.007204672173475
0.007293137801614
0.007381068482566
0.007467511625272
0.007551446559828
0.007631811809426
0.007707536619643
0.007777575356892
0.007840943148987
0.007896750996625
0.007944238547434
0.007982802798815
0.008012021179126
0.008031667738102
0.008041721538995
0.008042366763656
0.008033984490150
0.008017136551586
0.007992542305535
0.007961049509121
0.007923600783192
0.007881197343302
0.007834861765700
0.007785601540955
0.007734375051139
0.007682061400642
0.007629435253237
0.007577147500749
0.007525712235894
0.007475500148193
0.007426738130836
0.007379514598123
0.007333789783498
0.007289410127472
0.007246125777174
0.007203610203035
0.007161480986064
0.007119320929151
0.007076698782854
0.007033189032836
0.006988390355458
0.006941942493848
0.006893541425961
0.006842952779342
0.006790023489690
0.006734691702093
0.006676994879737
0.006617076024097
0.006555187835190
0.006491694564628
0.006427071252587
0.006361900006039
0.006296862981052
0.006232731784241
0.006170353110874
0.006110630587820
0.006054502981596
0.006002919153668
0.005956810381326
0.005917060894645
0.005884477688717
0.005859760836207
0.005843475631082
0.005836027926306
0.005837643977307
0.005848355966030
0.005867994160373
0.005896186370403
0.005932365011302
0.005975781694054
0.006025528862535
0.006080567606156
0.006139760426675
0.006201907450901
0.006265784378396
0.006330180350645
0.006393933934275
0.006455965527630
0.006515304721004
0.006571111452976
0.006622690188499
0.006669496773601
0.006711138068236
0.006747364892944
0.006778059217204
0.006803216841285
0.006822927057100
0.006837350901703
0.006846699631567
0.006851214946618
0.006851152288341
0.006846768241548
0.006838312706522
0.006826026103862
0.006810141457805
0.006790890805376
0.006768515026915
0.006743275913586
0.006715469099226
0.006685436400382
0.006653576135280
0.006620350127379
0.006586286331978
0.006551976338302
0.006518067371842
0.006485248826148
0.006454233761007
0.006425736186499
0.006400445283153
0.006378997964434
0.006361951351724
0.006349756792675
0.006342737007630
0.006341067798999
0.006344765515619
0.006353681144620
0.006367501528715
0.006385757801781
0.006407840726687
0.006433022232561
0.006460482108514
0.006489338537800
0.006518680966450
0.006547603703458
0.006575238649437
0.006600785644356
0.006623539103676
0.006642909861800
0.006658441443500
0.006669820316905
0.006676880022720
0.006679599401545
0.006678095433684
0.006672611446532
0.006663501620334
0.006651212826091
0.006636264857209
0.006619230072335
0.006600713359142
0.006581333170166
0.006561704188251
0.006542421968700
0.006524049696280
0.006507107005593
0.006492060658119
0.006479316760660
0.006469214155259
0.006462018612886
0.006457917519737
0.006457014848867
0.006459326349599
0.006464775048163
0.006473187318643
0.006484289936052
0.006497708646724
0.006512968870381
0.006529499172140
0.006546638104131
0.006563644913338
0.006579714447653
0.006593996374184
0.006605618565138
0.006613714223566
0.006617452032891
0.006616068340657
0.006608900148527
0.006595417495769
0.006575253707940
0.006548231947979
0.006514386560161
0.006473977839886
0.006427499089765
0.006375675125520
0.006319451759266
0.006259976194489
0.006198568694939
0.006136686315839
0.006075879886722
0.006017745788738
0.005963874355312
0.005915796927331
0.005874933700522
0.005842544506657
0.005819684570347
0.005807167083860
0.005805534153301
0.005815037305065
0.005835628320368
0.005866960709196
0.005908401666614
0.005959053897789
0.006017786276322
0.006083271934557
0.006154032092299
0.006228483725435
0.006304989067272
0.006381904926491
0.006457629894652
0.006530647696031
0.006599565191321
0.006663143868462
0.006720324019399
0.006770241190055
0.006812234880316
0.006845849840341
0.006870830639442
0.006887110457669
0.006894795255137
0.006894144601676
0.006885550495861
0.006869515469120
0.006846631163254
0.006817558398312
0.006783009525787
0.006743733605472
0.006700504670456
0.006654113071454
0.006605359636163
0.006555052157071
0.006504003545108
0.006453030866587
0.006402954423172
0.006354596041392
0.006308775807996
0.006266306614854
0.006227986053675
0.006194585415211
0.006166835786567
0.006145411489164
0.006130911343629
0.006123838471774
0.006124579536053
0.006133384461601
0.006150347775546
0.006175392726048
0.006208259305875
0.006248497202177
0.006295464528692
0.006348332975525
0.006406099744494
0.006467606337119
0.006531563941923
0.006596584843566
0.006661218964839
0.006723994369860
0.006783460318198
0.006838231278542
0.006887030197774
0.006928729284668
0.006962386611038
0.006987276957082
0.007002915528128
0.007009073439065
0.007005784189219
0.006993340719597
0.006972283039765
0.006943376814518
0.006907583692218
0.006866024518490
0.006819936893709
0.006770628785190
0.006719430083064
0.006667644083851
0.006616500892988
0.006567114656411
0.006520446365415
0.006477273735795
0.006438169352823
0.006403487912059
0.006373362988548
0.006347713351794
0.006326258429440
0.006308542127641
0.006293963858076
0.006281815316473
0.006271321318846
0.006261682839791
0.006252120319281
0.006241915313549
0.006230448661213
0.006217233513066
0.006201941824536
0.006184423221923
0.006164715512407
0.006143046496567
0.006119827142437
0.006095636572858
0.006071199684576
0.006047358540648
0.006025038942157
0.006005213778513
0.005988864869148
0.005976945038316
0.005970342108828
0.005969846363634
0.005976122814469
0.005989689346129
0.006010901488119
0.006039944219678
0.006076830857871
0.006121408730316
0.006173371012073
0.006232273826651
0.006297557487482
0.006368570599132
0.006444595653450
0.006524874747317
0.006608634114139
0.006695106294998
0.006783548968397
0.006873259697681
0.006963586128002
0.007053931454366
0.007143755272382
0.007232570197778
0.007319934884564
0.007405444272037
0.007488718037117
0.007569388313580
0.007647087759708
0.007721439010476
0.007792046443048
0.007858491021655
0.007920328779859
0.007977093256736
0.008028301943016
0.008073466528571
0.008112106489424
0.008143765325365
0.008168028571615
0.008184542571012
0.008193032915005
0.008193321447415
0.008185340775454
0.008169145345425
0.008144918309429
0.008112973624728
0.008073753076561
0.008027818183802
0.007975837219088
0.007918567835012
0.007856836020551
0.007791512303629
0.007723486255704
0.007653640434893
0.007582824921553
0.007511833554286
0.007441382869090
0.007372094587249
0.007304482299062
0.007238942763620
0.007175752003729
0.007115066134605
0.007056926639325
0.007001269606061
0.006947938282367
0.006896698188031
0.006847253964528
0.006799267126915
0.006752373920585
0.006706202564997
0.006660389281089
0.006614592638298
0.006568505909578
0.006521867276744
0.006474467872485
0.006426157769659
0.006376850124662
0.006326523744348
0.006275224372258
0.006223064979972
0.006170225306345
0.006116950816933
