0.004111937338877
0.004111948547998
0.004111959389552
0.004111969866946
0.004111979987685
0.004111989763343
0.004111999209475
0.004112008345506
0.004112017194569
0.004112025783292
0.004112034141542
0.004112042302096
0.004112050300246
0.004112058173332
0.004112065960192
0.004112073700542
0.004112081434293
0.004112089200801
0.004112097038097
0.004112104982092
0.004112113065797
0.004112121318585
0.004112129765523
0.004112138426795
0.004112147317256
0.004112156446115
0.004112165816782
0.004112175426870
0.004112185268368
0.004112195327957
0.004112205587477
0.004112216024507
0.004112226613047
0.004112237324272
0.004112248127319
0.004112258990099
0.004112269880087
0.004112280765084
0.004112291613913
0.004112302397060
0.004112313087213
0.004112323659728
0.004112334092994
0.004112344368706
0.004112354472056
0.004112364391824
0.004112374120405
0.004112383653740
0.004112392991194
0.004112402135352
0.004112411091763
0.004112419868619
0.004112428476381
0.004112436927361
0.004112445235261
0.004112453414678
0.004112461480594
0.004112469447854
0.004112477330660
0.004112485142084
0.004112492893631
0.004112500594861
0.004112508253093
0.004112515873207
0.004112523457548
0.004112531005950
0.004112538515875
0.004112545982669
0.004112553399927
0.004112560759944
0.004112568054250
0.004112575274185
0.004112582411501
0.004112589458956
0.004112596410875
0.004112603263645
0.004112610016117
0.004112616669899
0.004112623229523
0.004112629702470
0.004112636099051
0.004112642432153
0.004112648716857
0.004112654969938
0.004112661209280
0.004112667453221
0.004112673719867
0.004112680026398
0.004112686388400
0.004112692819253
0.004112699329594
0.004112705926890
0.004112712615127
0.004112719394628
0.004112726262014
0.004112733210293
0.004112740229088
0.004112747304972
0.004112754421912
0.004112761561788
0.004112768704969
0.004112775830923
0.004112782918829
0.004112789948178
0.004112796899325
0.004112803753984
0.004112810495650
0.004112817109924
0.004112823584749
0.004112829910545
0.004112836080244
0.004112842089240
0.004112847935251
0.004112853618118
0.004112859139545
0.004112864502804
0.004112869712414
0.004112874773807
0.004112879692995
0.004112884476244
0.004112889129745
0.004112893659291
0.004112898069922
0.004112902365528
0.004112906548344
0.004112910618278
0.004112914571980
0.004112918401510
0.004112922092425
0.004112925621039
0.004112928950515
0.004112932025329
0.004112934763492
0.004112937045716
0.004112938700401
0.004112939483035
0.004112939048072
0.004112936910846
0.004112932396326
0.004112924570648
0.004112912150279
0.004112893382356
0.004112865888190
0.004112826460134
0.004112770799895
0.004112693184051
0.004112586039971
0.004112439412544
0.004112240299396
0.004111971829447
0.004111612257286
0.004111133743884
0.004110500893139
0.004109669014040
0.004108582080211
0.004107170362985
0.004105347721386
0.004103008543129
0.004100024345625
0.004096240065408
0.004091470088845
0.004085494106560
0.004078052908588
0.004068844276319
0.004057519169830
0.004043678453598
0.004026870447781
0.004006589633305
0.003982276873584
0.003953321539811
0.003919065936055
0.003878812410324
0.003831833503953
0.003777385430150
0.003714725080307
0.003643130632071
0.003561925676313
0.003470506593461
0.003368372698103
0.003255158442123
0.003130666731448
0.002994902183018
0.002848102942074
0.002690769512238
0.002523688939209
0.002347952649819
0.002164966295904
0.001976450097786
0.001784428430855
0.001591207750404
0.001399342396986
0.001211588352121
0.001030845599602
0.000860090361813
0.000702299088661
0.000560366640985
0.000437021591615
0.000334741928697
0.000255674655037
0.000201562809846
0.000173683280771
0.000172798422477
0.000199123963875
0.000252314993329
0.000331470995610
0.000435160021809
0.000561461156514
0.000708023561192
0.000872139573959
0.001050828683538
0.001240928710586
0.001439190251396
0.001642370382391
0.001847321788079
0.002051073844727
0.002250902737674
0.002444388371480
0.002629456600922
0.002804406115143
0.002967920095329
0.003119063490543
0.003257267376561
0.003382302348692
0.003494243233019
0.003593427574740
0.003680410382452
0.003755917488297
0.003820799649086
0.003875989191234
0.003922460623631
0.003961196238590
0.003993157320317
0.004019261207386
0.004040364129491
0.004057249471934
0.004070620920661
0.004081099807043
0.004089225901224
0.004095460888090
0.004100193790900
0.004103747673020
0.004106387036802
0.004108325439763
0.004109732952752
0.004110743185396
0.004111459695281
0.004111961675785
0.004112308881326
0.004112545797917
0.004112705102010
0.004112810473444
0.004112878840725
0.004112922141213
0.004112948677070
0.004112964142097
0.004112972386360
0.004112975976164
0.004112976597442
0.004112975341599
0.004112972904760
0.004112969724383
0.004112966071383
0.004112962111226
0.004112957943760
0.004112953628735
0.004112949201870
0.004112944684775
0.004112940090963
0.004112935429399
0.004112930706550
0.004112925927511
0.004112921096594
0.004112916217589
0.004112911293850
0.004112906328266
0.004112901323183
0.004112896280298
0.004112891200539
0.004112886083957
0.004112880929626
0.004112875735573
0.004112870498728
0.004112865214924
0.004112859878926
0.004112854484511
0.004112849024594
0.004112843491404
0.004112837876697
0.004112832172015
0.004112826368981
0.004112820459615
0.004112814436667
0.004112808293954
0.004112802026689
0.004112795631788
0.004112789108138
0.004112782456823
0.004112775681289
0.004112768787442
0.004112761783674
0.004112754680802
0.004112747491940
0.004112740232285
0.004112732918830
0.004112725570016
0.004112718205323
0.004112710844826
0.004112703508719
0.004112696216821
0.004112688988092
0.004112681840164
0.004112674788901
0.004112667848015
0.004112661028727
0.004112654339505
0.004112647785872
0.004112641370294
0.004112635092149
0.004112628947773
0.004112622930581
0.004112617031267
0.004112611238047
0.004112605536975
0.004112599912285
0.004112594346767
0.004112588822162
0.004112583319558
0.004112577819780
0.004112572303761
0.004112566752888
0.004112561149309
0.004112555476198
0.004112549717969
0.004112543860448
0.004112537890981
0.004112531798502
0.004112525573542
0.004112519208203
0.004112512696080
0.004112506032153
0.004112499212654
0.004112492234903
0.004112485097134
0.004112477798309
0.004112470337934
0.004112462715878
0.004112454932201
0.004112446987006
0.004112438880317
0.004112430611978
0.004112422181605
0.004112413588571
0.004112404832036
0.004112395911036
0.004112386824614
0.004112377572005
0.004112368152860
0.004112358567519
0.004112348817297
0.004112338904796
0.004112328834214
0.004112318611628
0.004112308245249
0.004112297745616
0.004112287125712
0.004112276400993
0.004112265589315
0.004112254710748
0.004112243787277
0.004112232842396
0.004112221900597
0.004112210986784
0.004112200125620
0.004112189340836
0.004112178654535
0.004112168086520
0.004112157653666
0.004112147369388
0.004112137243196
0.004112127280386
0.004112117481864
0.004112107844117
0.004112098359323
0.004112089015601
0.004112079797382
0.004112070685880
0.004112061659646
0.004112052695172
0.004112043767517
0.004112034850938
0.004112025919484
0.004112016947551
0.004112007910355
0.004111998784341
0.004111989547486
0.004111980179525
0.004111970662084
0.004111960978724
0.004111951114925
0.004111941058006
0.004111930796995
