0.002990262590986
0.002991179738829
0.002992115418442
0.002992995180583
0.002993747996100
0.002994312299184
0.002994641330486
0.002994707320655
0.002994504145518
0.002994048206956
0.002993377438593
0.002992548490909
0.002991632303447
0.002990708409546
0.002989858429910
0.002989159285621
0.002988676692358
0.002988459482327
0.002988535239576
0.002988907632209
0.002989555689683
0.002990435115471
0.002991481557874
0.002992615598237
0.002993749070019
0.002994792206255
0.002995661036955
0.002996284428776
0.002996610179740
0.002996609651077
0.002996280531167
0.002995647474467
0.002994760529495
0.002993691450644
0.002992528164095
0.002991367813897
0.002990308937385
0.002989443398835
0.002988848739667
0.002988581579311
0.002988672624389
0.002989123720651
0.002989907221500
0.002990967761631
0.002992226328961
0.002993586338559
0.002994941244135
0.002996183089898
0.002997211319505
0.002997941127145
0.002998310661846
0.002998286478642
0.002997866763353
0.002997082031394
0.002995993201763
0.002994687159169
0.002993270123316
0.002991859327691
0.002990573655738
0.002989523977636
0.002988803967507
0.002988482154964
0.002988595877540
0.002989147657798
0.002990104341526
0.002991399115689
0.002992936293929
0.002994598531669
0.002996255930681
0.002997776330838
0.002999035978602
0.002999929716982
0.003000379865068
0.003000343045967
0.002999814373937
0.002998828613539
0.002997458160378
0.002995807946057
0.002994007619319
0.002992201580976
0.002990537633565
0.002989155132332
0.002988173581064
0.002987682598558
0.002987734089357
0.002988337291616
0.002989457157343
0.002991016261980
0.002992900161275
0.002994965835525
0.002997052606696
0.002998994703444
0.003000634500293
0.003001835383216
0.003002493202036
0.003002545361349
0.003001976770526
0.003000822107883
0.002999164137031
0.002997128123222
0.002994872710158
0.002992577908387
0.002990431091632
0.002988612076580
0.002987278459324
0.002986552388078
0.002986509864613
0.002987173490747
0.002988509323236
0.002990428188730
0.002992791463464
0.002995420966691
0.002998112280402
0.003000650517804
0.003002827343261
0.003004457916192
0.003005396403117
0.003005548780544
0.003004881833170
0.003003427525216
0.003001282268451
0.002998601003244
0.002995586419066
0.002992474036419
0.002989514221645
0.002986952480646
0.002985009553581
0.002983862893356
0.002983631048210
0.002984362284145
0.002986028487345
0.002988524999862
0.002991676591453
0.002995249289802
0.002998967317266
0.003002533952151
0.003005654781424
0.003008061569826
0.003009534860118
0.003009923453757
0.003009159102848
0.003007265063785
0.003004357600345
0.003000640049305
0.002996389637055
0.002991937818127
0.002987645450842
0.002983874587507
0.002980958997292
0.002979175727778
0.002978720024953
0.002979685762788
0.002982053187337
0.002985685275631
0.002990333377967
0.002995652096539
0.003001222604593
0.003006582884397
0.003011262716004
0.003014820735467
0.003016880546991
0.003017162753283
0.003015509883074
0.003011901548875
0.003006457748749
0.002999429003346
0.002991172947831
0.002982118018855
0.002972715920709
0.002963385548677
0.002954451917353
0.002946084318411
0.002938238356932
0.002930606643495
0.002922582724354
0.002913242308749
0.002901345016984
0.002885358763836
0.002863507567340
0.002833842108607
0.002794330852211
0.002742968064310
0.002677893733940
0.002597519303816
0.002500652331299
0.002386612792134
0.002255333751842
0.002107439580139
0.001944295763649
0.001768025645416
0.001581491024956
0.001388235405910
0.001192390678027
0.000998550052855
0.000811612019363
0.000636601830307
0.000478478465179
0.000341936050040
0.000231209279113
0.000149892435252
0.000100781133211
0.000085744928833
0.000105637496737
0.000160249254304
0.000248305199497
0.000367508450626
0.000514627654684
0.000685624197421
0.000875813128559
0.001080050022819
0.001292934726211
0.001509022157238
0.001723030085481
0.001930034105513
0.002125640840893
0.002306131699600
0.002468571180416
0.002610875699371
0.002731841050680
0.002831128813289
0.002909214137055
0.002967299272781
0.003007198842947
0.003031204099305
0.003041934218705
0.003042183016239
0.003034769300853
0.003022398487531
0.003007542063148
0.002992340154114
0.002978530854502
0.002967408246909
0.002959809292790
0.002956128090836
0.002956354498801
0.002960132869509
0.002966835730059
0.002975646676260
0.002985646579684
0.002995897405124
0.003005518481188
0.003013750905021
0.003020006826036
0.003023901563699
0.003025267785476
0.003024152217445
0.003020796501517
0.003015604779987
0.003009101324891
0.003001881999218
0.002994563521190
0.002987734403882
0.002981911081311
0.002977502146757
0.002974782871060
0.002973881298947
0.002974776306255
0.002977307106506
0.002981192883625
0.002986060552222
0.002991478149403
0.002996991069851
0.003002158280636
0.003006585789538
0.003009954971473
0.003012043849482
0.003012740037244
0.003012044729658
0.003010067824313
0.003007014917924
0.003003167500915
0.002998858130867
0.002994442672458
0.002990271830841
0.002986664173005
0.002983882636306
0.002982116185363
0.002981467828127
0.002981949676664
0.002983485179749
0.002985918105725
0.002989027355837
0.002992546276208
0.002996184838783
0.002999652896724
0.003002682696043
0.003005048940082
0.003006584943921
0.003007193759878
0.003006853573943
0.003005617132286
0.003003605421080
0.003000996256326
0.002998008811293
0.002994885391102
0.002991871937979
0.002989198806499
0.002987063284728
0.002985615162466
0.002984946378236
0.002985085435118
0.002985996890044
0.002987585822343
0.002989706805858
0.002992176573799
0.002994789301004
0.002997333253097
0.002999607477391
0.003001437239623
0.003002687039041
0.003003270249736
0.003003154719945
0.003002363989851
0.003000974135858
0.002999106588289
0.002996917573886
0.002994585081773
0.002992294423771
0.002990223545437
0.002988529238225
0.002987335308107
0.002986723581071
0.002986728386328
0.002987334873728
0.002988481215727
0.002990064440432
0.002991949364405
0.002993979862929
0.002995991548505
0.002997824837104
0.002999337371747
0.003000414843672
0.003000979395459
0.003000994995560
0.003000469422521
0.002999452769546
0.002998032654365
0.002996326574012
0.002994472059703
0.002992615447314
0.002990900172432
0.002989455519504
0.002988386701856
0.002987767028792
0.002987632738105
0.002987980852243
0.002988770171885
0.002989925271567
0.002991343127779
0.002992901808855
0.002994470503281
0.002995920069878
0.002997133266184
0.002998013851149
0.002998493860929
0.002998538512887
0.002998148389727
0.002997358776855
0.002996236253663
0.002994872855448
0.002993378310091
0.002991870998206
0.002990468376256
0.002989277632894
0.002988387317888
0.002987860593917
0.002987730622095
0.002987998414225
0.002988633283177
0.002989575813728
0.002990743076562
0.002992035633569
0.002993345746648
0.002994566115244
0.002995598435976
0.002996361102802
0.002996795445271
0.002996870028602
0.002996582701716
0.002995960264488
0.002995055818298
0.002993944048778
0.002992714851889
0.002991465841324
0.002990294357148
0.002989289626415
0.002988525704664
0.002988055755009
0.002987908105563
0.002988084376082
0.002988559793524
0.002989285637740
0.002990193587275
0.002991201585013
0.002992220725884
0.002993162593344
0.002993946443160
0.002994505654025
0.002994792932281
0.002994783866408
0.002994478566700
