0.235516876685505
0.235963919054072
0.236602604070402
0.237422925330759
0.238411324799159
0.239550992709133
0.240822222845758
0.242202815152838
0.243668517015037
0.245193494149844
0.246750821810385
0.248312986945688
0.249852392085792
0.251341852007522
0.252755074682325
0.254067118596013
0.255254819243930
0.256297178423219
0.257175710843026
0.257874743527930
0.258381664473499
0.258687117998860
0.258785145204855
0.258673268865062
0.258352522931664
0.257827427615074
0.257105911685511
0.256199184243526
0.255121558715885
0.253890232260455
0.252525024119036
0.251048076754596
0.249483523863739
0.247857129582091
0.246195903413062
0.244527695620101
0.242880778035886
0.241283415460944
0.239763433045564
0.238347785264319
0.237062132288451
0.235930429721070
0.234974537763403
0.234213855906975
0.233664989175551
0.233341451754695
0.233253413531033
0.233407494608975
0.233806612276617
0.234449884158676
0.235332590432892
0.236446197014818
0.237778440556795
0.239313474987610
0.241032078170500
0.242911916110725
0.244927861031835
0.247052358592295
0.249255838558404
0.251507162408316
0.253774100633532
0.256023831940877
0.258223456147172
0.260340512302651
0.262343493475961
0.264202349677679
0.265888970583490
0.267377640032795
0.268645454715139
0.269672700005430
0.270443176561926
0.270944472050925
0.271168173202452
0.271110014326189
0.270769959420060
0.270152216077749
0.269265180536622
0.268121314391633
0.266736954718080
0.265132060576073
0.263329900089100
0.261356683469226
0.259241148472177
0.257014105773219
0.254707952626285
0.252356163871337
0.249992769859834
0.247651831150218
0.245366919867097
0.243170617409602
0.241094037735318
0.239166384745993
0.237414551378559
0.235862766888989
0.234532297543199
0.233441204542901
0.232604161562383
0.232032332805698
0.231733311062783
0.231711113895337
0.231966234862042
0.232495745633507
0.233293443978040
0.234350041937827
0.235653388069444
0.237188717391095
0.238938922650459
0.240884840683005
0.243005547945427
0.245278659753169
0.247680628292475
0.250187035083615
0.252772874211513
0.255412823285341
0.258081499715248
0.260753700484178
0.263404624131987
0.266010074150018
0.268546643403830
0.270991879560782
0.273324431801760
0.275524179347917
0.277572342540503
0.279451577380597
0.281146054570312
0.282641524200597
0.283925367304024
0.284986635532066
0.285816080222735
0.286406172091762
0.286751112704881
0.286846838766933
0.286691020094300
0.286283051921798
0.285624041938800
0.284716792160282
0.283565775429529
0.282177106035730
0.280558503631044
0.278719249367436
0.276670132965326
0.274423389292661
0.271992622992680
0.269392719763349
0.266639743070145
0.263750815367284
0.260743983305727
0.257638066906843
0.254452493259170
0.251207115927443
0.247922021917996
0.244617328689848
0.241312974302165
0.238028504312889
0.234782859459349
0.231594168433804
0.228479550195068
0.225454930219775
0.222534874889240
0.219732447835426
0.217059091545283
0.214524536867605
0.212136742308337
0.209901864170807
0.207824257732634
0.205906508787065
0.204149494049261
0.202552468169749
0.201113174436623
0.199827975707049
0.198692001703192
0.197699308546083
0.196843046284775
0.196115630201740
0.195508911827907
0.195014345865817
0.194623149577926
0.194326451627920
0.194115427843994
0.193981421883970
0.193916049303447
0.193911284043856
0.193959526854536
0.194053655631715
0.194187058091755
0.194353647592387
0.194547863272664
0.194764656000076
0.194999461892191
0.195248165420630
0.195507054306566
0.195772768577118
0.196042246267554
0.196312668319830
0.196581405237467
0.196845968003158
0.197103965642221
0.197353071616594
0.197591000957159
0.197815499686506
0.198024347653619
0.198215375404097
0.198386495157342
0.198535745372698
0.198661347781169
0.198761775162630
0.198835827586800
0.198882714337284
0.198902138327754
0.198894379521967
0.198860373704363
0.198801782929835
0.198721054117244
0.198621462541727
0.198507137417844
0.198383067334010
0.198255083975910
0.198129823334339
0.198014664398141
0.197917646149855
0.197847364473588
0.197812851315914
0.197823439078825
0.197888613740975
0.198017860578564
0.198220506575774
0.198505563670951
0.198881576880438
0.199356481087238
0.199937469893222
0.200630879433808
0.201442089470332
0.202375443436655
0.203434188453830
0.204620435668873
0.205935140648461
0.207378102988410
0.208947983804112
0.210642339358515
0.212457668770551
0.214389473530100
0.216432326423114
0.218579947435508
0.220825284247120
0.223160595035640
0.225577531472489
0.228067219995883
0.230620339679606
0.233227195270184
0.235877784232732
0.238561856922144
0.241268969278214
0.243988527729433
0.246709826280015
0.249422076047579
0.252114427813738
0.254775988444009
0.257395832322233
0.259963009221201
0.262466550285992
0.264895474027772
0.267238794400500
0.269485533146525
0.271624738635565
0.273645513372156
0.275537052199259
0.277288692973501
0.278889981129279
0.280330749088099
0.281601210916235
0.282692072003808
0.283594652853696
0.284301025355581
0.284804159209658
0.285098075488568
0.285178003718135
0.285040538349580
0.284683790116265
0.284107527540612
0.283313303798600
0.282304564269398
0.281086730397586
0.279667255966938
0.278055652512273
0.276263481355490
0.274304310614089
0.272193636460200
0.269948768868505
0.267588683043932
0.265133838628166
0.262605969613960
0.260027848619659
0.257423029770417
0.254815574882473
0.252229767944484
0.249689823035227
0.247219590816425
0.244842268606161
0.242580118788974
0.240454199974513
0.238484114899398
0.236687778599011
0.235081209878340
0.233678348601939
0.232490900817736
0.231528213238556
0.230797178136359
0.230302169260422
0.230045008972322
0.230024966395659
0.230238786003830
0.230680745710925
0.231342743186794
0.232214408786115
0.233283243164151
0.234534777352841
0.235952752795970
0.237519318600207
0.239215243059781
0.241020136367269
0.242912681341507
0.244870868994659
0.246872235829763
0.248894099909643
0.250913792965353
0.252908886110090
0.254857407080373
0.256738047323337
0.258530357666985
0.260214931725616
0.261773576581804
0.263189470625017
0.264447308694213
0.265533434849957
0.266435963178494
0.267144887000170
0.267652176719457
0.267951866321986
0.268040128212541
0.267915335718777
0.267578112186834
0.267031365198275
0.266280304075672
0.265332438549254
0.264197556259128
0.262887676691610
0.261416979213271
0.259801703083356
0.258060017697097
0.256211861832955
0.254278751331372
0.252283555398937
0.250250242581074
0.248203598344978
0.246168917125965
0.244171672577524
0.242237170591994
0.240390190391715
0.238654619601726
0.237053089681641
0.235606618400755
0.234334266177664
0.233252813071822
0.232376463013923
0.231716581504379
0.231281472508671
0.231076199651956
0.231102456081815
0.231358486546669
0.231839064347183
0.232535524876302
0.233435856486601
0.234524848425537
0.235784294572782
0.237193250710384
0.238728342067840
0.240364116920859
0.242073441097771
0.243827927374522
0.245598392934074
0.247355337346469
0.249069432911336
0.250712018715925
0.252255589419993
0.253674269603993
0.254944264527359
0.256044278353300
0.256955891315182
0.257663887930425
0.258156529206716
0.258425762820960
0.258467366463698
0.258281020903386
0.257870310802064
0.257242652866024
0.256409152498752
0.255384391691901
0.254186152397424
0.252835081025847
0.251354300971210
0.249768981138317
