0.456902007835848
0.453066117040181
0.449243385021416
0.445433897813052
0.441637734532561
0.437854968042163
0.434085665601313
0.430329889508968
0.426587697733763
0.422859144530196
0.419144281039069
0.415443155870313
0.411755815666680
0.408082305646529
0.404422670124298
0.400776953007199
0.397145198266823
0.393527450384484
0.389923754769154
0.386334158147105
0.382758708922393
0.379197457507488
0.375650456623491
0.372117761569585
0.368599430461338
0.365095524437826
0.361606107837557
0.358131248343308
0.354671017096249
0.351225488779714
0.347794741673230
0.344378857677491
0.340977922311063
0.337592024679818
0.334221257420112
0.330865716616858
0.327525501697810
0.324200715305329
0.320891463147131
0.317597853827492
0.314319998660505
0.311058011466982
0.307812008356747
0.304582107497950
0.301368428875228
0.298171094038416
0.294990225843617
0.291825948188377
0.288678385742747
0.285547663677958
0.282433907394422
0.279337242250757
0.276257793295450
0.273195685002728
0.270151041014187
0.267123983887598
0.264114634854290
0.261123113586381
0.258149537975110
0.255194023921338
0.252256685139283
0.249337632974389
0.246436976236177
0.243554821046774
0.240691270705744
0.237846425571715
0.235020382961207
0.232213237064946
0.229425078881824
0.226655996170591
0.223906073419237
0.221175391831909
0.218464029333132
0.215772060588991
0.213099557044832
0.210446586978937
0.207813215571598
0.205199504988845
0.202605514480093
0.200031300488824
0.197476916775443
0.194942414551282
0.192427842622765
0.189933247544655
0.187458673781273
0.185004163874523
0.182569758617590
0.180155497233087
0.177761417554453
0.175387556209401
0.173033948804187
0.170700630107496
0.168387634232766
0.166094994817746
0.163822745200170
0.161570918588397
0.159339548225947
0.157128667548898
0.154938310335121
0.152768510844444
0.150619303948812
0.148490725251657
0.146382811195677
0.144295599158329
0.142229127534432
0.140183435805275
0.138158564593781
0.136154555705303
0.134171452153719
0.132209298172574
0.130268139211101
0.128348021915012
0.126448994092049
0.124571104662363
0.122714403593845
0.120878941822644
0.119064771159143
0.117271944179768
0.115500514105066
0.113750534664542
0.112022059948837
0.110315144249863
0.108629841889594
0.106966207038252
0.105324293522691
0.103704154625799
0.102105842877849
0.100529409840675
0.098974905885676
0.097442379966609
0.095931879388220
0.094443449571719
0.092977133818184
0.091532973070947
0.090111005678040
0.088711267155784
0.087333789954594
0.085978603228068
0.084645732606428
0.083335199975346
0.082047023261187
0.080781216223663
0.079537788256883
0.078316744199721
0.077118084156428
0.075941803328341
0.074787891857515
0.073656334683071
0.072547111410967
0.071460196197902
0.070395557649953
0.069353158736536
0.068332956720194
0.067334903102672
0.066358943587677
0.065405018060649
0.064473060585808
0.063562999420703
0.062674757048384
0.061808250227282
0.060963390058816
0.060140082072670
0.059338226329624
0.058557717541766
0.057798445209852
0.057060293777496
0.056343142801848
0.055646867140345
0.054971337153035
0.054316418919990
0.053681974473191
0.053067862042274
0.052473936313468
0.051900048700991
0.051346047630150
0.050811778831343
0.050297085644133
0.049801809330513
0.049325789396480
0.048868863920971
0.048430869891241
0.048011643543689
0.047611020709168
0.047228837161764
0.046864928970058
0.046519132849842
0.046191286517281
0.045881229041502
0.045588801195612
0.045313845805122
0.045056208092800
0.044815736018972
0.044592280616303
0.044385696318122
0.044195841279370
0.044022577689274
0.043865772074896
0.043725295594699
0.043601024321355
0.043492839513012
0.043400627872308
0.043324281792426
0.043263699589571
0.043218785721239
0.043189450989755
0.043175612730534
0.043177194984642
0.043194128655215
0.043226351647388
0.043273808991426
0.043336452948785
0.043414243100904
0.043507146420573
0.043615137325767
0.043738197715897
0.043876316990478
0.044029492050265
0.044197727280958
0.044381034519629
0.044579433004071
0.044792949305315
0.045021617243622
0.045265477788271
0.045524578941554
0.045798975607383
0.046088729444991
0.046393908708230
0.046714588071018
0.047050848439498
0.047402776751546
0.047770465764247
0.048154013830030
0.048553524662152
0.048969107090248
0.049400874806704
0.049848946104602
0.050313443608013
0.050794493995449
0.051292227717254
0.051806778707748
0.052338284092964
0.052886883894759
0.053452720732152
0.054035939520691
0.054636687170663
0.055255112284965
0.055891364857405
0.056545595972257
0.057217957505802
0.057908601830638
0.058617681523468
0.059345349077103
0.060091756617358
0.060857055625498
0.061641396666893
0.062444929126483
0.063267800951618
0.064110158402845
0.064972145813137
0.065853905356059
0.066755576823299
0.067677297411984
0.068619201522151
0.069581420564688
0.070564082780060
0.071567313068056
0.072591232828777
0.073635959815028
0.074701607996271
0.075788287434188
0.076896104169955
0.078025160123204
0.079175553002654
0.080347376228353
0.081540718865433
0.082755665569199
0.083992296541440
0.085250687497678
0.086530909645168
0.087833029671335
0.089157109742352
0.090503207511524
0.091871376137093
0.093261664309093
0.094674116284821
0.096108771932490
0.097565666782596
0.099044832086539
0.100546294881963
0.102070078064349
0.103616200464302
0.105184676930015
0.106775518414360
0.108388732066062
0.110024321324410
0.111682286016931
0.113362622459495
0.115065323558292
0.116790378913146
0.118537774921592
0.120307494883249
0.122099519103911
0.123913824998894
0.125750387195117
0.127609177631477
0.129490165657040
0.131393318126624
0.133318599493367
0.135265971897880
0.137235395253635
0.139226827328252
0.141240223820348
0.143275538431721
0.145332722934549
0.147411727233456
0.149512499422169
0.151634985834705
0.153779131090855
0.155944878135960
0.158132168274853
0.160340941199959
0.162571135013552
0.164822686244192
0.167095529857401
0.169389599260697
0.171704826303046
0.174041141268957
0.176398472867360
0.178776748215436
0.181175892817712
0.183595830540609
0.186036483582737
0.188497772441242
0.190979615874532
0.193481930861679
0.196004632558892
0.198547634253400
0.201110847315128
0.203694181146552
0.206297543131130
0.208920838580706
0.211563970682290
0.214226840444618
0.216909346644912
0.219611385776188
0.222332851995595
0.225073637074078
0.227833630347809
0.230612718671714
0.233410786375472
0.236227715222290
0.239063384370815
0.241917670340424
0.244790446980214
0.247681585441920
0.250590954156985
0.253518418817985
0.256463842364588
0.259427084974160
0.262408004057166
0.265406454257399
0.268422287457146
0.271455352787213
0.274505496641875
0.277572562698633
0.280656391942759
0.283756822696372
0.286873690652065
0.290006828910727
0.293156068023432
0.296321236037105
0.299502158543651
0.302698658732282
0.305910557444613
0.309137673232213
0.312379822416168
0.315636819148225
0.318908475473067
0.322194601391246
0.325495004922240
0.328809492167186
0.332137867370686
0.335479932981182
0.338835489709358
0.342204336583967
0.345586271004558
0.348981088790532
0.352388584225940
0.355808550099480
0.359240777739153
0.362685057040999
0.366141176491435
0.369608923182613
0.373088082820400
0.376578439724408
0.380079776819689
0.383591875619666
0.387114516199908
0.390647477162375
0.394190535589864
0.397743466990297
