0.177601149062146
0.178373126171148
0.179116560075267
0.179816397020811
0.180458885644534
0.181031789167666
0.181524552190114
0.181928423025975
0.182236533763239
0.182443941160903
0.182547632113364
0.182546497734720
0.182441280184420
0.182234496223093
0.181930341212763
0.181534576919368
0.181054406091495
0.180498336421262
0.179876036170706
0.179198183484169
0.178476311202495
0.177722648834781
0.176949963205087
0.176171399147887
0.175400321451870
0.174650159027873
0.173934251995162
0.173265702046791
0.172657226089991
0.172121012796215
0.171668581383696
0.171310641745313
0.171056954979085
0.170916193523629
0.170895800479340
0.171001848320500
0.171238898063012
0.171609861008243
0.172115866370465
0.172756139323577
0.173527895163936
0.174426256260410
0.175444199129710
0.176572539223324
0.177799960751665
0.179113098041192
0.180496673500798
0.181933695287978
0.183405715283967
0.184893145125796
0.186375624957655
0.187832436440422
0.189242948601742
0.190587082528852
0.191845778900687
0.193001451095742
0.194038406228353
0.194943217036199
0.195705029082758
0.196315790202525
0.196770392391910
0.197066720264768
0.197205604529918
0.197190683455613
0.197028179692693
0.196726603864226
0.196296399745259
0.195749548439477
0.195099150549992
0.194359005843573
0.193543209295985
0.192665780729318
0.191740342627187
0.190779857319764
0.189796430794721
0.188801186172126
0.187804205655048
0.186814535801544
0.185840247502984
0.184888539303329
0.183965870805068
0.183078111968713
0.182230694145243
0.181428749639066
0.180677228375866
0.179980982686654
0.179344814118757
0.178773479326604
0.178271655253257
0.177843866771800
0.177494382523373
0.177227086713537
0.177045336005587
0.176951811326034
0.176948374374581
0.177035937959557
0.177214358054752
0.177482353822019
0.177837459915806
0.178276013337748
0.178793175095016
0.179382985071777
0.180038446960025
0.180751638892154
0.181513844615097
0.182315699649704
0.183147346861120
0.183998596169516
0.184859083679101
0.185718426208863
0.186566367981473
0.187392916984475
0.188188469193267
0.188943919390690
0.189650757710674
0.190301151273908
0.190888010395375
0.191405038868203
0.191846767818656
0.192208572641139
0.192486672614485
0.192678113016070
0.192780729916671
0.192793098363925
0.192714465330712
0.192544669578948
0.192284051411763
0.191933356085788
0.191493635349403
0.190966152081613
0.190352293256259
0.189653496389308
0.188871194207498
0.188006781495277
0.187061606955022
0.186036991503201
0.184934272801006
0.183754874082426
0.182500393612075
0.181172709502695
0.179774093268592
0.178307324495566
0.176775798457830
0.175183618467916
0.173535665232544
0.171837636495153
0.170096051726865
0.168318218499553
0.166512159326898
0.164686500058072
0.162850323208760
0.161012991766832
0.159183950874624
0.157372516243108
0.155587659098493
0.153837797834658
0.152130606318964
0.150472847986532
0.148870243510062
0.147327378033796
0.145847651825203
0.144433275861106
0.143085311472370
0.141803750870378
0.140587633309115
0.139435189920378
0.138344008993350
0.137311212719159
0.136333636216931
0.135407999994959
0.134531067839253
0.133699783390600
0.132911380274076
0.132163462466646
0.131454053504717
0.130781615018033
0.130145036810943
0.129543602193370
0.128976933410367
0.128444922775830
0.127947655457036
0.127485329786192
0.127058180525565
0.126666409741133
0.126310128922733
0.125989314816380
0.125703780202596
0.125453159657664
0.125236909259112
0.125054318313896
0.124904530550447
0.124786571854070
0.124699381545703
0.124641844390199
0.124612820934999
0.124611174369243
0.124635792791593
0.124685606510839
0.124759600706031
0.124856824377738
0.124976396976151
0.125117514357736
0.125279455781015
0.125461593504007
0.125663406210055
0.125884497000753
0.126124616103104
0.126383687800078
0.126661840469735
0.126959438066539
0.127277110950717
0.127615783707590
0.127976697524027
0.128361424812658
0.128771874088012
0.129210283578529
0.129679202666834
0.130181460940289
0.130720125351087
0.131298446675455
0.131919797073648
0.132587601042576
0.133305262388355
0.134076090007398
0.134903225246687
0.135789573425744
0.136737741766465
0.137749985524664
0.138828163588296
0.139973704244628
0.141187581264491
0.142470299944521
0.143821892319137
0.145241920425256
0.146729486285551
0.148283247171868
0.149901434710030
0.151581876474066
0.153322018869316
0.155118950294795
0.156969423780381
0.158869878491617
0.160816459667059
0.162805036689405
0.164831219089078
0.166890370341207
0.168977619354465
0.171087869577193
0.173215805679771
0.175355897828606
0.177502403660404
0.179649368204341
0.181790622186699
0.183919779382439
0.186030233937984
0.188115158859553
0.190167507116557
0.192180017021340
0.194145223686252
0.196055478399698
0.197902977683483
0.199679803580040
0.201377976366208
0.202989520406027
0.204506543256323
0.205921327452846
0.207226433668218
0.208414813188518
0.209479926949468
0.210415867752557
0.211217481789674
0.211880485278918
0.212401571882919
0.212778506660611
0.213010202598917
0.213096776273424
0.213039579875414
0.212841207684851
0.212505476022580
0.212037376732618
0.211443005274732
0.210729465496737
0.209904754055271
0.208977628219746
0.207957461390458
0.206854091062244
0.205677664154268
0.204438484600016
0.203146867856196
0.201813006561715
0.200446850983427
0.199058007156372
0.197655654799607
0.196248486204181
0.194844666387946
0.193451813931145
0.192077001083729
0.190726771001143
0.189407169346314
0.188123787011884
0.186881810381913
0.185686075373845
0.184541121480331
0.183451242162368
0.182420528220143
0.181452901171953
0.180552134186835
0.179721858722283
0.178965555691370
0.178286530699669
0.177687873625386
0.177172403541325
0.176742600668655
0.176400527686511
0.176147743275528
0.175985211227535
0.175913208791026
0.175931238129084
0.176037944834205
0.176231047368156
0.176507281075352
0.176862360060540
0.177290959736921
0.177786722254922
0.178342286334909
0.178949342273570
0.179598712100487
0.180280454057580
0.180983989789393
0.181698251895224
0.182411848831907
0.183113243592133
0.183790942136448
0.184433687241375
0.185030653249275
0.185571637169119
0.186047241677041
0.186449045791347
0.186769759333847
0.187003357719691
0.187145194120702
0.187192086600787
0.187142378405652
0.186995970182984
0.186754323497820
0.186420435577311
0.185998785761685
0.185495254648252
0.184917017392223
0.184272413072786
0.183570792449042
0.182822346820997
0.182037921078868
0.181228814369777
0.180406572131553
0.179582773532525
0.178768818602838
0.177975719532418
0.177213900725778
0.176493012224430
0.175821761014566
0.175207764512497
0.174657430149246
0.174175864450310
0.173766814326131
0.173432642461476
0.173174337735623
0.172991560547556
0.172882721797835
0.172845093136038
0.172874944969204
0.172967707695415
0.173118150729828
0.173320573176920
0.173568999514483
0.173857373424133
0.174179742949761
0.174530430495595
0.174904181780370
0.175296288720205
0.175702682282917
0.176119992591760
0.176545574899269
0.176977501438625
0.177414520525487
0.177855985564414
0.178301757753381
0.178752087228554
0.179207478112799
0.179668543401106
0.180135855825058
0.180609800790663
0.181090437197361
0.181577371448756
0.182069649295555
0.182565669350681
0.183063121231241
0.183558950356505
0.184049350506703
0.184529784359251
0.184995031395337
