0.184728015230505
0.185471959584305
0.186144519579909
0.186743135974612
0.187265671174681
0.187710433376139
0.188076208194720
0.188362295310942
0.188568547072889
0.188695405601272
0.188743934750625
0.188715843309059
0.188613496067594
0.188439909849538
0.188198732240398
0.187894201570227
0.187531087635202
0.187114613658818
0.186650361035147
0.186144159414267
0.185601965628753
0.185029735767897
0.184433295334852
0.183818212829517
0.183189682255096
0.182552419927467
0.181910580566898
0.181267696977428
0.180626646692350
0.179989647820345
0.179358285015656
0.178733565077714
0.178116000230455
0.177505715713774
0.176902577015211
0.176306330952113
0.175716753949341
0.175133800299864
0.174557742985554
0.173989299795784
0.173429738015278
0.172880951842712
0.172345507911101
0.171826655754057
0.171328301727739
0.170854946673120
0.170411589396365
0.170003599762866
0.169636566752396
0.169316128125325
0.169047789332919
0.168836739914089
0.168687675822652
0.168604635910491
0.168590860162870
0.168648676273955
0.168779419814989
0.168983391652708
0.169259854503116
0.169607068645483
0.170022364966974
0.170502251751583
0.171042550053876
0.171638551183551
0.172285188831833
0.172977217739269
0.173709390561927
0.174476624745244
0.175274151748744
0.176097641850099
0.176943298947017
0.177807921210985
0.178688925059436
0.179584331626894
0.180492716653643
0.181413126395113
0.182344963713496
0.183287849878759
0.184241468722129
0.185205400605733
0.186178954164544
0.187161003922058
0.188149841674895
0.189143048993621
0.190137397321561
0.191128781007527
0.192112187230965
0.193081705228111
0.194030575571907
0.194951278568164
0.195835659179838
0.196675084352487
0.197460627255422
0.198183271835165
0.198834130249850
0.199404665251613
0.199886909428868
0.200273673415419
0.200558735704660
0.200737007543598
0.200804667477461
0.200759261411803
0.200599765487256
0.200326610548498
0.199941668458755
0.199448201893253
0.198850780475950
0.198155167152079
0.197368179477509
0.196497531034107
0.195551658444906
0.194539539477245
0.193470507513928
0.192354067281955
0.191199716202964
0.190016775120986
0.188814231522067
0.187600597732756
0.186383786007579
0.185171001915470
0.183968657024953
0.182782301567471
0.181616577515852
0.180475192327975
0.179360913445818
0.178275583474826
0.177220155767452
0.176194749871806
0.175198725964202
0.174230776957201
0.173289036468513
0.172371200270559
0.171474658246538
0.170596633296903
0.169734323117009
0.168885040350690
0.168046346361792
0.167216173795294
0.166392933250066
0.165575599770685
0.164763775484805
0.163957725547035
0.163158385566295
0.162367339843253
0.161586770969402
0.160819382574457
0.160068298187175
0.159336940232131
0.158628894064446
0.157947762599853
0.157297017497024
0.156679852975833
0.156099048209452
0.155556843824465
0.155054837410435
0.154593902117822
0.154174131457651
0.153794812358401
0.153454427436246
0.153150686341661
0.152880585001143
0.152640490612216
0.152426249400147
0.152233313424362
0.152056882142652
0.151892054007060
0.151733983076917
0.151578035489912
0.151419940627309
0.151255931941094
0.151082872675638
0.150898362112207
0.150700818488909
0.150489535398043
0.150264709231894
0.150027436126394
0.149779677825079
0.149524196930486
0.149264463097718
0.149004532818146
0.148748906497255
0.148502367502004
0.148269808690018
0.148056052587446
0.147865671810308
0.147702816490472
0.147571055347598
0.147473236632523
0.147411374461540
0.147386565087290
0.147398936449543
0.147447632971234
0.147530836077499
0.147645819391511
0.147789036078208
0.147956234442188
0.148142596709693
0.148342894997625
0.148551657841271
0.148763340346974
0.148972491067424
0.149173909058058
0.149362785237160
0.149534823097812
0.149686334951155
0.149814311152778
0.149916461106987
0.149991226185811
0.150037765972379
0.150055920380371
0.150046151160786
0.150009467044773
0.149947337261211
0.149861598397944
0.149754359548705
0.149627910418358
0.149484636573362
0.149326945357490
0.149157205186494
0.148977700036059
0.148790599992945
0.148597947798046
0.148401660417442
0.148203543875707
0.148005318910639
0.147808654490413
0.147615205894530
0.147426653913317
0.147244741771532
0.147071306626317
0.146908302914786
0.146757815410345
0.146622060558943
0.146503375469789
0.146404194786220
0.146327016514189
0.146274358689021
0.146248709467096
0.146252473792294
0.146287920168134
0.146357131234449
0.146461961782195
0.146604007534558
0.146784587483649
0.147004741821216
0.147265246574477
0.147566645002409
0.147909294682253
0.148293428086507
0.148719223386842
0.149186881292143
0.149696702997789
0.150249163847256
0.150844977128449
0.151485142571932
0.152170974595972
0.152904106143125
0.153686465045834
0.154520221196174
0.155407704314246
0.156351293734555
0.157353283275182
0.158415725832007
0.159540263761377
0.160727952296996
0.161979084118061
0.163293023687528
0.164668060071351
0.166101286610874
0.167588515052233
0.169124230561102
0.170701592512479
0.172312484106143
0.173947611799345
0.175596653361278
0.177248451141549
0.178891245012213
0.180512937495419
0.182101381924789
0.183644683195959
0.185131499812365
0.186551335578191
0.187894809460967
0.189153892845291
0.190322104604725
0.191394656083120
0.192368540127040
0.193242560654743
0.194017301773581
0.194695038045188
0.195279590019165
0.195776131485252
0.196190956913953
0.196531219163599
0.196804648646764
0.197019265715342
0.197183098015811
0.197303913990109
0.197388982590290
0.197444867703573
0.197477263841031
0.197490877440521
0.197489355798770
0.197475263310372
0.197450102481959
0.197414375226878
0.197367678330125
0.197308825782297
0.197235989963749
0.197146853433995
0.197038763333596
0.196908881093428
0.196754321201204
0.196572274107875
0.196360109864864
0.196115460657241
0.195836281930288
0.195520893197959
0.195168000786954
0.194776705645886
0.194346499894216
0.193877255986379
0.193369212232482
0.192822957982837
0.192239421102710
0.191619859505269
0.190965857553092
0.190279327163478
0.189562512539669
0.188817996669848
0.188048707147236
0.187257918509915
0.186449248202185
0.185626643424978
0.184794356557237
0.183956907462283
0.183119031797934
0.182285615370920
0.181461615552505
0.180651971738231
0.179861507727319
0.179094829658070
0.178356223715505
0.177649558187834
0.176978194563271
0.176344912216909
0.175751850840474
0.175200474132054
0.174691557416552
0.174225200849900
0.173800868719258
0.173417454141984
0.173073367246763
0.172766643750677
0.172495069784088
0.172256317915363
0.172048088636221
0.171868251124498
0.171714976931010
0.171586860355644
0.171483019686152
0.171403174158096
0.171347692430294
0.171317609517381
0.171314610430475
0.171340980189145
0.171399521318974
0.171493441371261
0.171626214328551
0.171801420929180
0.172022573901004
0.172292934794669
0.172615329518280
0.172991969781365
0.173424287454380
0.173912788354549
0.174456931206614
0.175055036538804
0.175704229109361
0.176400416174840
0.177138302567832
0.177911442210042
0.178712324403351
0.179532492068594
0.180362688081452
0.181193025020253
0.182013173012758
0.182812559958909
0.183580578213422
0.184306791826373
0.184981138644175
0.185594121943730
0.186136986782461
0.186601876867197
0.186981968446870
0.187271578490567
0.187466245199106
0.187562779693321
0.187559288507965
0.187455167280983
0.187251066751691
