0.102947807391668
0.102768064413771
0.102519068999617
0.102206456171430
0.101837283545459
0.101419865551747
0.100963580666617
0.100478656390762
0.099975937157750
0.099466640679456
0.098962108419337
0.098473555927315
0.098011828671793
0.097587168769103
0.097208997646950
0.096885719198362
0.096624547402112
0.096431361723139
0.096310592883174
0.096265140829831
0.096296325954626
0.096403873839297
0.096585933066445
0.096839124933951
0.097158623279166
0.097538262061409
0.097970667879139
0.098447414216833
0.098959193927815
0.099496006261409
0.100047354631094
0.100602451287627
0.101150425098495
0.101680528732489
0.102182341695329
0.102645965849221
0.103062210266825
0.103422762510849
0.103720343688406
0.103948844900389
0.104103442988296
0.104180693773658
0.104178601289534
0.104096661821011
0.103935881904889
0.103698769789553
0.103389300226151
0.103012852851741
0.102576124833089
0.102087018862797
0.101554508032805
0.100988479546494
0.100399559660989
0.099798922664925
0.099198087082400
0.098608702638449
0.098042331812684
0.097510230033695
0.097023128716562
0.096591025410040
0.096222985291920
0.095926958126114
0.095709614572002
0.095576205416937
0.095530446891540
0.095574434732069
0.095708589085605
0.095931631724673
0.096240596363633
0.096630872165949
0.097096279816969
0.097629178828902
0.098220604061280
0.098860428798126
0.099537551138783
0.100240099946913
0.100955656174459
0.101671485044497
0.102374774347007
0.103052873979856
0.103693531856638
0.104285121403269
0.104816856073916
0.105278986628565
0.105662977321754
0.105961657644456
0.106169346826886
0.106281948934976
0.106297017061846
0.106213785811171
0.106033171974220
0.105757743998511
0.105391661515857
0.104940586823530
0.104411570778476
0.103812916056351
0.103154021132319
0.102445208649339
0.101697542045358
0.100922634409837
0.100132453532569
0.099339126997140
0.098554750964780
0.097791206001842
0.097059982938799
0.096372021325875
0.095737562587154
0.095166019489472
0.094665863052720
0.094244527552102
0.093908333816827
0.093662430627798
0.093510753670834
0.093456001220250
0.093499625515073
0.093641838648383
0.093881631716746
0.094216805966128
0.094644014714384
0.095158814917669
0.095755727366233
0.096428304630747
0.097169206019596
0.097970278937975
0.098822646149015
0.099716798516421
0.100642692850018
0.101589854476009
0.102547484111793
0.103504568542715
0.104449994480112
0.105372664833946
0.106261616468526
0.107106138337344
0.107895888724539
0.108621010167569
0.109272240509724
0.109841018441644
0.110319581846515
0.110701057269680
0.110979538893494
0.111150155513215
0.111209124177474
0.111153789373277
0.110982646893830
0.110695351819711
0.110292710360021
0.109776655630126
0.109150207775234
0.108417419174171
0.107583305764987
0.106653765814861
0.105635487703218
0.104535848493117
0.103362805227057
0.102124780996616
0.100830547899220
0.099489109009936
0.098109581462846
0.096701082657434
0.095272621483990
0.093832996302081
0.092390701212238
0.090953841938070
0.089530062389397
0.088126482712221
0.086749649354368
0.085405497392614
0.084099325084234
0.082835780330105
0.081618858474150
0.080451910622002
0.079337661446909
0.078278235269389
0.077275189054892
0.076329550875561
0.075441862332196
0.074612223432911
0.073840338476824
0.073125561593074
0.072466940734639
0.071863259117463
0.071313073321145
0.070814747518820
0.070366483570141
0.069966346980781
0.069612288991982
0.069302165301997
0.069033752125738
0.068804760458764
0.068612849518045
0.068455640377999
0.068330730802420
0.068235712190544
0.068168189411168
0.068125804098652
0.068106261737779
0.068107362582793
0.068127036153563
0.068163378744234
0.068214693083574
0.068279529017419
0.068356723857822
0.068445440873983
0.068545204297858
0.068655929190211
0.068777944564900
0.068912008300460
0.069059312574712
0.069221478832384
0.069400541626244
0.069598921044851
0.069819383838027
0.070064993756765
0.070339052018933
0.070645029177941
0.070986489991750
0.071367013150009
0.071790107906075
0.072259129770462
0.072777197448662
0.073347113149398
0.073971288253170
0.074651676122999
0.075389713570741
0.076186272176488
0.077041620311136
0.077955396349347
0.078926593198699
0.079953553926660
0.081033977954588
0.082164937019581
0.083342899890227
0.084563764667750
0.085822897412722
0.087115175809506
0.088435036612528
0.089776525704318
0.091133349726450
0.092498928410912
0.093866446929319
0.095228907778953
0.096579181925811
0.097910059114374
0.099214297421916
0.100484672273242
0.101714025233640
0.102895312959213
0.104021656702676
0.105086392749422
0.106083124095182
0.107005773577098
0.107848638539692
0.108606446962682
0.109274414806039
0.109848304146822
0.110324481499744
0.110699975536786
0.110972533257364
0.111140673516134
0.111203736696068
0.111161929224826
0.111016361576801
0.110769078384415
0.110423079302855
0.109982329333662
0.109451757415109
0.108837242230873
0.108145584371860
0.107384464207203
0.106562385076244
0.105688601699802
0.104773034020644
0.103826167014039
0.102858937351659
0.101882608147745
0.100908633356125
0.099948513710039
0.099013646393782
0.098115170895054
0.097263813699804
0.096469734647666
0.095742377857715
0.095090330154930
0.094521189872757
0.094041448774939
0.093656389630809
0.093370001696334
0.093184916004696
0.093102361964357
0.093122146310916
0.093242654975332
0.093460877930307
0.093772456574775
0.094171752729732
0.094651937862414
0.095205100744634
0.095822371396991
0.096494058883698
0.097209800309810
0.097958718237221
0.098729583678562
0.099510981845857
0.100291477917779
0.101059780236855
0.101804898545360
0.102516295103779
0.103184026795713
0.103798876594888
0.104352473041585
0.104837396635991
0.105247272296162
0.105576847241392
0.105822053844048
0.105980057142764
0.106049286828612
0.106029453607317
0.105921549910169
0.105727834981728
0.105451804421688
0.105098144310292
0.104672670109866
0.104182250616919
0.103634717346204
0.103038759864422
0.102403807759123
0.101739900127701
0.101057543699495
0.100367560955966
0.099680929882574
0.099008617262227
0.098361407693678
0.097749730777426
0.097183489144766
0.096671890200753
0.096223284597736
0.095845014542807
0.095543275061187
0.095322991281708
0.095187714675474
0.095139540962367
0.095179052102751
0.095305284416143
0.095515724420490
0.095806333472502
0.096171601721421
0.096604631277648
0.097097247857552
0.097640139511750
0.098223020392473
0.098834816883226
0.099463872818196
0.100098169976737
0.100725559566306
0.101334000020957
0.101911796155533
0.102447834540049
0.102931809903585
0.103354437448705
0.103707646158981
0.103984748513285
0.104180582476506
0.104291622209418
0.104316054618287
0.104253819632035
0.104106612932406
0.103877850748898
0.103572597241361
0.103197455903810
0.102760427307186
0.102270736330828
0.101738632787889
0.101175170006417
0.100591966465863
0.100000955992654
0.099414132276707
0.098843293576531
0.098299793432219
0.097794303006196
0.097336590329344
0.096935321257360
0.096597886355460
0.096330257248458
0.096136875219544
0.096020574038436
0.095982538171781
0.096022296699034
0.096137752448178
0.096325245097342
0.096579646278547
0.096894484082751
0.097262093812442
0.097673791366753
0.098120065279138
0.098590783160113
0.099075408126187
0.099563220717119
0.100043541811696
0.100505952140631
0.100940504156761
0.101337922249791
