2.150291831388251467e+03
2.154246397143933336e+03
2.158008256597745458e+03
2.161605159045195705e+03
2.165071449242876042e+03
2.168447253758320130e+03
2.171777456983559205e+03
2.175110483703450882e+03
2.178496911425811959e+03
2.181987941982299162e+03
2.185633768071624672e+03
2.189481876298056250e+03
2.193575333696923281e+03
2.197951109552485832e+03
2.202638488296859578e+03
2.207657632203759022e+03
2.213018354208415076e+03
2.218719161228457779e+03
2.224746626552031557e+03
2.231075145919661736e+03
2.237667125587965074e+03
2.244473641687572581e+03
2.251435598385719459e+03
2.258485397621718221e+03
2.265549115489181077e+03
2.272549159813594997e+03
2.279407360403180519e+03
2.286048418315192976e+03
2.292403613981687158e+03
2.298414647125090141e+03
2.304037455267683981e+03
2.309245833759198831e+03
2.314034660310066101e+03
2.318422512921521047e+03
2.322453463881572134e+03
2.326197836228856431e+03
2.329751724782521705e+03
2.333235113281900340e+03
2.336788463762821266e+03
2.340567714808740675e+03
2.344737701734947677e+03
2.349464103048020661e+03
2.354904121398940333e+03
2.361196220052104763e+03
2.368449352456724228e+03
2.376732236137097971e+03
2.386063324677861146e+03
2.396402213714039590e+03
2.407643268350099788e+03
2.419612269848444157e+03
2.432066838710384673e+03
2.444701290719538974e+03
2.457156415781822034e+03
2.469034433584286035e+03
2.479919076867040530e+03
2.489400389673376139e+03
2.497103417868277575e+03
2.502719532828267347e+03
2.506038693573954333e+03
2.506980550894991211e+03
2.505621967094984484e+03
2.502218307381094746e+03
2.497215793938886236e+03
2.491252337938519304e+03
2.485144606969988217e+03
2.479859662650963401e+03
2.476470316392106724e+03
2.476094382143779512e+03
2.479819213195846714e+03
2.488614232918544076e+03
2.503235522313201727e+03
2.524127807758993185e+03
2.551330285262353755e+03
2.584393503202960346e+03
2.622314889808923908e+03
2.663500356800404006e+03
2.705758667461628647e+03
2.746333895594664682e+03
2.781979339183431875e+03
2.809073760775650044e+03
2.823777932500326642e+03
2.822226345913976729e+03
2.800745826779265371e+03
2.756089921913787748e+03
2.685675558092602841e+03
2.587806857240480895e+03
2.461870336601539748e+03
2.308486176337546567e+03
2.129601869884867483e+03
1.928517360851076091e+03
1.709834590914691489e+03
1.479329015473061645e+03
1.243745781751243157e+03
1.010528537634722852e+03
7.874938430607081727e+02
5.824684824071390494e+02
4.029102537722197326e+02
2.555347368954606395e+02
1.459709130843430103e+02
7.846724696694369072e+01
5.566699332043641846e+01
7.846724696680823286e+01
1.459709130840757325e+02
2.555347368950688463e+02
4.029102537717137693e+02
5.824684824065323028e+02
7.874938430600163883e+02
1.010528537633963424e+03
1.243745781750434617e+03
1.479329015472223091e+03
1.709834590913841794e+03
1.928517360850232535e+03
2.129601869884047119e+03
2.308486176336763492e+03
2.461870336600805331e+03
2.587806857239804231e+03
2.685675558091989842e+03
2.756089921913242506e+03
2.800745826778787887e+03
2.822226345913564728e+03
2.823777932499976941e+03
2.809073760775356732e+03
2.781979339183188586e+03
2.746333895594464138e+03
2.705758667461462210e+03
2.663500356800265308e+03
2.622314889808804764e+03
2.584393503202855754e+03
2.551330285262257348e+03
2.524127807758901326e+03
2.503235522313111687e+03
2.488614232918452217e+03
2.479819213195753946e+03
2.476094382143684470e+03
2.476470316392009408e+03
2.479859662650865175e+03
2.485144606969890447e+03
2.491252337938422897e+03
2.497215793938793013e+03
2.502218307381006071e+03
2.505621967094902175e+03
2.506980550894916632e+03
2.506038693573887940e+03
2.502719532828210504e+03
2.497103417868230736e+03
2.489400389673340214e+03
2.479919076867015519e+03
2.469034433584272847e+03
2.457156415781822034e+03
2.444701290719551253e+03
2.432066838710411503e+03
2.419612269848485084e+03
2.407643268350156177e+03
2.396402213714111895e+03
2.386063324677951186e+03
2.376732236137206201e+03
2.368449352456853376e+03
2.361196220052254830e+03
2.354904121399112228e+03
2.349464103048215748e+03
2.344737701735165956e+03
2.340567714808981691e+03
2.336788463763085929e+03
2.333235113282187740e+03
2.329751724782831843e+03
2.326197836229187942e+03
2.322453463881922744e+03
2.318422512921889393e+03
2.314034660310450818e+03
2.309245833759597190e+03
2.304037455268095073e+03
2.298414647125509873e+03
2.292403613982115075e+03
2.286048418315625895e+03
2.279407360403616622e+03
2.272549159814032464e+03
2.265549115489618998e+03
2.258485397622153869e+03
2.251435598386152378e+03
2.244473641688002317e+03
2.237667125588389354e+03
2.231075145920079194e+03
2.224746626552442649e+03
2.218719161228860230e+03
2.213018354208808887e+03
2.207657632204141919e+03
2.202638488297229742e+03
2.197951109552842354e+03
2.193575333697262977e+03
2.189481876298376847e+03
2.185633768071923441e+03
2.181987941982572465e+03
2.178496911426055249e+03
2.175110483703660066e+03
2.171777456983729280e+03
2.168447253758446095e+03
2.165071449242952895e+03
2.161605159045217988e+03
2.158008256597707259e+03
2.154246397143828744e+03
