0.577912785287928
0.577576152262899
0.577405161900758
0.577419244180814
0.577634389064661
0.578062537726243
0.578711089977151
0.579582539620449
0.580674246441241
0.581978350893853
0.583481835179467
0.585166732167407
0.587010481311568
0.588986428165788
0.591064461158411
0.593211775860171
0.595393753066503
0.597574932704732
0.599720061049208
0.601795184244734
0.603768757019236
0.605612732059416
0.607303593171046
0.608823294354111
0.610160067526434
0.611309063966887
0.612272798646323
0.613061372377143
0.613692453929361
0.614191012618586
0.614588800974698
0.614923596501246
0.615238220769441
0.615579362701022
0.615996240473523
0.616539142687223
0.617257894014703
0.618200293358550
0.619410573520610
0.620927930583206
0.622785168750295
0.625007502491023
0.627611552713855
0.630604567643394
0.633983892347428
0.637736703725718
0.641840020459353
0.646260990125578
0.650957448570746
0.655878739826353
0.660966778446183
0.666157330208307
0.671381481725749
0.676567264699949
0.681641396394462
0.686531094472396
0.691165921711402
0.695479614374700
0.699411847269614
0.702909888855054
0.705930101242963
0.708439242625733
0.710415533569656
0.711849453717515
0.712744241666910
0.713116078010255
0.712993939562781
0.712419121446790
0.711444432687903
0.710133080030435
0.708557263500258
0.706796515541455
0.704935823049658
0.703063578070748
0.701269408117011
0.699641940810373
0.698266559783536
0.697223209399358
0.696584304886436
0.696412801987031
0.696760476270643
0.697666457021520
0.699156054232298
0.701239909923623
0.703913496971614
0.707156980081571
0.710935444717989
0.715199490906578
0.719886180073114
0.724920314676489
0.730216022512634
0.735678610383364
0.741206645488960
0.746694217548759
0.752033330391821
0.757116368678129
0.761838583575747
0.766100540669914
0.769810474127864
0.772886493172433
0.775258590181631
0.776870404154995
0.777680698767707
0.777664520637863
0.776814010608991
0.775138848622240
0.772666320933583
0.769441006821215
0.765524090325513
0.760992310769683
0.755936573633013
0.750460250615187
0.744677204282808
0.738709578395276
0.732685399758951
0.726736041175930
0.720993597685217
0.715588229812698
0.710645527952203
0.706283951314210
0.702612393142118
0.699727921165492
0.697713738605841
0.696637406553673
0.696549363285313
0.697481770180460
0.699447707439938
0.702440735895070
0.706434833962493
0.711384711351298
0.717226493603533
0.723878764080238
0.731243942737337
0.739209974116372
0.747652290557794
0.756436010879663
0.765418329799148
0.774451049346386
0.783383200549837
0.792063701860324
0.800344000199532
0.808080641206830
0.815137717219764
0.821389144720892
0.826720727340377
0.831031965903024
0.834237583298394
0.836268738948225
0.837073915140753
0.836619465270283
0.834889821834099
0.831887369668481
0.827631997136474
0.822160344618801
0.815524775540041
0.807792100155442
0.799042086337853
0.789365794587106
0.778863776425309
0.767644176264858
0.755820776799709
0.743511027058781
0.730834090575907
0.717908948789797
0.704852591909228
0.691778326182267
0.678794222903728
0.666001730681233
0.653494468542155
0.641357213469744
0.629665091962152
0.618482981254097
0.607865121960478
0.597854940120539
0.588485072965807
0.579777589231630
0.571744391514211
0.564387785081970
0.557701194731202
0.551670008788362
0.546272527267334
0.541480989556670
0.537262655903229
0.533580916434265
0.530396401566157
0.527668068415895
0.525354239269389
0.523413570253078
0.521805931058401
0.520493179811623
0.519439820865223
0.518613537290444
0.517985594031165
0.517531111883298
0.517229216530477
0.517063070637756
0.517019800332287
0.517090330153511
0.517269142631228
0.517553979973581
0.517945505881617
0.518446945250948
0.519063718511684
0.519803085667967
0.520673812831998
0.521685871334477
0.522850176482787
0.524178369887778
0.525682646151028
0.527375621748992
0.529270241306889
0.531379714239098
0.533717473032082
0.536297143317690
0.539132515352400
0.542237506574117
0.545626105513481
0.549312288427222
0.553309901512917
0.557632503359029
0.562293164276342
0.567304221243026
0.572676989276997
0.578421432040488
0.584545796313678
0.591056216595952
0.597956297473721
0.605246682521197
0.612924619378239
0.620983531295249
0.629412605873292
0.638196411987039
0.647314555985064
0.656741388236629
0.666445770947691
0.676390917899043
0.686534316352984
0.696827740804907
0.707217367486088
0.717643997513035
0.728043395281403
0.738346747081375
0.748481242935562
0.758370782317110
0.767936801700113
0.777099218857054
0.785777485504685
0.793891736392072
0.801364019328943
0.808119587095977
0.814088228803594
0.819205615223311
0.823414630057651
0.826666657184663
0.828922792739579
0.830154950582489
0.830346830320102
0.829494718638171
0.827608097256094
0.824710034292552
0.820837340147561
0.816040474041689
0.810383192956288
0.803941940714982
0.796804981143829
0.789071285449533
0.780849189964748
0.772254846043969
0.763410488986145
0.754442557272829
0.745479697031708
0.736650689390271
0.728082340228256
0.719897372761731
0.712212363413413
0.705135760589482
0.698766024354876
0.693189922656556
0.688481016772574
0.684698365153764
0.681885470860846
0.680069493464848
0.679260741647507
0.679452457876927
0.680620901502676
0.682725731466798
0.685710684617050
0.689504540386135
0.694022357426638
0.699166962726380
0.704830668849649
0.710897190337594
0.717243726050821
0.723743170449515
0.730266413587888
0.736684687056635
0.742871911341099
0.748706999164172
0.754076069425713
0.758874527385410
0.763008968785990
0.766398868673089
0.768978019694781
0.770695689584515
0.771517473241043
0.771425821183001
0.770420233017330
0.768517111743438
0.765749282034408
0.762165182901449
0.757827752173955
0.752813026838966
0.747208489321166
0.741111195109670
0.734625721636671
0.727861981895551
0.720932948891750
0.713952338610725
0.707032299751325
0.700281158019751
0.693801261336745
0.687686969924591
0.682022831970523
0.676881981481346
0.672324790134332
0.668397799484750
0.665132953914607
0.662547148313590
0.660642097793171
0.659404529880088
0.658806692754667
0.658807166337687
0.659351956534925
0.660375846871022
0.661803976228099
0.663553606586895
0.665536040671612
0.667658646329176
0.669826942408566
0.671946699901618
0.673926012184283
0.675677289349272
0.677119133806686
0.678178057477302
0.678790004917905
0.678901651478436
0.678471450962351
0.677470413097072
0.675882597270516
0.673705315304548
0.670949042373720
0.667637041408426
0.663804712326689
0.659498683116898
0.654775665054188
0.649701099101172
0.644347624752582
0.638793406174061
0.633120353405244
0.627412278593537
0.621753028650005
0.616224636323332
0.610905531429724
0.605868852818561
0.601180899572117
0.596899756924667
0.593074128459097
0.589742401342179
0.586931965771330
0.584658803540041
0.582927353836491
0.581730657253890
0.581050771724893
0.580859446927353
0.581119036889281
0.581783624284478
0.582800324482991
0.584110732995734
0.585652476684668
0.587360827101768
0.589170333617735
0.591016434589862
0.592837006626936
0.594573814910318
0.596173831358219
0.597590391974947
0.598784169795405
0.599723945202346
0.600387160860437
0.600760253903450
0.600838763192853
0.600627214341229
0.600138789710599
0.599394794736795
0.598423935712380
0.597261427613261
0.595947953716701
0.594528501657414
0.593051103211817
0.591565507462473
0.590121819014958
