0.001483116887713
0.001483536753455
0.001483830599934
0.001483974663051
0.001483955824825
0.001483772687841
0.001483435812486
0.001482967090317
0.001482398289083
0.001481768865102
0.001481123192752
0.001480507404569
0.001479966065779
0.001479538921620
0.001479257953269
0.001479144958714
0.001479209839541
0.001479449725887
0.001479849012951
0.001480380317656
0.001481006297924
0.001481682214175
0.001482359057851
0.001482987028776
0.001483519115460
0.001483914521973
0.001484141692930
0.001484180713885
0.001484024906520
0.001483681493594
0.001483171273805
0.001482527317006
0.001481792760671
0.001481017853940
0.001480256451472
0.001479562201294
0.001478984696002
0.001478565862721
0.001478336853761
0.001478315667458
0.001478505679440
0.001478895201745
0.001479458115252
0.001480155544656
0.001480938470239
0.001481751102273
0.001482534786948
0.001483232171627
0.001483791334893
0.001484169585382
0.001484336652901
0.001484277034942
0.001483991318719
0.001483496369463
0.001482824355189
0.001482020660781
0.001481140824320
0.001480246700333
0.001479402112798
0.001478668301075
0.001478099481161
0.001477738841329
0.001477615264977
0.001477741026151
0.001478110637563
0.001478700951561
0.001479472526740
0.001480372182871
0.001481336580964
0.001482296589594
0.001483182138843
0.001483927223607
0.001484474701910
0.001484780542614
0.001484817210405
0.001484575932097
0.001484067663590
0.001483322666159
0.001482388698089
0.001481327926175
0.001480212754419
0.001479120847617
0.001478129689562
0.001477311054681
0.001476725784758
0.001476419247766
0.001476417814188
0.001476726620101
0.001477328799888
0.001478186270561
0.001479242041126
0.001480423911775
0.001481649326560
0.001482831056964
0.001483883328700
0.001484727965161
0.001485300111519
0.001485553124609
0.001485462264660
0.001485026902604
0.001484271056045
0.001483242181619
0.001482008273432
0.001480653438285
0.001479272229758
0.001477963117025
0.001476821533487
0.001475932989560
0.001475366739868
0.001475170466542
0.001475366378616
0.001475949036193
0.001476885093041
0.001478115019961
0.001479556732694
0.001481110911732
0.001482667676874
0.001484114175694
0.001485342570067
0.001486257864375
0.001486785016710
0.001486874811353
0.001486508045310
0.001485697689527
0.001484488819728
0.001482956263931
0.001481200073364
0.001479339079731
0.001477502943593
0.001475823215652
0.001474424016275
0.001473412981814
0.001472873125177
0.001472856211600
0.001473378160568
0.001474416856606
0.001475912592962
0.001477771193323
0.001479869669538
0.001482064090672
0.001484199173390
0.001486118967733
0.001487677916055
0.001488751514150
0.001489245807116
0.001489105009726
0.001488316649498
0.001486913784457
0.001484974037321
0.001482615401623
0.001479988998894
0.001477269184345
0.001474641596119
0.001472289905825
0.001470382143171
0.001469057525555
0.001468414718511
0.001468502382964
0.001469312733091
0.001470778640984
0.001472774592372
0.001475121535819
0.001477595393136
0.001479938729822
0.001481874840105
0.001483123299617
0.001483415895667
0.001482511773040
0.001480210640315
0.001476362971163
0.001470876304552
0.001463716989543
0.001454907021411
0.001444515958536
0.001432648272723
0.001419426845770
0.001404973657638
0.001389388992678
0.001372730698281
0.001354995147071
0.001336101566364
0.001315881300219
0.001294073359739
0.001270327303506
0.001244214085879
0.001215245036797
0.001182898618435
0.001146654071260
0.001106030547020
0.001060629861561
0.001010180617402
0.000954581172440
0.000893938789686
0.000828602309098
0.000759185844351
0.000686581323408
0.000611958152000
0.000536748864500
0.000462620310025
0.000391430669182
0.000325173369553
0.000265909724086
0.000215692813224
0.000176485728148
0.000150077752054
0.000138002348636
0.000141460929549
0.000161256273317
0.000197739164956
0.000250771327954
0.000319707048227
0.000403395073476
0.000500201449619
0.000608052974006
0.000724499952592
0.000846795996190
0.000971991729669
0.001097038563478
0.001218898129076
0.001334652639731
0.001441611326134
0.001537408221343
0.001620086927871
0.001688168575598
0.001740699944976
0.001777279648236
0.001798061286027
0.001803733576566
0.001795478534191
0.001774909799357
0.001743994140595
0.001704959914251
0.001660196841692
0.001612151817766
0.001563225582191
0.001515674962886
0.001471525045876
0.001432495060570
0.001399941023861
0.001374817302031
0.001357658273665
0.001348580261401
0.001347302898663
0.001353188161237
0.001365294470183
0.001382442602770
0.001403289663632
0.001426407090511
0.001450358607484
0.001473774191436
0.001495416471199
0.001514236509040
0.001529416587951
0.001540398405206
0.001546895908191
0.001548892855496
0.001546625998513
0.001540555512988
0.001531324928450
0.001519713275974
0.001506582479938
0.001492823146121
0.001479301845490
0.001466812769661
0.001456036258545
0.001447506199817
0.001441587706146
0.001438465826857
0.001438145384702
0.001440461384581
0.001445098855508
0.001451620491459
0.001459500076475
0.001468159432163
0.001477006521216
0.001485472379291
0.001493044722145
0.001499296369717
0.001503907021964
0.001506677385688
0.001507535156867
0.001506532877373
0.001503838177310
0.001499717355562
0.001494513616879
0.001488621554564
0.001482459630663
0.001476442454592
0.001470954597570
0.001466327512168
0.001462820867825
0.001460609283694
0.001459775062422
0.001460307127849
0.001462105971546
0.001464994042540
0.001468730693450
0.001473030543016
0.001477583942997
0.001482078154719
0.001486217849104
0.001489743640168
0.001492447536622
0.001494184435541
0.001494879068695
0.001494528126272
0.001493197603333
0.001491015720872
0.001488162046546
0.001484853663722
0.001481329398698
0.001477833206429
0.001474597831438
0.001471829803975
0.001469696708074
0.001468317477907
0.001467756255304
0.001468020090312
0.001469060505369
0.001470778689374
0.001473033856983
0.001475654115217
0.001478449035369
0.001481223041240
0.001483788698869
0.001485979028014
0.001487658047697
0.001488728909319
0.001489139150543
0.001488882808419
0.001487999346774
0.001486569566135
0.001484708860410
0.001482558350769
0.001480274553384
0.001478018316753
0.001475943792201
0.001474188177401
0.001472862900319
0.001472046796005
0.001471781679849
0.001472070549161
0.001472878462177
0.001474135962399
0.001475744748518
0.001477585147021
0.001479524834716
0.001481428188586
0.001483165614038
0.001484622220653
0.001485705274515
0.001486349953166
0.001486523055750
0.001486224467753
0.001485486336618
0.001484370070523
0.001482961417426
0.001481364005380
0.001479691820492
0.001478061159729
0.001476582618882
0.001475353660602
0.001474452255474
0.001473932004836
0.001473819043992
0.001474110896554
0.001474777313943
0.001475762998070
0.001476991979084
0.001478373312146
0.001479807674496
0.001481194391585
0.001482438401811
0.001483456683981
0.001484183718344
0.001484575627088
0.001484612737906
0.001484300427420
0.001483668222015
0.001482767253460
0.001481666277512
0.001480446558116
0.001479195991627
0.001478002890316
0.001476949859653
0.001476108189029
0.001475533132278
0.001475260386048
0.001475303985919
0.001475655738538
0.001476286200202
0.001477147105673
0.001478175053012
0.001479296167194
0.001480431402933
0.001481502109163
0.001482435466337
0.001483169423358
0.001483656802037
0.001483868300190
0.001483794205155
