0.001387536305756
0.001386005117676
0.001384814591113
0.001384024769795
0.001383677203359
0.001383792804198
0.001384370667570
0.001385387919192
0.001386800606250
0.001388545598298
0.001390543416316
0.001392701863403
0.001394920291464
0.001397094306667
0.001399120693951
0.001400902328592
0.001402352841493
0.001403400814542
0.001403993302787
0.001404098510344
0.001403707485608
0.001402834746724
0.001401517798187
0.001399815551733
0.001397805716723
0.001395581274690
0.001393246197116
0.001390910602847
0.001388685579807
0.001386677913659
0.001384984972608
0.001383689992425
0.001382857989011
0.001382532498176
0.001382733304937
0.001383455279274
0.001384668383951
0.001386318865129
0.001388331580544
0.001390613365786
0.001393057289084
0.001395547601521
0.001397965154848
0.001400193034730
0.001402122144608
0.001403656475146
0.001404717806467
0.001405249614766
0.001405219990208
0.001404623417891
0.001403481325882
0.001401841361684
0.001399775418179
0.001397376489414
0.001394754492701
0.001392031243748
0.001389334813471
0.001386793526711
0.001384529882734
0.001382654684009
0.001381261652963
0.001380422796381
0.001380184744599
0.001380566249117
0.001381556969609
0.001383117621923
0.001385181495315
0.001387657282691
0.001390433105156
0.001393381554588
0.001396365528036
0.001399244587925
0.001401881554296
0.001404149021078
0.001405935488445
0.001407150817869
0.001407730744983
0.001407640226592
0.001406875450442
0.001405464397192
0.001403465910800
0.001400967303122
0.001398080587684
0.001394937503118
0.001391683545515
0.001388471278131
0.001385453224042
0.001382774670669
0.001380566723223
0.001378939936641
0.001377978832508
0.001377737569805
0.001378236987606
0.001379463176305
0.001381367664338
0.001383869232783
0.001386857294178
0.001390196697828
0.001393733755320
0.001397303220175
0.001400735907425
0.001403866604797
0.001406541908942
0.001408627618667
0.001410015332887
0.001410627933355
0.001410423679864
0.001409398706689
0.001407587780601
0.001405063259983
0.001401932277531
0.001398332252146
0.001394424914938
0.001390389106097
0.001386412660304
0.001382683745329
0.001379382049251
0.001376670224521
0.001374685991229
0.001373535277238
0.001373286730390
0.001373967879316
0.001375563147118
0.001378013839338
0.001381220138026
0.001385045041204
0.001389320096034
0.001393852688533
0.001398434576934
0.001402851293273
0.001406891991603
0.001410359293764
0.001413078676413
0.001414906956598
0.001415739467406
0.001415515568626
0.001414222208022
0.001411895333577
0.001408619052338
0.001404522533092
0.001399774753439
0.001394577292256
0.001389155461424
0.001383748151614
0.001378596832159
0.001373934191183
0.001369972926965
0.001366895203444
0.001364843261343
0.001363911632317
0.001364141338287
0.001365516374470
0.001367962675913
0.001371349657951
0.001375494305528
0.001380167670050
0.001385103520456
0.001390008792758
0.001394575394078
0.001398492847549
0.001401461216653
0.001403203724382
0.001403478485284
0.001402088797580
0.001398891497072
0.001393802952759
0.001386802382705
0.001377932283892
0.001367295896678
0.001355051757649
0.001341405528419
0.001326599416251
0.001310899619642
0.001294582332710
0.001277918921713
0.001261160941327
0.001244525684523
0.001228182956422
0.001212243728684
0.001196751267879
0.001181675240802
0.001166909185287
0.001152271601033
0.001137510766647
0.001122313232503
0.001106315780504
0.001089120488127
0.001070312391630
0.001049479118261
0.001026231755112
0.001000226147709
0.000971183777837
0.000938911360052
0.000903318320540
0.000864431380239
0.000822405554406
0.000777531000157
0.000730235287351
0.000681080831306
0.000630757401886
0.000580069805760
0.000529921019957
0.000481291228173
0.000435213369787
0.000392745948924
0.000354943961808
0.000322828880517
0.000297358677092
0.000279398881718
0.000269695642096
0.000268851689128
0.000277306018986
0.000295317977292
0.000322956282248
0.000360093355895
0.000406405152683
0.000461376489048
0.000524311693787
0.000594350223507
0.000670486726834
0.000751594901169
0.000836454371508
0.000923779735994
0.001012250870092
0.001100543561826
0.001187359564397
0.001271455198337
0.001351667710517
0.001426938698258
0.001496334028662
0.001559059820977
0.001614474207335
0.001662094738603
0.001701601451333
0.001732835753155
0.001755795412194
0.001770626046791
0.001777609601310
0.001777150359621
0.001769759088470
0.001756035918118
0.001736652558111
0.001712334413706
0.001683843116100
0.001651959910753
0.001617470266864
0.001581149982007
0.001543752963711
0.001506000778974
0.001468573977648
0.001432105120136
0.001397173377139
0.001364300521537
0.001333948101549
0.001306515570486
0.001282339151477
0.001261691234060
0.001244780131581
0.001231750071021
0.001222681336946
0.001217590545062
0.001216431074594
0.001219093738599
0.001225407813893
0.001235142584508
0.001248009571954
0.001263665630405
0.001281717074360
0.001301724980263
0.001323211763034
0.001345669075034
0.001368567011372
0.001391364534660
0.001413520958124
0.001434508252372
0.001453823872179
0.001471003739451
0.001485634970837
0.001497367906466
0.001505926982623
0.001511119997646
0.001512845347727
0.001511096857522
0.001505965898438
0.001497640572930
0.001486401843193
0.001472616593360
0.001456727731332
0.001439241554701
0.001420712719807
0.001401727258606
0.001382884179929
0.001364776265260
0.001347970720825
0.001332990374440
0.001320296105489
0.001310271168658
0.001303208017172
0.001299298150693
0.001298625409544
0.001301163014205
0.001306774511737
0.001315218644280
0.001326158004844
0.001339171198408
0.001353768087888
0.001369407580643
0.001385517307200
0.001401514464236
0.001416827042219
0.001430914636859
0.001443288053946
0.001453526959089
0.001461294895992
0.001466351096479
0.001468558628741
0.001467888572289
0.001464420063356
0.001458336216503
0.001449916090672
0.001439523024002
0.001427589805154
0.001414601273739
0.001401075043496
0.001387541115032
0.001374521187123
0.001362508485009
0.001351948900453
0.001343224182486
0.001336637832066
0.001332404241848
0.001330641488642
0.001331368036309
0.001334503447154
0.001339873036896
0.001347216248726
0.001356198372446
0.001366425101332
0.001377459307653
0.001388839332212
0.001400098027344
0.001410781768588
0.001420468658672
0.001428785187894
0.001435420685645
0.001440138995464
0.001442786926510
0.001443299172317
0.001441699537457
0.001438098467727
0.001432687033262
0.001425727660098
0.001417542038006
0.001408496745555
0.001398987222582
0.001389420782161
0.001380199386232
0.001371702910314
0.001364273593339
0.001358202310183
0.001353717219656
0.001350975233431
0.001350056626439
0.001350962972068
0.001353618442126
0.001357874368078
0.001363516822736
0.001370276856069
0.001377842910522
0.001385874854426
0.001394019010460
0.001401923521868
0.001409253393519
0.001415704567846
0.001421016445809
0.001424982337967
0.001427457426878
0.001428363935032
0.001427693317309
0.001425505427939
0.001421924743439
0.001417133849264
0.001411364513572
0.001404886771600
0.001397996524591
0.001391002214687
0.001384211169483
0.001377916215997
0.001372383143546
0.001367839549875
0.001364465536843
0.001362386634594
0.001361669230223
0.001362318663386
0.001364280032077
0.001367441632300
0.001371640840759
0.001376672145043
0.001382296935476
0.001388254600742
0.001394274418384
