0.040222295932538
0.040257719822387
0.040293200508800
0.040328640232176
0.040363939696095
0.040398998883330
0.040433717882811
0.040467997726024
0.040501741229535
0.040534853838027
0.040567244459578
0.040598826282356
0.040629517559744
0.040659242349363
0.040687931190882
0.040715521707871
0.040741959120309
0.040767196656758
0.040791195858290
0.040813926770038
0.040835368020299
0.040855506791348
0.040874338690194
0.040891867531193
0.040908105045546
0.040923070534994
0.040936790488359
0.040949298179777
0.040960633266428
0.040970841401342
0.040979973873306
0.040988087281319
0.040995243245605
0.041001508151211
0.041006952914199
0.041011652754881
0.041015686957988
0.041019138596657
0.041022094196131
0.041024643314369
0.041026878020494
0.041028892258063
0.041030781088098
0.041032639816137
0.041034563017380
0.041036643483499
0.041038971122813
0.041041631851544
0.041044706516993
0.041048269893337
0.041052389787239
0.041057126283789
0.041062531154062
0.041068647434635
0.041075509177772
0.041083141359806
0.041091559925639
0.041100771940156
0.041110775813382
0.041121561565859
0.041133111103824
0.041145398480166
0.041158390125927
0.041172045047603
0.041186314996383
0.041201144625816
0.041216471663072
0.041232227125111
0.041248335614081
0.041264715725840
0.041281280601514
0.041297938644938
0.041314594419076
0.041331149722984
0.041347504838472
0.041363559923246
0.041379216516077
0.041394379110258
0.041408956744933
0.041422864560529
0.041436025264539
0.041448370457438
0.041459841775258
0.041470391814777
0.041479984818622
0.041488597110010
0.041496217279261
0.041502846135655
0.041508496447714
0.041513192501756
0.041516969512141
0.041519872916712
0.041521957587759
0.041523286982831
0.041523932251755
0.041523971307392
0.041523487859085
0.041522570400802
0.041521311141553
0.041519804864740
0.041518147705923
0.041516435845094
0.041514764119333
0.041513224573619
0.041511904980265
0.041510887369256
0.041510246621133
0.041510049179495
0.041510351940619
0.041511201372595
0.041512632905777
0.041514670621070
0.041517327243868
0.041520604431283
0.041524493320561
0.041528975289657
0.041534022868519
0.041539600733317
0.041545666716396
0.041552172772157
0.041559065852576
0.041566288664194
0.041573780298914
0.041581476751503
0.041589311354605
0.041597215175146
0.041605117422329
0.041612945915890
0.041620627653703
0.041628089500843
0.041635258999326
0.041642065271176
0.041648439959903
0.041654318129652
0.041659639019813
0.041664346538045
0.041668389367684
0.041671720567119
0.041674296548364
0.041676075338421
0.041677014048085
0.041677065495807
0.041676173956429
0.041674270023133
0.041671264583795
0.041667041918404
0.041661451922148
0.041654301449655
0.041645344761914
0.041634273041394
0.041620702926859
0.041604164011755
0.041584085253411
0.041559780258990
0.041530431451758
0.041495073180203
0.041452573913949
0.041401617773442
0.041340685762694
0.041268037211646
0.041181692081217
0.041079414932817
0.040958701507075
0.040816768985450
0.040650551115015
0.040456699453122
0.040231592027913
0.039971350706785
0.039671868513113
0.039328848028269
0.038937851858811
0.038494365936021
0.037993876146345
0.037431958466618
0.036804382398289
0.036107227062084
0.035337008831881
0.034490818859359
0.033566468276991
0.032562638277685
0.031479031670280
0.030316521921672
0.029077295144036
0.027764979999854
0.026384760113069
0.024943463329177
0.023449622099034
0.021913499407540
0.020347075061244
0.018763987812603
0.017179429745878
0.015609990579007
0.014073451029100
0.012588526109963
0.011174561123518
0.009851185100931
0.008637928456721
0.007553813542346
0.006616928521269
0.005843996432552
0.005249952368676
0.004847542283895
0.004646957010098
0.004655514551541
0.004877402650615
0.005313491987836
0.005961228255238
0.006814608806960
0.007864246751970
0.009097522338285
0.010498818423238
0.012049833871041
0.013729966002109
0.015516750859968
0.017386348162270
0.019314056437541
0.021274843064386
0.023243873739506
0.025197026289124
0.027111374661579
0.028965630330119
0.030740530109564
0.032419161452822
0.033987218542932
0.035433184834731
0.036748440036140
0.037927291772554
0.038966934283172
0.039867338405165
0.040631078775162
0.041263105596239
0.041770469471843
0.042162008693615
0.042448008990424
0.042639846105692
0.042749621674122
0.042789802720788
0.042772874707708
0.042711017407637
0.042615811996031
0.042497986627817
0.042367206421104
0.042231912229662
0.042099210886071
0.041974817786399
0.041863050825753
0.041766872853342
0.041687978074292
0.041626916264929
0.041583247367946
0.041555718064765
0.041542451341877
0.041541139913869
0.041549234652947
0.041564119891928
0.041583268576913
0.041604371684432
0.041625438000835
0.041644862188013
0.041661460918342
0.041674478640131
0.041683566126168
0.041688736269212
0.041690302546997
0.041688806138620
0.041684937816100
0.041679460470828
0.041673137504550
0.041666671382536
0.041660655496108
0.041655541208030
0.041651620657121
0.041649024674086
0.041647734094283
0.041647601913485
0.041648383166253
0.041649769136016
0.041651422529009
0.041653010535409
0.041654233214963
0.041654845320777
0.041654670444289
0.041653607154642
0.041651627547912
0.041648769256489
0.041645122450218
0.041640813659493
0.041635988355091
0.041630794136976
0.041625366137319
0.041619815867635
0.041614224280998
0.041608639327097
0.041603077799186
0.041597530851930
0.041591972243196
0.041586368145339
0.041580687293911
0.041574910292546
0.041569037058298
0.041563091648289
0.041557124025148
0.041551208660641
0.041545440208842
0.041539926770192
0.041534781489558
0.041530113367075
0.041526018201392
0.041522570532337
0.041519817314099
0.041517773848878
0.041516422267944
0.041515712588558
0.041515566127658
0.041515880840683
0.041516537995672
0.041517409501686
0.041518365192213
0.041519279416412
0.041520036404873
0.041520534037103
0.041520685826624
0.041520421135526
0.041519683813414
0.041518429607808
0.041516622800199
0.041514232575634
0.041511229630856
0.041507583470035
0.041503260736160
0.041498224792973
0.041492436622073
0.041485856948738
0.041478449373769
0.041470184180358
0.041461042414648
0.041451019811543
0.041440130154525
0.041428407715969
0.041415908515288
0.041402710245745
0.041388910844845
0.041374625805251
0.041359984431490
0.041345125332647
0.041330191495666
0.041315325304402
0.041300663855810
0.041286334879866
0.041272453499840
0.041259119982268
0.041246418530574
0.041234417081978
0.041223167982833
0.041212709350089
0.041203066881326
0.041194255855752
0.041186283073956
0.041179148513265
0.041172846524085
0.041167366455275
0.041162692666695
0.041158803957866
0.041155672506527
0.041153262464081
0.041151528392019
0.041150413741678
0.041149849578040
0.041149753727601
0.041150030493061
0.041150571027688
0.041151254404416
0.041151949354691
0.041152516595121
0.041152811611259
0.041152687731579
0.041151999303769
0.041150604781511
0.041148369542727
0.041145168288407
0.041140886911414
0.041135423773284
0.041128690379097
0.041120611491190
0.041111124767090
0.041100180041618
0.041087738394700
0.041073771153468
0.041058258969533
0.041041191091123
0.041022564917695
0.041002385885022
0.040980667685858
0.040957432789250
0.040932713184619
0.040906551248028
0.040879000610361
0.040850126901502
0.040820008251300
0.040788735446036
0.040756411666053
