0.041165611300306
0.041171219173413
0.041176803563575
0.041182365708829
0.041187904626765
0.041193417150423
0.041198898080887
0.041204340449841
0.041209735880298
0.041215075029263
0.041220348092231
0.041225545346538
0.041230657708596
0.041235677279087
0.041240597850422
0.041245415351948
0.041250128210859
0.041254737610069
0.041259247628744
0.041263665256262
0.041268000276139
0.041272265022492
0.041276474017695
0.041280643505647
0.041284790900209
0.041288934172555
0.041293091204143
0.041297279133618
0.041301513726072
0.041305808791766
0.041310175678786
0.041314622860330
0.041319155632745
0.041323775935315
0.041328482297427
0.041333269913450
0.041338130840623
0.041343054310608
0.041348027141344
0.041353034232284
0.041358059123296
0.041363084595232
0.041368093288648
0.041373068316333
0.041377993845314
0.041382855624919
0.041387641439488
0.041392341467273
0.041396948531271
0.041401458232730
0.041405868963970
0.041410181803401
0.041414400301907
0.041418530175642
0.041422578925119
0.041426555404072
0.041430469363369
0.041434330995271
0.041438150501501
0.041441937705083
0.041445701721233
0.041449450697106
0.041453191624559
0.041456930224845
0.041460670899782
0.041464416740702
0.041468169584744
0.041471930107513
0.041475697941828
0.041479471813744
0.041483249688904
0.041487028924122
0.041490806420641
0.041494578776413
0.041498342435048
0.041502093828780
0.041505829512136
0.041509546282250
0.041513241281253
0.041516912076159
0.041520556712330
0.041524173737965
0.041527762199023
0.041531321606287
0.041534851878612
0.041538353268317
0.041541826275996
0.041545271562310
0.041548689863682
0.041552081917242
0.041555448398057
0.041558789869168
0.041562106742517
0.041565399246977
0.041568667398802
0.041571910969928
0.041575129450866
0.041578322007083
0.041581487430528
0.041584624090728
0.041587729892267
0.041590802246882
0.041593838068648
0.041596833799514
0.041599785470025
0.041602688796575
0.041605539312558
0.041608332526824
0.041611064099519
0.041613730023143
0.041616326795856
0.041618851574782
0.041621302299186
0.041623677776549
0.041625977728335
0.041628202795934
0.041630354510467
0.041632435232328
0.041634448067367
0.041636396766338
0.041638285613026
0.041640119304481
0.041641902824668
0.041643641310934
0.041645339911418
0.041647003631086
0.041648637164422
0.041650244713714
0.041651829792976
0.041653395018139
0.041654941883879
0.041656470525598
0.041657979461533
0.041659465304468
0.041660922425355
0.041662342542590
0.041663714201341
0.041665022097774
0.041666246193681
0.041667360558479
0.041668331867655
0.041669117479599
0.041669663005873
0.041669899282803
0.041669738644378
0.041669070387317
0.041667755308770
0.041665619185838
0.041662445054886
0.041657964138970
0.041651845265857
0.041643682619665
0.041632981679082
0.041619143217666
0.041601445279857
0.041579023103037
0.041550847033512
0.041515698584521
0.041472144908287
0.041418512101863
0.041352857937201
0.041272944797486
0.041176213810970
0.041059761395330
0.040920319653293
0.040754242285022
0.040557497893361
0.040325672740912
0.040053985156904
0.039737313868512
0.039370242525712
0.038947122579831
0.038462156443056
0.037909502480409
0.037283402851876
0.036578334520827
0.035789182873736
0.034911436363139
0.033941399409897
0.032876419513965
0.031715123169853
0.030457653822167
0.029105903797974
0.027663730996482
0.026137150189390
0.024534488176571
0.022866491838219
0.021146378404418
0.019389818089617
0.017614840654757
0.015841659478449
0.014092409322511
0.012390797111483
0.010761668616801
0.009230497811747
0.007822809674993
0.006563551170416
0.005476428799379
0.004583234279736
0.003903182327891
0.003452286000068
0.003242795415012
0.003282724811109
0.003575490728316
0.004119680664550
0.004908966932117
0.005932174807098
0.007173507673029
0.008612925023251
0.010226662264461
0.011987874643562
0.013867381687796
0.015834483665757
0.017857818053735
0.019906222062126
0.021949567080394
0.023959532469035
0.025910289384205
0.027779070077133
0.029546604081143
0.031197409520928
0.032719935035946
0.034106555063478
0.035353428046350
0.036460233123428
0.037429805701861
0.038267695760155
0.038981674654411
0.039581216568517
0.040076979640506
0.040480309384621
0.040802783561773
0.041055813434446
0.041250311707986
0.041396432742370
0.041503386126860
0.041579320709004
0.041631272862446
0.041665170296909
0.041685881116168
0.041697297102657
0.041702440275439
0.041703582507733
0.041702369244726
0.041699939959606
0.041697039753827
0.041694118289311
0.041691413903587
0.041689022204613
0.041686949606620
0.041685153123170
0.041683568281805
0.041682127294067
0.041680769651335
0.041679447176567
0.041678125303214
0.041676782030038
0.041675405661065
0.041673992119301
0.041672542344968
0.041671060066515
0.041669550068471
0.041668016969996
0.041666464462815
0.041664894926080
0.041663309327660
0.041661707326721
0.041660087504211
0.041658447661110
0.041656785136794
0.041655097110743
0.041653380860387
0.041651633956856
0.041649854389126
0.041648040615722
0.041646191551278
0.041644306502117
0.041642385069733
0.041640427042926
0.041638432298054
0.041636400722642
0.041634332171188
0.041632226454572
0.041630083357384
0.041627902671972
0.041625684235116
0.041623427953328
0.041621133805825
0.041618801819527
0.041616432016828
0.041614024343240
0.041611578586906
0.041609094304539
0.041606570768105
0.041604006943452
0.041601401506798
0.041598752898484
0.041596059406833
0.041593319269700
0.041590530778180
0.041587692366678
0.041584802676128
0.041581860582149
0.041578865186500
0.041575815777081
0.041572711767799
0.041569552633772
0.041566337858739
0.041563066910134
0.041559739253006
0.041556354407820
0.041552912049922
0.041549412141495
0.041545855081119
0.041542241852665
0.041538574154525
0.041534854492312
0.041531086222671
0.041527273541952
0.041523421420234
0.041519535487455
0.041515621883262
0.041511687084970
0.041507737728479
0.041503780435178
0.041499821654335
0.041495867525976
0.041491923764628
0.041487995560511
0.041484087492334
0.041480203445263
0.041476346528858
0.041472518992483
0.041468722139345
0.041464956244075
0.041461220481911
0.041457512879448
0.041453830297076
0.041450168451603
0.041446521984373
0.041442884575830
0.041439249102776
0.041435607830114
0.041431952625514
0.041428275183557
0.041424567245830
0.041420820805130
0.041417028284988
0.041413182689678
0.041409277723987
0.041405307885686
0.041401268536239
0.041397155956484
0.041392967393735
0.041388701105070
0.041384356398994
0.041379933674594
0.041375434454475
0.041370861405564
0.041366218340824
0.041361510195086
0.041356742969665
0.041351923642736
0.041347060045386
0.041342160706129
0.041337234669140
0.041332291293069
0.041327340037849
0.041322390246475
0.041317450927401
0.041312530541463
0.041307636795480
0.041302776443320
0.041297955094726
0.041293177032644
0.041288445041230
0.041283760248949
0.041279121993719
0.041274527719451
0.041269972915055
0.041265451107451
0.041260953919152
0.041256471198357
0.041251991225404
0.041247500994221
0.041242986561699
0.041238433452275
0.041233827100159
0.041229153308247
0.041224398701048
0.041219551149337
0.041214600146445
0.041209537119988
0.041204355667773
0.041199051712138
0.041193623572322
0.041188071959176
0.041182399900144
0.041176612604713
0.041170717281498
0.041164722917879
