0.022655387090334
0.022661822611141
0.022670605222211
0.022681439054303
0.022693940934316
0.022707654143524
0.022722065352705
0.022736624107607
0.022750764126118
0.022763925584598
0.022775577518552
0.022785239444973
0.022792501331158
0.022797041087595
0.022798638848777
0.022797187422713
0.022792698433046
0.022785303841890
0.022775252720311
0.022762903320136
0.022748710687944
0.022733210242483
0.022716997903008
0.022700707501438
0.022684986329789
0.022670469761000
0.022657755932182
0.022647381492026
0.022639799387547
0.022635359600089
0.022634293638469
0.022636703461993
0.022642555342366
0.022651678987584
0.022663772049350
0.022678409926310
0.022695060566308
0.022713103770175
0.022731854315173
0.022750588055463
0.022768570026589
0.022785083486270
0.022799458769150
0.022811100821182
0.022819514311140
0.022824325291843
0.022825298499771
0.022822349535005
0.022815551348588
0.022805134674733
0.022791482273306
0.022775117085013
0.022756684638991
0.022736930280787
0.022716671999289
0.022696769815566
0.022678092847474
0.022661485274825
0.022647732496098
0.022637528785815
0.022631447730227
0.022629916638271
0.022633195997039
0.022641364870218
0.022654312929866
0.022671739573645
0.022693160319644
0.022717920398672
0.022745215189327
0.022774116874515
0.022803606449666
0.022832609992142
0.022860037917203
0.022884825805855
0.022905975300062
0.022922593525453
0.022933929523177
0.022939406251229
0.022938646849613
0.022931494049173
0.022918021835062
0.022898538744827
0.022873582478946
0.022843905817776
0.022810454162113
0.022774335333031
0.022736782568656
0.022699111929469
0.022662675559131
0.022628812435064
0.022598798374376
0.022573797130104
0.022554814416306
0.022542656636743
0.022537895961572
0.022540843202932
0.022551529689159
0.022569699036484
0.022594809376225
0.022626046226134
0.022662345809397
0.022702428237434
0.022744839596931
0.022788001631386
0.022830267396013
0.022869981004230
0.022905539384804
0.022935453839585
0.022958409139047
0.022973317920207
0.022979368260113
0.022976062485927
0.022963245545120
0.022941121589012
0.022910257809743
0.022871575002663
0.022826324788842
0.022776053910473
0.022722556488894
0.022667815593930
0.022613935897693
0.022563069560012
0.022517337801765
0.022478750854066
0.022449129115105
0.022430028395116
0.022422672078946
0.022427892883952
0.022446086640821
0.022477180182118
0.022520614996974
0.022575347812549
0.022639868708612
0.022712236778037
0.022790132732241
0.022870927236842
0.022951763169877
0.023029649443487
0.023101563539905
0.023164559502246
0.023215877806249
0.023253053334303
0.023274017588009
0.023277191316934
0.023261563911661
0.023226756207343
0.023173063763975
0.023101478221797
0.023013684960793
0.022912036005031
0.022799497885122
0.022679574982487
0.022556209702716
0.022433661636186
0.022316368636089
0.022208793451503
0.022115260171723
0.022039785245527
0.021985908216103
0.021956527543069
0.021953746955840
0.021978737690214
0.022031621700424
0.022111380514751
0.022215793822099
0.022341411152660
0.022483559165523
0.022636386101660
0.022792943927727
0.022945307613094
0.023084729880070
0.023201828677620
0.023286803584138
0.023329676377032
0.023320550146092
0.023249880601706
0.023108752662251
0.022889155017790
0.022584245174955
0.022188597500664
0.021698427004551
0.021111782030027
0.020428699654183
0.019651318413767
0.018783943959157
0.017833064366467
0.016807313080903
0.015717378789921
0.014575862897329
0.013397086652130
0.012196851340688
0.010992156240052
0.009800880217563
0.008641433913338
0.007532390327153
0.006492102323412
0.005538316045942
0.004687789482845
0.003955925431149
0.003356427878779
0.002900990351197
0.002599024072398
0.002457432881545
0.002480440750038
0.002669476487266
0.003023118839155
0.003537103708146
0.004204393695238
0.005015308624680
0.005957714200656
0.007017264503175
0.008177692695713
0.009421143125576
0.010728536981099
0.012079962854643
0.013455082968352
0.014833545466048
0.016195393068468
0.017521458532190
0.018793737740497
0.019995731875686
0.021112750959263
0.022132172075723
0.023043646788575
0.023839253581072
0.024513592572651
0.025063821236667
0.025489631336036
0.025793168760777
0.025978899356436
0.026053425137971
0.026025256456243
0.025904546693895
0.025702796889249
0.025432538301257
0.025107001322015
0.024739779308465
0.024344495840781
0.023934483626938
0.023522482772642
0.023120365440345
0.022738893053003
0.022387511184252
0.022074186147448
0.021805286084623
0.021585508097907
0.021417851695972
0.021303637581964
0.021242569621238
0.021232836728804
0.021271250436355
0.021353413061825
0.021473910730766
0.021626525003664
0.021804456556152
0.022000554244317
0.022207542963222
0.022418243966625
0.022625781747479
0.022823772165457
0.023006487228478
0.023168992765795
0.023307256143597
0.023418222141618
0.023499856101193
0.023551154441994
0.023572123597381
0.023563729309996
0.023527819035122
0.023467020898092
0.023384623225842
0.023284439108053
0.023170660731154
0.023047708364268
0.022920078860422
0.022792198373731
0.022668283693018
0.022552216167687
0.022447431669002
0.022356829408884
0.022282701750435
0.022226686412813
0.022189741721664
0.022172144808949
0.022173511945727
0.022192839519942
0.022228563568109
0.022278635251794
0.022340609250844
0.022411741735699
0.022489094387409
0.022569640859020
0.022650372114674
0.022728397238366
0.022801036564656
0.022865904337302
0.022920978534918
0.022964655999013
0.022995791541530
0.023013720277347
0.023018263003076
0.023009715007985
0.022988819237936
0.022956725222238
0.022914935601615
0.022865242450709
0.022809655861007
0.022750327433188
0.022689471417889
0.022629286240473
0.022571879051057
0.022519195761416
0.022472958773621
0.022434614281993
0.022405290652586
0.022385768967033
0.022376466375082
0.022377432448051
0.022388358279009
0.022408597649728
0.022437199192958
0.022472948133840
0.022514415906548
0.022560015719991
0.022608061995388
0.022656831522142
0.022704624177438
0.022749821127554
0.022790938570751
0.022826675286287
0.022855952513089
0.022877944984766
0.022892102283587
0.022898160032391
0.022896140807577
0.022886345015589
0.022869332317374
0.022845894498930
0.022817020960939
0.022783858228142
0.022747665052711
0.022709764800583
0.022671496863033
0.022634168827023
0.022599011068903
0.022567135310555
0.022539498500589
0.022516873163151
0.022499825101749
0.022488699065022
0.022483612685918
0.022484458705911
0.022490915202347
0.022502463259925
0.022518411276025
0.022537924872486
0.022560061210339
0.022583806374392
0.022608114414948
0.022631946606215
0.022654309504973
0.022674290466961
0.022691089398641
0.022704045683161
0.022712659415188
0.022716606301860
0.022715745828267
0.022710122536434
0.022699960517776
0.022685651461367
0.022667736825673
0.022646884901878
0.022623863705900
0.022599510768157
0.022574700981089
0.022550313711838
0.022527200390482
0.022506153743438
0.022487879759447
0.022472973355571
0.022461898557916
0.022454973832425
0.022452363002020
0.022454071975125
0.022459951295109
0.022469704308196
0.022482900546645
0.022498993741498
0.022517343721280
0.022537241324995
0.022557935363757
0.022578660608242
0.022598665760296
0.022617240386579
0.022633739848548
0.022647607353941
0.022658392376070
0.022665764833916
0.022669524592344
0.022669606021368
0.022666077539444
