0.576137907265910
0.576679245216974
0.577400225955929
0.578306885172219
0.579403899178006
0.580694212870758
0.582178682115877
0.583855750404631
0.585721179714824
0.587767854540063
0.589985676045397
0.592361560298546
0.594879550627230
0.597521049527080
0.600265170403248
0.603089204015676
0.605969189073832
0.608880571252972
0.611798930225570
0.614700750333970
0.617564207447906
0.620369942481972
0.623101791072991
0.625747439070575
0.628298974770163
0.630753311179722
0.633112454998311
0.635383603318597
0.637579054256591
0.639715923658707
0.641815666622611
0.643903409659798
0.646007106759858
0.648156540190815
0.650382194344165
0.652714038020170
0.655180256918322
0.657805983387475
0.660612074320306
0.663613990078380
0.666820827175207
0.670234554864562
0.673849500624479
0.677652121770916
0.681621090213805
0.685727704983069
0.689936633074379
0.694206964015331
0.698493548079454
0.702748573106585
0.706923321283798
0.710970035833839
0.714843819097107
0.718504478585011
0.721918236648543
0.725059222644107
0.727910673849034
0.730465782598278
0.732728141673900
0.734711757178965
0.736440617115492
0.737947823719618
0.739274317302927
0.740467237951978
0.741577988065642
0.742660072605061
0.743766804492681
0.744948969402105
0.746252546995391
0.747716584439228
0.749371312887238
0.751236588826466
0.753320730150929
0.755619802043402
0.758117390792720
0.760784885171072
0.763582265600627
0.766459381720293
0.769357679792764
0.772212323328077
0.774954633980734
0.777514765801825
0.779824514848414
0.781820158448623
0.783445214486180
0.784653011182951
0.785408962170172
0.785692450143512
0.785498234920565
0.784837317912587
0.783737214361200
0.782241606487712
0.780409374129911
0.778313023563164
0.776036559019149
0.773672863910839
0.771320678966581
0.769081281478684
0.767054982929565
0.765337570795119
0.764016823973148
0.763169229902445
0.762857025113305
0.763125669989971
0.764001853434917
0.765492104572540
0.767582067409316
0.770236471348613
0.773399806546518
0.776997689180714
0.780938878630549
0.785117887092044
0.789418102931562
0.793715332650678
0.797881653101599
0.801789455842401
0.805315559422495
0.808345263002012
0.810776216003593
0.812521983358233
0.813515194155372
0.813710172899407
0.813084966809185
0.811642699324590
0.809412198801345
0.806447871829523
0.802828812199447
0.798657158710651
0.794055737183838
0.789165043568052
0.784139645294846
0.779144096377812
0.774348477572513
0.769923685630943
0.766036604813808
0.762845298972470
0.760494363414025
0.759110572297013
0.758798949508000
0.759639379039832
0.761683855192990
0.764954453962742
0.769442085401292
0.775106063302770
0.781874504074935
0.789645541992703
0.798289324037135
0.807650725031982
0.817552703547786
0.827800201698764
0.838184478028615
0.848487752539961
0.858488036786476
0.867964019874802
0.876699883122205
0.884489921753225
0.891142861039429
0.896485766237905
0.900367460039392
0.902661377420917
0.903267805215947
0.902115471772264
0.899162470197709
0.894396516368619
0.887834559625999
0.879521779507373
0.869530015624941
0.857955689647220
0.844917288087849
0.830552482137018
0.815014966039867
0.798471098540960
0.781096432735183
0.763072218398613
0.744581957660821
0.725808089897675
0.706928875172348
0.688115537653267
0.669529721431872
0.651321301300567
0.633626580593686
0.616566897405728
0.600247649646858
0.584757738734922
0.570169421506905
0.556538550394556
0.543905173264246
0.532294456755871
0.521717890627895
0.512174725644710
0.503653594009774
0.496134259292211
0.489589442211617
0.483986669488717
0.479290095150297
0.475462247071438
0.472465655988628
0.470264329542072
0.468825039902865
0.468118399999226
0.468119710062019
0.468809562955555
0.470174203351217
0.472205642065011
0.474901532668763
0.478264822680959
0.482303196163612
0.487028328346147
0.492454975949107
0.498599929204352
0.505480853204962
0.513115047230819
0.521518151163469
0.530702828114566
0.540677452035920
0.551444828441566
0.563000975527162
0.575333991977552
0.588423036645856
0.602237444080334
0.616735998556945
0.631866387810504
0.647564855990012
0.663756073420848
0.680353238456315
0.697258423959148
0.714363177692044
0.731549382053370
0.748690374132719
0.765652321977475
0.782295847291097
0.798477878607183
0.814053712427698
0.828879253050842
0.842813395059376
0.855720505941201
0.867472960345188
0.877953672319600
0.887058567821046
0.894698937080677
0.900803605300150
0.905320860802826
0.908220082302462
0.909493011418924
0.909154622934706
0.907243553434766
0.903822058713066
0.898975481398691
0.892811222327631
0.885457221890145
0.877059970515258
0.867782080197013
0.857799461111517
0.847298158533067
0.836470915084711
0.825513531559325
0.814621105889611
0.803984234165466
0.793785259800575
0.784194657009934
0.775367632710931
0.767441026891385
0.760530585529855
0.754728672473444
0.750102477462806
0.746692766948224
0.744513212673990
0.743550320436210
0.743763968159713
0.745088548713222
0.747434698918598
0.750691582250599
0.754729679026566
0.759404024731848
0.764557824819922
0.770026363194077
0.775641111965093
0.781233942343496
0.786641331015370
0.791708453400384
0.796293055087580
0.800268995715655
0.803529365750010
0.805989086042467
0.807586912651864
0.808286784929709
0.808078472970016
0.806977500685917
0.805024342382763
0.802282913020988
0.798838394601787
0.794794462424905
0.790269994525100
0.785395364599505
0.780308432487270
0.775150356173930
0.770061354942440
0.765176554436114
0.760622040987513
0.756511244747573
0.752941759257809
0.749992689648536
0.747722603263236
0.746168135952545
0.745343285365273
0.745239400125083
0.745825851640080
0.747051354211669
0.748845879770047
0.751123096535710
0.753783246639240
0.756716366543480
0.759805746196497
0.762931518274931
0.765974267625415
0.768818552958638
0.771356237807964
0.773489535487518
0.775133682987891
0.776219171113567
0.776693472349867
0.776522223582290
0.775689837483435
0.774199533716885
0.772072798637037
0.769348299420883
0.766080295061026
0.762336601877706
0.758196184673147
0.753746455879837
0.749080373615567
0.744293435096221
0.739480664111068
0.734733690096170
0.730138011744943
0.725770530219606
0.721697426166537
0.717972441331281
0.714635610173300
0.711712470151141
0.709213761996820
0.707135614055811
0.705460188342712
0.704156750995815
0.703183116851651
0.702487407320505
0.702010052902036
0.701685966662720
0.701446812786865
0.701223294766800
0.700947390668856
0.700554467879376
0.699985216438350
0.699187348135531
0.698117017617684
0.696739931516268
0.695032121775094
0.692980369712399
0.690582277704271
0.687845995571935
0.684789618649925
0.681440283956998
0.677832999716928
0.674009251480120
0.670015435043139
0.665901171986246
0.661717567666771
0.657515473645902
0.653343816547946
0.649248053080286
0.645268806298257
0.641440731221872
0.637791648772139
0.634341976010136
0.631104468277231
0.628084275612813
0.625279302408866
0.622680846332983
0.620274480792747
0.618041135247971
0.615958320030071
0.614001437385172
0.612145118441922
0.610364526756125
0.608636572863153
0.606940990569747
0.605261234095030
0.603585165080041
0.601905509321794
0.600220074233881
0.598531728904333
0.596848158692695
0.595181415158762
0.593547289434398
0.591964542747635
0.590454031608864
0.589037767199405
0.587737948872305
0.586576010549386
0.585571716380053
0.584742338530269
