0.008603856399178
0.008595031237619
0.008584549869935
0.008572638341233
0.008559560492714
0.008545612262502
0.008531115122151
0.008516408791478
0.008501843393826
0.008487771229849
0.008474538359862
0.008462476192482
0.008451893280349
0.008443067522140
0.008436238963688
0.008431603380008
0.008429306804536
0.008429441152158
0.008432041059144
0.008437082036337
0.008444480002428
0.008454092232606
0.008465719724972
0.008479110953573
0.008493966943572
0.008509947571715
0.008526678964573
0.008543761838911
0.008560780603538
0.008577313020830
0.008592940209369
0.008607256757158
0.008619880708200
0.008630463183893
0.008638697405006
0.008644326889846
0.008647152619489
0.008647038981383
0.008643918327842
0.008637794015406
0.008628741824192
0.008616909692389
0.008602515739334
0.008585844590079
0.008567242054348
0.008547108252223
0.008525889316870
0.008504067840345
0.008482152260950
0.008460665419114
0.008440132532461
0.008421068859148
0.008403967330976
0.008389286444007
0.008377438694080
0.008368779837642
0.008363599244712
0.008362111590849
0.008364450108892
0.008370661589670
0.008380703284244
0.008394441819507
0.008411654194800
0.008432030880676
0.008455180993052
0.008480639467721
0.008507876112776
0.008536306370908
0.008565303580918
0.008594212489137
0.008622363727677
0.008649088948535
0.008673736281092
0.008695685766259
0.008714364413819
0.008729260530644
0.008739936976648
0.008746043022438
0.008747324507444
0.008743632029417
0.008734926935019
0.008721284926040
0.008702897145606
0.008680068662731
0.008653214330379
0.008622852050784
0.008589593540787
0.008554132748059
0.008517232125039
0.008479707019890
0.008442408491543
0.008406204897804
0.008371962640548
0.008340526479195
0.008312699842369
0.008289225577122
0.008270767575149
0.008257893705693
0.008251060465488
0.008250599727276
0.008256707930631
0.008269438012722
0.008288694323002
0.008314230705807
0.008345651869455
0.008382418091223
0.008423853235737
0.008469155991548
0.008517414158425
0.008567621747747
0.008618698592007
0.008669512098145
0.008718900724824
0.008765698717035
0.008808761593711
0.008846991856454
0.008879364370579
0.008904950864318
0.008922942998210
0.008932673474792
0.008933634688349
0.008925494455356
0.008908108417633
0.008881528771315
0.008846009044282
0.008802004721514
0.008750169600366
0.008691347844333
0.008626561792913
0.008556995674607
0.008483975458326
0.008408945163404
0.008333440028417
0.008259057012178
0.008187423165109
0.008120162464100
0.008058861747746
0.008005036420340
0.007960096611420
0.007925314482389
0.007901793362426
0.007890439372669
0.007891936160530
0.007906723315831
0.007934978977754
0.007976607067759
0.008031229499764
0.008098183626698
0.008176525083730
0.008265036084961
0.008362239124199
0.008466415923712
0.008575631369669
0.008687762071616
0.008800529087693
0.008911534269510
0.009018299602472
0.009118308850548
0.009209050760468
0.009288063040395
0.009352976303101
0.009401557154308
0.009431749613478
0.009441714076896
0.009429863071208
0.009394893098927
0.009335811944912
0.009251960893291
0.009143031396115
0.009009075836620
0.008850512139261
0.008668122093613
0.008463043377583
0.008236755384765
0.007991059078864
0.007728051212553
0.007450093356653
0.007159776285845
0.006859880357362
0.006553332597247
0.006243161273327
0.005932448783644
0.005624283722621
0.005321713004049
0.005027694919646
0.004745053994375
0.004476438465243
0.004224281159574
0.003990764482698
0.003777790144903
0.003586954164981
0.003419527584492
0.003276443215103
0.003158288623208
0.003065305433864
0.002997394912360
0.002954129658913
0.002934771132573
0.002938292606786
0.002963407053546
0.003008599357750
0.003072162180232
0.003152234718673
0.003246843561506
0.003353944792295
0.003471466481476
0.003597350699333
0.003729594198687
0.003866286947652
0.004005647741382
0.004146056185937
0.004286080425994
0.004424500079413
0.004560323943861
0.004692802151696
0.004821432566694
0.004945961337823
0.005066377648344
0.005182902820701
0.005295974056399
0.005406223202831
0.005514451043587
0.005621597702945
0.005728709837005
0.005836905351748
0.005947336440540
0.006061151769417
0.006179458656922
0.006303286096053
0.006433549448925
0.006571017610431
0.006716283386123
0.006869737762892
0.007031548669965
0.007201644734178
0.007379704429052
0.007565150904300
0.007757152663168
0.007954630131961
0.008156268041847
0.008360533419956
0.008565698867600
0.008769870690508
0.008971021341643
0.009167025543623
0.009355699376948
0.009534841553803
0.009702276046571
0.009855895206428
0.009993702491182
0.010113853923302
0.010214697418761
0.010294809164633
0.010353026277516
0.010388475044767
0.010400594134876
0.010389152260309
0.010354259883934
0.010296374676523
0.010216300555427
0.010115180260963
0.009994481554658
0.009855977249848
0.009701719407542
0.009534008146595
0.009355355624629
0.009168445842771
0.008976091011084
0.008781185280944
0.008586656704162
0.008395418315258
0.008210319252323
0.008034096832864
0.007869330484056
0.007718398392126
0.007583437684008
0.007466308886878
0.007368565329163
0.007291428051670
0.007235766691584
0.007202086687364
0.007190523031194
0.007200840670254
0.007232441530919
0.007284378013781
0.007355372684494
0.007443843768350
0.007547935947428
0.007665555860309
0.007794411617588
0.007932055573390
0.008075929535178
0.008223411552495
0.008371863400437
0.008518677866269
0.008661324957492
0.008797396176676
0.008924646051818
0.009041030169921
0.009144739034587
0.009234227154245
0.009308236864316
0.009365816492181
0.009406332586195
0.009429476046726
0.009435262116192
0.009424024303710
0.009396402436082
0.009353325138089
0.009295987149238
0.009225821979324
0.009144470489477
0.009053746057334
0.008955597043202
0.008852067317570
0.008745255638389
0.008637274678730
0.008530210501718
0.008426083260207
0.008326809864167
0.008234169309913
0.008149771303388
0.008075028736023
0.008011134487880
0.007959042940604
0.007919456484177
0.007892817198552
0.007879303786149
0.007878833725975
0.007891070517010
0.007915435779394
0.007951125888958
0.007997132735402
0.008052268118719
0.008115191233540
0.008184438638228
0.008258456065632
0.008335631406020
0.008414328180314
0.008492918823229
0.008569817111264
0.008643509098953
0.008712581967852
0.008775750245146
0.008831878911469
0.008880002988996
0.008919343279539
0.008949318006508
0.008969550202464
0.008979870773563
0.008980317261829
0.008971128413831
0.008952734748340
0.008925745394219
0.008890931541495
0.008849206912089
0.008801605710675
0.008749258559713
0.008693366955167
0.008635176800130
0.008575951582443
0.008516945759341
0.008459378897409
0.008404411090293
0.008353120140274
0.008306480943982
0.008265347468323
0.008230437641313
0.008202321415440
0.008181412189888
0.008167961703972
0.008162058439130
0.008163629492339
0.008172445811424
0.008188130613966
0.008210170747688
0.008237930692641
0.008270668855330
0.008307555763020
0.008347693733617
0.008390137573289
0.008433915840665
0.008478052213187
0.008521586497860
0.008563594844969
0.008603208748759
0.008639632452929
0.008672158420230
0.008700180573432
0.008723205068263
0.008740858416535
0.008752892838031
0.008759188781711
0.008759754618856
0.008754723571737
0.008744347999819
0.008728991220311
0.008709117089826
0.008685277618095
0.008658098922193
0.008628265859878
