0.069130392834413
0.069286080239805
0.069398670010254
0.069466056305290
0.069486823344975
0.069460261856790
0.069386373566432
0.069265864126227
0.069100125078847
0.068891205619733
0.068641775050368
0.068355076909763
0.068034875837944
0.067685398268523
0.067311268072583
0.066917438287441
0.066509120064153
0.066091709957805
0.065670716664323
0.065251688274479
0.064840141067445
0.064441490799470
0.064060987355890
0.063703653525676
0.063374228527951
0.063077116772778
0.062816342179485
0.062595508212717
0.062417763638770
0.062285773862726
0.062201697590846
0.062167168481424
0.062183281407851
0.062250582963596
0.062369065890266
0.062538167202686
0.062756769911124
0.063023208388535
0.063335277585903
0.063690246445232
0.064084875981429
0.064515442585926
0.064977767134049
0.065467250445643
0.065978915550337
0.066507457045586
0.067047297613642
0.067592651493547
0.068137594401574
0.068676139076164
0.069202315311413
0.069710253056743
0.070194266918288
0.070648940216305
0.071069206644995
0.071450427554678
0.071788462934191
0.072079734311717
0.072321278008120
0.072510787457082
0.072646643636858
0.072727933022279
0.072754452845453
0.072726703831284
0.072645870932947
0.072513792917835
0.072332921933755
0.072106274409061
0.071837374802581
0.071530193816768
0.071189082720502
0.070818705399443
0.070423969667052
0.070009959235915
0.069581867575806
0.069144934682169
0.068704387557245
0.068265384977042
0.067832966891637
0.067412008594182
0.067007179604929
0.066622907058364
0.066263343260591
0.065932337004409
0.065633408193268
0.065369725331833
0.065144085487383
0.064958896407623
0.064816160589225
0.064717461218742
0.064663950043193
0.064656337361127
0.064694884445634
0.064779398809156
0.064909232787778
0.065083285954005
0.065300011858220
0.065557429549281
0.065853140235967
0.066184349327705
0.066547893941971
0.066940275795350
0.067357699214983
0.067796113826819
0.068251261306298
0.068718725424432
0.069193984494737
0.069672465229657
0.070149596952188
0.070620865080956
0.071081862814522
0.071528339981434
0.071956248093508
0.072361780737266
0.072741408558503
0.073091908233632
0.073410384974844
0.073694288281214
0.073941420821133
0.074149940510355
0.074318356031250
0.074445516219424
0.074530593919710
0.074573065080129
0.074572684004175
0.074529455812458
0.074443607267444
0.074315557182715
0.074145887664008
0.073935317407476
0.073684678206707
0.073394895692176
0.073066975145307
0.072701992998237
0.072301094356622
0.071865496576784
0.071396498603456
0.070895495445951
0.070363996855761
0.069803648985292
0.069216257572361
0.068603811023958
0.067968501677773
0.067312743510199
0.066639184639003
0.065950713137217
0.065250454926154
0.064541762839411
0.063828196331307
0.063113491723929
0.062401523325996
0.061696256191686
0.061001691696243
0.060321807466661
0.059660493501340
0.059021486527710
0.058408304770540
0.057824185330542
0.057272026302345
0.056754335597510
0.056273188191366
0.055830193195342
0.055426471785854
0.055062646615393
0.054738842911256
0.054454701052044
0.054209400020436
0.054001690779240
0.053829938319925
0.053692170898696
0.053586134810755
0.053509352960741
0.053459185464614
0.053432890560182
0.053427684202020
0.053440796861413
0.053469526231883
0.053511284743968
0.053563641008091
0.053624354521340
0.053691403184881
0.053763003377076
0.053837622509853
0.053913984160691
0.053991066020375
0.054068091029329
0.054144512195747
0.054219991699825
0.054294374993017
0.054367660700716
0.054439967231426
0.054511497083694
0.054582499920358
0.054653235543297
0.054723937944443
0.054794781623975
0.054865851347386
0.054937116454286
0.055008410728869
0.055079418693731
0.055149668995926
0.055218535321331
0.055285245007767
0.055348895239219
0.055408476405577
0.055462901918743
0.055511043501828
0.055551770728072
0.055583993393488
0.055606705173210
0.055619026944045
0.055620248159155
0.055609864735441
0.055587612056239
0.055553491893662
0.055507792305348
0.055451099845895
0.055384303738367
0.055308591960022
0.055225439493047
0.055136589261058
0.055044026503408
0.054949947522304
0.054856723866652
0.054766863088733
0.054682967226582
0.054607690130635
0.054543694675084
0.054493610781886
0.054459995049286
0.054445292628424
0.054451801842344
0.054481641901411
0.054536723946419
0.054618725551530
0.054729068747446
0.054868901581665
0.055039083215890
0.055240172566416
0.055472420515910
0.055735765756901
0.056029834360739
0.056353943192523
0.056707107305241
0.057088051438969
0.057495225719024
0.057926825588320
0.058380815923825
0.058854959177535
0.059346847253362
0.059853936689368
0.060373586567806
0.060903098432288
0.061439757361307
0.061980873238828
0.062523821183870
0.063066080057966
0.063605267966959
0.064139173713970
0.064665783243928
0.065183300244700
0.065690160231545
0.066185037634576
0.066666845625710
0.067134728654059
0.067588047897799
0.068026360077260
0.068449390299312
0.068856999808935
0.069249149702705
0.069625861804463
0.069987178010908
0.070333119480515
0.070663647061123
0.070978624329126
0.071277784547334
0.071560702741536
0.071826773951111
0.072075198531464
0.072304975181152
0.072514902140983
0.072703586772827
0.072869463480045
0.073010819686401
0.073125829353465
0.073212593294446
0.073269185341316
0.073293703247048
0.073284323060176
0.073239355597787
0.073157303567515
0.073036917850360
0.072877251454150
0.072677709681690
0.072438095126775
0.072158646213442
0.071840068127050
0.071483555147474
0.071090803582196
0.070664014707439
0.070205887355267
0.069719600029980
0.069208782693686
0.068677478623357
0.068130097003902
0.067571357176949
0.067006225705161
0.066439847628882
0.065877473476831
0.065324383736833
0.064785812588292
0.064266872738089
0.063772483180923
0.063307301620526
0.062875663139738
0.062481526497610
0.062128429166748
0.061819451912988
0.061557193374318
0.061343754731169
0.061180734192003
0.061069230663616
0.061009855651936
0.061002752162376
0.061047619153238
0.061143739952577
0.061290012986071
0.061484983184631
0.061726872544895
0.062013608498552
0.062342848998100
0.062712003534551
0.063118249650466
0.063558544881636
0.064029634433219
0.064528055251669
0.065050137473683
0.065592004500503
0.066149573146033
0.066718555429005
0.067294463615720
0.067872620067235
0.068448173304258
0.069016121479408
0.069571344148822
0.070108642875524
0.070622790790790
0.071108590804361
0.071560941708706
0.071974910986474
0.072345812723442
0.072669288670699
0.072941390206892
0.073158658739200
0.073318201962486
0.073417763378439
0.073455782565093
0.073431443882165
0.073344711594881
0.073196349789427
0.072987925923591
0.072721797388940
0.072401081035281
0.072029606200149
0.071611852370440
0.071152873153621
0.070658208726763
0.070133789339028
0.069585832746750
0.069020738643519
0.068444983199863
0.067865016743858
0.067287167397210
0.066717553140467
0.066162004331809
0.065625998168492
0.065114605985560
0.064632453663934
0.064183694802518
0.063771995729769
0.063400530921118
0.063071986977724
0.062788573032218
0.062552035294275
0.062363673441401
0.062224356697683
0.062134537716651
0.062094262776618
0.062103177283556
0.062160526127632
0.062265149020804
0.062415471518412
0.062609492961788
0.062844773038420
0.063118419012490
0.063427075909378
0.063766922028126
0.064133672099561
0.064522590206974
0.064928514251443
0.065345893293276
