6.795644249545080129e+01
6.894934390453778406e+01
6.996423903059039162e+01
7.100177973967406331e+01
7.206264208978345209e+01
7.314752741045670348e+01
7.425716343878957559e+01
7.539230551521563939e+01
7.655373784267716530e+01
7.774227481303293530e+01
7.895876240483329411e+01
8.020407965687019214e+01
8.147914022221743835e+01
8.278489400781867857e+01
8.412232890502143334e+01
8.549247261686726063e+01
8.689639458833654828e+01
8.833520804623688605e+01
8.981007215586393500e+01
9.132219430214509259e+01
9.287283250350805019e+01
9.446329796735886930e+01
9.609495779672158733e+01
9.776923785832138947e+01
9.948762582318296666e+01
1.012516743916892921e+02
1.030630047159621085e+02
1.049233100334651283e+02
1.068343595268291892e+02
1.087980024261072174e+02
1.108161723709761191e+02
1.128908920518983052e+02
1.150242781506948688e+02
1.172185466028718110e+02
1.194760182057739542e+02
1.217991245987734459e+02
1.241904146439285199e+02
1.266525612380201977e+02
1.291883685895841438e+02
1.318007799975396495e+02
1.344928861712813841e+02
1.372679341357152225e+02
1.401293367686811848e+02
1.430806830225827468e+02
1.461257488868936605e+02
1.492685091535193180e+02
1.525131500529342929e+02
1.558640828355264034e+02
1.593259583798481174e+02
1.629036829175116452e+02
1.666024349734031773e+02
1.704276836298395210e+02
1.743852082343532288e+02
1.784811196831475968e+02
1.827218834260324627e+02
1.871143443540811404e+02
1.916657537484549323e+02
1.963837984882182468e+02
2.012766327366227301e+02
2.063529123497486637e+02
2.116218322788341197e+02
2.170931672685724436e+02
2.227773161886092623e+02
2.286853503749877348e+02
2.348290664030724031e+02
2.412210437642842749e+02
2.478747079767518642e+02
2.548043997257538820e+02
2.620254507048882147e+02
2.695542669147179708e+02
2.774084202739218767e+02
2.856067495108227376e+02
2.941694714329564135e+02
3.031183038219994614e+02
3.124766013743190456e+02
3.222695063077514988e+02
3.325241154878919474e+02
3.432696661981020725e+02
3.545377429937844340e+02
3.663625084518898802e+02
3.787809610616930058e+02
3.918332240154638839e+02
4.055628692636574897e+02
4.200172819181445902e+02
4.352480709431016521e+02
4.513115330967008276e+02
4.682691783157114287e+02
4.861883262175832670e+02
5.051427851917443377e+02
5.252136277423304591e+02
5.464900784301336216e+02
5.690705340751792392e+02
5.930637399981142153e+02
6.185901512310106227e+02
6.457835141271231123e+02
6.747927120622398434e+02
7.057839295106210784e+02
7.389432024549557809e+02
7.744794408716754788e+02
8.126280322792848665e+02
8.536551658377038621e+02
8.978630565557260752e+02
9.455963017219364701e+02
9.972496702820219525e+02
1.053277714677879658e+03
1.114206708110290947e+03
1.180649552558172900e+03
1.253324477286831097e+03
1.333078554344762551e+03
1.420917291807306356e+03
1.518041813603389073e+03
1.625895369146805706e+03
1.746221088402616260e+03
1.881132930011481449e+03
2.033201540504040622e+03
2.205556071071032875e+03
2.402001624528395951e+03
2.627149565704813540e+03
2.886553937796196351e+03
3.186841077016969393e+03
3.535810525750493980e+03
3.942472898690170496e+03
4.416974220489382787e+03
4.970337090334763161e+03
5.613929165886967894e+03
6.358553802560841177e+03
7.213054509562757630e+03
8.182345982634628854e+03
9.264843924958611751e+03
1.044937668739842047e+04
1.171183003611499225e+04
1.301199341820178779e+04
1.429131066834937337e+04
1.547243196335447283e+04
1.646153543182664725e+04
1.715424657082062913e+04
1.744556157591708325e+04
1.724346208614484931e+04
1.648496664587082341e+04
1.515237372200226673e+04
1.328667248888219910e+04
1.099481939648003026e+04
8.448030501450164593e+03
5.869497789219934930e+03
3.511857223271227213e+03
1.626944064815666252e+03
4.323376344138138165e+02
8.037660144143426066e+01
6.353217141849605696e+02
2.063051321571053904e+03
4.235340720446120031e+03
6.947940744504819122e+03
9.949021805291442433e+03
1.297272054056547131e+04
1.577191519909288945e+04
1.814502225171021564e+04
1.995327835418539325e+04
2.112715180242143106e+04
2.166265667738904449e+04
2.160995877789708902e+04
2.105750710604207416e+04
2.011497395843693084e+04
1.889770828061564680e+04
1.751447406530674198e+04
1.605924221782152017e+04
1.460695211764464693e+04
1.321258118831903630e+04
1.191258222890040634e+04
1.072772187684116034e+04
9.666495563618635060e+03
8.728516621161594230e+03
7.907508946072714025e+03
7.193729186330929224e+03
6.575786411064686035e+03
6.041914017470186081e+03
5.580790227019037047e+03
5.182013678502336006e+03
4.836332290293680671e+03
4.535706698735279133e+03
4.273270696054894870e+03
4.043233769466765352e+03
3.840756594119349757e+03
3.661819426394020411e+03
3.503095433474057245e+03
3.361835510356757368e+03
3.235767495559916824e+03
3.123010399948649138e+03
3.022002910770331255e+03
2.931444723107395021e+03
2.850248961513106224e+03
2.777503926264919755e+03
2.712442520035247981e+03
2.654417906456613309e+03
2.602884173332265618e+03
2.557380990679394927e+03
2.517521451433009133e+03
2.482982453528452879e+03
2.453497124915470977e+03
2.428848909783308955e+03
2.408867028462083908e+03
2.393423099267644375e+03
2.382428772132737322e+03
2.375834275091901873e+03
2.373627819073456067e+03
2.375835847187267973e+03
2.382524154746920885e+03
2.393799948491444411e+03
2.409814960737177898e+03
2.430769789407975622e+03
2.456919700983454277e+03
2.488582213109367331e+03
2.526146869080351280e+03
2.570087728484169475e+03
2.620979225438411504e+03
2.679516182509121791e+03
2.746538902852532374e+03
2.823064374614364624e+03
2.910324676771440409e+03
3.009813623911600189e+03
3.123342455764303850e+03
3.253104862886166302e+03
3.401750701924889654e+03
3.572466203436109026e+03
3.769056065978179959e+03
3.996019255263623563e+03
4.258605234792328702e+03
4.562830405442000483e+03
4.915425532030463728e+03
5.323674084079144450e+03
5.795089699583120819e+03
6.336870682193845823e+03
6.955064696894160079e+03
7.653383935844738517e+03
8.431638154676045815e+03
9.283808778935579539e+03
1.019587799615129188e+04
1.114365185224660672e+04
1.209096344518971819e+04
1.298878291764293681e+04
1.377585006714898009e+04
1.438142712829973607e+04
1.473059053607778878e+04
1.475211147462780355e+04
1.438843190621734539e+04
1.360660397886768078e+04
1.240846718734825117e+04
1.083796991118026745e+04
8.983573547729603888e+03
6.974214901712346546e+03
4.968330408771053044e+03
3.136800186849489364e+03
1.642057188647727344e+03
6.166714970023700744e+02
1.451462710800179821e+02
2.522768885649093136e+02
9.002657424529456875e+02
1.995104205831866693e+03
3.400932590411771798e+03
4.959605052091660582e+03
6.511863256374323100e+03
7.916515894006524832e+03
9.064765151230627453e+03
9.888065582409102717e+03
1.035929908567462189e+04
1.048826610648499627e+04
1.031329120379901360e+04
9.891028598616030649e+03
9.286378373075258423e+03
8.563932075353710388e+03
7.781740404864402080e+03
6.987600139505000698e+03
6.217603524905345694e+03
5.496427106547117546e+03
4.838748999039147748e+03
4.251229482051628111e+03
3.734612808918752307e+03
3.285656573253467286e+03
2.898732087997592316e+03
2.567045269733313035e+03
2.283497093339555249e+03
2.041239731391609894e+03
1.833997327278460034e+03
1.656217926738303959e+03
1.503112890445579978e+03
1.370627364857878092e+03
1.255373187508169849e+03
1.154545394563318723e+03
1.065835676518825949e+03
9.873505193817356940e+02
9.175379681977512973e+02
8.551245126648577752e+02
7.990621282265851733e+02
7.484846995495097417e+02
7.026726761703621378e+02
6.610246989368024515e+02
6.230349787717814252e+02
5.882753321533846247e+02
5.563809333197250453e+02
5.270390031086875524e+02
4.999798027529599267e+02
4.749694304207814071e+02
4.518040265588024909e+02
4.303050818921568634e+02
4.103156115331983074e+02
3.916970128967647042e+02
3.743264668976722760e+02
3.580947738298332865e+02
3.429045396177803013e+02
3.286686465963900901e+02
3.153089570348442976e+02
3.027552083697810303e+02
2.909440673771939032e+02
2.798183169114282691e+02
2.693261538321575586e+02
2.594205806668538798e+02
2.500588766693968807e+02
2.412021364227702804e+02
2.328148661356788693e+02
2.248646294051479799e+02
2.173217355400533393e+02
2.101589646255928301e+02
2.033513244034767808e+02
1.968758347841045975e+02
1.907113364242822229e+02
1.848383203201058222e+02
1.792387757978075342e+02
1.738960546503058993e+02
1.687947494757462437e+02
1.639205845360453679e+02
1.592603176761727752e+02
1.548016520349894165e+02
1.505331564411702914e+02
1.464441935273849253e+02
1.425248547160804264e+02
1.387659013338825389e+02
1.351587112012838645e+02
1.316952301219899368e+02
1.283679277638095755e+02
1.251697574817353313e+02
1.220941196851343022e+02
1.191348283957887446e+02
1.162860806827702902e+02
1.135424286945812753e+02
1.108987540392681552e+02
1.083502442898794698e+02
1.058923714161537362e+02
1.035208719641084798e+02
1.012317288235901174e+02
9.902115444014145851e+01
9.688557534202647048e+01
9.482161786609435694e+01
9.282609497764369166e+01
9.089599408963709948e+01
8.902846579574523389e+01
8.722081343983968793e+01
8.547048345185467610e+01
8.377505638646815100e+01
8.213223860692116318e+01
8.053985456156529210e+01
7.899583960545997741e+01
7.749823332362137762e+01
7.604517331635493349e+01
7.463488941059370063e+01
7.326569826428490728e+01
7.193599833371220598e+01
7.064426517620792367e+01
6.938904706303185321e+01
6.816896087930919634e+01
6.698268828983125900e+01
6.582897215126610035e+01
6.470661315291049220e+01
6.361446666955706775e+01
6.255143981135205422e+01
6.151648865675677769e+01
6.050861565574608392e+01
5.952686719146389294e+01
5.857033128940229005e+01
5.763813546403648047e+01
5.672944469360756869e+01
5.584345951444780098e+01
5.497941422687918589e+01
5.413657520531845080e+01
5.331423930575162728e+01
5.251173236424818924e+01
5.172840778063877565e+01
5.096364518190440407e+01
5.021684916020933542e+01
4.948744808087924696e+01
4.877489295593581176e+01
4.807865637912967571e+01
4.739823151867044260e+01
4.673313116413191182e+01
4.608288682423537352e+01
4.544704787244947397e+01
4.482518073754074805e+01
4.421686813640524605e+01
4.362170834668786767e+01
4.303931451685480880e+01
4.246931401154629526e+01
4.191134779016499579e+01
