0.030854054160047
0.030900770292132
0.030941960962360
0.030975011686427
0.030997783120526
0.031008748661685
0.031007095508676
0.030992782649457
0.030966551829525
0.030929890403981
0.030884947914156
0.030834411079826
0.030781344486638
0.030729006415763
0.030680650872865
0.030639327822669
0.030607693858880
0.030587845015654
0.030581182180425
0.030588317667385
0.030609029066206
0.030642263636643
0.030686193447781
0.030738318348685
0.030795610897315
0.030854694751950
0.030912045909852
0.030964204697523
0.031007985672753
0.031040672642196
0.031060186831687
0.031065217822167
0.031055309087152
0.031030892701795
0.030993270869855
0.030944545142300
0.030887497379154
0.030825429437353
0.030761971070319
0.030700867446106
0.030645758914038
0.030599966102919
0.030566293094313
0.030546860308670
0.030542976944344
0.030555060435656
0.030582607595928
0.030624219058420
0.030677675508200
0.030740061197706
0.030807927533587
0.030877487266285
0.030944828130525
0.031006133761362
0.031057899393036
0.031097130240600
0.031121511530718
0.031129540814291
0.031120615354594
0.031095069911103
0.031054162985608
0.031000012410949
0.030935483891903
0.030864038609941
0.030789548152082
0.030716086714142
0.030647711681598
0.030588244257194
0.030541061763613
0.030508912612203
0.030493763733823
0.030496688579912
0.030517801708263
0.030556243573803
0.030610216568691
0.030677070724583
0.030753434932038
0.030835387173344
0.030918655222456
0.030998837642017
0.031071633786430
0.031133070962180
0.031179716936321
0.031208866626300
0.031218693024628
0.031208354156110
0.031178050051620
0.031129026244676
0.031063523029706
0.030984672524724
0.030896348310718
0.030802974931006
0.030709306691039
0.030620186884358
0.030540299688885
0.030473927464561
0.030424726006798
0.030395529474757
0.030388195259513
0.030403497058991
0.030441071988810
0.030499424809322
0.030575989434903
0.030667244965966
0.030768880701484
0.030876002095207
0.030983367540836
0.031085644315060
0.031177671048376
0.031254713775152
0.031312702945574
0.031348439738049
0.031359761535045
0.031345658434316
0.031306335054689
0.031243214538777
0.031158884422329
0.031056986797203
0.030942057812102
0.030819323912211
0.030694464211142
0.030573349930986
0.030461772876070
0.030365175384893
0.030288394119331
0.030235429411797
0.030209250734403
0.030211647235088
0.030243130278676
0.030302892625372
0.030388826376234
0.030497599223001
0.030624785969575
0.030765049854586
0.030912366003188
0.031060277466193
0.031202172846714
0.031331573532243
0.031442418087004
0.031529331436625
0.031587867092113
0.031614711786458
0.031607843485538
0.031566635714813
0.031491903426212
0.031385888113151
0.031252182454317
0.031095597313517
0.030921976330460
0.030737965500167
0.030550746964380
0.030367747651362
0.030196334346758
0.030043507226248
0.029915603823742
0.029818024863190
0.029754992386424
0.029729349221096
0.029742407124490
0.029793848993847
0.029881688441109
0.030002287879511
0.030150434148340
0.030319468689617
0.030501467456155
0.030687464131187
0.030867708919259
0.031031954156239
0.031169757299711
0.031270791504436
0.031325153955035
0.031323662404720
0.031258130932998
0.031121616758882
0.030908630997373
0.030615307489890
0.030239525235298
0.029780981455847
0.029241213907874
0.028623572644776
0.027933143011973
0.027176623152040
0.026362160674569
0.025499154353254
0.024598027709048
0.023669982085831
0.022726737294231
0.021780268070630
0.020842544464152
0.019925283829943
0.019039721391247
0.018196405368110
0.017405021501654
0.016674250484758
0.016011660404947
0.015423634879827
0.014915336185912
0.014490701411149
0.014152468555053
0.013902228602975
0.013740498944060
0.013666813102913
0.013679821614622
0.013777398978881
0.013956751955943
0.014214524979025
0.014546899111362
0.014949681724216
0.015418384867423
0.015948291101836
0.016534506324407
0.017171999810138
0.017855632298154
0.018580173447877
0.019340310380541
0.020130649302850
0.020945712390659
0.021779932201594
0.022627645898150
0.023483091508041
0.024340408335127
0.025193643468157
0.026036766118323
0.026863691250246
0.027668313652646
0.028444553222330
0.029186411807548
0.029888041476236
0.030543823547795
0.031148457165800
0.031697055611129
0.032185247983932
0.032609283346458
0.032966133948234
0.033253593782214
0.033470368475900
0.033616152431380
0.033691689212782
0.033698811450281
0.033640456988207
0.033520658641860
0.033344505723718
0.033118076425495
0.032848341160241
0.032543038034966
0.032210522692022
0.031859595779177
0.031499312238471
0.031138777401813
0.030786935512641
0.030452356732101
0.030143028918186
0.029866160479681
0.029628000405000
0.029433681158671
0.029287089541560
0.029190769846878
0.029145862738337
0.029152082258038
0.029207732269834
0.029309762489859
0.029453863080573
0.029634595618846
0.029845557123095
0.030079572769456
0.030328911972594
0.030585521682558
0.030841270083405
0.031088193399187
0.031318738241930
0.031525991894667
0.031703893124366
0.031847416572140
0.031952724469942
0.032017280373142
0.032039920755491
0.032020881655289
0.031961779047076
0.031865543191397
0.031736308828465
0.031579264667906
0.031400467122507
0.031206624576824
0.031004859614258
0.030802457498787
0.030606609780535
0.030424162140475
0.030261375495208
0.030123708948857
0.030015632420368
0.029940475719325
0.029900319531505
0.029895932256620
0.029926754972091
0.029990935040160
0.030085407095721
0.030206018413076
0.030347694013709
0.030504635402015
0.030670545554134
0.030838871781663
0.031003057384355
0.031156792621640
0.031294255490293
0.031410333102275
0.031500815109215
0.031562551603280
0.031593569211295
0.031593140651415
0.031561804789228
0.031501336152061
0.031414664866407
0.031305749996290
0.031179411197986
0.031041125385148
0.030896796636816
0.030752508803894
0.030614271113043
0.030487767480349
0.030378120198736
0.030289678141378
0.030225838639932
0.030188910785607
0.030180026119886
0.030199100607315
0.030244849509110
0.030314854409624
0.030405679300695
0.030513030415196
0.030631952528426
0.030757052810777
0.030882742096741
0.031003482691974
0.031114031605663
0.031209668377833
0.031286397452317
0.031341116283395
0.031371741992987
0.031377291333721
0.031357910865683
0.031314856518211
0.031250423977272
0.031167833511059
0.031071074826654
0.030964719255430
0.030853707925889
0.030743125548170
0.030637969971316
0.030542927767694
0.030462165752307
0.030399147578668
0.030356483403706
0.030335819132010
0.030337769996303
0.030361901277878
0.030406756896381
0.030469934486319
0.030548203513818
0.030637661056947
0.030733918158837
0.030832308241084
0.030928108002652
0.031016760581534
0.031094090562062
0.031156500691356
0.031201140924825
0.031226041631791
0.031230204414758
0.031213645964013
0.031177392597618
0.031123425522873
0.031054579283863
0.030974398208720
0.030886957816943
0.030796659974968
0.030708011993797
0.030625400762194
0.030552873344183
0.030493935211845
0.030451376437107
0.030427134766301
0.030422202617200
0.030436582767149
0.030469294963084
0.030518433016608
0.030581269295228
0.030654401029934
0.030733930666527
0.030815670713717
0.030895362281830
0.030968895829248
0.031032522573942
0.031083045584219
0.031117980701621
0.031135679103269
0.031135405386926
0.031117367443983
0.031082696942931
0.031033381840690
0.030972154834110
0.030902343929048
