0.030955199057914
0.030984273680221
0.031001555713628
0.031005859596160
0.030996791283595
0.030974779479953
0.030941055952924
0.030897585890122
0.030846952397688
0.030792202134370
0.030736661525819
0.030683734858303
0.030636696690814
0.030598491378976
0.030571552054036
0.030557650178704
0.030557784891191
0.030572118875665
0.030599964622171
0.030639821846150
0.030689463722405
0.030746066644516
0.030806375627717
0.030866895385400
0.030924095646326
0.030974618519803
0.031015475693058
0.031044223946662
0.031059108844532
0.031059168400413
0.031044290917042
0.031015223888628
0.030973533689898
0.030921518580581
0.030862080174274
0.030798560811657
0.030734556119643
0.030673713338004
0.030619526693832
0.030575141176333
0.030543175518732
0.030525574071567
0.030523495622426
0.030537245175542
0.030566252363759
0.030609097650811
0.030663584925427
0.030726856621885
0.030795545249329
0.030865953286964
0.030934251899977
0.030996687925581
0.031049788119715
0.031090549765372
0.031116607418319
0.031126366772520
0.031119098306915
0.031094985444768
0.031055124313567
0.031001474719354
0.030936764515915
0.030864352024602
0.030788053415246
0.030711943872876
0.030640142844606
0.030576594603520
0.030524855725608
0.030487900825316
0.030467957041184
0.030466376343152
0.030483552816775
0.030518889763412
0.030570818859337
0.030636870876872
0.030713794732993
0.030797719042398
0.030884348053260
0.030969181960416
0.031047750226630
0.031115845773913
0.031169747777981
0.031206421319144
0.031223683286604
0.031220325640744
0.031196189319433
0.031152184614302
0.031090256606829
0.031013297095905
0.030925007218899
0.030829717521907
0.030732174439460
0.030637303885854
0.030549963851329
0.030474698477671
0.030415506032623
0.030375632517345
0.030357401364420
0.030362087884259
0.030389844889159
0.030439683381799
0.030509509467700
0.030596215876282
0.030695823790376
0.030803668220960
0.030914618041807
0.031023320118580
0.031124455806808
0.031212997505325
0.031284452959492
0.031335085606644
0.031362100410874
0.031363786285551
0.031339608266777
0.031290244977816
0.031217569498082
0.031124574397501
0.031015244293118
0.030894381708763
0.030767394159316
0.030640052142280
0.030518229023769
0.030407634598867
0.030313554357264
0.030240606189508
0.030192525447521
0.030171987969395
0.030180478958288
0.030218213551335
0.030284112623135
0.030375834944508
0.030489864369076
0.030621648354960
0.030765781947090
0.030916229437746
0.031066574364958
0.031210287359753
0.031341000654010
0.031452777831538
0.031540367646219
0.031599431423891
0.031626734672640
0.031620294997214
0.031579480182606
0.031505052304709
0.031399155861154
0.031265250108405
0.031107987957320
0.030933045837125
0.030746910811251
0.030556632850251
0.030369551479929
0.030193006981844
0.030034046896799
0.029899138752472
0.029793899701122
0.029722853124200
0.029689221263630
0.029694761613653
0.029739653203372
0.029822437079538
0.029940013330528
0.030087694950201
0.030259316801326
0.030447395979196
0.030643338070359
0.030837682216277
0.031020376585483
0.031181074877317
0.031309443859144
0.031395471695731
0.031429766967431
0.031403838780310
0.031310349218965
0.031143330540232
0.030898360900589
0.030572693989897
0.030165339641512
0.029677094232841
0.029110521411244
0.028469885311189
0.027761039910089
0.026991279451713
0.026169155907915
0.025304270224394
0.024407044590126
0.023488483181257
0.022559928769143
0.021632822269765
0.020718471777746
0.019827836909002
0.018971333412474
0.018158662046181
0.017398664688737
0.016699209615163
0.016067106842468
0.015508053478337
0.015026608112476
0.014626192495680
0.014309118072097
0.014076634375517
0.013928995876178
0.013865543571780
0.013884797453302
0.013984555938022
0.014161998442487
0.014413787458754
0.014736166788765
0.015125052973550
0.015576117414286
0.016084857208036
0.016646653297449
0.017256815144786
0.017910611768287
0.018603289603864
0.019330078256673
0.020086185764085
0.020866785482624
0.021666997116271
0.022481864703669
0.023306334561787
0.024135236232132
0.024963269386021
0.025784999417099
0.026594864087322
0.027387193108779
0.028156241955425
0.028896240529307
0.029601456582596
0.030266273050733
0.030885277715876
0.031453362926601
0.031965832480940
0.032418512263820
0.032807860840891
0.033131075966960
0.033386192880764
0.033572170333593
0.033688960535268
0.033737559588386
0.033720035505612
0.033639531545112
0.033500243331795
0.033307369030103
0.033067032669293
0.032786181566144
0.032472459615213
0.032134058997677
0.031779553573354
0.031417717846870
0.031057335921552
0.030707005260090
0.030374940349554
0.030068781512571
0.029795414112355
0.029560803264790
0.029369848896487
0.029226265576499
0.029132491006275
0.029089626385392
0.029097411090157
0.029154233222333
0.029257176623374
0.029402103927015
0.029583774164747
0.029795992373613
0.030031787615653
0.030283614837858
0.030543575116502
0.030803648076126
0.031055929685815
0.031292868244791
0.031507491201975
0.031693615529307
0.031846034697427
0.031960675886086
0.032034721891630
0.032066693250340
0.032056487349110
0.032005372703978
0.031915938104040
0.031791997888125
0.031638456185065
0.031461134444054
0.031266567949212
0.031061778195269
0.030854028948836
0.030650574490186
0.030458408892724
0.030284025232339
0.030133193320815
0.030010763934026
0.029920506577744
0.029864986634768
0.029845486311249
0.029861972201009
0.029913110574966
0.029996329743512
0.030107927099862
0.030243216798125
0.030396712513994
0.030562338435540
0.030733660585745
0.030904129826634
0.031067327465348
0.031217204291663
0.031348304127868
0.031455963556677
0.031536480389724
0.031587244615651
0.031606826979863
0.031595021946279
0.031552843516247
0.031482474168071
0.031387168966139
0.031271118605189
0.031139276738259
0.030997158325987
0.030850616886242
0.030705609370853
0.030567957914864
0.030443117869271
0.030335961329215
0.030250584808172
0.030190148800631
0.030156755750489
0.030151371442248
0.030173793111326
0.030222665692647
0.030295545665783
0.030389009988095
0.030498805715413
0.030620034172795
0.030747362032135
0.030875250447786
0.030998192554328
0.031110949186885
0.031208772672656
0.031287608972875
0.031344269318220
0.031376563748714
0.031383390593069
0.031364777835861
0.031321874442307
0.031256891945901
0.031172998852136
0.031074172567179
0.030965015520748
0.030850543821927
0.030735958081647
0.030626406889384
0.030526753798098
0.030441358527855
0.030373882447176
0.030327127259719
0.030302914264295
0.030302009642355
0.030324099051142
0.030367812468341
0.030430797859273
0.030509839936541
0.030601018166935
0.030699896354026
0.030801734675038
0.030901714045745
0.030995162173072
0.031077770652887
0.031145792975667
0.031196214285989
0.031226885151128
0.031236613356989
0.031225209778578
0.031193486567570
0.031143208156044
0.031076997786550
0.030998204341735
0.030910736068060
0.030818869286358
0.030727041291963
0.030639637322241
0.030560781682820
0.030494142869996
0.030442761820309
0.030408911293750
0.030393992906788
0.030398476543535
0.030421884868654
0.030462823534540
0.030519055513781
0.030587615894275
0.030664961544540
0.030747148380711
0.030830027624416
0.030909451498493
0.030981478314520
0.031042566892161
0.031089750723162
0.031120783237540
0.031134246908191
0.031129620682614
0.031107302276817
0.031068584109703
