0.008805677439512
0.008805199190877
0.008804265069294
0.008802921296465
0.008801231879806
0.008799275585890
0.008797142290734
0.008794928875592
0.008792734854970
0.008790657933424
0.008788789689033
0.008787211574175
0.008785991408668
0.008785180517119
0.008784811632384
0.008784897651734
0.008785431293119
0.008786385657720
0.008787715663641
0.008789360276105
0.008791245423841
0.008793287461095
0.008795397011498
0.008797483014697
0.008799456790126
0.008801235934450
0.008802747879977
0.008803932959807
0.008804746850695
0.008805162295034
0.008805170037532
0.008804778948315
0.008804015340732
0.008802921527358
0.008801553690280
0.008799979170319
0.008798273303401
0.008796515950016
0.008794787874990
0.008793167139316
0.008791725663422
0.008790526112123
0.008789619235973
0.008789041782454
0.008788815064173
0.008788944241191
0.008789418341953
0.008790211013558
0.008791281958833
0.008792578986393
0.008794040572239
0.008795598808662
0.008797182599589
0.008798720951783
0.008800146208856
0.008801397080129
0.008802421328347
0.008803177998619
0.008803639094488
0.008803790634527
0.008803633052762
0.008803180937102
0.008802462130285
0.008801516246159
0.008800392679411
0.008799148207864
0.008797844302649
0.008796544272289
0.008795310371730
0.008794201006645
0.008793268156962
0.008792555131981
0.008792094753126
0.008791908040021
0.008792003452071
0.008792376712040
0.008793011211332
0.008793878970085
0.008794942099804
0.008796154693577
0.008797465049746
0.008798818120444
0.008800158067300
0.008801430803283
0.008802586402393
0.008803581267368
0.008804379959353
0.008804956611754
0.008805295872152
0.008805393340060
0.008805255493042
0.008804899118117
0.008804350288075
0.008803642942318
0.008802817148350
0.008801917132222
0.008800989173976
0.008800079467133
0.008799232039672
0.008798486828154
0.008797877986902
0.008797432501300
0.008797169158740
0.008797097913443
0.008797219662931
0.008797526435238
0.008798001967666
0.008798622640839
0.008799358716688
0.008800175816387
0.008801036564713
0.008801902321241
0.008802734916433
0.008803498312060
0.008804160110530
0.008804692846092
0.008805075002246
0.008805291713260
0.008805335122818
0.008805204388650
0.008804905337772
0.008804449791868
0.008803854595711
0.008803140392791
0.008802330201078
0.008801447847756
0.008800516324803
0.008799556127438
0.008798583634798
0.008797609587139
0.008796637706534
0.008795663498973
0.008794673265335
0.008793643337348
0.008792539542874
0.008791316893140
0.008789919473373
0.008788280508155
0.008786322564221
0.008783957846721
0.008781088540590
0.008777607146892
0.008773396764926
0.008768331274653
0.008762275380431
0.008755084485959
0.008746604381284
0.008736670735310
0.008725108400821
0.008711730552980
0.008696337695956
0.008678716585144
0.008658639123766
0.008635861302058
0.008610122254336
0.008581143513731
0.008548628546148
0.008512262644016
0.008471713256660
0.008426630827824
0.008376650202275
0.008321392652661
0.008260468565360
0.008193480810230
0.008120028804313
0.008039713264114
0.007952141625446
0.007856934094340
0.007753730277546
0.007642196327023
0.007522032519619
0.007392981181226
0.007254834853908
0.007107444595036
0.006950728289085
0.006784678845424
0.006609372149049
0.006424974625599
0.006231750277143
0.006030067041211
0.005820402322388
0.005603347543917
0.005379611566358
0.005150022822046
0.004915530018307
0.004677201269720
0.004436221530707
0.004193888214773
0.003951604906308
0.003710873094981
0.003473281891690
0.003240495718407
0.003014240001843
0.002796284942091
0.002588427471577
0.002392471565867
0.002210207115214
0.002043387612968
0.001893706962915
0.001762775751002
0.001652097366202
0.001563044389176
0.001496835694343
0.001454514729526
0.001436929446173
0.001444714350917
0.001478275134927
0.001537776310319
0.001623132242343
0.001734001912164
0.001869787678136
0.002029638224602
0.002212455797694
0.002416907729527
0.002641442147816
0.002884307660369
0.003143576696171
0.003417172080487
0.003702896324142
0.003998463020568
0.004301529671914
0.004609731210779
0.004920713449978
0.005232165681529
0.005541851659609
0.005847638241479
0.006147521025465
0.006439646414963
0.006722329650095
0.006994068480968
0.007253552304008
0.007499666740478
0.007731493797625
0.007948307911170
0.008149568315865
0.008334908321123
0.008504122174555
0.008657150271341
0.008794063506689
0.008915047568874
0.009020387929818
0.009110456209406
0.009185698471617
0.009246625859885
0.009293807803223
0.009327867832319
0.009349481846499
0.009359378479502
0.009358341035956
0.009347210322780
0.009326887590575
0.009298336738266
0.009262584925992
0.009220720790181
0.009173889561178
0.009123284544608
0.009070134636321
0.009015687787293
0.008961190606416
0.008907864570437
0.008856879584461
0.008809325885946
0.008766185492715
0.008728304545422
0.008696367974143
0.008670877917444
0.008652137235597
0.008640239287223
0.008635064886078
0.008636287032627
0.008643383639264
0.008655658058658
0.008672266804929
0.008692253452385
0.008714587331678
0.008738205342442
0.008762054985566
0.008785136603504
0.008806542813658
0.008825493231506
0.008841362802909
0.008853702387954
0.008862250644010
0.008866936719990
0.008867873769449
0.008865343787089
0.008859774740890
0.008851711381629
0.008841781437636
0.008830659125373
0.008819028012563
0.008807545254613
0.008796809089396
0.008787331230452
0.008779515461620
0.008773643330317
0.008769867389441
0.008768211978744
0.008768581095197
0.008770772505970
0.008774496931003
0.008779400883111
0.008785091613804
0.008791162577063
0.008797217888323
0.008802894412316
0.008807880345659
0.008811929448347
0.008814870400011
0.008816611088350
0.008817137956101
0.008816510819109
0.008814853805471
0.008812343243004
0.008809193433423
0.008805641295873
0.008801930843881
0.008798298386406
0.008794959226295
0.008792096480577
0.008789852479421
0.008788323026334
0.008787554631613
0.008787544672550
0.008788244293071
0.008789563736002
0.008791379704460
0.008793544275213
0.008795894835608
0.008798264486123
0.008800492342270
0.008802433182501
0.008803965923495
0.008805000461408
0.008805482497827
0.008805396071797
0.008804763642477
0.008803643706713
0.008802126085952
0.008800325168856
0.008798371539530
0.008796402544862
0.008794552446636
0.008792942854562
0.008791674137106
0.008790818454014
0.008790414947779
0.008790467476590
0.008790945078627
0.008791785141779
0.008792899031870
0.008794179725737
0.008795510822472
0.008796776183675
0.008797869394758
0.008798702251284
0.008799211557855
0.008799363675638
0.008799156455624
0.008798618429611
0.008797805377901
0.008796794628199
0.008795677641559
0.008794551589062
0.008793510702971
0.008792638190951
0.008791999431685
0.008791637032397
0.008791568137969
0.008791784156953
0.008792252834815
0.008792922382715
0.008793727182958
0.008794594457927
0.008795451220055
0.008796230821383
0.008796878490496
0.008797355372842
0.008797640762819
0.008797732413107
0.008797645007604
0.008797407067713
0.008797056709381
0.008796636765916
0.008796189830875
0.008795753754311
0.008795358048955
0.008795021540771
0.008794751445684
0.008794543888612
0.008794385720646
0.008794257352426
0.008794136220496
0.008794000448363
0.008793832259398
0.008793620743258
0.008793363664636
0.008793068121768
0.008792749998257
0.008792432289988
0.008792142513942
