0.110993204720229
0.110293366929204
0.109633415961759
0.109021385322168
0.108464773853906
0.107970461036556
0.107544629373615
0.107192694640316
0.106919244689652
0.106727987442256
0.106621708610072
0.106602239623870
0.106670436148761
0.106826167478790
0.107068317000282
0.107394793803308
0.107802555401362
0.108287641391824
0.108845217755367
0.109469631353253
0.110154474040077
0.110892655669410
0.111676485134250
0.112497758457343
0.113347852831853
0.114217825414200
0.115098515591531
0.115980649388557
0.116854944644803
0.117712215584500
0.118543475418032
0.119340035655457
0.120093600877970
0.120796357800190
0.121441057562482
0.122021090314824
0.122530551288976
0.122964297700052
0.123317995968832
0.123588158908520
0.123772172671315
0.123868313397923
0.123875753654805
0.123794558877200
0.123625674159312
0.123370901845067
0.123032870472714
0.122614995713552
0.122121434018865
0.121557029749538
0.120927256609727
0.120238154239524
0.119496260841840
0.118708542726088
0.117882321645969
0.117025200791266
0.116144990264700
0.115249632835257
0.114347130710250
0.113445474010598
0.112552571569257
0.111676184602713
0.110823863732045
0.110002889755172
0.109220218497447
0.108482429995887
0.107795682204749
0.107165669348613
0.106597584994903
0.106096089871861
0.105665284420775
0.105308686043061
0.105029210982774
0.104829160772834
0.104710213166963
0.104673417477846
0.104719194243142
0.104847339143141
0.105057031094856
0.105346844445683
0.105714765183939
0.106158211072418
0.106674055594162
0.107258655576617
0.107907882331751
0.108617156116251
0.109381483679066
0.110195498624660
0.111053504281497
0.111949518728133
0.112877321595950
0.113830502239604
0.114802508845139
0.115786698032546
0.116776384504815
0.117764890299521
0.118745593211145
0.119711973972116
0.120657661806494
0.121576478001167
0.122462477173491
0.123309985950062
0.124113638807004
0.124868410856599
0.125569647397136
0.126213090071933
0.126794899509315
0.127311674338241
0.127760466494763
0.128138792753743
0.128444642439242
0.128676481287334
0.128833251457924
0.128914367718767
0.128919709856145
0.128849611403046
0.128704844817187
0.128486603287338
0.128196479395850
0.127836440916582
0.127408804078381
0.126916204672337
0.126361567423812
0.125748074084868
0.125079130726790
0.124358334723955
0.123589441917458
0.122776334429140
0.121922989563531
0.121033450187693
0.120111796918367
0.119162122374747
0.118188507676451
0.117195001283489
0.116185600192048
0.115164233420712
0.114134747650067
0.113100894818056
0.112066321426686
0.111034559284928
0.110009017399025
0.108992974725164
0.107989573519664
0.107001813056927
0.106032543532447
0.105084460024227
0.104160096446916
0.103261819495046
0.102391822630778
0.101552120223914
0.100744541994319
0.099970727936880
0.099232123925035
0.098529978190022
0.097865338859783
0.097239052715034
0.096651765282608
0.096103922340596
0.095595772859445
0.095127373351404
0.094698593551423
0.094309123308845
0.093958480533998
0.093646020019253
0.093370942941543
0.093132306853258
0.092929035980275
0.092759931668396
0.092623682850352
0.092518876442158
0.092444007616815
0.092397489941772
0.092377665401000
0.092382814350233
0.092411165472236
0.092460905806736
0.092530190925629
0.092617155308888
0.092719922950942
0.092836618193406
0.092965376740254
0.093104356769306
0.093251750012367
0.093405792639280
0.093564775751653
0.093727055272988
0.093891061015443
0.094055304711030
0.094218386816686
0.094379001938100
0.094535942764520
0.094688102463654
0.094834475548894
0.094974157296701
0.095106341856076
0.095230319250424
0.095345471521218
0.095451268299155
0.095547262109642
0.095633083723761
0.095708437852736
0.095773099453934
0.095826910871160
0.095869779973953
0.095901679393101
0.095922646876787
0.095932786717718
0.095932272130837
0.095921348397899
0.095900336542908
0.095869637264338
0.095829734827988
0.095781200619699
0.095724696069531
0.095660974687711
0.095590882995253
0.095515360185998
0.095435436418164
0.095352229698576
0.095266941387223
0.095180850410037
0.095095306319954
0.095011721387668
0.094931561931805
0.094856339112379
0.094787599411054
0.094726915007805
0.094675874237576
0.094636072275064
0.094609102153679
0.094596546179551
0.094599967756559
0.094620903597174
0.094660856259377
0.094721286924465
0.094803608315872
0.094909177656018
0.095039289566635
0.095195168837069
0.095377963012952
0.095588734792202
0.095828454253334
0.096097990979982
0.096398106181598
0.096729444941188
0.097092528743625
0.097487748451033
0.097915357893537
0.098375468234034
0.098868043245145
0.099392895606285
0.099949684291049
0.100537913072297
0.101156930127599
0.101805928684066
0.102483948602335
0.103189878767308
0.103922460130716
0.104680289239161
0.105461822082289
0.106265378108896
0.107089144283617
0.107931179091678
0.108789416441759
0.109661669464469
0.110545634253173
0.111438893641396
0.112338921153710
0.113243085301733
0.114148654421242
0.115052802258648
0.115952614514065
0.116845096533931
0.117727182319102
0.118595744976238
0.119447608693221
0.120279562266055
0.121088374148467
0.121870808939273
0.122623645169985
0.123343694208825
0.124027820059781
0.124672959808499
0.125276144451490
0.125834519841864
0.126345367492822
0.126806124998264
0.127214405856142
0.127568018512127
0.127864984476094
0.128103555398984
0.128282229030034
0.128399764001759
0.128455193410460
0.128447837172175
0.128377313137068
0.128243546939664
0.128046780548778
0.127787579461039
0.127466838457754
0.127085785818913
0.126645985863082
0.126149339660626
0.125598083752438
0.124994786699516
0.124342343291578
0.123643966256761
0.122903175338984
0.122123783644670
0.121309881204483
0.120465815746789
0.119596170735200
0.118705740779859
0.117799504588302
0.116882595673731
0.115960271083828
0.115037878449607
0.114120821679710
0.113214525640057
0.112324400161857
0.111455803713269
0.110614007052843
0.109804157158291
0.109031241694506
0.108300054252783
0.107615160561708
0.106980865841655
0.106401183451690
0.105879804961608
0.105420071773911
0.105024948421229
0.104696997673522
0.104438357605269
0.104250720793923
0.104135315844891
0.104092891462398
0.104123703306991
0.104227503896277
0.104403535813200
0.104650528483609
0.104966698770523
0.105349755605685
0.105796908839595
0.106304882440236
0.106869932109680
0.107487867319057
0.108154077688744
0.108863563565374
0.109610970573494
0.110390627850810
0.111196589614758
0.112022679656993
0.112862538323182
0.113709671509182
0.114557501191386
0.115399417008314
0.116228828420880
0.117039216998327
0.117824188403046
0.118577523677727
0.119293229469647
0.119965586856746
0.120589198466122
0.121159033595861
0.121670471064537
0.122119339518752
0.122501954928126
0.122815154990123
0.123056330155802
0.123223450974136
0.123315091439588
0.123330448017908
0.123269354021313
0.123132289008865
0.122920382902995
0.122635414540254
0.122279804414333
0.121856601422197
0.121369463489180
0.120822632024614
0.120220900243972
0.119569575484025
0.118874435731150
0.118141680676745
0.117377877704331
0.116589903297874
0.115784880437128
0.114970112611786
0.114153015140049
0.113341044518375
0.112541626557118
0.111762084072093
0.111009564905458
0.110290971042135
0.109612889571553
0.108981526220630
0.108402642153964
0.107881494702740
0.107422782645960
0.107030596626952
0.106708375245311
