0.027532845425497
0.027620356311208
0.027712574716432
0.027809445880438
0.027910906294162
0.028016884764127
0.028127303429964
0.028242078697088
0.028361122051894
0.028484340733869
0.028611638246795
0.028742914699406
0.028878066973958
0.029016988728937
0.029159570249202
0.029305698163020
0.029455255050573
0.029608118972460
0.029764162949408
0.029923254425913
0.030085254750675
0.030250018705725
0.030417394113877
0.030587221550778
0.030759334183395
0.030933557751352
0.031109710701329
0.031287604477880
0.031467043966807
0.031647828079962
0.031829750463293
0.032012600303600
0.032196163204045
0.032380222094451
0.032564558140036
0.032748951611693
0.032933182682408
0.033117032117840
0.033300281834326
0.033482715304452
0.033664117798316
0.033844276457404
0.034022980206903
0.034200019520935
0.034375186062940
0.034548272229879
0.034719070633714
0.034887373556531
0.035052972416468
0.035215657280561
0.035375216457615
0.035531436199739
0.035684100535404
0.035832991250312
0.035977888025357
0.036118568733807
0.036254809893039
0.036386387259854
0.036513076552807
0.036634654280346
0.036750898649772
0.036861590529301
0.036966514433696
0.037065459503088
0.037158220444732
0.037244598408403
0.037324401768111
0.037397446785663
0.037463558135335
0.037522569273648
0.037574322643667
0.037618669709515
0.037655470823511
0.037684594935398
0.037705919160165
0.037719328227629
0.037724713842858
0.037721973991313
0.037711012225897
0.037691736974667
0.037664060907594
0.037627900398422
0.037583175113379
0.037529807752502
0.037467723961973
0.037396852427486
0.037317125149817
0.037228477894998
0.037130850803174
0.037024189132978
0.036908444112284
0.036783573861913
0.036649544356252
0.036506330383960
0.036353916472784
0.036192297744849
0.036021480672372
0.035841483708271
0.035652337771343
0.035454086571271
0.035246786764430
0.035030507937222
0.034805332419157
0.034571354933183
0.034328682095709
0.034077431783248
0.033817732386724
0.033549721977959
0.033273547415789
0.032989363421378
0.032697331653531
0.032397619815032
0.032090400820073
0.031775852050681
0.031454154726628
0.031125493408675
0.030790055649354
0.030448031799001
0.030099614967744
0.029745001136997
0.029384389407126
0.029017982361650
0.028645986523123
0.028268612871853
0.027886077396193
0.027498601642300
0.027106413232053
0.026709746320070
0.026308841964336
0.025903948389482
0.025495321126997
0.025083223022203
0.024667924103468
0.024249701314461
0.023828838115243
0.023405623962278
0.022980353681208
0.022553326749201
0.022124846506068
0.021695219315072
0.021264753695503
0.020833759449723
0.020402546807409
0.019971425609231
0.019540704551067
0.019110690508038
0.018681687955151
0.018253998498043
0.017827920523382
0.017403748973865
0.016981775247677
0.016562287216956
0.016145569354501
0.015731902952955
0.015321566416382
0.014914835600752
0.014511984177630
0.014113283994568
0.013719005406255
0.013329417552514
0.012944788562486
0.012565385668631
0.012191475219162
0.011823322582915
0.011461191945977
0.011105346004431
0.010756045561938
0.010413549044449
0.010078111946923
0.009749986228588
0.009429419674011
0.009116655237217
0.008811930385476
0.008515476458360
0.008227518056377
0.007948272472148
0.007677949175682
0.007416749363928
0.007164865583336
0.006922481432643
0.006689771351326
0.006466900497116
0.006254024713552
0.006051290585673
0.005858835578861
0.005676788252364
0.005505268535679
0.005344388052682
0.005194250475707
0.005054951889693
0.004926581145564
0.004809220182054
0.004702944296628
0.004607822348654
0.004523916881757
0.004451284156759
0.004389974091825
0.004340030111721
0.004301488913308
0.004274380159032
0.004258726114009
0.004254541245026
0.004261831801377
0.004280595397753
0.004310820618617
0.004352486661703
0.004405563035733
0.004470009324441
0.004545775025709
0.004632799471436
0.004731011830685
0.004840331195974
0.004960666750256
0.005091918010171
0.005233975139528
0.005386719325524
0.005550023208935
0.005723751358238
0.005907760776377
0.006101901427643
0.006306016770980
0.006519944285076
0.006743515969981
0.006976558809911
0.007218895182472
0.007470343200918
0.007730716978303
0.007999826805430
0.008277479238320
0.008563477095251
0.008857619368061
0.009159701057009
0.009469512942734
0.009786841312484
0.010111467660391
0.010443168383141
0.010781714492617
0.011126871366149
0.011478398552845
0.011836049651393
0.012199572270909
0.012568708082169
0.012943192962252
0.013322757231473
0.013707125977787
0.014096019460740
0.014489153584673
0.014886240429195
0.015286988824003
0.015691104954699
0.016098292986319
0.016508255691642
0.016920695071916
0.017335312958263
0.017751811582762
0.018169894108986
0.018589265112676
0.019009631004336
0.019430700386941
0.019852184343705
0.020273796653050
0.020695253930486
0.021116275700048
0.021536584401077
0.021955905339257
0.022373966593804
0.022790498895142
0.023205235489233
0.023617912005618
0.024028266346079
0.024436038609672
0.024840971067600
0.025242808198272
0.025641296789095
0.026036186107301
0.026427228137858
0.026814177882501
0.027196793710417
0.027574837748512
0.027948076297424
0.028316280258839
0.028679225559932
0.029036693562020
0.029388471442373
0.029734352540533
0.030074136663003
0.030407630342745
0.030734647052168
0.031055007370218
0.031368539105609
0.031675077379233
0.031974464669371
0.032266550823624
0.032551193041635
0.032828255832791
0.033097610953285
0.033359137327293
0.033612720957510
0.033858254830932
0.034095638826390
0.034324779630871
0.034545590671852
0.034757992072726
0.034961910637595
0.035157279870423
0.035344040031583
0.035522138232418
0.035691528565684
0.035852172266856
0.036004037898552
0.036147101547979
0.036281347025636
0.036406766052629
0.036523358424085
0.036631132137195
0.036730103474413
0.036820297035054
0.036901745711743
0.036974490611603
0.037038580925394
0.037094073750756
0.037141033877986
0.037179533548282
0.037209652194932
0.037231476177615
0.037245098518827
0.037250618649756
0.037248142170721
0.037237780629087
0.037219651315363
0.037193877076383
0.037160586143101
0.037119911969740
0.037071993080810
0.037016972922732
0.036954999717465
0.036886226316307
0.036810810052865
0.036728912594910
0.036640699795179
0.036546341541324
0.036446011604905
0.036339887488795
0.036228150271634
0.036110984447261
0.035988577756422
0.035861121007774
0.035728807885256
0.035591834739482
0.035450400361739
0.035304705740585
0.035154953802590
0.035001349140401
0.034844097732810
0.034683406662613
0.034519483838686
0.034352537728651
0.034182777107856
0.034010410829029
0.033835647615150
0.033658695875903
0.033479763545768
0.033299057939670
0.033116785620321
0.032933152270170
0.032748362560390
0.032562620009569
0.032376126825800
0.032189083727498
0.032001689740375
0.031814141970342
0.031626635354466
0.031439362394206
0.031252512876834
0.031066273592043
0.030880828051223
0.030696356216668
0.030513034247274
0.030331034266062
0.030150524153472
0.029971667368825
0.029794622800947
0.029619544647776
0.029446582323873
0.029275880394285
0.029107578532928
0.028941811503746
0.028778709162943
0.028618396480719
0.028460993580840
0.028306615796057
0.028155373736783
0.028007373369513
0.027862716100379
0.027721498858039
0.027583814168997
0.027449750217587
0.027319390882468
0.027192815741643
0.027070100038816
0.026951314605433
