0.040583397143311
0.041065207185144
0.041519019809710
0.041942216692765
0.042332500104102
0.042687886067554
0.043006693777456
0.043287532321042
0.043529285685108
0.043731096937364
0.043892352373441
0.044012666313085
0.044091867115596
0.044129984866300
0.044127241063599
0.044084040510961
0.044000965491614
0.043878772178113
0.043718389107154
0.043520917435665
0.043287632590796
0.043019986837472
0.042719612215528
0.042388323246101
0.042028118775189
0.041641182311173
0.041229880222371
0.040796757189312
0.040344528353482
0.039876067669102
0.039394392046555
0.038902640975791
0.038404051435614
0.037901928031203
0.037399608457394
0.036900424558917
0.036407659448624
0.035924501347050
0.035453995015229
0.034998991859334
0.034562099979958
0.034145635608905
0.033751577509441
0.033381525999474
0.033036668279656
0.032717751700698
0.032425066480249
0.032158439177303
0.031917237953769
0.031700390305284
0.031506413538220
0.031333457822216
0.031179361176173
0.031041715271074
0.030917940476928
0.030805368165186
0.030701327922227
0.030603237051761
0.030508689558575
0.030415541723266
0.030321991403247
0.030226648330137
0.030128592913942
0.030027421401421
0.029923275657185
0.029816856324830
0.029709418662923
0.029602750915547
0.029499135647797
0.029401295030909
0.029312321579193
0.029235596302802
0.029174696631034
0.029133296768126
0.029115063359153
0.029123549463662
0.029162089858905
0.029233700626524
0.029340985822812
0.029486053802015
0.029670445464840
0.029895076351310
0.030160194099285
0.030465352357846
0.030809401788094
0.031190498311734
0.031606128288945
0.032053149830171
0.032527848981036
0.033026009076336
0.033542991150151
0.034073822928713
0.034613293636314
0.035156051628978
0.035696701752284
0.036229899313980
0.036750437680881
0.037253326760395
0.037733860010941
0.038187668135631
0.038610758234549
0.038999537898535
0.039350824489033
0.039661840624621
0.039930197640998
0.040153869460462
0.040331159853771
0.040460666460075
0.040541245115754
0.040571978007362
0.040552148897610
0.040481228181070
0.040358869828164
0.040184921406591
0.039959447376665
0.039682764799308
0.039355489538233
0.038978590049485
0.038553444999126
0.038081900294580
0.037566320708253
0.037009631151064
0.036415342839785
0.035787560098477
0.035130964325161
0.034450772705740
0.033752670517411
0.033042717268087
0.032327228391480
0.031612635677752
0.030905330983819
0.030211498955878
0.029536945437611
0.028886928871462
0.028266002283729
0.027677873352086
0.027125289581475
0.026609954777033
0.026132481836046
0.025692385438322
0.025288116563697
0.024917138985778
0.024576046067722
0.024260714406059
0.023966489216261
0.023688394905274
0.023421363096600
0.023160469513295
0.022901170617311
0.022639530766728
0.022372430884826
0.022097750219981
0.021814513682228
0.021522998428752
0.021224794785883
0.020922818183288
0.020621270478246
0.020325550805708
0.020042117846370
0.019778307107138
0.019542108406825
0.019341910210040
0.019186218713812
0.019083360628430
0.019041179374419
0.019066734913638
0.019166017620920
0.019343686465456
0.019602841296795
0.019944838215507
0.020369155859509
0.020873318971414
0.021452883860448
0.022101488378099
0.022810966847058
0.023571528087888
0.024371992357620
0.025200080737562
0.026042748376353
0.026886551101124
0.027718033342164
0.028524124152681
0.029292527409480
0.030012092099041
0.030673148952574
0.031267800596523
0.031790153811922
0.032236484404417
0.032605327512883
0.032897488846007
0.033115975235207
0.033265845919654
0.033353989018647
0.033388830579136
0.033379986294660
0.033337868365260
0.033273261905458
0.033196886722686
0.033118961112987
0.033048784506691
0.032994355320065
0.032962039231086
0.032956301326923
0.032979513223030
0.033031843410959
0.033111235860575
0.033213478409818
0.033332358865475
0.033459903165970
0.033586686579748
0.033702205883925
0.033795297928457
0.033854588061938
0.033868950669555
0.033827963611544
0.033722338674533
0.033544311241488
0.033287974193449
0.032949543486336
0.032527545777143
0.032022921760440
0.031439042358236
0.030781638418499
0.030058647958714
0.029279988092820
0.028457261475451
0.027603409286504
0.026732324392199
0.025858439319049
0.024996304059479
0.024160168516407
0.023363583638200
0.022619034064194
0.021937613477147
0.021328751933461
0.020800002307726
0.020356890735891
0.020002833655543
0.019739121798605
0.019564969356872
0.019477624569912
0.019472536222968
0.019543569025549
0.019683259596408
0.019883103827240
0.020133865747963
0.020425897676672
0.020749461406335
0.021095040450105
0.021453633923036
0.021817023457675
0.022178005605249
0.022530583426898
0.022870112388690
0.023193397193803
0.023498737766023
0.023785924190977
0.024056181976560
0.024312070466755
0.024557338592992
0.024796743340095
0.025035837312334
0.025280732588505
0.025537848639449
0.025813652438983
0.026114399026813
0.026445880680844
0.026813192530873
0.027220521903511
0.027670967939782
0.028166397086171
0.028707338944765
0.029292925701729
0.029920876964568
0.030587530363156
0.031287916749954
0.032015877320350
0.032764218519134
0.033524899261793
0.034289243838239
0.035048172937775
0.035792444587378
0.036512896470459
0.037200681116182
0.037847485830283
0.038445729968432
0.038988733205331
0.039470849780972
0.039887565247481
0.040235553919963
0.040512696968002
0.040718062781716
0.040851852819948
0.040915317516978
0.040910647918636
0.040840849485509
0.040709604905628
0.040521132788897
0.040280048779252
0.039991234948362
0.039659722375469
0.039290590636672
0.038888886599793
0.038459563531173
0.038007440152952
0.037537178024926
0.037053274536797
0.036560067944992
0.036061750317811
0.035562383989726
0.035065917177166
0.034576194761425
0.034096960868545
0.033631850724089
0.033184370272526
0.032757863157500
0.032355465786697
0.031980052279595
0.031634172048879
0.031319983536361
0.031039188163968
0.030792968837182
0.030581937336829
0.030406094657441
0.030264807816340
0.030156805901967
0.030080197201110
0.030032508200024
0.030010744157149
0.030011469859598
0.030030908163246
0.030065053031970
0.030109793080238
0.030161041117560
0.030214864912515
0.030267614343454
0.030316040274664
0.030357400871159
0.030389551613295
0.030411015958110
0.030421034377787
0.030419590345710
0.030407412697526
0.030385954631798
0.030357350400899
0.030324351451883
0.030290244389670
0.030258753637532
0.030233932054366
0.030220043031418
0.030221437733342
0.030242431173370
0.030287180725801
0.030359570488777
0.030463104625742
0.030600812446052
0.030775167546300
0.030988022838171
0.031240562751797
0.031533273342823
0.031865930465386
0.032237605620882
0.032646688573228
0.033090925353204
0.033567469874000
0.034072947060455
0.034603525165488
0.035154994814132
0.035722852278816
0.036302384545013
0.036888753865275
0.037477079709648
0.038062516286211
0.038640324110031
0.039205934424728
0.039755005611208
0.040283471038039
0.040787578104661
0.041263918493026
0.041709449869179
0.042121509461204
0.042497820084375
0.042836489291096
0.043136002397335
0.043395210184399
0.043613312101450
0.043789835805726
0.043924613878778
0.044017758551397
0.044069635258836
0.044080835831157
0.044052152099202
0.043984550661729
0.043879149509595
0.043737197134375
0.043560054657720
0.043349181401266
0.043106124174116
0.042832510386856
0.042530044911563
0.042200510402597
