0.041200750208572
0.041286571100689
0.041409503130652
0.041566161957303
0.041752164348845
0.041962258820774
0.042190481613250
0.042430333177681
0.042674969764041
0.042917404293412
0.043150710474984
0.043368224088088
0.043563735496675
0.043731667789050
0.043867235427093
0.043966578929166
0.044026871877354
0.044046397406990
0.044024592276077
0.043962057594006
0.043860536281886
0.043722858309997
0.043552855681938
0.043355249982650
0.043135516054422
0.042899725990968
0.042654378128419
0.042406216052679
0.042162042828470
0.041928535685576
0.041712066275836
0.041518531348643
0.041353198295607
0.041220569502398
0.041124268836824
0.041066952917624
0.041050249070985
0.041074721114234
0.041139863331605
0.041244122247351
0.041384945077397
0.041558853070791
0.041761537352555
0.041987974363438
0.042232557570015
0.042489241797666
0.042751696323416
0.043013462756464
0.043268113729616
0.043509408520268
0.043731441908198
0.043928782850201
0.044096599897891
0.044230770692782
0.044327973329047
0.044385757865670
0.044402596782277
0.044377913693304
0.044312090150309
0.044206450860063
0.044063228115540
0.043885506668457
0.043677150657556
0.043442714539882
0.043187340248450
0.042916643015924
0.042636588459294
0.042353363615460
0.042073244654327
0.041802463977559
0.041547079342195
0.041312847533731
0.041105104958983
0.040928657340723
0.040787680479821
0.040685633811967
0.040625188230290
0.040608169377085
0.040635517331444
0.040707263338334
0.040822523941452
0.040979512599358
0.041175568583866
0.041407202683246
0.041670158962127
0.041959491566842
0.042269655311487
0.042594608538575
0.042927926521803
0.043262923470682
0.043592781011460
0.043910680860333
0.044209939278070
0.044484140804509
0.044727268721637
0.044933829689221
0.045098970040856
0.045218581323346
0.045289392810098
0.045309048919715
0.045276169722825
0.045190393020379
0.045052396820539
0.044863901422630
0.044627650727798
0.044347372828035
0.044027720368101
0.043674191617936
0.043293033625239
0.042891129227778
0.042475870081906
0.042055018197275
0.041636558748735
0.041228547156695
0.040838953580471
0.040475508050393
0.040145549470894
0.039855881657438
0.039612639426076
0.039421167538560
0.039285915023366
0.039210347050324
0.039196876142088
0.039246814069292
0.039360345308648
0.039536522456225
0.039773283494127
0.040067490320140
0.040414987479247
0.040810679595216
0.041248625600940
0.041722147518166
0.042223951249312
0.042746256623516
0.043280933790942
0.043819642986980
0.044353974692157
0.044875587293087
0.045376339501098
0.045848415002602
0.046284437091260
0.046677571357194
0.047021614872171
0.047311070700134
0.047541206967219
0.047708100131998
0.047808662492644
0.047840654341603
0.047802681519376
0.047694179418263
0.047515384736968
0.047267296482437
0.046951627853029
0.046570750715987
0.046127634413361
0.045625780597119
0.045069155711190
0.044462122612122
0.043809372658777
0.043115859413584
0.042386734892682
0.041627289088941
0.040842893279515
0.040038947426599
0.039220831794024
0.038393862739449
0.037563252507314
0.036734072744717
0.035911221393014
0.035099392572473
0.034303049074623
0.033526397104547
0.032773362969455
0.032047571485805
0.031352325969430
0.030690589775581
0.030064969462240
0.029477699754156
0.028930630580787
0.028425216543148
0.027962509227526
0.027543152824166
0.027167383523331
0.026835033147716
0.026545537438351
0.026297949341390
0.026090957547363
0.025922910415305
0.025791845275826
0.025695522954348
0.025631467194177
0.025597008494916
0.025589331721488
0.025605526689359
0.025642640798773
0.025697732680981
0.025767925737778
0.025850460406529
0.025942743969508
0.026042396750590
0.026147293604778
0.026255599705501
0.026365799768797
0.026476720018275
0.026587542385043
0.026697810646176
0.026807428426525
0.026916649213971
0.027026058759438
0.027136550442078
0.027249294369383
0.027365701144630
0.027487381364149
0.027616101999770
0.027753740874438
0.027902240449682
0.028063562112822
0.028239642081053
0.028432349932569
0.028643450636274
0.028874570787648
0.029127169575791
0.029402514813374
0.029701664164917
0.030025451517515
0.030374478259303
0.030749109071453
0.031149471705248
0.031575460111573
0.032026740219323
0.032502757623945
0.033002746447874
0.033525738670263
0.034070573291585
0.034635904795964
0.035220210495516
0.035821796481082
0.036438802056060
0.037069202687890
0.037710811668149
0.038361280820393
0.039018100728205
0.039678601068582
0.040339951722517
0.040999165391242
0.041653102470002
0.042298478919529
0.042931877827942
0.043549765273412
0.044148510982663
0.044724414135431
0.045273734495058
0.045792728855855
0.046277692595157
0.046725005909262
0.047131184105122
0.047492931121413
0.047807195271074
0.048071226039753
0.048282630647328
0.048439428988476
0.048540105517655
0.048583656636885
0.048569632183174
0.048498169696228
0.048370020274811
0.048186564998451
0.047949821095505
0.047662437272822
0.047327677879162
0.046949395846003
0.046531994626838
0.046080379630435
0.045599899906177
0.045096281081991
0.044575550770043
0.044043957835701
0.043507887066101
0.042973770872275
0.042447999711038
0.041936832919387
0.041446311616133
0.040982175245656
0.040549783221206
0.040154042975291
0.039799345548696
0.039489509654265
0.039227734943995
0.039016564995284
0.038857860321258
0.038752781507274
0.038701782386515
0.038704612996631
0.038760331910308
0.038867327407640
0.039023346858732
0.039225533610990
0.039470470626212
0.039754230085953
0.040072428177071
0.040420284279531
0.040792683801730
0.041184243940892
0.041589381683333
0.042002383397862
0.042417475411570
0.042828894987659
0.043230961147350
0.043618144790261
0.043985137569095
0.044326918964709
0.044638820987318
0.044916589900176
0.045156444325960
0.045355129056140
0.045509963843605
0.045618886422883
0.045680488974735
0.045694047237570
0.045659541471293
0.045577668504311
0.045449844145018
0.045278195318310
0.045065541397480
0.044815364343171
0.044531767433615
0.044219422572314
0.043883506387668
0.043529625588961
0.043163732308986
0.042792030437905
0.042420874227827
0.042056660713871
0.041705717745849
0.041374189645579
0.041067922688939
0.040792352750436
0.040552397533603
0.040352355836774
0.040195816265939
0.040085577701896
0.040023583657180
0.040010872420839
0.040047544590078
0.040132749233053
0.040264689524874
0.040440648259047
0.040657033170566
0.040909441527284
0.041192742966207
0.041501179084746
0.041828477856999
0.042167980544864
0.042512778424985
0.042855856365754
0.043190240072755
0.043509143682855
0.043806114331553
0.044075170347429
0.044310929841841
0.044508726659078
0.044664710927484
0.044775931799061
0.044840400375116
0.044857131278404
0.044826161836282
0.044748548371841
0.044626339647250
0.044462528051666
0.044260979661023
0.044026344804984
0.043763951244408
0.043479682478545
0.043179844054348
0.042871021031455
0.042559929958449
0.042253268833796
0.041957568555514
0.041679049306677
0.041423485181181
0.041196080129972
0.041001358008779
0.040843069142665
0.040724115400797
0.040646495308560
0.040611270226303
0.040618552108279
0.040667512835588
0.040756414606775
0.040882660382381
0.041042862927268
0.041232930587657
0.041448167587782
0.041683386340993
0.041933029047414
0.042191295697911
0.042452275523363
0.042710078918032
0.042958966923568
0.043193475481465
0.043408531840944
