0.044660031562139
0.044668821058154
0.044677675467583
0.044686566166463
0.044695459584800
0.044704316375725
0.044713091071037
0.044721732318727
0.044730183744326
0.044738385417689
0.044746275846600
0.044753794365058
0.044760883743376
0.044767492823937
0.044773578983429
0.044779110239966
0.044784066859558
0.044788442366798
0.044792243923139
0.044795492095794
0.044798220093936
0.044800472589972
0.044802304267585
0.044803778242306
0.044804964484804
0.044805938344550
0.044806779227090
0.044807569428608
0.044808393084289
0.044809335149418
0.044810480310410
0.044811911720717
0.044813709475387
0.044815948775883
0.044818697789377
0.044822015267059
0.044825948045955
0.044830528609602
0.044835772916987
0.044841678720358
0.044848224577754
0.044855369725325
0.044863054911113
0.044871204212321
0.044879727770769
0.044888525296146
0.044897490113584
0.044906513479707
0.044915488865861
0.044924315912027
0.044932903789551
0.044941173771547
0.044949060889786
0.044956514647096
0.044963498844585
0.044969990663439
0.044975979202867
0.044981463712588
0.044986451766636
0.044990957605109
0.044995000824961
0.044998605535968
0.045001800021669
0.045004616866391
0.045007093437750
0.045009272557294
0.045011203156837
0.045012940708263
0.045014547231471
0.045016090726797
0.045017643940435
0.045019282447437
0.045021082118755
0.045023116117789
0.045025451639219
0.045028146650980
0.045031246923033
0.045034783620474
0.045038771702783
0.045043209307779
0.045048078213480
0.045053345371292
0.045058965399942
0.045064883832181
0.045071040826874
0.045077375007401
0.045083827070924
0.045090342835793
0.045096875455764
0.045103386624421
0.045109846711521
0.045116233901272
0.045122532525027
0.045128730881237
0.045134818899202
0.045140786019727
0.045146619630327
0.045152304307485
0.045157821993226
0.045163153084151
0.045168278259224
0.045173180741172
0.045177848597367
0.045182276656732
0.045186467658916
0.045190432359910
0.045194188482525
0.045197758598598
0.045201167232342
0.045204437647084
0.045207588888193
0.045210633677266
0.045213577672583
0.045216420429560
0.045219158130649
0.045221787841164
0.045224312732408
0.045226747449223
0.045229122636915
0.045231487623503
0.045233910400439
0.045236474357088
0.045239271673122
0.045242393804491
0.045245920038199
0.045249905552957
0.045254370722328
0.045259293464351
0.045264606234578
0.045270198773530
0.045275926993703
0.045281627506757
0.045287136365058
0.045292309761316
0.045297043836284
0.045301290509113
0.045305066449841
0.045308452983076
0.045311585802312
0.045314634772036
0.045317775625169
0.045321156810394
0.045324865877163
0.045328900394874
0.045333148329308
0.045337381969759
0.045341267945194
0.045344393730040
0.045346308567488
0.045346574257758
0.045344819138614
0.045340787184127
0.045334373760334
0.045325640382868
0.045314802846647
0.045302190188029
0.045288175765861
0.045273085830086
0.045257094707838
0.045240118574793
0.045221721150819
0.045201044166416
0.045176772915003
0.045147142736733
0.045109986270971
0.045062814445871
0.045002917345492
0.044927465333716
0.044833587145767
0.044718400967301
0.044578977412278
0.044412219989592
0.044214658840226
0.043982166449614
0.043709618438833
0.043390536783979
0.043016765059270
0.042578233684837
0.042062876034913
0.041456752412051
0.040744427735799
0.039909630519477
0.038936196341327
0.037809270388236
0.036516713276326
0.035050625217764
0.033408878876533
0.031596533963047
0.029626999300120
0.027522812497687
0.025315924205070
0.023047402677958
0.020766513386062
0.018529174748915
0.016395841063161
0.014428912934123
0.012689819529314
0.011235951478291
0.010117644695939
0.009375421324783
0.009037683252983
0.009119026653865
0.009619304607942
0.010523512370539
0.011802510573593
0.013414540609707
0.015307428853727
0.017421327152133
0.019691800312038
0.022053050153278
0.024441061620403
0.026796469491995
0.029066972834826
0.031209165623325
0.033189701911955
0.034985767983758
0.036584887179315
0.037984131082400
0.039188849540241
0.040211058799297
0.041067640270850
0.041778501879434
0.042364840661987
0.042847621465539
0.043246355261400
0.043578225265572
0.043857573345972
0.044095726464197
0.044301115923038
0.044479622938293
0.044635073545589
0.044769804138177
0.044885225165185
0.044982323130292
0.045062057952531
0.045125631688485
0.045174623311585
0.045211000720519
0.045237033892094
0.045255141176542
0.045267703855281
0.045276882537784
0.045284463559713
0.045291755406534
0.045299545656331
0.045308119350040
0.045317331243147
0.045326717979552
0.045335632409997
0.045343381224371
0.045349348586813
0.045353092062744
0.045354402109409
0.045353321971378
0.045350130197872
0.045345292508831
0.045339392893773
0.045333055370960
0.045326867738772
0.045321317105806
0.045316744347249
0.045313321363140
0.045311051602633
0.045309791226877
0.045309285880345
0.045309216565809
0.045309247663912
0.045309070652488
0.045308438389444
0.045307186665593
0.045305241806955
0.045302615108098
0.045299386549407
0.045295681404011
0.045291643876607
0.045287411831759
0.045283096043278
0.045278766372793
0.045274446047394
0.045270113945027
0.045265713686753
0.045261167512187
0.045256392459765
0.045251316309474
0.045245891038754
0.045240102113698
0.045233972678802
0.045227562499316
0.045220962236575
0.045214284205868
0.045207651117259
0.045201184408105
0.045194993653634
0.045189168231351
0.045183771980101
0.045178841109499
0.045174385152818
0.045170390378251
0.045166824822433
0.045163644007096
0.045160796441893
0.045158228181526
0.045155885955847
0.045153718682434
0.045151677456274
0.045149714350484
0.045147780525893
0.045145824220070
0.045143789166512
0.045141613893813
0.045139232194222
0.045136574858746
0.045133572580803
0.045130159759272
0.045126278805099
0.045121884486718
0.045116947842173
0.045111459236307
0.045105430238510
0.045098894124987
0.045091904951537
0.045084535281232
0.045076872771019
0.045069015911169
0.045061069265147
0.045053138573164
0.045045326063072
0.045037726263363
0.045030422543162
0.045023484522540
0.045016966412447
0.045010906265433
0.045005326052403
0.045000232431612
0.044995618046114
0.044991463175132
0.044987737571675
0.044984402340060
0.044981411738719
0.044978714831016
0.044976256945222
0.044973980939661
0.044971828296992
0.044969740089894
0.044967657867965
0.044965524512449
0.044963285093115
0.044960887742713
0.044958284542531
0.044955432391419
0.044952293813955
0.044948837654231
0.044945039601919
0.044940882507281
0.044936356460447
0.044931458635125
0.044926192923971
0.044920569417919
0.044914603800407
0.044908316735975
0.044901733328883
0.044894882710678
0.044887797787510
0.044880515142047
0.044873075045902
0.044865521502730
0.044857902215454
0.044850268358756
0.044842674043521
0.044835175384679
0.044827829126321
0.044820690833992
0.044813812727306
0.044807241288374
0.044801014834506
0.044795161279172
0.044789696316915
0.044784622252099
0.044779927647599
0.044775587900777
0.044771566766868
0.044767818753168
0.044764292211974
0.044760932877269
0.044757687529846
0.044754507446100
0.044751351291743
0.044748187164271
0.044744993563877
0.044741759174565
0.044738481455455
0.044735164164330
0.044731814048734
0.044728437032109
0.044725034283710
0.044721598584542
0.044718111384370
0.044714540888505
0.044710841422855
0.044706954210528
0.044702809564531
