0.012146428086250
0.012162248615238
0.012184169185177
0.012211455122681
0.012243177799137
0.012278246497508
0.012315446107072
0.012353479347184
0.012391012054176
0.012426719948812
0.012459335240492
0.012487691421689
0.012510764662934
0.012527710333592
0.012537893343128
0.012540911215470
0.012536609067600
0.012525085952825
0.012506692338406
0.012482018804370
0.012451876363354
0.012417269098236
0.012379360084007
0.012339431792814
0.012298842368354
0.012258979291258
0.012221212037076
0.012186845350890
0.012157074728174
0.012132945602733
0.012115317604084
0.012104835064468
0.012101904737271
0.012106681442274
0.012119062087526
0.012138688241803
0.012164957154316
0.012197040848017
0.012233912657300
0.012274380347236
0.012317124745939
0.012360742649525
0.012403792624960
0.012444842243244
0.012482515226468
0.012515536988836
0.012542777094283
0.012563287241293
0.012576333517307
0.012581421837660
0.012578315693394
0.012567045572874
0.012547909687460
0.012521465913543
0.012488515153330
0.012450076605134
0.012407355710631
0.012361705801292
0.012314584689238
0.012267507630091
0.012221998219111
0.012179538861172
0.012141522475727
0.012109207058402
0.012083674622043
0.012065795885457
0.012056201873707
0.012055263347747
0.012063078703542
0.012079470682904
0.012103991932294
0.012135939144058
0.012174375228896
0.012218158709509
0.012265979302611
0.012316398477019
0.012367893644265
0.012418904557693
0.012467880466455
0.012513326590107
0.012553848543721
0.012588193446919
0.012615286586560
0.012634262664612
0.012644490842829
0.012645592987158
0.012637454710964
0.012620229011800
0.012594332487052
0.012560434296123
0.012519438208309
0.012472458234799
0.012420788488935
0.012365868050506
0.012309241726354
0.012252517700134
0.012197323147161
0.012145258954040
0.012097854724890
0.012056525273738
0.012022529793295
0.011996934851194
0.011980582293762
0.011974063033265
0.011977697557164
0.011991523828769
0.012015293050664
0.012048473540306
0.012090262727588
0.012139607034875
0.012195229150085
0.012255661962558
0.012319288209662
0.012384384688964
0.012449169734907
0.012511852547456
0.012570682898304
0.012623999730913
0.012670277214197
0.012708166904119
0.012736534808101
0.012754492327426
0.012761420264192
0.012756985312325
0.012741148696218
0.012714166865635
0.012676584391621
0.012629219426804
0.012573142287408
0.012509647878194
0.012440222812153
0.012366508172567
0.012290258926748
0.012213301030303
0.012137487261601
0.012064652802516
0.011996571537970
0.011934913988012
0.011881207716350
0.011836800981811
0.011802830316912
0.011780192632147
0.011769522356523
0.011771174034222
0.011785210703454
0.011811398285627
0.011849206110068
0.011897813591068
0.011956122960111
0.012022777837485
0.012096187305975
0.012174555027452
0.012255912824627
0.012338158038938
0.012419093876275
0.012496471869327
0.012568035523388
0.012631564174883
0.012684916081600
0.012726069782119
0.012753162809364
0.012764526918391
0.012758719088759
0.012734547683278
0.012691093282634
0.012627723863795
0.012544104143166
0.012440199057301
0.012316271498918
0.012172874559135
0.012010838644301
0.011831253934602
0.011635448730149
0.011424964288012
0.011201526791177
0.010967017109129
0.010723439011878
0.010472886487202
0.010217510787397
0.009959487799399
0.009700986293139
0.009444137559043
0.009191006898170
0.008943567378186
0.008703676215607
0.008473054089388
0.008253267632822
0.008045715289574
0.007851616655463
0.007672005360588
0.007507725477268
0.007359431369207
0.007227590827947
0.007112491276117
0.007014248755498
0.006932819363967
0.006868012761201
0.006819507330632
0.006786866565986
0.006769556245550
0.006766961966194
0.006778406631136
0.006803167519056
0.006840492604949
0.006889615852452
0.006949771250008
0.007020205416171
0.007100188649626
0.007189024344622
0.007286056730867
0.007390676927309
0.007502327321722
0.007620504303246
0.007744759384519
0.007874698755862
0.008009981318493
0.008150315249544
0.008295453160845
0.008445185928022
0.008599335287352
0.008757745325418
0.008920273020127
0.009086778029542
0.009257111964707
0.009431107421257
0.009608567078545
0.009789253200840
0.009972877889644
0.010159094436589
0.010347490111087
0.010537580685075
0.010728806949473
0.010920533414995
0.011112049316762
0.011302571961447
0.011491252372195
0.011677183104969
0.011859408035250
0.012036933850532
0.012208742935265
0.012373807303509
0.012531103221502
0.012679626167560
0.012818405798457
0.012946520626820
0.013063112159205
0.013167398294813
0.013258685835375
0.013336382002969
0.013400004900200
0.013449192873288
0.013483712751021
0.013503466931027
0.013508499270170
0.013498999710622
0.013475307540988
0.013437913157143
0.013387458155461
0.013324733566756
0.013250676027431
0.013166361688673
0.013072997687850
0.012971911049525
0.012864534946195
0.012752392328783
0.012637077030179
0.012520232546703
0.012403528806227
0.012288637331261
0.012177205294216
0.012070829034183
0.011971027655176
0.011879217350963
0.011796687099779
0.011724576342945
0.011663855206528
0.011615307748056
0.011579518615500
0.011556863399190
0.011547502845209
0.011551380987501
0.011568227151315
0.011597561687809
0.011638705222279
0.011690791139077
0.011752780985345
0.011823482452475
0.011901569586346
0.011985604881474
0.012074062926055
0.012165355279975
0.012257856281776
0.012349929489604
0.012439954462339
0.012526353578922
0.012607618576068
0.012682336458422
0.012749214403285
0.012807103248154
0.012855019117986
0.012892162725227
0.012917935864235
0.012931954627024
0.012934058892866
0.012924317692298
0.012903030117192
0.012870721541800
0.012828135032465
0.012776217951830
0.012716103901636
0.012649090290189
0.012576611949788
0.012500211358953
0.012421506138031
0.012342154579322
0.012263820039942
0.012188135064639
0.012116666115389
0.012050879765314
0.011992111168139
0.011941535544135
0.011900143333422
0.011868719562334
0.011847827853230
0.011837799387541
0.011838727010411
0.011850464546825
0.011872631286450
0.011904621489738
0.011945618672106
0.011994614336710
0.012050430749184
0.012111747279023
0.012177129771468
0.012245062359924
0.012313981081972
0.012382308621938
0.012448489470482
0.012511024767929
0.012568506084955
0.012619647393531
0.012663314495161
0.012698551204175
0.012724601633008
0.012740927994816
0.012747223426794
0.012743419444139
0.012729687758013
0.012706436328042
0.012674299666933
0.012634123567088
0.012586944571265
0.012533964656044
0.012476521732577
0.012416056688857
0.012354077797099
0.012292123385337
0.012231723721610
0.012174363080735
0.012121442957736
0.012074247359285
0.012033911047097
0.012001391527685
0.011977445484461
0.011962610234422
0.011957190666046
0.011961251981153
0.011974618424481
0.011996878043469
0.012027393379861
0.012065317856276
0.012109617487004
0.012159097414658
0.012212432654934
0.012268202322515
0.012324926514292
0.012381104944109
0.012435256358702
0.012485957720424
0.012531882121421
0.012571834398943
0.012604783454574
0.012629890342963
0.012646531288644
0.012654314912243
0.012653093097800
0.012642965107763
0.012624274746654
0.012597600582466
0.012563739449264
0.012523683667376
0.012478592620705
0.012429759515654
0.012378574305384
0.012326483889676
0.012274950789234
0.012225411540077
0.012179236056920
0.012137689174383
0.012101895493661
0.012072808544000
