2.761208376256473684e+02
2.762782938577698815e+02
2.764283910181208057e+02
2.765710880359408748e+02
2.767070830922690448e+02
2.768378563654745790e+02
2.769656500170234494e+02
2.770933784342716990e+02
2.772244669203975604e+02
2.773626230915041333e+02
2.775115518011031668e+02
2.776746309534466945e+02
2.778545715068978552e+02
2.780530896911474201e+02
2.782706223684824636e+02
2.785061170326125648e+02
2.787569257619148857e+02
2.790188273160110839e+02
2.792861935069447554e+02
2.795523052776280792e+02
2.798098111522277804e+02
2.800513067327178760e+02
2.802699997919311272e+02
2.804604125263106198e+02
2.806190620454188434e+02
2.807450535383062515e+02
2.808405189744356676e+02
2.809108385969133224e+02
2.809645933673581339e+02
2.810132139195689547e+02
2.810703148577475758e+02
2.811507311254813430e+02
2.812693037628548041e+02
2.814394931817479346e+02
2.816719262176196708e+02
2.819730055341766501e+02
2.823437233844020966e+02
2.827788235384252857e+02
2.832664433254533378e+02
2.837883411507166329e+02
2.843207737607389163e+02
2.848360336369651122e+02
2.853045934566334836e+02
2.856977363367400926e+02
2.859904836290311891e+02
2.861645733204057933e+02
2.862111989220509827e+02
2.861331980680312199e+02
2.859463877310089401e+02
2.856797829067447765e+02
2.853745090402960045e+02
2.850813232918750373e+02
2.848567902360111930e+02
2.847583043221807202e+02
2.848383016225459414e+02
2.851381417167914378e+02
2.856822503267597995e+02
2.864731780501692811e+02
2.874882358500801729e+02
2.886783034322158414e+02
2.899692677224740009e+02
2.912663381285722153e+02
2.924612142177322767e+02
2.934417694254445905e+02
2.941035887054105160e+02
2.943623918683860552e+02
2.941661241806485805e+02
2.935053376894617259e+02
2.924204523351812099e+02
2.910045980896431956e+02
2.894010083545477983e+02
2.877943551327113028e+02
2.863959650222143978e+02
2.854234913729491154e+02
2.850762860484285284e+02
2.855083469095266082e+02
2.868012418491815083e+02
2.889397565896048263e+02
2.917931214930982833e+02
2.951045007266449147e+02
2.984909589838968031e+02
3.014553704983380840e+02
3.034107482510190721e+02
3.037163245621497936e+02
3.017235093722579222e+02
2.968287076945233025e+02
2.885290162071116811e+02
2.764761558656644524e+02
2.605237263060905093e+02
2.407630485697629865e+02
2.175435123116144212e+02
1.914744311923383577e+02
1.634068567538319030e+02
1.343954854686336375e+02
1.056425628075718492e+02
7.842737212451461914e+01
5.402632554581322211e+01
3.362969838111264664e+01
1.826155315092991316e+01
8.709318811760821788e+00
5.468817618123576807e+00
8.709318811754569012e+00
1.826155315091766340e+01
3.362969838109488308e+01
5.402632554579061264e+01
7.842737212448797379e+01
1.056425628075420775e+02
1.343954854686015778e+02
1.634068567537983938e+02
1.914744311923040812e+02
2.175435123115799172e+02
2.407630485697285394e+02
2.605237263060561190e+02
2.764761558656301759e+02
2.885290162070772340e+02
2.968287076944884575e+02
3.017235093722223382e+02
3.037163245621133001e+02
3.034107482509816691e+02
3.014553704983001126e+02
2.984909589838587181e+02
2.951045007266076254e+02
2.917931214930630404e+02
2.889397565895728803e+02
2.868012418491545077e+02
2.855083469095062014e+02
2.850762860484163639e+02
2.854234913729464438e+02
2.863959650222224695e+02
2.877943551327306295e+02
2.894010083545786642e+02
2.910045980896852598e+02
2.924204523352336764e+02
2.935053376895230031e+02
2.941661241807169063e+02
2.943623918684591558e+02
2.941035887054858904e+02
2.934417694255197375e+02
2.924612142178046383e+02
2.912663381286395747e+02
2.899692677225341413e+02
2.886783034322672279e+02
2.874882358501217823e+02
2.864731780502004312e+02
2.856822503267807747e+02
2.851381417168028065e+02
2.848383016225488404e+02
2.847583043221769685e+02
2.848567902360025528e+02
2.850813232918639528e+02
2.853745090402846927e+02
2.856797829067356815e+02
2.859463877310042790e+02
2.861331980680329252e+02
2.862111989220605324e+02
2.861645733204244380e+02
2.859904836290595540e+02
2.856977363367783482e+02
2.853045934566811184e+02
2.848360336370213872e+02
2.843207737608023535e+02
2.837883411507855271e+02
2.832664433255257563e+02
2.827788235384988411e+02
2.823437233844746288e+02
2.819730055342459991e+02
2.816719262176834491e+02
2.814394931818042096e+02
2.812693037629018136e+02
2.811507311255177228e+02
2.810703148577722459e+02
2.810132139195811760e+02
2.809645933673576224e+02
2.809108385969001347e+02
2.808405189744099744e+02
2.807450535382689054e+02
2.806190620453705833e+02
2.804604125262525827e+02
2.802699997918643930e+02
2.800513067326439227e+02
2.798098111521479154e+02
2.795523052775434962e+02
2.792861935068568755e+02
2.790188273159210439e+02
2.787569257618238225e+02
2.785061170325216153e+02
2.782706223683925373e+02
2.780530896910593128e+02
2.778545715068122490e+02
2.776746309533641579e+02
2.775115518010242681e+02
2.773626230914292137e+02
2.772244669203269041e+02
2.770933784342055333e+02
2.769656500169620585e+02
2.768378563654180198e+02
2.767070830922174309e+02
2.765710880358940358e+02
2.764283910180788553e+02
2.762782938577327059e+02
