0.020309193482630
0.020336052389938
0.020366700479514
0.020400840167048
0.020438147526296
0.020478278700360
0.020520875792294
0.020565572146077
0.020611996975651
0.020659779342671
0.020708551520705
0.020757951813420
0.020807626915750
0.020857233919739
0.020906442070746
0.020954934375466
0.021002409151800
0.021048581593056
0.021093185396891
0.021135974484349
0.021176724807989
0.021215236222104
0.021251334363981
0.021284872474464
0.021315733069971
0.021343829367546
0.021369106360225
0.021391541442194
0.021411144492107
0.021427957338032
0.021442052548309
0.021453531518060
0.021462521850153
0.021469174060499
0.021473657669255
0.021476156770112
0.021476865197728
0.021475981437052
0.021473703436309
0.021470223496660
0.021465723415221
0.021460370053611
0.021454311491508
0.021447673904063
0.021440559274203
0.021433044016978
0.021425178554603
0.021416987839587
0.021408472781199
0.021399612489762
0.021390367215916
0.021380681830204
0.021370489663906
0.021359716516509
0.021348284629684
0.021336116432706
0.021323137879946
0.021309281226809
0.021294487125115
0.021278705960661
0.021261898402446
0.021244035182080
0.021225096170513
0.021205068864525
0.021183946434549
0.021161725516011
0.021138403946242
0.021113978656793
0.021088443925879
0.021061790177592
0.021034003484363
0.021005065888328
0.020974956608009
0.020943654141785
0.020911139222128
0.020877398517794
0.020842428928405
0.020806242270252
0.020768870116262
0.020730368529163
0.020690822416269
0.020650349237721
0.020609101817350
0.020567270035708
0.020525081226716
0.020482799150670
0.020440721474538
0.020399175752753
0.020358513965134
0.020319105730394
0.020281330371141
0.020245568057180
0.020212190296121
0.020181550072469
0.020153971957313
0.020129742519870
0.020109101369256
0.020092233140119
0.020079260709607
0.020070239896434
0.020065155846504
0.020063921254968
0.020066376513309
0.020072291803788
0.020081371094412
0.020093257917822
0.020107542749591
0.020123771738178
0.020141456482904
0.020160084510784
0.020179130070308
0.020198064842974
0.020216368173080
0.020233536434409
0.020249091189157
0.020262585849106
0.020273610619877
0.020281795593336
0.020286811946838
0.020288371306527
0.020286223429803
0.020280152453815
0.020269972036818
0.020255519782263
0.020236651377154
0.020213234893400
0.020185145691637
0.020152262331247
0.020114463829411
0.020071628529199
0.020023634736477
0.019970363173598
0.019911701181058
0.019847548483624
0.019777824231747
0.019702474938942
0.019621482866630
0.019534874364029
0.019442727654588
0.019345179573230
0.019242430799481
0.019134749197970
0.019022470965953
0.018905999392334
0.018785801148289
0.018662400149641
0.018536369149265
0.018408319327769
0.018278888247156
0.018148726610345
0.018018484325940
0.017888796410000
0.017760269263865
0.017633467849360
0.017508904241398
0.017387027975481
0.017268218527157
0.017152780166165
0.017040939324423
0.016932844508893
0.016828568682889
0.016728113937350
0.016631418181592
0.016538363505298
0.016448785803295
0.016362485214732
0.016279236910241
0.016198801765025
0.016120936482221
0.016045402777565
0.015971975300721
0.015900448047058
0.015830639101752
0.015762393651078
0.015695585288447
0.015630115730152
0.015565913133131
0.015502929270399
0.015441135865761
0.015380520416160
0.015321081836408
0.015262826247688
0.015205763199500
0.015149902567443
0.015095252309929
0.015041817199672
0.014989598575288
0.014938595088920
0.014888804361851
0.014840225405169
0.014792861619672
0.014746724160234
0.014701835435832
0.014658232517146
0.014615970238182
0.014575123804724
0.014535790758244
0.014498092186106
0.014462173114509
0.014428202066443
0.014396369810248
0.014366887362661
0.014339983341715
0.014315900788236
0.014294893589362
0.014277222643587
0.014263151904723
0.014252944433152
0.014246858567941
0.014245144314569
0.014248040021702
0.014255769398292
0.014268538900624
0.014286535499065
0.014309924816963
0.014338849620041
0.014373428623965
0.014413755580502
0.014459898598654
0.014511899655793
0.014569774254883
0.014633511186591
0.014703072359237
0.014778392664572
0.014859379853243
0.014945914400293
0.015037849348258
0.015135010123533
0.015237194330738
0.015344171540087
0.015455683094251
0.015571441973670
0.015691132772567
0.015814411851203
0.015940907742477
0.016070221901612
0.016201929895116
0.016335583128113
0.016470711206137
0.016606825017527
0.016743420604700
0.016879983866685
0.017015996101449
0.017150940355750
0.017284308504156
0.017415608929585
0.017544374628298
0.017670171515706
0.017792606669207
0.017911336213842
0.018026072538839
0.018136590530610
0.018242732522003
0.018344411689162
0.018441613675698
0.018534396287160
0.018622887174245
0.018707279506868
0.018787825728585
0.018864829566906
0.018938636554649
0.019009623385903
0.019078186483217
0.019144730187136
0.019209654993178
0.019273346254095
0.019336163737589
0.019398432383510
0.019460434543196
0.019522403911027
0.019584521279075
0.019646912164726
0.019709646282917
0.019772738763334
0.019836152951824
0.019899804586791
0.019963567106766
0.020027277824916
0.020090744699193
0.020153753431744
0.020216074645914
0.020277470911351
0.020337703415063
0.020396538106427
0.020453751175438
0.020509133754561
0.020562495764555
0.020613668853396
0.020662508404956
0.020708894620747
0.020752732704217
0.020793952203027
0.020832505590466
0.020868366192252
0.020901525588627
0.020931990642656
0.020959780322456
0.020984922496057
0.021007450881060
0.021027402325928
0.021044814584640
0.021059724721397
0.021072168247621
0.021082179050939
0.021089790127515
0.021095035077598
0.021097950273045
0.021098577558251
0.021096967305902
0.021093181619424
0.021087297457308
0.021079409452384
0.021069632211976
0.021058101912237
0.021044977040132
0.021030438186792
0.021014686852903
0.020997943286397
0.020980443430839
0.020962435115439
0.020944173661027
0.020925917107644
0.020907921286746
0.020890434963474
0.020873695262322
0.020857923564082
0.020843322025514
0.020830070828734
0.020818326218278
0.020808219333939
0.020799855800204
0.020793315991740
0.020788655861339
0.020785908193937
0.020785084138612
0.020786174869907
0.020789153239676
0.020793975299364
0.020800581598186
0.020808898192794
0.020818837336124
0.020830297844958
0.020843165175133
0.020857311258702
0.020872594177485
0.020888857761717
0.020905931210841
0.020923628836176
0.020941750022861
0.020960079501948
0.020978388013711
0.020996433430860
0.021013962396064
0.021030712512380
0.021046415107945
0.021060798577561
0.021073592283418
0.021084530974875
0.021093359662928
0.021099838858783
0.021103750058485
0.021104901327600
0.021103132813046
0.021098321985121
0.021090388393742
0.021079297711249
0.021065064832218
0.021047755810540
0.021027488437206
0.021004431299558
0.020978801214105
0.020950858989215
0.020920903548692
0.020889264529218
0.020856293549358
0.020822354430517
0.020787812725268
0.020753024970622
0.020718328127834
0.020684029692068
0.020650398951484
0.020617659844336
0.020585985804463
0.020555496901811
0.020526259478821
0.020498288360730
0.020471551584486
0.020445977454479
0.020421463601624
0.020397887603434
0.020375118624215
0.020353029462840
0.020331508355970
0.020310469880386
0.020289864330569
0.020269685016055
0.020249973024237
0.020230819123275
0.020212362629597
0.020194787227195
0.020178313892133
