0.011208339019172
0.011252508592439
0.011293574127924
0.011329098853822
0.011356958662399
0.011375468186239
0.011383481417538
0.011380460927552
0.011366511591889
0.011342376813466
0.011309397435094
0.011269435717833
0.011224768801313
0.011177957838969
0.011131700411570
0.011088674785555
0.011051385044212
0.011022016054995
0.011002306651403
0.010993448339515
0.010996015351664
0.011009930051428
0.011034465651839
0.011068286061770
0.011109520548049
0.011155868915411
0.011204731175893
0.011253354301463
0.011298987705019
0.011339038626694
0.011371218638049
0.011393673010680
0.011405085693881
0.011404754048449
0.011392629207833
0.011369319883906
0.011336059491106
0.011294638513092
0.011247305965397
0.011196645508838
0.011145433148722
0.011096484440118
0.011052499658595
0.011015915463148
0.010988771174476
0.010972596944250
0.010968329850810
0.010976262395951
0.010996026085163
0.011026610850327
0.011066419125706
0.011113351521498
0.011164919354405
0.011218377880778
0.011270873007994
0.011319593587244
0.011361921147160
0.011395569120404
0.011418704228860
0.011430043689369
0.011428923223384
0.011415332426508
0.011389915791364
0.011353939486370
0.011309225778029
0.011258058652580
0.011203065659120
0.011147082187475
0.011093005252428
0.011043644341951
0.011001576981046
0.010969016365478
0.010947697751607
0.010938789288902
0.010942831705591
0.010959709773405
0.010988656861842
0.011028292228177
0.011076689060091
0.011131469773321
0.011189923740339
0.011249141550191
0.011306159123593
0.011358104564780
0.011402340539692
0.011436595228558
0.011459075492963
0.011468556790506
0.011464445517878
0.011446810807985
0.011416384282778
0.011374527799566
0.011323170752083
0.011264719927268
0.011201946208392
0.011137853496354
0.011075536045551
0.011018030942866
0.010968172675910
0.010928456632076
0.010900917950197
0.010887031432675
0.010887637252051
0.010902895997362
0.010932275257026
0.010974568487658
0.011027945437606
0.011090031946546
0.011158015592946
0.011228772469853
0.011299009389325
0.011365415090663
0.011424813589819
0.011474312676888
0.011511440751724
0.011534265677160
0.011541490104176
0.011532518750339
0.011507494347274
0.011467300361046
0.011413530070299
0.011348423095547
0.011274771942411
0.011195802486367
0.011115033525473
0.011036121506310
0.010962697241923
0.010898201855548
0.010845729279633
0.010807882409724
0.010786649465072
0.010783306264403
0.010798349021735
0.010831460950610
0.010881514492972
0.010946609425522
0.011024145510912
0.011110926823937
0.011203293462757
0.011297275115978
0.011388759954120
0.011473671594418
0.011548146484008
0.011608703977651
0.011652401656029
0.011676969028451
0.011680913663324
0.011663594951676
0.011625262081980
0.011567054327740
0.011490963355597
0.011399758879958
0.011296880549464
0.011186300382709
0.011072361313544
0.010959598406965
0.010852550023227
0.010755566611631
0.010672624892095
0.010607154932378
0.010561887066520
0.010538724754279
0.010538648392559
0.010561653808754
0.010606727750670
0.010671861201002
0.010754099850830
0.010849629629415
0.010953893865815
0.011061737503863
0.011167572849294
0.011265560629070
0.011349799709361
0.011414518658977
0.011454262455895
0.011464068000982
0.011439622699647
0.011377401164911
0.011274776043325
0.011130100022737
0.010942757200308
0.010713183122569
0.010442853910956
0.010134245914644
0.009790768251677
0.009416671380444
0.009016935465377
0.008597142750247
0.008163338424809
0.007721884568572
0.007279311688875
0.006842172154799
0.006416899484038
0.006009676990157
0.005626318768130
0.005272165412711
0.004951996252424
0.004669959265495
0.004429519244180
0.004233424208751
0.004083689556764
0.003981598978233
0.003927720780830
0.003921937955670
0.003963490075447
0.004051024951905
0.004182657886388
0.004356036321572
0.004568407739404
0.004816688744282
0.005097533415504
0.005407399202778
0.005742608866621
0.006099407225108
0.006474011752583
0.006862656377217
0.007261628134725
0.007667296646520
0.008076136693126
0.008484744438047
0.008889848113807
0.009288314200608
0.009677150299734
0.010053506019898
0.010414673248207
0.010758087163241
0.011081329263255
0.011382133528042
0.011658396612068
0.011908192685906
0.012129793213155
0.012321691584164
0.012482632142277
0.012611642751198
0.012708069683010
0.012771613275507
0.012802362534099
0.012800826655534
0.012767961342972
0.012705187776033
0.012614402202253
0.012497974329731
0.012358733021154
0.012199938207684
0.012025238442947
0.011838614083392
0.011644306688167
0.011446735853100
0.011250405301100
0.011059800616646
0.010879281507105
0.010712971873048
0.010564651251437
0.010437651342537
0.010334761332161
0.010258145570354
0.010209276867450
0.010188888227132
0.010196945268368
0.010232640914763
0.010294413176369
0.010379986044915
0.010486432700427
0.010610259418337
0.010747507803839
0.010893872294978
0.011044829295358
0.011195773844302
0.011342159424827
0.011479636359667
0.011604184258407
0.011712234153686
0.011800776294301
0.011867450034895
0.011910612857739
0.011929386259541
0.011923677009676
0.011894173107782
0.011842314609581
0.011770240321008
0.011680712154398
0.011577019670730
0.011462867975347
0.011342252671465
0.011219325990018
0.011098258494083
0.010983100893797
0.010877650500157
0.010785326694419
0.010709059499349
0.010651194918366
0.010613420171313
0.010596711317070
0.010601305032161
0.010626695531859
0.010671656799093
0.010734289451007
0.010812090748694
0.010902045467913
0.011000734622993
0.011104458396852
0.011209369100018
0.011311609580873
0.011407452255420
0.011493433830771
0.011566480871038
0.011624021600736
0.011664079756798
0.011685346877415
0.011687230139439
0.011669873705152
0.011634152487099
0.011581638254626
0.011514539051631
0.011435613932603
0.011348066012582
0.011255417725215
0.011161372952515
0.011069671294519
0.010983940156226
0.010907550519508
0.010843482223595
0.010794204293470
0.010761575335147
0.010746768275089
0.010750222782821
0.010771627615641
0.010809933905247
0.010863399117735
0.010929660115371
0.011005832487745
0.011088632158033
0.011174514261228
0.011259823483736
0.011340949488245
0.011414480754865
0.011477350167746
0.011526965971535
0.011561322305970
0.011579084378169
0.011579644416184
0.011563145818068
0.011530474312499
0.011483216417007
0.011423586951224
0.011354328767027
0.011278589129241
0.011199778258989
0.011121416384750
0.011046976192573
0.010979727798659
0.010922593271354
0.010878017307743
0.010847859940042
0.010833316141533
0.010834865966655
0.010852257452258
0.010884522992680
0.010930028351298
0.010986551958767
0.011051390744830
0.011121487523046
0.011193573954290
0.011264322402790
0.011330499601411
0.011389114979813
0.011437556782521
0.011473709700587
0.011496048631419
0.011503704323635
0.011496498002435
0.011474943541901
0.011440217283388
0.011394097120688
0.011338873910602
0.011277239553988
0.011212157166626
0.011146719571458
0.011084002856457
0.011026921932829
0.010978094889121
0.010939722476555
0.010913488303263
0.010900484297806
0.010901164775324
0.010915331062440
0.010942147175898
0.010980185574829
0.011027500587490
0.011081725817325
0.011140190720907
0.011200050673329
0.011258424234953
0.011312531033967
0.011359823694142
0.011398107564051
0.011425642625292
0.011441222841945
0.011444229318088
0.011434654901209
0.011413099245713
