0.001877287195253
0.001881519303964
0.001892736040477
0.001911308189438
0.001937422963777
0.001971083786724
0.002012115424793
0.002060173845292
0.002114760028075
0.002175236864575
0.002240848229972
0.002310739316028
0.002383977359921
0.002459571992933
0.002536494555138
0.002613695869584
0.002690122132387
0.002764728743516
0.002836492066965
0.002904419258991
0.002967556430836
0.003024995510916
0.003075880235748
0.003119411725811
0.003154854091175
0.003181540463387
0.003198879768216
0.003206364443717
0.003203579176823
0.003190210587490
0.003166057641555
0.003131042431409
0.003085220836675
0.003028792473994
0.002962109273264
0.002885681983147
0.002800183915224
0.002706451285624
0.002605479604423
0.002498415693725
0.002386545079502
0.002271274692772
0.002154111023300
0.002036634083426
0.001920467749951
0.001807247246924
0.001698584701284
0.001596033836858
0.001501054962392
0.001414981450135
0.001338988889552
0.001274068035127
0.001221002549830
0.001180352381121
0.001152443401378
0.001137363708364
0.001134966724638
0.001144880969472
0.001166526115304
0.001199134695365
0.001241778611374
0.001293399410388
0.001352841166345
0.001418884720636
0.001490282010648
0.001565789246255
0.001644197779595
0.001724361648296
0.001805220949232
0.001885820409750
0.001965322755024
0.002043016712171
0.002118319731677
0.002190775732959
0.002260048382522
0.002325910581018
0.002388230962299
0.002446958288380
0.002502104656858
0.002553728422206
0.002601917672411
0.002646775003120
0.002688404199990
0.002726899285322
0.002762336216977
0.002794767356199
0.002824218656259
0.002850689374769
0.002874153986887
0.002894565880395
0.002911862350803
0.002925970386821
0.002936812743563
0.002944313839865
0.002948405083014
0.002949029312910
0.002946144161362
0.002939724233208
0.002929762126525
0.002916268411958
0.002899270779530
0.002878812629597
0.002854951428904
0.002827757170332
0.002797311265206
0.002763706160767
0.002727045915127
0.002687447881643
0.002645045559217
0.002599992560664
0.002552467544436
0.002502679852508
0.002450875505745
0.002397343133661
0.002342419363594
0.002286493169018
0.002230008681056
0.002173466002396
0.002117419628681
0.002062474176813
0.002009277239104
0.001958509321504
0.001910870976828
0.001867067402463
0.001827790928217
0.001793701965237
0.001765409112846
0.001743449218944
0.001728268254465
0.001720203887923
0.001719470628894
0.001726148347815
0.001740174874646
0.001761343233942
0.001789303894054
0.001823572201112
0.001863540943308
0.001908497758322
0.001957646867904
0.002010134410047
0.002065076452022
0.002121588616883
0.002178816150304
0.002235963200295
0.002292320083308
0.002347287367877
0.002400395719460
0.002451320613422
0.002499891229950
0.002546093086018
0.002590064224255
0.002632085054363
0.002672562216711
0.002712007096902
0.002751009852289
0.002790210005544
0.002830264807437
0.002871816664026
0.002915460958414
0.002961715572674
0.003010993333076
0.003063578465714
0.003119607967006
0.003179058573461
0.003241739768497
0.003307293002988
0.003375197043380
0.003444779109000
0.003515231230636
0.003585631065902
0.003654966252102
0.003722161270544
0.003786105741387
0.003845683066149
0.003899798384218
0.003947404905779
0.003987527819815
0.004019285143480
0.004041905068276
0.004054739557819
0.004057274150560
0.004049134107515
0.004030087210018
0.004000043647196
0.003959053530754
0.003907302631391
0.003845106944894
0.003772906667279
0.003691260090359
0.003600837826950
0.003502417645916
0.003396880049822
0.003285204571872
0.003168466614056
0.003047834505016
0.002924566333494
0.002800006019570
0.002675578028085
0.002552780111546
0.002433173496154
0.002318369994991
0.002210015644897
0.002109770614105
0.002019285310057
0.001940172822813
0.001873978059567
0.001822144149179
0.001785976910942
0.001766608377625
0.001764960527948
0.001781710508099
0.001817258696967
0.001871700988827
0.001944806625991
0.002036002810773
0.002144367162306
0.002268628863478
0.002407179073609
0.002558090873148
0.002719148669686
0.002887886643680
0.003061635462478
0.003237576157904
0.003412799761013
0.003584371031811
0.003749394424088
0.003905080296148
0.004048809324009
0.004178193098492
0.004291128991426
0.004385847555656
0.004460950971518
0.004515441358876
0.004548738125908
0.004560683908665
0.004551539052986
0.004521964985844
0.004472997200375
0.004406008922273
0.004322666821474
0.004224880370862
0.004114746624781
0.003994492289224
0.003866414980808
0.003732825524322
0.003595993023332
0.003458094262143
0.003321168770105
0.003187080612084
0.003057487674716
0.002933818909945
0.002817259688788
0.002708745121834
0.002608960930398
0.002518351213386
0.002437132258021
0.002365311393311
0.002302709787024
0.002248988041040
0.002203673444798
0.002166187798657
0.002135874812827
0.002112026215811
0.002093905860858
0.002080771290381
0.002071892397316
0.002066566999589
0.002064133310446
0.002063979435716
0.002065550152698
0.002068351319467
0.002071952325114
0.002075987019634
0.002080153557688
0.002084213555921
0.002087990903070
0.002091370481319
0.002094296962665
0.002096773742627
0.002098861972723
0.002100679559859
0.002102399921602
0.002104250226916
0.002106508816471
0.002109501488162
0.002113596353092
0.002119197014634
0.002126733896171
0.002136653638118
0.002149406596742
0.002165432600142
0.002185145243384
0.002208915128010
0.002237052563294
0.002269790340705
0.002307267262513
0.002349513145047
0.002396436022721
0.002447812248386
0.002503280118203
0.002562337546656
0.002624344182733
0.002688528197086
0.002753997788707
0.002819757266675
0.002884727366712
0.002947769273252
0.003007711644947
0.003063379793992
0.003113626055264
0.003157360306458
0.003193579569774
0.003221395641522
0.003240059758399
0.003248983415642
0.003247754598213
0.003236148864796
0.003214134927270
0.003181874585737
0.003139717100759
0.003088188299583
0.003027974911742
0.002959904802348
0.002884923911021
0.002804070804954
0.002718449812432
0.002629203716813
0.002537486961616
0.002444440247772
0.002351167299571
0.002258714442678
0.002168053483689
0.002080068214352
0.001995544693357
0.001915165292950
0.001839506344026
0.001769039078602
0.001704133457758
0.001645064390235
0.001592019793847
0.001545109929450
0.001504377444189
0.001469807594873
0.001441338179845
0.001418868784074
0.001402269032118
0.001391385641390
0.001386048168004
0.001386073433802
0.001391268710763
0.001401433813372
0.001416362307078
0.001435842079097
0.001459655535037
0.001487579680970
0.001519386326531
0.001554842602614
0.001593711930307
0.001635755510078
0.001680734326487
0.001728411589131
0.001778555460346
0.001830941859583
0.001885357088011
0.001941599988614
0.001999483349874
0.002058834276575
0.002119493289795
0.002181311978454
0.002244149104446
0.002307865158404
0.002372315468462
0.002437342074100
0.002502764684642
0.002568371140537
0.002633907878536
0.002699070963226
0.002763498282001
0.002826763504558
0.002888372379033
0.002947761874383
0.003004302583714
0.003057304679038
0.003106027559164
0.003149693165454
0.003187502762581
0.003218656801699
0.003242377310727
0.003257932099655
0.003264659936723
0.003261995751616
0.003249494861078
0.003226855195069
0.003193936530745
0.003150775817432
0.003097597796599
0.003034820282534
0.002963053665467
0.002883094421164
0.002795912649609
0.002702633909353
