0.005102001147317
0.005130591682498
0.005158860486988
0.005186892963611
0.005214707073894
0.005242246636788
0.005269376419663
0.005295879320892
0.005321455901074
0.005345726460961
0.005368235789602
0.005388460618256
0.005405819717615
0.005419686471802
0.005429403657491
0.005434300055455
0.005433708430407
0.005426984338332
0.005413525163422
0.005392788753087
0.005364311012215
0.005327721838393
0.005282758828362
0.005229278261043
0.005167262961301
0.005096826766831
0.005018215452875
0.004931804109558
0.004838091107649
0.004737688923515
0.004631312216146
0.004519763652170
0.004403918053533
0.004284705492999
0.004163093982316
0.004040072386007
0.003916634151048
0.003793762371783
0.003672416614308
0.003553521810603
0.003437959406257
0.003326560813786
0.003220103093599
0.003119306663740
0.003024834734395
0.002937294079442
0.002857236699627
0.002785161903329
0.002721518332709
0.002666705495051
0.002621074419223
0.002584927141803
0.002558514831535
0.002542034478144
0.002535624195355
0.002539357310793
0.002553235530042
0.002577181561662
0.002611031668326
0.002654528661571
0.002707315880562
0.002768932686885
0.002838811967689
0.002916280070134
0.003000559494409
0.003090774555323
0.003185960089625
0.003285073144610
0.003387007440546
0.003490610262458
0.003594701312921
0.003698092953308
0.003799611181735
0.003898116646084
0.003992524972613
0.004081825705869
0.004165099203516
0.004241530907948
0.004310422521821
0.004371199741732
0.004423416347474
0.004466754596719
0.004501022029501
0.004526144936282
0.004542158880525
0.004549196785220
0.004547475187074
0.004537279327554
0.004518947783675
0.004492857341585
0.004459408782690
0.004419014186766
0.004372086262361
0.004319030096313
0.004260237577120
0.004196084597865
0.004126930990863
0.004053122995637
0.003974997922091
0.003892890548771
0.003807140698453
0.003718101365185
0.003626146732247
0.003531679421525
0.003435136352082
0.003336992657870
0.003237763218432
0.003138001487276
0.003038295454020
0.002939260740785
0.002841531002362
0.002745745964404
0.002652537585421
0.002562514958324
0.002476248668028
0.002394255386989
0.002316983516009
0.002244800660596
0.002177983673218
0.002116711890855
0.002061064059375
0.002011019267646
0.001966462022910
0.001927191394213
0.001892933942980
0.001863359959915
0.001838102346100
0.001816777323236
0.001799006042325
0.001784436088530
0.001772761857295
0.001763742805376
0.001757218659790
0.001753120794913
0.001751479157297
0.001752424321423
0.001756184487637
0.001763077474634
0.001773498000923
0.001787900780266
0.001806780163269
0.001830647230045
0.001860005368066
0.001895325447740
0.001937021731438
0.001985429617879
0.002040786234265
0.002103214747460
0.002172713079810
0.002249147494113
0.002332251267172
0.002421628414805
0.002516762176568
0.002617027729187
0.002721708386383
0.002830014370967
0.002941103122032
0.003054100032841
0.003168118507653
0.003282278279347
0.003395721041997
0.003507622618476
0.003617201094462
0.003723720596422
0.003826490659751
0.003924861410324
0.004018215053882
0.004105954418337
0.004187489510672
0.004262223220263
0.004329537414107
0.004388780718840
0.004439259265072
0.004480231579916
0.004510908655685
0.004530460001790
0.004538026211329
0.004532738254888
0.004513743365349
0.004480237014323
0.004431500119865
0.004366940283286
0.004286135547029
0.004188878911282
0.004075221658394
0.003945513422668
0.003800436917379
0.003641035296085
0.003468730282750
0.003285329452353
0.003093021373937
0.002894357731044
0.002692221996271
0.002489784740376
0.002290446182513
0.002097767115861
0.001915389850185
0.001746951278085
0.001595990573972
0.001465854355505
0.001359602360212
0.001279916802974
0.001229018574723
0.001208593315653
0.001219730148894
0.001262875499592
0.001337803961005
0.001443607619742
0.001578704636416
0.001740867219080
0.001927268450119
0.002134546759557
0.002358886205450
0.002596110150992
0.002841785441267
0.003091333800485
0.003340146908819
0.003583701487652
0.003817670728675
0.004038028545723
0.004241143402686
0.004423858864983
0.004583558519731
0.004718213490506
0.004826411412614
0.004907366408227
0.004960910280437
0.004987465804183
0.004988003604509
0.004963984655149
0.004917290882954
0.004850146710201
0.004765034595908
0.004664607742905
0.004551603118281
0.004428757795446
0.004298731375076
0.004164036893230
0.004026982194838
0.003889623259457
0.003753730435445
0.003620767991392
0.003491886852420
0.003367929875763
0.003249448554824
0.003136729641005
0.003029829852262
0.002928616606778
0.002832812585802
0.002742041893563
0.002655875642178
0.002573874939532
0.002495629488543
0.002420790304275
0.002349095405665
0.002280387724251
0.002214624875088
0.002151880836760
0.002092339970300
0.002036284154557
0.001984074113533
0.001936126247685
0.001892886447204
0.001854802455336
0.001822296361912
0.001795738742956
0.001775425826574
0.001761560866413
0.001754240652750
0.001753447800870
0.001759049141509
0.001770800214469
0.001788355549699
0.001811284125591
0.001839089135700
0.001871230984630
0.001907152280977
0.001946303506475
0.001988168019317
0.002032285095978
0.002078269826592
0.002125828847525
0.002174771112185
0.002225013155901
0.002276578589661
0.002329591846625
0.002384266490059
0.002440888657718
0.002499796452728
0.002561356283604
0.002625937297138
0.002693885131393
0.002765496238561
0.002840993988876
0.002920507669852
0.003004055345655
0.003091531347513
0.003182698938101
0.003277188442549
0.003374500878900
0.003474016864393
0.003575010333475
0.003676666390489
0.003778102444470
0.003878391643278
0.003976587544888
0.004071748937750
0.004162963749855
0.004249371064705
0.004330180386748
0.004404687461492
0.004472286147419
0.004532476047530
0.004584865826791
0.004629172356626
0.004665216028279
0.004692912753467
0.004712263315011
0.004723340835667
0.004726277195830
0.004721249248151
0.004708465649763
0.004688155063274
0.004660556370620
0.004625911405734
0.004584460550499
0.004536441362461
0.004482090221578
0.004421646806105
0.004355361043634
0.004283502040139
0.004206368374699
0.004124299065497
0.004037684467382
0.003946976354501
0.003852696472870
0.003755442915476
0.003655893772599
0.003554807637426
0.003453020695159
0.003351440285441
0.003251034995058
0.003152821502660
0.003057848551800
0.002967178565751
0.002881867531081
0.002802943861704
0.002731387007336
0.002668106587913
0.002613922817891
0.002569548932665
0.002535576246130
0.002512462357935
0.002500522896302
0.002499927034010
0.002510696857977
0.002532710514437
0.002565708899189
0.002609305523060
0.002662999062885
0.002726188013532
0.002798186791037
0.002878242603560
0.002965552407012
0.003059279295232
0.003158567738663
0.003262557176835
0.003370393583608
0.003481238753996
0.003594277200289
0.003708720685866
0.003823810559719
0.003938818176258
0.004053043786743
0.004165814365294
0.004276480879751
0.004384415533249
0.004489009485458
0.004589671514191
0.004685828001266
0.004776924525627
0.004862429227507
0.004941837976791
0.005014681244053
0.005080532441815
0.005139017383944
0.005189824409540
0.005232714640290
0.005267531791517
0.005294210940133
0.005312785668760
0.005323393053835
0.005326276044419
0.005321782883743
0.005310363351977
0.005292561749937
0.005269006692163
0.005240397926601
0.005207490539237
0.005171077028597
0.005131967840401
