0.019841822844206
0.020776633669976
0.021710811578339
0.022641160842246
0.023564528688538
0.024477836111510
0.025378107510595
0.026262498733244
0.027128323130009
0.027973075260279
0.028794451923944
0.029590370236192
0.030358982509520
0.031098687758579
0.031808139699210
0.032486251172756
0.033132194989625
0.033745401251550
0.034325551278820
0.034872568335640
0.035386605411781
0.035868030379744
0.036317408901266
0.036735485502433
0.037123163270536
0.037481482645572
0.037811599783387
0.038114764954861
0.038392301416263
0.038645585141228
0.038876025746968
0.039085048879706
0.039274080251077
0.039444531442818
0.039597787526329
0.039735196480575
0.039858060339969
0.039967627965435
0.040065089307853
0.040151571022935
0.040228133298567
0.040295767766859
0.040355396390048
0.040407871228209
0.040453975013916
0.040494422471599
0.040529862325599
0.040560879939944
0.040588000525294
0.040611692835865
0.040632373263824
0.040650410223544
0.040666128706000
0.040679814877016
0.040691720593661
0.040702067721702
0.040711052153133
0.040718847445369
0.040725608030292
0.040731471969626
0.040736563260153
0.040740993715740
0.040744864470955
0.040748267162202
0.040751284846508
0.040753992716007
0.040756458659159
0.040758743709705
0.040760902413204
0.040762983130795
0.040765028291849
0.040767074602521
0.040769153215953
0.040771289871606
0.040773505015018
0.040775813913739
0.040778226789097
0.040780748985415
0.040783381197653
0.040786119774741
0.040788957109441
0.040791882117098
0.040794880796213
0.040797936854774
0.040801032378789
0.040804148514668
0.040807266135445
0.040810366462481
0.040813431618925
0.040816445097871
0.040819392135967
0.040822259990865
0.040825038127447
0.040827718322319
0.040830294698335
0.040832763700887
0.040835124025819
0.040837376505858
0.040839523959228
0.040841571001620
0.040843523821444
0.040845389918831
0.040847177811026
0.040848896710386
0.040850556185367
0.040852165818843
0.040853734881004
0.040855272035160
0.040856785093613
0.040858280837318
0.040859764907642
0.040861241771843
0.040862714756914
0.040864186140059
0.040865657279398
0.040867128766009
0.040868600578639
0.040870072225068
0.040871542858794
0.040873011365601
0.040874476420548
0.040875936521129
0.040877390005760
0.040878835067959
0.040880269775256
0.040881692098439
0.040883099951647
0.040884491238040
0.040885863890207
0.040887215889908
0.040888545248853
0.040889849931131
0.040891127698384
0.040892375860166
0.040893590913267
0.040894768053690
0.040895900542542
0.040896978901100
0.040897989900251
0.040898915295078
0.040899730236908
0.040900401273372
0.040900883822999
0.040901118985921
0.040901029527729
0.040900514850791
0.040899444747537
0.040897651714580
0.040894921596126
0.040890982321176
0.040885490503230
0.040878015685579
0.040868022042710
0.040854847392322
0.040837679437210
0.040815529246342
0.040787202104577
0.040751266014673
0.040706018326523
0.040649451197942
0.040579216857159
0.040492593934598
0.040386456451644
0.040257247383985
0.040100959039408
0.039913122783159
0.039688810883183
0.039422653404801
0.039108873130417
0.038741341385177
0.038313657386712
0.037819253282501
0.037251526374953
0.036603999153440
0.035870506657306
0.035045409400485
0.034123828628632
0.033101899101697
0.031977032963504
0.030748186655936
0.029416121352790
0.027983646131207
0.026455832175124
0.024840185821400
0.023146768311306
0.021388250775682
0.019579894312232
0.017739447024908
0.015886952563926
0.014044467962197
0.012235692295198
0.010485511738732
0.008819470767030
0.007263183298587
0.005841701320001
0.004578861659670
0.003496633920688
0.002614493926222
0.001948847240445
0.001512526325460
0.001314382672386
0.001358991871867
0.001646485209382
0.002172516195806
0.002928364741751
0.003901175762887
0.005074323189552
0.006427884971971
0.007939210021787
0.009583554366012
0.011334761302753
0.013165959156397
0.015050250368378
0.016961367080838
0.018874270949623
0.020765678468948
0.022614497360595
0.024402164301123
0.026112879144372
0.027733735564572
0.029254752444375
0.030668814150556
0.031971530918503
0.033161032804595
0.034237712023316
0.035203928981092
0.036063697019638
0.036822359897064
0.037486274502631
0.038062509374638
0.038558567427818
0.038982139046902
0.039340889500257
0.039642282582576
0.039893440592275
0.040101039243394
0.040271234932022
0.040409620927928
0.040521208527296
0.040610428951043
0.040681151763563
0.040736715771758
0.040779968695286
0.040813312329475
0.040838750410023
0.040857936897103
0.040872222896310
0.040882700902348
0.040890245472366
0.040895549799345
0.040899157956998
0.040901492825459
0.040902879884499
0.040903567183294
0.040903741870022
0.040903543698965
0.040903075935951
0.040902414063461
0.040901612652319
0.040900710724639
0.040899735888020
0.040898707478061
0.040897638907782
0.040896539389620
0.040895415168530
0.040894270382585
0.040893107649108
0.040891928458418
0.040890733442598
0.040889522572386
0.040888295321145
0.040887050821039
0.040885788023582
0.040884505865534
0.040883203432487
0.040881880107052
0.040880535686671
0.040879170457591
0.040877785215763
0.040876381231625
0.040874960162437
0.040873523922078
0.040872074522843
0.040870613906009
0.040869143777643
0.040867665463331
0.040866179790937
0.040864687005012
0.040863186711100
0.040861677843976
0.040860158651458
0.040858626685349
0.040857078793135
0.040855511107940
0.040853919039010
0.040852297269796
0.040850639774462
0.040848939865571
0.040847190285271
0.040845383349483
0.040843511149563
0.040841565809531
0.040839539790069
0.040837426224165
0.040835219264490
0.040832914420032
0.040830508859537
0.040828001661878
0.040825393998071
0.040822689235591
0.040819892961917
0.040817012929896
0.040814058931818
0.040811042611493
0.040807977224030
0.040804877351645
0.040801758581324
0.040798637147214
0.040795529538221
0.040792452070001
0.040789420420955
0.040786449134077
0.040783551090181
0.040780736962706
0.040778014668892
0.040775388835823
0.040772860301646
0.040770425671534
0.040768076944458
0.040765801220590
0.040763580490847
0.040761391500543
0.040759205669535
0.040756989042694
0.040754702238033
0.040752300355974
0.040749732812264
0.040746943058641
0.040743868158860
0.040740438192082
0.040736575459859
0.040732193476021
0.040727195720054
0.040721474133843
0.040714907339376
0.040707358551960
0.040698673161198
0.040688675951819
0.040677167940085
0.040663922810171
0.040648682949240
0.040631155100052
0.040611005674885
0.040587855802878
0.040561276212320
0.040530782077551
0.040495827984263
0.040455803185034
0.040410027327135
0.040357746836364
0.040298132133922
0.040230275849385
0.040153192173498
0.040065817472077
0.039967012259454
0.039855564608674
0.039730195057830
0.039589563058179
0.039432274999710
0.039256893842393
0.039061950374111
0.038845956106622
0.038607417805724
0.038344853628625
0.038056810808186
0.037741884779516
0.037398739589727
0.037026129368309
0.036622920566960
0.036188114607791
0.035720870512908
0.035220527031410
0.034686623736991
0.034118920544592
0.033517415091182
0.032882357445191
0.032214261651592
0.031513913683659
0.030782375455130
0.030020984644130
0.029231350188003
0.028415343421278
0.027575084942352
0.026712927403494
0.025831434519510
0.024933356679407
0.024021603620443
0.023099214683166
0.022169327208773
0.021235143666116
0.020299898105270
