0.014704136333811
0.014675752518918
0.014649130359068
0.014624381361064
0.014601613946462
0.014580933278927
0.014562441121436
0.014546235720917
0.014532411716521
0.014521060066535
0.014512267988140
0.014506118903726
0.014502692387466
0.014502064106105
0.014504305748639
0.014509484940437
0.014517665138554
0.014528905506230
0.014543260765911
0.014560781031461
0.014581511621442
0.014605492856484
0.014632759844705
0.014663342259919
0.014697264117923
0.014734543556495
0.014775192624881
0.014819217088399
0.014866616253488
0.014917382817924
0.014971502750154
0.015028955200685
0.015089712447320
0.015153739874716
0.015220995987404
0.015291432454059
0.015364994179534
0.015441619400108
0.015521239796573
0.015603780619262
0.015689160819021
0.015777293178370
0.015868084437787
0.015961435413032
0.016057241100747
0.016155390771044
0.016255768047373
0.016358250975493
0.016462712084783
0.016569018446284
0.016677031732687
0.016786608285989
0.016897599198594
0.017009850413395
0.017123202847708
0.017237492545094
0.017352550857974
0.017468204662750
0.017584276607869
0.017700585394035
0.017816946084580
0.017933170442969
0.018049067293483
0.018164442900343
0.018279101359995
0.018392845000807
0.018505474784246
0.018616790701540
0.018726592160036
0.018834678353858
0.018940848614096
0.019044902734660
0.019146641270975
0.019245865810034
0.019342379211699
0.019435985822662
0.019526491665980
0.019613704610429
0.019697434525151
0.019777493425897
0.019853695619718
0.019925857855006
0.019993799483473
0.020057342639847
0.020116312443959
0.020170537228439
0.020219848793628
0.020264082689627
0.020303078523746
0.020336680290128
0.020364736717062
0.020387101626532
0.020403634299937
0.020414199843600
0.020418669547738
0.020416921232822
0.020408839577804
0.020394316425346
0.020373251059984
0.020345550456038
0.020311129492957
0.020269911136749
0.020221826587052
0.020166815390370
0.020104825520931
0.020035813431549
0.019959744077751
0.019876590919263
0.019786335903603
0.019688969437053
0.019584490348562
0.019472905852120
0.019354231512844
0.019228491221377
0.019095717180288
0.018955949904975
0.018809238240216
0.018655639392039
0.018495218973196
0.018328051059155
0.018154218250464
0.017973811736510
0.017786931355246
0.017593685643323
0.017394191871307
0.017188576059158
0.016976972967910
0.016759526064362
0.016536387456542
0.016307717798652
0.016073686165060
0.015834469893670
0.015590254399624
0.015341232960814
0.015087606477077
0.014829583205296
0.014567378472909
0.014301214372582
0.014031319441083
0.013757928325553
0.013481281440610
0.013201624619756
0.012919208764566
0.012634289494938
0.012347126803338
0.012057984715423
0.011767130958720
0.011474836640222
0.011181375932825
0.010887025769671
0.010592065544631
0.010296776816520
0.010001443014227
0.009706349139755
0.009411781466317
0.009118027228978
0.008825374305918
0.008534110889130
0.008244525144114
0.007956904858936
0.007671537083649
0.007388707761612
0.007108701354598
0.006831800463689
0.006558285448016
0.006288434043207
0.006022520981258
0.005760817613306
0.005503591536616
0.005251106226994
0.005003620677824
0.004761389046964
0.004524660312865
0.004293677941347
0.004068679564559
0.003849896673569
0.003637554325892
0.003431870868933
0.003233057679885
0.003041318922050
0.002856851316987
0.002679843931263
0.002510477976128
0.002348926618094
0.002195354798236
0.002049919058168
0.001912767370943
0.001784038975651
0.001663864215148
0.001552364377063
0.001449651538944
0.001355828419011
0.001270988234459
0.001195214569498
0.001128581255396
0.001071152264645
0.001022981621056
0.000984113327207
0.000954581310211
0.000934409386348
0.000923611244732
0.000922190449935
0.000930140463320
0.000947444682766
0.000974076500450
0.001009999378374
0.001055166941254
0.001109523086315
0.001173002109308
0.001245528845756
0.001327018826064
0.001417378442650
0.001516505126868
0.001624287533137
0.001740605727470
0.001865331377613
0.001998327942201
0.002139450856756
0.002288547715040
0.002445458444989
0.002610015479391
0.002782043922287
0.002961361712864
0.003147779789235
0.003341102254922
0.003541126551014
0.003747643636962
0.003960438182676
0.004179288774240
0.004403968134995
0.004634243363294
0.004869876187646
0.005110623239612
0.005356236344398
0.005606462828871
0.005861045846476
0.006119724718362
0.006382235289824
0.006648310300883
0.006917679769502
0.007190071385518
0.007465210912867
0.007742822597187
0.008022629575399
0.008304354283522
0.008587718858752
0.008872445531892
0.009158257006503
0.009444876821688
0.009732029696239
0.010019441852820
0.010306841321963
0.010593958226726
0.010880525049833
0.011166276885951
0.011450951682299
0.011734290471049
0.012016037596951
0.012295940943310
0.012573752158928
0.012849226887955
0.013122125003862
0.013392210848074
0.013659253473128
0.013923026889788
0.014183310317132
0.014439888434474
0.014692551633818
0.014941096271526
0.015185324917828
0.015425046602721
0.015660077056671
0.015890238944341
0.016115362089289
0.016335283687314
0.016549848505893
0.016758909067025
0.016962325810780
0.017159967237104
0.017351710023845
0.017537439119581
0.017717047810683
0.017890437762901
0.018057519038739
0.018218210092711
0.018372437747276
0.018520137152715
0.018661251734402
0.018795733130787
0.018923541125060
0.019044643572833
0.019159016327441
0.019266643163654
0.019367515699846
0.019461633318009
0.019549003080560
0.019629639642641
0.019703565158591
0.019770809181454
0.019831408554645
0.019885407295336
0.019932856469416
0.019973814058272
0.020008344817757
0.020036520129851
0.020058417847418
0.020074122132345
0.020083723287127
0.020087317579781
0.020085007061840
0.020076899379145
0.020063107575263
0.020043749887578
0.020018949536458
0.019988834508273
0.019953537333449
0.019913194861044
0.019867948031553
0.019817941649633
0.019763324158281
0.019704247415629
0.019640866475013
0.019573339368336
0.019501826892183
0.019426492395532
0.019347501567573
0.019265022223889
0.019179224089348
0.019090278576307
0.018998358557244
0.018903638131574
0.018806292387129
0.018706497157489
0.018604428776962
0.018500263835422
0.018394178935441
0.018286350454089
0.018176954311522
0.018066165747968
0.017954159110144
0.017841107647434
0.017727183317520
0.017612556600558
0.017497396320553
0.017381869472321
0.017266141052287
0.017150373891438
0.017034728488902
0.016919362844844
0.016804432291694
0.016690089322902
0.016576483418742
0.016463760868794
0.016352064590954
0.016241533946958
0.016132304554583
0.016024508096954
0.015918272129688
0.015813719887052
0.015710970088782
0.015610136749822
0.015511328995741
0.015414650887155
0.015320201256794
0.015228073563073
0.015138355763926
0.015051130214312
0.014966473590155
0.014884456840593
0.014805145169308
0.014728598044476
0.014654869235666
0.014584006874833
0.014516053537567
0.014451046340021
0.014389017046494
0.014329992182541
0.014273993148677
0.014221036330222
0.014171133199565
0.014124290407980
0.014080509865077
0.014039788804965
0.014002119839102
0.013967490996687
0.013935885754152
0.013907283055981
0.013881657329558
0.013858978497193
0.013839211988769
0.013822318758707
0.013808255311069
0.013796973736651
0.013788421765804
0.013782542840473
0.013779276208455
0.013778557042247
0.013780316583977
0.013784482316866
0.013790978162482
0.013799724701767
