0.006713862844778
0.006737778115822
0.006761466823052
0.006784789178685
0.006807568800664
0.006829594600078
0.006850625061100
0.006870394707582
0.006888622365916
0.006905020681653
0.006919306242162
0.006931209609475
0.006940484581171
0.006946916071687
0.006950326134864
0.006950577818996
0.006947576741927
0.006941270477465
0.006931646036161
0.006918725885275
0.006902563069131
0.006883236051152
0.006860843897038
0.006835502355117
0.006807341271133
0.006776503612080
0.006743146182903
0.006707441919381
0.006669583449612
0.006629787453765
0.006588299233018
0.006545396835599
0.006501394087232
0.006456641935746
0.006411527640176
0.006366471502808
0.006321921043629
0.006278342732599
0.006236211607001
0.006195999289990
0.006158161075737
0.006123122843015
0.006091268594394
0.006062929389296
0.006038374348639
0.006017804264671
0.006001348164176
0.005989062962592
0.005980936128334
0.005976891069107
0.005976794772029
0.005980467091315
0.005987690991449
0.005998223025832
0.006011803361505
0.006028164745140
0.006047039935139
0.006068167286640
0.006091294355391
0.006116179566565
0.006142592159782
0.006170310757783
0.006199121002230
0.006228812748828
0.006259177312572
0.006290005204501
0.006321084710094
0.006352201536583
0.006383139614870
0.006413682995788
0.006443618645006
0.006472739829221
0.006500849709758
0.006527764725806
0.006553317361776
0.006577357950740
0.006599755263015
0.006620395756360
0.006639181509476
0.006656027009014
0.006670855097213
0.006683592498265
0.006694165414684
0.006702495711595
0.006708498182672
0.006712079316844
0.006713137864999
0.006711567350582
0.006707260490396
0.006700115307975
0.006690042548520
0.006676973857885
0.006660870083092
0.006641728999192
0.006619591773748
0.006594547547104
0.006566735630001
0.006536344990877
0.006503610909706
0.006468808896749
0.006432246194264
0.006394251378278
0.006355162738455
0.006315316222554
0.006275033777961
0.006234612901510
0.006194318121312
0.006154374987297
0.006114966952480
0.006076235300611
0.006038282036611
0.006001175423972
0.005964957647442
0.005929653916962
0.005895282223328
0.005861862916081
0.005829427302586
0.005798024561445
0.005767726415042
0.005738629202000
0.005710853214062
0.005684539394471
0.005659843716895
0.005636929756897
0.005615960116139
0.005597087450969
0.005580445884636
0.005566143544437
0.005554256865222
0.005544827147756
0.005537859667314
0.005533325411106
0.005531165300402
0.005531296543217
0.005533620583180
0.005538031974463
0.005544427432350
0.005552714290627
0.005562817641809
0.005574685540621
0.005588291806630
0.005603636155902
0.005620741608469
0.005639649340767
0.005660411362294
0.005683081576552
0.005707705923498
0.005734312382969
0.005762901639288
0.005793439164421
0.005825849373937
0.005860012354430
0.005895763465117
0.005932895895392
0.005971166031564
0.006010301267856
0.006050009706357
0.006089991043125
0.006129947844940
0.006169596390771
0.006208676286467
0.006246958158062
0.006284248880656
0.006320393994423
0.006355277181260
0.006388816907506
0.006420960561435
0.006451676611126
0.006480945463197
0.006508749803341
0.006535065237830
0.006559852028120
0.006583048620841
0.006604567530132
0.006624293940363
0.006642087180015
0.006657784989535
0.006671210285413
0.006682179927334
0.006690514840355
0.006696050741716
0.006698648679912
0.006698204614805
0.006694657349568
0.006687994261063
0.006678254453387
0.006665529165249
0.006649959478696
0.006631731587212
0.006611070068427
0.006588229755896
0.006563486903946
0.006537130381726
0.006509453614175
0.006480747910267
0.006451297688653
0.006421377937908
0.006391254046383
0.006361183920739
0.006331422099268
0.006302225372419
0.006273859263745
0.006246604612208
0.006220763440760
0.006196663301658
0.006174659357013
0.006155133580153
0.006138490642030
0.006125150265845
0.006115536078213
0.006110061240561
0.006109111392994
0.006113025667881
0.006122076716430
0.006136450825323
0.006156229272128
0.006181372071510
0.006211705197263
0.006246912230497
0.006286531188616
0.006329957043770
0.006376450157180
0.006425150553372
0.006475097653636
0.006525254798763
0.006574537634420
0.006621845223288
0.006666092598580
0.006706243392103
0.006741341160936
0.006770538099926
0.006793119958050
0.006808526166785
0.006816364426080
0.006816419264062
0.006808654374078
0.006793208820854
0.006770387480371
0.006740646321239
0.006704573336953
0.006662866089501
0.006616306919851
0.006565736918124
0.006512029727287
0.006456066183907
0.006398710685402
0.006340790024758
0.006283075261815
0.006226267016069
0.006170984380674
0.006117757481054
0.006067023542928
0.006019126200461
0.005974317670423
0.005932763345231
0.005894548316972
0.005859685334497
0.005828123713251
0.005799758758122
0.005774441317997
0.005751987160818
0.005732185933769
0.005714809549017
0.005699619905842
0.005686375920655
0.005674839883929
0.005664783195254
0.005655991543609
0.005648269599893
0.005641445274250
0.005635373564456
0.005629939987009
0.005625063543836
0.005620699139148
0.005616839327446
0.005613515249344
0.005610796600160
0.005608790479994
0.005607638994557
0.005607515513659
0.005608619547671
0.005611170268809
0.005615398779980
0.005621539314158
0.005629819626488
0.005640450913553
0.005653617653966
0.005669467806457
0.005688103821886
0.005709574921249
0.005733871061435
0.005760918954698
0.005790580428470
0.005822653312942
0.005856874929725
0.005892928131799
0.005930449719581
0.005969040937197
0.006008279643485
0.006047733660322
0.006086974731471
0.006125592482558
0.006163207759541
0.006199484740196
0.006234141260402
0.006266956872217
0.006297778250732
0.006326521686731
0.006353172536752
0.006377781644912
0.006400458894921
0.006421364189184
0.006440696277818
0.006458679967479
0.006475552322363
0.006491548523077
0.006506888069945
0.006521762003948
0.006536321770826
0.006550670273673
0.006564855549989
0.006578867376013
0.006592636950736
0.006606039652294
0.006618900699035
0.006631003395408
0.006642099507653
0.006651921204005
0.006660193915446
0.006666649430742
0.006671038536435
0.006673142548931
0.006672783159836
0.006669830122795
0.006664206443775
0.006655890888796
0.006644917784053
0.006631374243332
0.006615395106547
0.006597156001983
0.006576865045616
0.006554753757541
0.006531067804398
0.006506058166227
0.006479973277689
0.006453052610421
0.006425522051276
0.006397591297633
0.006369453344630
0.006341285989438
0.006313255134112
0.006285519540172
0.006258236583002
0.006231568478989
0.006205688417804
0.006180786029077
0.006157071647172
0.006134778908117
0.006114165314713
0.006095510533554
0.006079112333409
0.006065280229306
0.006054327051267
0.006046558801162
0.006042263286561
0.006041698118275
0.006045078722122
0.006052567040280
0.006064261581331
0.006080189420717
0.006100300657755
0.006124465706822
0.006152475646413
0.006184045679865
0.006218821586188
0.006256388869800
0.006296284165057
0.006338008325194
0.006381040534123
0.006424852729509
0.006468923620052
0.006512751619250
0.006555866099485
0.006597836488348
0.006638278875535
0.006676859963417
0.006713298365928
0.006747363427192
0.006778871881712
0.006807682802074
0.006833691369641
0.006856822053202
0.006877021787138
0.006894253704984
0.006908491909595
0.006919717653683
0.006927917172768
0.006933081266463
0.006935206574520
0.006934298352000
0.006930374423633
