0.006874771202221
0.006887999089878
0.006896588976605
0.006900601600915
0.006900158402377
0.006895429645991
0.006886623825508
0.006873979021646
0.006857756733459
0.006838238496731
0.006815725362066
0.006790540041445
0.006763031264482
0.006733579635850
0.006702604076051
0.006670567780196
0.006637982561456
0.006605410469352
0.006573461692785
0.006542787970133
0.006514071021967
0.006488005876770
0.006465279351140
0.006446544344546
0.006432390984784
0.006423315985323
0.006419691825285
0.006421737517975
0.006429492783136
0.006442797377180
0.006461277167834
0.006484338274703
0.006511170250036
0.006540758863420
0.006571908600996
0.006603274516267
0.006633402597268
0.006660777365095
0.006683875011283
0.006701220034890
0.006711443071342
0.006713337429439
0.006705911783372
0.006688436513304
0.006660481357312
0.006621942330272
0.006573056276674
0.006514401941983
0.006446887051284
0.006371721546851
0.006290377824153
0.006204539479455
0.006116040700408
0.006026798953165
0.005938744009003
0.005853746581028
0.005773549888140
0.005699707322423
0.005633529073821
0.005576040082056
0.005527951071310
0.005489643718533
0.005461170257300
0.005442267073801
0.005432381155700
0.005430707648507
0.005436236289760
0.005447804150372
0.005464151925642
0.005483980985511
0.005506008505199
0.005529018236082
0.005551904820197
0.005573709974658
0.005593649348248
0.005611129356217
0.005625753807209
0.005637320627380
0.005645809442521
0.005651361183165
0.005654251215950
0.005654857764446
0.005653627553553
0.005651040685162
0.005647576723755
0.005643683837817
0.005639752610391
0.005636095809666
0.005632935014553
0.005630394543145
0.005628502661421
0.005627199586452
0.005626351374814
0.005625768433025
0.005625227128312
0.005624492833141
0.005623342714866
0.005621586681267
0.005619085102102
0.005615762225213
0.005611614565341
0.005606713932480
0.005601205151468
0.005595298875234
0.005589260185842
0.005583393893068
0.005578027571469
0.005573493424464
0.005570110036354
0.005568164984986
0.005567899156823
0.005569493450920
0.005573058395595
0.005578627043979
0.005586151370062
0.005595502257810
0.005606473060341
0.005618786599123
0.005632105368366
0.005646044602163
0.005660187748956
0.005674103781176
0.005687365653491
0.005699569121003
0.005710351051738
0.005719406329428
0.005726502454938
0.005731491025959
0.005734315407444
0.005735014095545
0.005733719514354
0.005730652250315
0.005726111002003
0.005720458779537
0.005714106105433
0.005707492128375
0.005701064650492
0.005695260082214
0.005690484280143
0.005687095103628
0.005685387362248
0.005685580640007
0.005687810294312
0.005692121758183
0.005698468136764
0.005706710991936
0.005716624151620
0.005727900356269
0.005740160551490
0.005752965636889
0.005765830471211
0.005778239899353
0.005789666500202
0.005799589654873
0.005807515410212
0.005812996476923
0.005815651575460
0.005815183248478
0.005811393217818
0.005804194393959
0.005793618756212
0.005779820512402
0.005763074206472
0.005743767750234
0.005722390682340
0.005699518269707
0.005675792330184
0.005651899840348
0.005628550477737
0.005606454223128
0.005586300019720
0.005568736270282
0.005554353680007
0.005543670660044
0.005537121235743
0.005535045193542
0.005537680082418
0.005545154678244
0.005557483624857
0.005574563169080
0.005596168177286
0.005621950913997
0.005651442326815
0.005684056763711
0.005719101102283
0.005755789163013
0.005793261996405
0.005830614186223
0.005866925731139
0.005901298409543
0.005932894868701
0.005960978090589
0.005984948453375
0.006004375400664
0.006019020801971
0.006028851462188
0.006034038907738
0.006034945501602
0.006032097045913
0.006026143221137
0.006017808370493
0.006007836147798
0.005996932294955
0.005985710210874
0.005974643956935
0.005964032894707
0.005953981292002
0.005944395028730
0.005934996086866
0.005925353949871
0.005914931512072
0.005903141754760
0.005889410415660
0.005873239266502
0.005854264484768
0.005832304978872
0.005807396370491
0.005779807576507
0.005750038450026
0.005718798591926
0.005686969074978
0.005655550278532
0.005625600177993
0.005598168166914
0.005574229749215
0.005554627211506
0.005540020705150
0.005530853113132
0.005527330760883
0.005529420588581
0.005536862978245
0.005549198158465
0.005565803108062
0.005585935230357
0.005608778815630
0.005633490451521
0.005659240039428
0.005685244854548
0.005710795047535
0.005735270013372
0.005758146033663
0.005778996430283
0.005797486071768
0.005813362399870
0.005826445177611
0.005836616921133
0.005843815515126
0.005848029898009
0.005849299024193
0.005847713655433
0.005843419982586
0.005836623697444
0.005827592962775
0.005816658781030
0.005804211524555
0.005790692824257
0.005776582561806
0.005762381303686
0.005748589081812
0.005735681898818
0.005724087663557
0.005714163409597
0.005706175604383
0.005700285129138
0.005696538129799
0.005694863452596
0.005695076839603
0.005696891526878
0.005699934414197
0.005703766603683
0.005707906863708
0.005711856476086
0.005715123964035
0.005717248356015
0.005717819885611
0.005716497323055
0.005713021441662
0.005707224408163
0.005699035123267
0.005688480712262
0.005675684470822
0.005660860615429
0.005644306186399
0.005626390425346
0.005607541920410
0.005588233801545
0.005568967288662
0.005550253953428
0.005532597147789
0.005516473167148
0.005502312835117
0.005490484297514
0.005481277873298
0.005474893810083
0.005471433718977
0.005470896313800
0.005473177858995
0.005478077454299
0.005485306975538
0.005494505178448
0.005505255186015
0.005517104347778
0.005529585304354
0.005542237026543
0.005554624630449
0.005566356892559
0.005577100586973
0.005586591019184
0.005594638411163
0.005601130074108
0.005606028563967
0.005609366231470
0.005611236740917
0.005611784235936
0.005611190879040
0.005609663493881
0.005607420007492
0.005604676338149
0.005601634315127
0.005598471158203
0.005595330990860
0.005592318809993
0.005589497280028
0.005586886651076
0.005584468008480
0.005582189936060
0.005579978512674
0.005577750362717
0.005575428254032
0.005572958496809
0.005570329165485
0.005567587967247
0.005564858441132
0.005562353114013
0.005560382281414
0.005559357231297
0.005559786986732
0.005562267997207
0.005567466636570
0.005576094838551
0.005588879683318
0.005606528203513
0.005629689070229
0.005658913117996
0.005694614850229
0.005737037119467
0.005786221096950
0.005841983440196
0.005903902250344
0.005971313004481
0.006043315177393
0.006118789759111
0.006196427355801
0.006274766056153
0.006352237774852
0.006427221366727
0.006498100454614
0.006563323642866
0.006621464607040
0.006671279467081
0.006711758873488
0.006742172368681
0.006762102831553
0.006771469170627
0.006770535893446
0.006759908733723
0.006740516142869
0.006713577121088
0.006680556541257
0.006643109767456
0.006603018948515
0.006562123835693
0.006522250297761
0.006485139859538
0.006452383555765
0.006425363168464
0.006405202513961
0.006392730890164
0.006388460121844
0.006392575896278
0.006404943313432
0.006425125834123
0.006452416143015
0.006485876890418
0.006524388867071
0.006566703917081
0.006611499811242
0.006657434379810
0.006703196423941
0.006747551264414
0.006789379215812
0.006827705762600
0.006861722729391
0.006890800251996
0.006914489843034
0.006932519284398
0.006944780451652
0.006951311469397
0.006952274802537
0.006947933000256
0.006938623824829
